# AllTracks
#x y z Px Py Pz t PDGid EventID TrackID ParentID Weight Bx By Bz Ex Ey Ez
# Event -2 Track 1
-11.2945 14.0917 0 0.832347 -1.28628 227.495 0 -13 -2 1 0 1 0.0844236 -0.0883828 -2.26474 0 0 0 
-11.2894 14.0922 0.4995 0.847497 -1.27238 227.495 0.0018372 -13 -2 1 0 1 0.0844909 -0.0885386 -2.25815 0 0 0 
-11.2894 14.0922 0.5005 0.847528 -1.27236 227.495 0.00184088 -13 -2 1 0 1 0.084491 -0.0885389 -2.25814 0 0 0 
-10.2587 14.2038 100.494 3.85361 1.82891 227.46 0.369624 -13 -2 1 0 1 0.0894444 -0.110544 -0.784152 0 0 0 
-7.81493 15.5939 200.453 7.44447 4.20136 227.339 0.737408 -13 -2 1 0 1 0.0701451 -0.124245 0.811964 0 0 0 
-3.554 17.4756 300.342 12.0357 3.70375 227.151 1.10519 -13 -2 1 0 1 0.0335717 -0.118851 2.2787 0 0 0 
2.62801 18.1928 400.145 15.6069 -1.15392 226.961 1.47297 -13 -2 1 0 1 0.00231674 -0.0757724 3.33917 0 0 0 
9.46887 16.0843 499.884 14.5531 -8.43681 226.877 1.84076 -13 -2 1 0 1 0.0131049 -0.00763357 3.73204 0 0 0 
14.6994 11.1968 599.623 8.76515 -12.9615 226.961 2.20854 -13 -2 1 0 1 0.0676901 0.0351618 3.34062 0 0 0 
17.1572 5.48465 699.427 2.79759 -12.2501 227.153 2.57632 -13 -2 1 0 1 0.121301 0.0292065 2.28112 0 0 0 
17.6615 0.876087 799.317 0.113046 -8.47006 227.342 2.94411 -13 -2 1 0 1 0.144662 0.000193947 0.814598 0 0 0 
17.7003 -1.8876 899.278 0.402914 -4.1095 227.463 3.31189 -13 -2 1 0 1 0.142683 -0.023002 -0.785916 0 0 0 
18.1429 -2.75651 999.271 1.56252 0.121574 227.495 3.67967 -13 -2 1 0 1 0.121033 -0.0290724 -2.25762 0 0 0 
18.8916 -1.86249 1099.26 1.52913 3.7449 227.464 4.04746 -13 -2 1 0 1 0.073255 -0.0210271 -3.32588 0 0 0 
19.2238 0.222042 1199.24 -0.207661 5.24194 227.44 4.41524 -13 -2 1 0 1 0.000621374 -0.0151555 -3.72549 0 0 0 
18.7176 2.27225 1299.22 -1.88793 3.59839 227.464 4.78302 -13 -2 1 0 1 -0.0715399 -0.0225143 -3.33771 0 0 0 
17.837 3.08605 1399.21 -1.80092 -0.0779595 227.493 5.15081 -13 -2 1 0 1 -0.118402 -0.03119 -2.27846 0 0 0 
17.3145 2.13701 1499.2 -0.534042 -4.26102 227.459 5.51859 -13 -2 1 0 1 -0.139385 -0.0249775 -0.811349 0 0 0 
17.2352 -0.672359 1599.16 -0.169409 -8.52291 227.34 5.88637 -13 -2 1 0 1 -0.141395 -0.00142358 0.788726 0 0 0 
16.7223 -5.28348 1699.05 -2.77801 -12.2164 227.155 6.25416 -13 -2 1 0 1 -0.118876 0.0280396 2.25896 0 0 0 
14.2901 -10.9743 1798.86 -8.67242 -12.9135 226.968 6.62194 -13 -2 1 0 1 -0.0668212 0.0348769 3.32665 0 0 0 
9.10673 -15.8523 1898.6 -14.4468 -8.44856 226.884 6.98972 -13 -2 1 0 1 -0.0136425 -0.00669217 3.72888 0 0 0 
2.30054 -17.9807 1998.34 -15.5645 -1.22703 226.964 7.35751 -13 -2 1 0 1 -0.00370095 -0.0740803 3.34783 0 0 0 
-3.88123 -17.3026 2098.14 -12.0742 3.60242 227.151 7.72529 -13 -2 1 0 1 -0.0356298 -0.117257 2.29592 0 0 0 
-8.17212 -15.4718 2198.03 -7.53629 4.06607 227.339 8.09307 -13 -2 1 0 1 -0.0728887 -0.123194 0.833126 0 0 0 
-10.6606 -14.1565 2297.99 -3.95589 1.61576 227.46 8.46086 -13 -2 1 0 1 -0.0927097 -0.110382 -0.76729 0 0 0 
-11.7249 -14.1623 2397.98 -0.881509 -1.59421 227.493 8.82864 -13 -2 1 0 1 -0.0877027 -0.0895196 -2.24578 0 0 0 
-11.401 -15.3646 2497.98 2.35778 -3.5009 227.461 9.19642 -13 -2 1 0 1 -0.0566261 -0.0533616 -3.32098 0 0 0 
-9.77688 -16.8443 2597.95 4.70621 -2.79666 227.434 9.56421 -13 -2 1 0 1 -0.0139468 0.00617897 -3.72974 0 0 0 
-7.6802 -17.5731 2697.93 4.29268 -0.43597 227.459 9.93199 -13 -2 1 0 1 0.0170073 0.0733316 -3.35194 0 0 0 
-6.41727 -17.3066 2797.92 1.11486 1.46135 227.493 10.2998 -13 -2 1 0 1 0.0331134 0.119797 -2.29976 0 0 0 
-6.86297 -16.4208 2897.91 -3.19364 2.52727 227.464 10.6676 -13 -2 1 0 1 0.0484156 0.135888 -0.835806 0 0 0 
-9.17609 -14.9767 2997.87 -7.16658 4.32986 227.346 11.0353 -13 -2 1 0 1 0.0693292 0.126316 0.764677 0 0 0 
-12.8836 -12.2702 3097.76 -9.19221 8.39861 227.159 11.4031 -13 -2 1 0 1 0.0836883 0.0920384 2.24207 0 0 0 
-16.6289 -7.36769 3197.57 -6.99177 13.8746 226.969 11.7709 -13 -2 1 0 1 0.0642703 0.0425776 3.31692 0 0 0 
-18.3442 -0.458059 3297.31 -0.302229 16.7548 226.882 12.1387 -13 -2 1 0 1 0.00197521 0.0152111 3.72836 0 0 0 
-16.8639 6.53438 3397.05 6.5878 14.2149 226.96 12.5065 -13 -2 1 0 1 -0.0621019 0.0382427 3.35739 0 0 0 
-13.2119 11.6064 3496.85 9.17142 8.77735 227.146 12.8743 -13 -2 1 0 1 -0.0845023 0.0865706 2.3128 0 0 0 
-9.44551 14.4471 3596.74 7.42975 4.55126 227.333 13.242 -13 -2 1 0 1 -0.0712269 0.121738 0.853562 0 0 0 
-6.97875 15.9593 3696.7 3.61296 2.6381 227.456 13.6098 -13 -2 1 0 1 -0.0497116 0.132826 -0.74683 0 0 0 
-6.33186 16.8999 3796.69 -0.638392 1.62986 227.493 13.9776 -13 -2 1 0 1 -0.0334115 0.118915 -2.22853 0 0 0 
-7.40173 17.2778 3896.68 -3.92506 -0.092033 227.466 14.3454 -13 -2 1 0 1 -0.0174676 0.0754005 -3.31081 0 0 0 
-9.39566 16.7265 3996.66 -4.62493 -2.36619 227.441 14.7132 -13 -2 1 0 1 0.0118543 0.00985229 -3.72888 0 0 0 
-11.0492 15.4152 4096.64 -2.55158 -3.19507 227.463 15.081 -13 -2 1 0 1 0.0533 -0.0506032 -3.36137 0 0 0 
-11.4889 14.3027 4196.63 0.57518 -1.4861 227.495 15.4487 -13 -2 1 0 1 0.0850247 -0.0887722 -2.31662 0 0 0 
-11.453 14.3033 4200.5 0.695554 -1.37958 227.495 15.463 -13 -2 1 0 1 0.0855935 -0.0899818 -2.26575 0 0 0 
-11.453 14.3033 4200.5 0.695585 -1.37956 227.495 15.463 -13 -2 1 0 1 0.0855936 -0.0899821 -2.26574 0 0 0 
-10.474 14.3701 4300.49 3.76544 1.74201 227.462 15.8308 -13 -2 1 0 1 0.0911629 -0.111905 -0.791182 0 0 0 
-8.06038 15.7344 4400.45 7.39232 4.17451 227.342 16.1985 -13 -2 1 0 1 0.0720807 -0.125385 0.809185 0 0 0 
-3.81559 17.619 4500.34 12.0162 3.74321 227.152 16.5663 -13 -2 1 0 1 0.035285 -0.119825 2.27619 0 0 0 
2.36811 18.3647 4600.15 15.6372 -1.07057 226.96 16.9341 -13 -2 1 0 1 0.00329774 -0.0764565 3.33687 0 0 0 
9.23452 16.2931 4699.89 14.6361 -8.36218 226.875 17.3019 -13 -2 1 0 1 0.013091 -0.00765776 3.72985 0 0 0 
14.5067 11.4275 4799.62 8.8626 -12.941 226.959 17.6697 -13 -2 1 0 1 0.0669382 0.0360212 3.33855 0 0 0 
17.0009 5.71102 4899.43 2.85947 -12.2876 227.15 18.0375 -13 -2 1 0 1 0.120256 0.0306781 2.27918 0 0 0 
17.5203 1.07655 4999.31 0.119173 -8.54801 227.339 18.4052 -13 -2 1 0 1 0.14353 0.00176377 0.812834 0 0 0 
17.5517 -1.72904 5099.27 0.367884 -4.22309 227.461 18.773 -13 -2 1 0 1 0.141492 -0.0217582 -0.7875 0 0 0 
17.977 -2.65717 5199.27 1.5279 -0.0349262 227.495 19.1408 -13 -2 1 0 1 0.119908 -0.028417 -2.2626 0 0 0 
18.7205 -1.83989 5299.26 1.54853 3.55753 227.467 19.5086 -13 -2 1 0 1 0.0725673 -0.0209405 -3.33057 0 0 0 
19.0797 0.16421 5399.24 -0.104151 5.07372 227.444 19.8764 -13 -2 1 0 1 0.00059025 -0.0151601 -3.72995 0 0 0 
18.6333 2.1546 5499.22 -1.72793 3.49924 227.467 20.2442 -13 -2 1 0 1 -0.0712443 -0.0220731 -3.34199 0 0 0 
17.8252 2.94072 5599.21 -1.6387 -0.109646 227.494 20.6119 -13 -2 1 0 1 -0.118348 -0.0302431 -2.28258 0 0 0 
17.3684 1.98505 5699.2 -0.399899 -4.26773 227.46 20.9797 -13 -2 1 0 1 -0.139832 -0.0237853 -0.815279 0 0 0 
17.3407 -0.830158 5799.16 -0.069163 -8.54893 227.339 21.3475 -13 -2 1 0 1 -0.142249 -0.000180547 0.785008 0 0 0 
16.8623 -5.46178 5899.05 -2.72431 -12.2851 227.152 21.7153 -13 -2 1 0 1 -0.119802 0.0292159 2.25903 0 0 0 
14.4401 -11.1908 5998.85 -8.68294 -13.0133 226.962 22.0831 -13 -2 1 0 1 -0.0674043 0.0357153 3.32682 0 0 0 
9.23785 -16.1118 6098.59 -14.5179 -8.53633 226.876 22.4509 -13 -2 1 0 1 -0.0136523 -0.00667414 3.72913 0 0 0 
2.39478 -18.2691 6198.33 -15.6513 -1.26841 226.958 22.8186 -13 -2 1 0 1 -0.00334694 -0.0751647 3.34812 0 0 0 
-3.81829 -17.5996 6298.13 -12.1225 3.60086 227.148 23.1864 -13 -2 1 0 1 -0.0352192 -0.1192 2.29618 0 0 0 
-8.11626 -15.7651 6398.02 -7.51808 4.08169 227.339 23.5542 -13 -2 1 0 1 -0.0724507 -0.125505 0.833325 0 0 0 
-10.5813 -14.4399 6497.98 -3.86854 1.648 227.461 23.922 -13 -2 1 0 1 -0.0920861 -0.112623 -0.767158 0 0 0 
-11.595 -14.4228 6597.97 -0.744757 -1.51552 227.494 24.2898 -13 -2 1 0 1 -0.0868478 -0.0912466 -2.24571 0 0 0 
-11.2096 -15.5739 6697.97 2.48904 -3.34472 227.462 24.6576 -13 -2 1 0 1 -0.0558857 -0.0541815 -3.32096 0 0 0 
-9.54275 -16.9702 6797.94 4.75878 -2.58224 227.436 25.0253 -13 -2 1 0 1 -0.0139308 0.00616255 -3.72973 0 0 0 
-7.44656 -17.605 6897.92 4.24014 -0.235133 227.461 25.3931 -13 -2 1 0 1 0.0161292 0.0734452 -3.35195 0 0 0 
-6.22281 -17.264 6997.91 0.999337 1.59531 227.492 25.7609 -13 -2 1 0 1 0.0318416 0.119514 -2.29981 0 0 0 
-6.7225 -16.334 7097.9 -3.31627 2.59891 227.461 26.1287 -13 -2 1 0 1 0.0473087 0.135201 -0.835921 0 0 0 
-9.08506 -14.866 7197.86 -7.26601 4.37292 227.342 26.4965 -13 -2 1 0 1 0.0686095 0.125441 0.7645 0 0 0 
-12.829 -12.1413 7297.75 -9.25704 8.44156 227.155 26.8643 -13 -2 1 0 1 0.0833276 0.0911865 2.24186 0 0 0 
-16.594 -7.21789 7397.56 -7.01687 13.9266 226.965 27.232 -13 -2 1 0 1 0.0641409 0.0419955 3.31675 0 0 0 
-18.3123 -0.284719 7497.3 -0.292552 16.808 226.878 27.5998 -13 -2 1 0 1 0.00198307 0.0151924 3.72832 0 0 0 
-16.8237 6.7297 7597.03 6.61101 14.2615 226.956 27.9676 -13 -2 1 0 1 -0.0619433 0.0389653 3.35755 0 0 0 
-13.1637 11.8217 7696.83 9.18014 8.82393 227.144 28.3354 -13 -2 1 0 1 -0.0841859 0.0879696 2.31309 0 0 0 
-9.40118 14.6852 7796.72 7.39998 4.60915 227.333 28.7032 -13 -2 1 0 1 -0.0708795 0.123609 0.85389 0 0 0 
-6.95992 16.225 7896.68 3.52333 2.70312 227.457 29.071 -13 -2 1 0 1 -0.0495659 0.13493 -0.746565 0 0 0 
-6.36834 17.1899 7996.67 -0.800481 1.6673 227.493 29.4387 -13 -2 1 0 1 -0.0336587 0.120852 -2.22841 0 0 0 
-7.52178 17.568 8096.66 -4.13413 -0.137693 227.463 29.8065 -13 -2 1 0 1 -0.0179471 0.0765585 -3.31091 0 0 0 
-9.60437 16.973 8196.64 -4.80441 -2.51683 227.436 30.1743 -13 -2 1 0 1 0.0118179 0.00990109 -3.72917 0 0 0 
-11.3167 15.5813 8296.61 -2.63382 -3.39634 227.46 30.5421 -13 -2 1 0 1 0.0542844 -0.051208 -3.36178 0 0 0 
-11.7708 14.3844 8396.6 0.584779 -1.65755 227.493 30.9099 -13 -2 1 0 1 0.0868564 -0.0892995 -2.31707 0 0 0 
-11.7342 14.3826 8400.5 0.708554 -1.54805 227.494 30.9242 -13 -2 1 0 1 0.0874468 -0.0905077 -2.26586 0 0 0 
-11.7342 14.3826 8400.5 0.708586 -1.54802 227.494 30.9242 -13 -2 1 0 1 0.087447 -0.090508 -2.26585 0 0 0 
-10.739 14.3899 8500.49 3.81751 1.64096 227.462 31.292 -13 -2 1 0 1 0.0932539 -0.112064 -0.79121 0 0 0 
-8.30133 15.7237 8600.45 7.446 4.13396 227.341 31.6598 -13 -2 1 0 1 0.0739796 -0.125302 0.809189 0 0 0 
-4.03454 17.6002 8700.34 12.0632 3.74299 227.149 32.0276 -13 -2 1 0 1 0.0367223 -0.119702 2.27618 0 0 0 
2.16971 18.3502 8800.14 15.6853 -1.05505 226.956 32.3953 -13 -2 1 0 1 0.0040541 -0.0764023 3.33682 0 0 0 
9.05845 16.2837 8899.88 14.6889 -8.35943 226.872 32.7631 -13 -2 1 0 1 0.0130902 -0.00766035 3.72977 0 0 0 
14.3532 11.4123 8999.62 8.91031 -12.972 226.955 33.1309 -13 -2 1 0 1 0.0663498 0.03596 3.33849 0 0 0 
16.8654 5.67371 9099.42 2.89289 -12.357 227.146 33.4987 -13 -2 1 0 1 0.119361 0.0304315 2.27921 0 0 0 
17.3975 1.00095 9199.31 0.147332 -8.65203 227.336 33.8665 -13 -2 1 0 1 0.142559 0.00116801 0.812963 0 0 0 
17.4452 -1.85682 9299.26 0.420303 -4.35449 227.458 34.2343 -13 -2 1 0 1 0.140652 -0.0227657 -0.787317 0 0 0 
17.9061 -2.84476 9399.26 1.64261 -0.16903 227.494 34.602 -13 -2 1 0 1 0.119444 -0.0296525 -2.26243 0 0 0 
18.7171 -2.07741 9499.25 1.73915 3.47519 227.467 34.9698 -13 -2 1 0 1 0.0725623 -0.0218541 -3.33049 0 0 0 
19.1694 -0.0879633 9599.23 0.116511 5.09375 227.443 35.3376 -13 -2 1 0 1 0.000602304 -0.015168 -3.73003 0 0 0 
18.8124 1.93253 9699.21 -1.5531 3.60731 227.466 35.7054 -13 -2 1 0 1 -0.0719175 -0.0212311 -3.34221 0 0 0 
18.0641 2.77292 9799.2 -1.54088 0.0166219 227.495 36.0732 -13 -2 1 0 1 -0.119914 -0.0291435 -2.28284 0 0 0 
17.637 1.86512 9899.19 -0.35635 -4.18296 227.461 36.441 -13 -2 1 0 1 -0.141951 -0.0228413 -0.815503 0 0 0 
17.622 -0.926913 9999.15 -0.0520602 -8.52985 227.34 36.8087 -13 -2 1 0 1 -0.144475 0.000583096 0.784871 0 0 0 
17.1461 -5.56461 10099 -2.73245 -12.3294 227.149 37.1765 -13 -2 1 0 1 -0.121682 0.029897 2.25902 0 0 0 
14.7115 -11.3222 10198.8 -8.73435 -13.0915 226.955 37.5443 -13 -2 1 0 1 -0.0684616 0.0362302 3.32694 0 0 0 
9.47632 -16.2752 10298.6 -14.6128 -8.5945 226.868 37.9121 -13 -2 1 0 1 -0.0136725 -0.00665432 3.72936 0 0 0 
2.58859 -18.4455 10398.3 -15.7511 -1.26606 226.951 38.2799 -13 -2 1 0 1 -0.00261977 -0.0758194 3.34842 0 0 0 
-3.66095 -17.7612 10498.1 -12.1837 3.66281 227.144 38.6477 -13 -2 1 0 1 -0.0341906 -0.120252 2.29652 0 0 0 
-7.97477 -15.8899 10598 -7.53069 4.18477 227.337 39.0154 -13 -2 1 0 1 -0.0713368 -0.126486 0.833701 0 0 0 
-10.4387 -14.5118 10698 -3.85726 1.78556 227.461 39.3832 -13 -2 1 0 1 -0.0909617 -0.113193 -0.766777 0 0 0 
-11.4505 -14.4268 10798 -0.75615 -1.34551 227.495 39.751 -13 -2 1 0 1 -0.0858964 -0.0912793 -2.24535 0 0 0 
-11.0843 -15.5004 10897.9 2.40697 -3.1698 227.465 40.1188 -13 -2 1 0 1 -0.0554057 -0.0539068 -3.32068 0 0 0 
-9.47163 -16.8292 10997.9 4.59856 -2.45962 227.44 40.4866 -13 -2 1 0 1 -0.0139328 0.00615959 -3.72957 0 0 0 
-7.4545 -17.4289 11097.9 4.05161 -0.199195 227.464 40.8544 -13 -2 1 0 1 0.0161527 0.0727717 -3.35197 0 0 0 
-6.30906 -17.0872 11197.9 0.83789 1.5715 227.493 41.2221 -13 -2 1 0 1 0.0324008 0.118351 -2.29999 0 0 0 
-6.87006 -16.1705 11297.9 -3.43401 2.57122 227.46 41.5899 -13 -2 1 0 1 0.0484675 0.133912 -0.836205 0 0 0 
-9.2757 -14.7071 11397.8 -7.34484 4.38463 227.339 41.9577 -13 -2 1 0 1 0.0701147 0.124188 0.764187 0 0 0 
-13.045 -11.965 11497.7 -9.2908 8.50902 227.151 42.3255 -13 -2 1 0 1 0.0847622 0.0900255 2.2416 0 0 0 
-16.8114 -7.00265 11597.5 -6.98659 14.0298 226.96 42.6933 -13 -2 1 0 1 0.0650039 0.0411613 3.31666 0 0 0 
-18.5019 -0.0257198 11697.3 -0.201077 16.8944 226.872 43.0611 -13 -2 1 0 1 0.00202259 0.0151644 3.72847 0 0 0 
-16.9679 7.01472 11797 6.71611 14.2904 226.952 43.4288 -13 -2 1 0 1 -0.0624663 0.0400202 3.35793 0 0 0 
-13.2695 12.1069 11896.8 9.24195 8.7999 227.142 43.7966 -13 -2 1 0 1 -0.0848712 0.0898232 2.3136 0 0 0 
-9.49457 14.9528 11996.7 7.39364 4.5563 227.334 44.1644 -13 -2 1 0 1 -0.071615 0.125714 0.854391 0 0 0 
-7.07018 16.4643 12096.6 3.45617 2.62518 227.459 44.5322 -13 -2 1 0 1 -0.0504411 0.136828 -0.746152 0 0 0 
-6.51608 17.3859 12196.6 -0.896178 1.54349 227.493 44.9 -13 -2 1 0 1 -0.0346455 0.122167 -2.22815 0 0 0 
-7.70744 17.6964 12296.6 -4.19966 -0.320248 227.461 45.2678 -13 -2 1 0 1 -0.0186867 0.0770833 -3.31084 0 0 0 
-9.80096 17.0136 12396.6 -4.78237 -2.72313 227.434 45.6355 -13 -2 1 0 1 0.0117797 0.00992687 -3.72928 0 0 0 
-11.4828 15.5383 12496.6 -2.52257 -3.56054 227.458 46.0033 -13 -2 1 0 1 0.0548886 -0.0510332 -3.36205 0 0 0 
-11.8776 14.2851 12596.6 0.733419 -1.75003 227.492 46.3711 -13 -2 1 0 1 0.0875438 -0.088644 -2.31746 0 0 0 
-11.8381 14.2822 12600.5 0.858465 -1.63709 227.493 46.3856 -13 -2 1 0 1 0.0881307 -0.0898464 -2.26585 0 0 0 
-11.8381 14.2822 12600.5 0.858497 -1.63706 227.493 46.3856 -13 -2 1 0 1 0.0881308 -0.0898467 -2.26583 0 0 0 
-10.7785 14.2619 12700.5 3.95531 1.59754 227.46 46.7533 -13 -2 1 0 1 0.0935646 -0.111053 -0.791205 0 0 0 
-8.28702 15.5787 12800.5 7.55103 4.09368 227.338 47.1211 -13 -2 1 0 1 0.0738659 -0.124158 0.809148 0 0 0 
-3.98348 17.4328 12900.3 12.123 3.67884 227.147 47.4889 -13 -2 1 0 1 0.0363866 -0.1186 2.27607 0 0 0 
2.23468 18.1493 13000.1 15.6874 -1.13962 226.956 47.8567 -13 -2 1 0 1 0.00380626 -0.0756352 3.33665 0 0 0 
9.11212 16.0464 13099.9 14.6394 -8.43495 226.872 48.2245 -13 -2 1 0 1 0.0130885 -0.00766112 3.72961 0 0 0 
14.3803 11.1483 13199.6 8.84707 -13.0167 226.955 48.5923 -13 -2 1 0 1 0.0664495 0.0349531 3.33841 0 0 0 
16.8701 5.39566 13299.4 2.86063 -12.38 227.145 48.96 -13 -2 1 0 1 0.11939 0.0286067 2.27922 0 0 0 
17.4001 0.713737 13399.3 0.172821 -8.67288 227.335 49.3278 -13 -2 1 0 1 0.142579 -0.00109416 0.813025 0 0 0 
17.4741 -2.15295 13499.3 0.515453 -4.37106 227.458 49.6956 -13 -2 1 0 1 0.140882 -0.025101 -0.787253 0 0 0 
17.9919 -3.14129 13599.3 1.80293 -0.146154 227.493 50.0634 -13 -2 1 0 1 0.120013 -0.0316059 -2.26242 0 0 0 
18.8806 -2.3463 13699.2 1.92079 3.58394 227.464 50.4312 -13 -2 1 0 1 0.0731974 -0.0228887 -3.3306 0 0 0 
19.4027 -0.288633 13799.2 0.239024 5.28896 227.439 50.799 -13 -2 1 0 1 0.000615628 -0.0151747 -3.73024 0 0 0 
19.076 1.82488 13899.2 -1.53914 3.82099 227.463 51.1667 -13 -2 1 0 1 -0.0729146 -0.0208232 -3.34248 0 0 0 
18.3138 2.74943 13999.2 -1.60925 0.178197 227.495 51.5345 -13 -2 1 0 1 -0.121551 -0.02899 -2.28309 0 0 0 
17.8491 1.8973 14099.2 -0.45029 -4.0896 227.463 51.9023 -13 -2 1 0 1 -0.143624 -0.0230949 -0.815695 0 0 0 
17.7945 -0.864939 14199.1 -0.135138 -8.48289 227.342 52.2701 -13 -2 1 0 1 -0.145838 9.46377e-05 0.784746 0 0 0 
17.2868 -5.48727 14299 -2.79317 -12.3027 227.15 52.6379 -13 -2 1 0 1 -0.122614 0.029389 2.25895 0 0 0 
14.8305 -11.2341 14398.8 -8.77286 -13.0675 226.955 53.0057 -13 -2 1 0 1 -0.0689254 0.0358942 3.3269 0 0 0 
9.58256 -16.1754 14498.6 -14.6332 -8.5639 226.868 53.3734 -13 -2 1 0 1 -0.0136818 -0.00665446 3.72932 0 0 0 
2.68858 -18.3298 14598.3 -15.7607 -1.22299 226.95 53.7412 -13 -2 1 0 1 -0.00224482 -0.0753771 3.34841 0 0 0 
-3.56485 -17.6227 14698.1 -12.1941 3.72467 227.143 54.109 -13 -2 1 0 1 -0.0335616 -0.11934 2.29658 0 0 0 
-7.88663 -15.719 14798 -7.56013 4.2706 227.335 54.4768 -13 -2 1 0 1 -0.0706415 -0.125137 0.833836 0 0 0 
-10.3724 -14.2985 14897.9 -3.93249 1.88987 227.458 54.8446 -13 -2 1 0 1 -0.0904371 -0.111507 -0.766567 0 0 0 
-11.4326 -14.1687 14997.9 -0.903743 -1.25437 227.495 55.2124 -13 -2 1 0 1 -0.0857774 -0.0895733 -2.2451 0 0 0 
-11.147 -15.2158 15097.9 2.1938 -3.15053 227.468 55.5801 -13 -2 1 0 1 -0.0556517 -0.0528037 -3.32044 0 0 0 
-9.63121 -16.5602 15197.9 4.38543 -2.55068 227.444 55.9479 -13 -2 1 0 1 -0.0139499 0.00617532 -3.72942 0 0 0 
-7.69288 -17.2188 15297.9 3.91506 -0.363748 227.466 56.3157 -13 -2 1 0 1 0.0170427 0.071978 -3.35196 0 0 0 
-6.58675 -16.9507 15397.9 0.79172 1.41342 227.495 56.6835 -13 -2 1 0 1 0.0342124 0.117457 -2.30009 0 0 0 
-7.15507 -16.0918 15497.9 -3.42877 2.47092 227.461 57.0513 -13 -2 1 0 1 0.0507093 0.133292 -0.836331 0 0 0 
-9.55427 -14.658 15597.8 -7.32463 4.34891 227.341 57.4191 -13 -2 1 0 1 0.0723099 0.123786 0.760168 0 0 0 
-13.3134 -11.9197 15697.7 -9.26444 8.5243 227.152 57.7868 -13 -2 1 0 1 0.0865329 0.0897143 2.23747 0 0 0 
-17.0655 -6.94395 15797.5 -6.94642 14.0701 226.959 58.1546 -13 -2 1 0 1 0.065988 0.0409245 3.31242 0 0 0 
-18.7351 0.0497983 15897.3 -0.14774 16.9249 226.87 58.5224 -13 -2 1 0 1 0.00203564 0.0151537 3.72409 0 0 0 
-17.1782 7.09644 15997 6.7623 14.2858 226.951 58.8902 -13 -2 1 0 1 -0.0632639 0.04033 3.35332 0 0 0 
-13.4653 12.1779 16096.8 9.25961 8.75574 227.143 59.258 -13 -2 1 0 1 -0.0861601 0.0902998 2.30868 0 0 0 
-9.68964 14.996 16196.7 7.38103 4.47419 227.337 59.6258 -13 -2 1 0 1 -0.0731582 0.126075 0.849122 0 0 0 
-7.27342 16.4616 16296.6 3.43733 2.4969 227.461 59.9935 -13 -2 1 0 1 -0.0520466 0.136811 -0.747858 0 0 0 
-6.7212 17.3163 16396.6 -0.877212 1.36976 227.495 60.3613 -13 -2 1 0 1 -0.0360065 0.12171 -2.23001 0 0 0 
-7.88679 17.5461 16496.6 -4.09562 -0.503719 227.463 60.7291 -13 -2 1 0 1 -0.0193929 0.0764984 -3.31283 0 0 0 
-9.9143 16.7933 16596.6 -4.59204 -2.84656 227.436 61.0969 -13 -2 1 0 1 0.0117613 0.00990365 -3.73138 0 0 0 
-11.5045 15.2858 16696.6 -2.30963 -3.58322 227.46 61.4647 -13 -2 1 0 1 0.054963 -0.0500909 -3.36433 0 0 0 
-11.8138 14.0401 16796.6 0.902048 -1.70275 227.492 61.8325 -13 -2 1 0 1 0.0871216 -0.0870429 -2.31999 0 0 0 
-11.772 14.0381 16800.5 1.02474 -1.58824 227.493 61.8469 -13 -2 1 0 1 0.0876883 -0.0882333 -2.26835 0 0 0 
-11.772 14.0381 16800.5 1.02477 -1.58821 227.493 61.8469 -13 -2 1 0 1 0.0876885 -0.0882336 -2.26833 0 0 0 
-10.6533 14.0429 16900.5 4.0587 1.65393 227.458 62.2147 -13 -2 1 0 1 0.092557 -0.109308 -0.79774 0 0 0 
-8.12852 15.379 17000.5 7.6007 4.12112 227.336 62.5825 -13 -2 1 0 1 0.0726021 -0.12256 0.802097 0 0 0 
-3.81352 17.2375 17100.3 12.1262 3.67439 227.147 62.9503 -13 -2 1 0 1 0.0352662 -0.117288 2.26848 0 0 0 
2.39713 17.9497 17200.1 15.6529 -1.14909 226.958 63.318 -13 -2 1 0 1 0.00319919 -0.0748401 3.32853 0 0 0 
9.25641 15.8479 17299.9 14.5989 -8.41609 226.875 63.6858 -13 -2 1 0 1 0.0131213 -0.00763087 3.72098 0 0 0 
14.5142 10.9662 17399.6 8.84735 -12.9632 226.958 64.0536 -13 -2 1 0 1 0.0670135 0.0342774 3.32923 0 0 0 
17.0185 5.24181 17499.4 2.92746 -12.307 227.148 64.4214 -13 -2 1 0 1 0.120434 0.0275973 2.26939 0 0 0 
17.5919 0.596024 17599.3 0.300666 -8.57821 227.338 64.7892 -13 -2 1 0 1 0.144171 -0.00203984 0.802393 0 0 0 
17.73 -2.21844 17699.3 0.672005 -4.22044 227.46 65.157 -13 -2 1 0 1 0.142968 -0.0256456 -0.794871 0 0 0 
18.3124 -3.12029 17799.3 1.92682 0.101156 227.492 65.5247 -13 -2 1 0 1 0.122203 -0.031502 -2.27085 0 0 0 
19.2314 -2.19605 17899.2 1.91977 3.91477 227.459 65.8925 -13 -2 1 0 1 0.0746361 -0.0223444 -3.3399 0 0 0 
19.7144 0.00783035 17999.2 0.0629678 5.60161 227.431 66.2603 -13 -2 1 0 1 0.00072563 -0.0151909 -3.74045 0 0 0 
19.2825 2.23355 18099.2 -1.82161 4.00806 227.458 66.6281 -13 -2 1 0 1 -0.0735877 -0.022388 -3.35362 0 0 0 
18.3965 3.21022 18199.2 -1.87085 0.237345 227.493 66.9959 -13 -2 1 0 1 -0.121973 -0.0320202 -2.29529 0 0 0 
17.8373 2.36976 18299.2 -0.611573 -4.08159 227.463 67.3637 -13 -2 1 0 1 -0.143394 -0.0268309 -0.829167 0 0 0 
17.7395 -0.387743 18399.1 -0.167301 -8.46388 227.343 67.7314 -13 -2 1 0 1 -0.145231 -0.00370214 0.765831 0 0 0 
17.2485 -4.99908 18499 -2.68466 -12.2797 227.153 68.0992 -13 -2 1 0 1 -0.122167 0.026087 2.23805 0 0 0 
14.8677 -10.7486 18598.8 -8.54753 -13.1189 226.961 68.467 -13 -2 1 0 1 -0.068876 0.0338565 3.3037 0 0 0 
9.72662 -15.7445 18698.6 -14.3962 -8.76753 226.875 68.8348 -13 -2 1 0 1 -0.0135405 -0.00693252 3.70355 0 0 0 
2.91365 -18.0196 18798.3 -15.6468 -1.55541 226.956 69.2026 -13 -2 1 0 1 -0.00133382 -0.0745346 3.31974 0 0 0 
-3.32674 -17.469 18898.1 -12.2448 3.36049 227.146 69.5704 -13 -2 1 0 1 -0.0320448 -0.1187 2.26459 0 0 0 
-7.69578 -15.721 18998 -7.70771 3.92809 227.336 69.9381 -13 -2 1 0 1 -0.0692792 -0.125539 0.797948 0 0 0 
-10.2474 -14.4484 19098 -4.06496 1.55436 227.459 70.3059 -13 -2 1 0 1 -0.0896647 -0.113093 -0.803162 0 0 0 
-11.341 -14.4688 19197.9 -0.904601 -1.60031 227.493 70.6737 -13 -2 1 0 1 -0.0854596 -0.0920325 -2.287 0 0 0 
-11.0102 -15.6604 19297.9 2.40629 -3.44352 227.462 71.0415 -13 -2 1 0 1 -0.055454 -0.0551363 -3.36867 0 0 0 
-9.35861 -17.0992 19397.9 4.77124 -2.67012 227.435 71.4093 -13 -2 1 0 1 -0.0142627 0.00535245 -3.7852 0 0 0 
-7.24121 -17.7641 19497.9 4.3154 -0.283305 227.459 71.7771 -13 -2 1 0 1 0.0150466 0.0730528 -3.41675 0 0 0 
-5.9801 -17.4392 19597.9 1.08739 1.56075 227.492 72.1448 -13 -2 1 0 1 0.0299523 0.119489 -2.37581 0 0 0 
-6.4435 -16.5349 19697.9 -3.24255 2.50199 227.464 72.5126 -13 -2 1 0 1 0.0447015 0.135425 -0.925544 0 0 0 
-8.78323 -15.1406 19797.8 -7.24856 4.11878 227.348 72.8804 -13 -2 1 0 1 0.0654861 0.126051 0.654172 0 0 0 
-12.5552 -12.575 19897.7 -9.43722 7.9706 227.165 73.2482 -13 -2 1 0 1 0.0801335 0.0924242 2.11045 0 0 0 
-16.4887 -7.89174 19997.5 -7.64681 13.3447 226.98 73.616 -13 -2 1 0 1 0.0613732 0.0432792 3.15881 0 0 0 
-18.6163 -1.17599 20097.3 -1.52556 16.4739 226.898 73.9838 -13 -2 1 0 1 -0.00144617 0.0148801 3.53652 0 0 0 
-17.7759 5.81592 20197 4.94645 14.5257 226.982 74.3515 -13 -2 1 0 1 -0.0698123 0.0368306 3.1218 0 0 0 
-14.8884 11.1545 20296.8 7.35883 9.6318 227.177 74.7193 -13 -2 1 0 1 -0.100196 0.0871096 2.01933 0 0 0 
-11.9571 14.411 20396.7 5.40635 5.4855 227.37 75.0871 -13 -2 1 0 1 -0.0960941 0.1276 0.482836 0 0 0 
-10.4749 16.2157 20496.7 1.11955 2.87955 227.479 75.4549 -13 -2 1 0 1 -0.0834278 0.144288 -1.21748 0 0 0 
-11.0239 16.9175 20596.7 -3.49255 0.110296 227.474 75.8227 -13 -2 1 0 1 -0.0734362 0.13262 -2.84021 0 0 0 
-13.2277 16.0658 20696.7 -5.92184 -4.22429 227.384 76.1905 -13 -2 1 0 1 -0.0553009 0.0885727 -4.11587 0 0 0 
-15.5409 13.2089 20796.6 -3.78763 -8.42992 227.313 76.5582 -13 -2 1 0 1 -0.013554 0.0299737 -4.80083 0 0 0 
-16.0408 9.23809 20896.5 1.74159 -8.78857 227.324 76.926 -13 -2 1 0 1 0.0363659 -0.0076234 -4.80365 0 0 0 
-14.1504 6.15614 20996.5 6.40809 -4.69798 227.362 77.2938 -13 -2 1 0 1 0.0595216 -0.017286 -4.26597 0 0 0 
-10.8778 5.30915 21096.4 7.98547 0.802476 227.359 77.6616 -13 -2 1 0 1 0.0508572 -0.0191998 -3.47018 0 0 0 
-7.44923 6.68644 21196.3 7.39555 5.18569 227.321 78.0294 -13 -2 1 0 1 0.0310406 -0.0236287 -2.66975 0 0 0 
-5.75261 8.27185 21252.2 6.72102 6.88921 227.297 78.2349 -13 -2 1 0 1 0.0212737 -0.0266713 -2.26997 0 0 0 

# Event -1 Track 1
-11.2945 14.0917 0 0.832347 -1.28628 227.495 0 -13 -1 1 0 1 0.0844236 -0.0883828 -2.26474 0 0 0 
-11.2894 14.0922 0.4995 0.847497 -1.27238 227.495 0.0018372 -13 -1 1 0 1 0.0844909 -0.0885386 -2.25815 0 0 0 
-11.2894 14.0922 0.5005 0.847528 -1.27236 227.495 0.00184088 -13 -1 1 0 1 0.084491 -0.0885389 -2.25814 0 0 0 
-10.2587 14.2038 100.494 3.85361 1.82891 227.46 0.369624 -13 -1 1 0 1 0.0894444 -0.110544 -0.784152 0 0 0 
-7.81493 15.5939 200.453 7.44447 4.20136 227.339 0.737408 -13 -1 1 0 1 0.0701451 -0.124245 0.811964 0 0 0 
-3.554 17.4756 300.342 12.0357 3.70375 227.151 1.10519 -13 -1 1 0 1 0.0335717 -0.118851 2.2787 0 0 0 
2.62801 18.1928 400.145 15.6069 -1.15392 226.961 1.47297 -13 -1 1 0 1 0.00231674 -0.0757724 3.33917 0 0 0 
9.46887 16.0843 499.884 14.5531 -8.43681 226.877 1.84076 -13 -1 1 0 1 0.0131049 -0.00763357 3.73204 0 0 0 
14.6994 11.1968 599.623 8.76515 -12.9615 226.961 2.20854 -13 -1 1 0 1 0.0676901 0.0351618 3.34062 0 0 0 
17.1572 5.48465 699.427 2.79759 -12.2501 227.153 2.57632 -13 -1 1 0 1 0.121301 0.0292065 2.28112 0 0 0 
17.6615 0.876087 799.317 0.113046 -8.47006 227.342 2.94411 -13 -1 1 0 1 0.144662 0.000193947 0.814598 0 0 0 
17.7003 -1.8876 899.278 0.402914 -4.1095 227.463 3.31189 -13 -1 1 0 1 0.142683 -0.023002 -0.785916 0 0 0 
18.1429 -2.75651 999.271 1.56252 0.121574 227.495 3.67967 -13 -1 1 0 1 0.121033 -0.0290724 -2.25762 0 0 0 
18.8916 -1.86249 1099.26 1.52913 3.7449 227.464 4.04746 -13 -1 1 0 1 0.073255 -0.0210271 -3.32588 0 0 0 
19.2238 0.222042 1199.24 -0.207661 5.24194 227.44 4.41524 -13 -1 1 0 1 0.000621374 -0.0151555 -3.72549 0 0 0 
18.7176 2.27225 1299.22 -1.88793 3.59839 227.464 4.78302 -13 -1 1 0 1 -0.0715399 -0.0225143 -3.33771 0 0 0 
17.837 3.08605 1399.21 -1.80092 -0.0779595 227.493 5.15081 -13 -1 1 0 1 -0.118402 -0.03119 -2.27846 0 0 0 
17.3145 2.13701 1499.2 -0.534042 -4.26102 227.459 5.51859 -13 -1 1 0 1 -0.139385 -0.0249775 -0.811349 0 0 0 
17.2352 -0.672359 1599.16 -0.169409 -8.52291 227.34 5.88637 -13 -1 1 0 1 -0.141395 -0.00142358 0.788726 0 0 0 
16.7223 -5.28348 1699.05 -2.77801 -12.2164 227.155 6.25416 -13 -1 1 0 1 -0.118876 0.0280396 2.25896 0 0 0 
14.2901 -10.9743 1798.86 -8.67242 -12.9135 226.968 6.62194 -13 -1 1 0 1 -0.0668212 0.0348769 3.32665 0 0 0 
9.10673 -15.8523 1898.6 -14.4468 -8.44856 226.884 6.98972 -13 -1 1 0 1 -0.0136425 -0.00669217 3.72888 0 0 0 
2.30054 -17.9807 1998.34 -15.5645 -1.22703 226.964 7.35751 -13 -1 1 0 1 -0.00370095 -0.0740803 3.34783 0 0 0 
-3.88123 -17.3026 2098.14 -12.0742 3.60242 227.151 7.72529 -13 -1 1 0 1 -0.0356298 -0.117257 2.29592 0 0 0 
-8.17212 -15.4718 2198.03 -7.53629 4.06607 227.339 8.09307 -13 -1 1 0 1 -0.0728887 -0.123194 0.833126 0 0 0 
-10.6606 -14.1565 2297.99 -3.95589 1.61576 227.46 8.46086 -13 -1 1 0 1 -0.0927097 -0.110382 -0.76729 0 0 0 
-11.7249 -14.1623 2397.98 -0.881509 -1.59421 227.493 8.82864 -13 -1 1 0 1 -0.0877027 -0.0895196 -2.24578 0 0 0 
-11.401 -15.3646 2497.98 2.35778 -3.5009 227.461 9.19642 -13 -1 1 0 1 -0.0566261 -0.0533616 -3.32098 0 0 0 
-9.77688 -16.8443 2597.95 4.70621 -2.79666 227.434 9.56421 -13 -1 1 0 1 -0.0139468 0.00617897 -3.72974 0 0 0 
-7.6802 -17.5731 2697.93 4.29268 -0.43597 227.459 9.93199 -13 -1 1 0 1 0.0170073 0.0733316 -3.35194 0 0 0 
-6.41727 -17.3066 2797.92 1.11486 1.46135 227.493 10.2998 -13 -1 1 0 1 0.0331134 0.119797 -2.29976 0 0 0 
-6.86297 -16.4208 2897.91 -3.19364 2.52727 227.464 10.6676 -13 -1 1 0 1 0.0484156 0.135888 -0.835806 0 0 0 
-9.17609 -14.9767 2997.87 -7.16658 4.32986 227.346 11.0353 -13 -1 1 0 1 0.0693292 0.126316 0.764677 0 0 0 
-12.8836 -12.2702 3097.76 -9.19221 8.39861 227.159 11.4031 -13 -1 1 0 1 0.0836883 0.0920384 2.24207 0 0 0 
-16.6289 -7.36769 3197.57 -6.99177 13.8746 226.969 11.7709 -13 -1 1 0 1 0.0642703 0.0425776 3.31692 0 0 0 
-18.3442 -0.458059 3297.31 -0.302229 16.7548 226.882 12.1387 -13 -1 1 0 1 0.00197521 0.0152111 3.72836 0 0 0 
-16.8639 6.53438 3397.05 6.5878 14.2149 226.96 12.5065 -13 -1 1 0 1 -0.0621019 0.0382427 3.35739 0 0 0 
-13.2119 11.6064 3496.85 9.17142 8.77735 227.146 12.8743 -13 -1 1 0 1 -0.0845023 0.0865706 2.3128 0 0 0 
-9.44551 14.4471 3596.74 7.42975 4.55126 227.333 13.242 -13 -1 1 0 1 -0.0712269 0.121738 0.853562 0 0 0 
-6.97875 15.9593 3696.7 3.61296 2.6381 227.456 13.6098 -13 -1 1 0 1 -0.0497116 0.132826 -0.74683 0 0 0 
-6.33186 16.8999 3796.69 -0.638392 1.62986 227.493 13.9776 -13 -1 1 0 1 -0.0334115 0.118915 -2.22853 0 0 0 
-7.40173 17.2778 3896.68 -3.92506 -0.092033 227.466 14.3454 -13 -1 1 0 1 -0.0174676 0.0754005 -3.31081 0 0 0 
-9.39566 16.7265 3996.66 -4.62493 -2.36619 227.441 14.7132 -13 -1 1 0 1 0.0118543 0.00985229 -3.72888 0 0 0 
-11.0492 15.4152 4096.64 -2.55158 -3.19507 227.463 15.081 -13 -1 1 0 1 0.0533 -0.0506032 -3.36137 0 0 0 
-11.4889 14.3027 4196.63 0.57518 -1.4861 227.495 15.4487 -13 -1 1 0 1 0.0850247 -0.0887722 -2.31662 0 0 0 
-11.453 14.3033 4200.5 0.695554 -1.37958 227.495 15.463 -13 -1 1 0 1 0.0855935 -0.0899818 -2.26575 0 0 0 
-11.453 14.3033 4200.5 0.695585 -1.37956 227.495 15.463 -13 -1 1 0 1 0.0855936 -0.0899821 -2.26574 0 0 0 
-10.474 14.3701 4300.49 3.76544 1.74201 227.462 15.8308 -13 -1 1 0 1 0.0911629 -0.111905 -0.791182 0 0 0 
-8.06038 15.7344 4400.45 7.39232 4.17451 227.342 16.1985 -13 -1 1 0 1 0.0720807 -0.125385 0.809185 0 0 0 
-3.81559 17.619 4500.34 12.0162 3.74321 227.152 16.5663 -13 -1 1 0 1 0.035285 -0.119825 2.27619 0 0 0 
2.36811 18.3647 4600.15 15.6372 -1.07057 226.96 16.9341 -13 -1 1 0 1 0.00329774 -0.0764565 3.33687 0 0 0 
9.23452 16.2931 4699.89 14.6361 -8.36218 226.875 17.3019 -13 -1 1 0 1 0.013091 -0.00765776 3.72985 0 0 0 
14.5067 11.4275 4799.62 8.8626 -12.941 226.959 17.6697 -13 -1 1 0 1 0.0669382 0.0360212 3.33855 0 0 0 
17.0009 5.71102 4899.43 2.85947 -12.2876 227.15 18.0375 -13 -1 1 0 1 0.120256 0.0306781 2.27918 0 0 0 
17.5203 1.07655 4999.31 0.119173 -8.54801 227.339 18.4052 -13 -1 1 0 1 0.14353 0.00176377 0.812834 0 0 0 
17.5517 -1.72904 5099.27 0.367884 -4.22309 227.461 18.773 -13 -1 1 0 1 0.141492 -0.0217582 -0.7875 0 0 0 
17.977 -2.65717 5199.27 1.5279 -0.0349262 227.495 19.1408 -13 -1 1 0 1 0.119908 -0.028417 -2.2626 0 0 0 
18.7205 -1.83989 5299.26 1.54853 3.55753 227.467 19.5086 -13 -1 1 0 1 0.0725673 -0.0209405 -3.33057 0 0 0 
19.0797 0.16421 5399.24 -0.104151 5.07372 227.444 19.8764 -13 -1 1 0 1 0.00059025 -0.0151601 -3.72995 0 0 0 
18.6333 2.1546 5499.22 -1.72793 3.49924 227.467 20.2442 -13 -1 1 0 1 -0.0712443 -0.0220731 -3.34199 0 0 0 
17.8252 2.94072 5599.21 -1.6387 -0.109646 227.494 20.6119 -13 -1 1 0 1 -0.118348 -0.0302431 -2.28258 0 0 0 
17.3684 1.98505 5699.2 -0.399899 -4.26773 227.46 20.9797 -13 -1 1 0 1 -0.139832 -0.0237853 -0.815279 0 0 0 
17.3407 -0.830158 5799.16 -0.069163 -8.54893 227.339 21.3475 -13 -1 1 0 1 -0.142249 -0.000180547 0.785008 0 0 0 
16.8623 -5.46178 5899.05 -2.72431 -12.2851 227.152 21.7153 -13 -1 1 0 1 -0.119802 0.0292159 2.25903 0 0 0 
14.4401 -11.1908 5998.85 -8.68294 -13.0133 226.962 22.0831 -13 -1 1 0 1 -0.0674043 0.0357153 3.32682 0 0 0 
9.23785 -16.1118 6098.59 -14.5179 -8.53633 226.876 22.4509 -13 -1 1 0 1 -0.0136523 -0.00667414 3.72913 0 0 0 
2.39478 -18.2691 6198.33 -15.6513 -1.26841 226.958 22.8186 -13 -1 1 0 1 -0.00334694 -0.0751647 3.34812 0 0 0 
-3.81829 -17.5996 6298.13 -12.1225 3.60086 227.148 23.1864 -13 -1 1 0 1 -0.0352192 -0.1192 2.29618 0 0 0 
-8.11626 -15.7651 6398.02 -7.51808 4.08169 227.339 23.5542 -13 -1 1 0 1 -0.0724507 -0.125505 0.833325 0 0 0 
-10.5813 -14.4399 6497.98 -3.86854 1.648 227.461 23.922 -13 -1 1 0 1 -0.0920861 -0.112623 -0.767158 0 0 0 
-11.595 -14.4228 6597.97 -0.744757 -1.51552 227.494 24.2898 -13 -1 1 0 1 -0.0868478 -0.0912466 -2.24571 0 0 0 
-11.2096 -15.5739 6697.97 2.48904 -3.34472 227.462 24.6576 -13 -1 1 0 1 -0.0558857 -0.0541815 -3.32096 0 0 0 
-9.54275 -16.9702 6797.94 4.75878 -2.58224 227.436 25.0253 -13 -1 1 0 1 -0.0139308 0.00616255 -3.72973 0 0 0 
-7.44656 -17.605 6897.92 4.24014 -0.235133 227.461 25.3931 -13 -1 1 0 1 0.0161292 0.0734452 -3.35195 0 0 0 
-6.22281 -17.264 6997.91 0.999337 1.59531 227.492 25.7609 -13 -1 1 0 1 0.0318416 0.119514 -2.29981 0 0 0 
-6.7225 -16.334 7097.9 -3.31627 2.59891 227.461 26.1287 -13 -1 1 0 1 0.0473087 0.135201 -0.835921 0 0 0 
-9.08506 -14.866 7197.86 -7.26601 4.37292 227.342 26.4965 -13 -1 1 0 1 0.0686095 0.125441 0.7645 0 0 0 
-12.829 -12.1413 7297.75 -9.25704 8.44156 227.155 26.8643 -13 -1 1 0 1 0.0833276 0.0911865 2.24186 0 0 0 
-16.594 -7.21789 7397.56 -7.01687 13.9266 226.965 27.232 -13 -1 1 0 1 0.0641409 0.0419955 3.31675 0 0 0 
-18.3123 -0.284719 7497.3 -0.292552 16.808 226.878 27.5998 -13 -1 1 0 1 0.00198307 0.0151924 3.72832 0 0 0 
-16.8237 6.7297 7597.03 6.61101 14.2615 226.956 27.9676 -13 -1 1 0 1 -0.0619433 0.0389653 3.35755 0 0 0 
-13.1637 11.8217 7696.83 9.18014 8.82393 227.144 28.3354 -13 -1 1 0 1 -0.0841859 0.0879696 2.31309 0 0 0 
-9.40118 14.6852 7796.72 7.39998 4.60915 227.333 28.7032 -13 -1 1 0 1 -0.0708795 0.123609 0.85389 0 0 0 
-6.95992 16.225 7896.68 3.52333 2.70312 227.457 29.071 -13 -1 1 0 1 -0.0495659 0.13493 -0.746565 0 0 0 
-6.36834 17.1899 7996.67 -0.800481 1.6673 227.493 29.4387 -13 -1 1 0 1 -0.0336587 0.120852 -2.22841 0 0 0 
-7.52178 17.568 8096.66 -4.13413 -0.137693 227.463 29.8065 -13 -1 1 0 1 -0.0179471 0.0765585 -3.31091 0 0 0 
-9.60437 16.973 8196.64 -4.80441 -2.51683 227.436 30.1743 -13 -1 1 0 1 0.0118179 0.00990109 -3.72917 0 0 0 
-11.3167 15.5813 8296.61 -2.63382 -3.39634 227.46 30.5421 -13 -1 1 0 1 0.0542844 -0.051208 -3.36178 0 0 0 
-11.7708 14.3844 8396.6 0.584779 -1.65755 227.493 30.9099 -13 -1 1 0 1 0.0868564 -0.0892995 -2.31707 0 0 0 
-11.7342 14.3826 8400.5 0.708554 -1.54805 227.494 30.9242 -13 -1 1 0 1 0.0874468 -0.0905077 -2.26586 0 0 0 
-11.7342 14.3826 8400.5 0.708586 -1.54802 227.494 30.9242 -13 -1 1 0 1 0.087447 -0.090508 -2.26585 0 0 0 
-10.739 14.3899 8500.49 3.81751 1.64096 227.462 31.292 -13 -1 1 0 1 0.0932539 -0.112064 -0.79121 0 0 0 
-8.30133 15.7237 8600.45 7.446 4.13396 227.341 31.6598 -13 -1 1 0 1 0.0739796 -0.125302 0.809189 0 0 0 
-4.03454 17.6002 8700.34 12.0632 3.74299 227.149 32.0276 -13 -1 1 0 1 0.0367223 -0.119702 2.27618 0 0 0 
2.16971 18.3502 8800.14 15.6853 -1.05505 226.956 32.3953 -13 -1 1 0 1 0.0040541 -0.0764023 3.33682 0 0 0 
9.05845 16.2837 8899.88 14.6889 -8.35943 226.872 32.7631 -13 -1 1 0 1 0.0130902 -0.00766035 3.72977 0 0 0 
14.3532 11.4123 8999.62 8.91031 -12.972 226.955 33.1309 -13 -1 1 0 1 0.0663498 0.03596 3.33849 0 0 0 
16.8654 5.67371 9099.42 2.89289 -12.357 227.146 33.4987 -13 -1 1 0 1 0.119361 0.0304315 2.27921 0 0 0 
17.3975 1.00095 9199.31 0.147332 -8.65203 227.336 33.8665 -13 -1 1 0 1 0.142559 0.00116801 0.812963 0 0 0 
17.4452 -1.85682 9299.26 0.420303 -4.35449 227.458 34.2343 -13 -1 1 0 1 0.140652 -0.0227657 -0.787317 0 0 0 
17.9061 -2.84476 9399.26 1.64261 -0.16903 227.494 34.602 -13 -1 1 0 1 0.119444 -0.0296525 -2.26243 0 0 0 
18.7171 -2.07741 9499.25 1.73915 3.47519 227.467 34.9698 -13 -1 1 0 1 0.0725623 -0.0218541 -3.33049 0 0 0 
19.1694 -0.0879633 9599.23 0.116511 5.09375 227.443 35.3376 -13 -1 1 0 1 0.000602304 -0.015168 -3.73003 0 0 0 
18.8124 1.93253 9699.21 -1.5531 3.60731 227.466 35.7054 -13 -1 1 0 1 -0.0719175 -0.0212311 -3.34221 0 0 0 
18.0641 2.77292 9799.2 -1.54088 0.0166219 227.495 36.0732 -13 -1 1 0 1 -0.119914 -0.0291435 -2.28284 0 0 0 
17.637 1.86512 9899.19 -0.35635 -4.18296 227.461 36.441 -13 -1 1 0 1 -0.141951 -0.0228413 -0.815503 0 0 0 
17.622 -0.926913 9999.15 -0.0520602 -8.52985 227.34 36.8087 -13 -1 1 0 1 -0.144475 0.000583096 0.784871 0 0 0 
17.1461 -5.56461 10099 -2.73245 -12.3294 227.149 37.1765 -13 -1 1 0 1 -0.121682 0.029897 2.25902 0 0 0 
14.7115 -11.3222 10198.8 -8.73435 -13.0915 226.955 37.5443 -13 -1 1 0 1 -0.0684616 0.0362302 3.32694 0 0 0 
9.47632 -16.2752 10298.6 -14.6128 -8.5945 226.868 37.9121 -13 -1 1 0 1 -0.0136725 -0.00665432 3.72936 0 0 0 
2.58859 -18.4455 10398.3 -15.7511 -1.26606 226.951 38.2799 -13 -1 1 0 1 -0.00261977 -0.0758194 3.34842 0 0 0 
-3.66095 -17.7612 10498.1 -12.1837 3.66281 227.144 38.6477 -13 -1 1 0 1 -0.0341906 -0.120252 2.29652 0 0 0 
-7.97477 -15.8899 10598 -7.53069 4.18477 227.337 39.0154 -13 -1 1 0 1 -0.0713368 -0.126486 0.833701 0 0 0 
-10.4387 -14.5118 10698 -3.85726 1.78556 227.461 39.3832 -13 -1 1 0 1 -0.0909617 -0.113193 -0.766777 0 0 0 
-11.4505 -14.4268 10798 -0.75615 -1.34551 227.495 39.751 -13 -1 1 0 1 -0.0858964 -0.0912793 -2.24535 0 0 0 
-11.0843 -15.5004 10897.9 2.40697 -3.1698 227.465 40.1188 -13 -1 1 0 1 -0.0554057 -0.0539068 -3.32068 0 0 0 
-9.47163 -16.8292 10997.9 4.59856 -2.45962 227.44 40.4866 -13 -1 1 0 1 -0.0139328 0.00615959 -3.72957 0 0 0 
-7.4545 -17.4289 11097.9 4.05161 -0.199195 227.464 40.8544 -13 -1 1 0 1 0.0161527 0.0727717 -3.35197 0 0 0 
-6.30906 -17.0872 11197.9 0.83789 1.5715 227.493 41.2221 -13 -1 1 0 1 0.0324008 0.118351 -2.29999 0 0 0 
-6.87006 -16.1705 11297.9 -3.43401 2.57122 227.46 41.5899 -13 -1 1 0 1 0.0484675 0.133912 -0.836205 0 0 0 
-9.2757 -14.7071 11397.8 -7.34484 4.38463 227.339 41.9577 -13 -1 1 0 1 0.0701147 0.124188 0.764187 0 0 0 
-13.045 -11.965 11497.7 -9.2908 8.50902 227.151 42.3255 -13 -1 1 0 1 0.0847622 0.0900255 2.2416 0 0 0 
-16.8114 -7.00265 11597.5 -6.98659 14.0298 226.96 42.6933 -13 -1 1 0 1 0.0650039 0.0411613 3.31666 0 0 0 
-18.5019 -0.0257198 11697.3 -0.201077 16.8944 226.872 43.0611 -13 -1 1 0 1 0.00202259 0.0151644 3.72847 0 0 0 
-16.9679 7.01472 11797 6.71611 14.2904 226.952 43.4288 -13 -1 1 0 1 -0.0624663 0.0400202 3.35793 0 0 0 
-13.2695 12.1069 11896.8 9.24195 8.7999 227.142 43.7966 -13 -1 1 0 1 -0.0848712 0.0898232 2.3136 0 0 0 
-9.49457 14.9528 11996.7 7.39364 4.5563 227.334 44.1644 -13 -1 1 0 1 -0.071615 0.125714 0.854391 0 0 0 
-7.07018 16.4643 12096.6 3.45617 2.62518 227.459 44.5322 -13 -1 1 0 1 -0.0504411 0.136828 -0.746152 0 0 0 
-6.51608 17.3859 12196.6 -0.896178 1.54349 227.493 44.9 -13 -1 1 0 1 -0.0346455 0.122167 -2.22815 0 0 0 
-7.70744 17.6964 12296.6 -4.19966 -0.320248 227.461 45.2678 -13 -1 1 0 1 -0.0186867 0.0770833 -3.31084 0 0 0 
-9.80096 17.0136 12396.6 -4.78237 -2.72313 227.434 45.6355 -13 -1 1 0 1 0.0117797 0.00992687 -3.72928 0 0 0 
-11.4828 15.5383 12496.6 -2.52257 -3.56054 227.458 46.0033 -13 -1 1 0 1 0.0548886 -0.0510332 -3.36205 0 0 0 
-11.8776 14.2851 12596.6 0.733419 -1.75003 227.492 46.3711 -13 -1 1 0 1 0.0875438 -0.088644 -2.31746 0 0 0 
-11.8381 14.2822 12600.5 0.858465 -1.63709 227.493 46.3856 -13 -1 1 0 1 0.0881307 -0.0898464 -2.26585 0 0 0 
-11.8381 14.2822 12600.5 0.858497 -1.63706 227.493 46.3856 -13 -1 1 0 1 0.0881308 -0.0898467 -2.26583 0 0 0 
-10.7785 14.2619 12700.5 3.95531 1.59754 227.46 46.7533 -13 -1 1 0 1 0.0935646 -0.111053 -0.791205 0 0 0 
-8.28702 15.5787 12800.5 7.55103 4.09368 227.338 47.1211 -13 -1 1 0 1 0.0738659 -0.124158 0.809148 0 0 0 
-3.98348 17.4328 12900.3 12.123 3.67884 227.147 47.4889 -13 -1 1 0 1 0.0363866 -0.1186 2.27607 0 0 0 
2.23468 18.1493 13000.1 15.6874 -1.13962 226.956 47.8567 -13 -1 1 0 1 0.00380626 -0.0756352 3.33665 0 0 0 
9.11212 16.0464 13099.9 14.6394 -8.43495 226.872 48.2245 -13 -1 1 0 1 0.0130885 -0.00766112 3.72961 0 0 0 
14.3803 11.1483 13199.6 8.84707 -13.0167 226.955 48.5923 -13 -1 1 0 1 0.0664495 0.0349531 3.33841 0 0 0 
16.8701 5.39566 13299.4 2.86063 -12.38 227.145 48.96 -13 -1 1 0 1 0.11939 0.0286067 2.27922 0 0 0 
17.4001 0.713737 13399.3 0.172821 -8.67288 227.335 49.3278 -13 -1 1 0 1 0.142579 -0.00109416 0.813025 0 0 0 
17.4741 -2.15295 13499.3 0.515453 -4.37106 227.458 49.6956 -13 -1 1 0 1 0.140882 -0.025101 -0.787253 0 0 0 
17.9919 -3.14129 13599.3 1.80293 -0.146154 227.493 50.0634 -13 -1 1 0 1 0.120013 -0.0316059 -2.26242 0 0 0 
18.8806 -2.3463 13699.2 1.92079 3.58394 227.464 50.4312 -13 -1 1 0 1 0.0731974 -0.0228887 -3.3306 0 0 0 
19.4027 -0.288633 13799.2 0.239024 5.28896 227.439 50.799 -13 -1 1 0 1 0.000615628 -0.0151747 -3.73024 0 0 0 
19.076 1.82488 13899.2 -1.53914 3.82099 227.463 51.1667 -13 -1 1 0 1 -0.0729146 -0.0208232 -3.34248 0 0 0 
18.3138 2.74943 13999.2 -1.60925 0.178197 227.495 51.5345 -13 -1 1 0 1 -0.121551 -0.02899 -2.28309 0 0 0 
17.8491 1.8973 14099.2 -0.45029 -4.0896 227.463 51.9023 -13 -1 1 0 1 -0.143624 -0.0230949 -0.815695 0 0 0 
17.7945 -0.864939 14199.1 -0.135138 -8.48289 227.342 52.2701 -13 -1 1 0 1 -0.145838 9.46377e-05 0.784746 0 0 0 
17.2868 -5.48727 14299 -2.79317 -12.3027 227.15 52.6379 -13 -1 1 0 1 -0.122614 0.029389 2.25895 0 0 0 
14.8305 -11.2341 14398.8 -8.77286 -13.0675 226.955 53.0057 -13 -1 1 0 1 -0.0689254 0.0358942 3.3269 0 0 0 
9.58256 -16.1754 14498.6 -14.6332 -8.5639 226.868 53.3734 -13 -1 1 0 1 -0.0136818 -0.00665446 3.72932 0 0 0 
2.68858 -18.3298 14598.3 -15.7607 -1.22299 226.95 53.7412 -13 -1 1 0 1 -0.00224482 -0.0753771 3.34841 0 0 0 
-3.56485 -17.6227 14698.1 -12.1941 3.72467 227.143 54.109 -13 -1 1 0 1 -0.0335616 -0.11934 2.29658 0 0 0 
-7.88663 -15.719 14798 -7.56013 4.2706 227.335 54.4768 -13 -1 1 0 1 -0.0706415 -0.125137 0.833836 0 0 0 
-10.3724 -14.2985 14897.9 -3.93249 1.88987 227.458 54.8446 -13 -1 1 0 1 -0.0904371 -0.111507 -0.766567 0 0 0 
-11.4326 -14.1687 14997.9 -0.903743 -1.25437 227.495 55.2124 -13 -1 1 0 1 -0.0857774 -0.0895733 -2.2451 0 0 0 
-11.147 -15.2158 15097.9 2.1938 -3.15053 227.468 55.5801 -13 -1 1 0 1 -0.0556517 -0.0528037 -3.32044 0 0 0 
-9.63121 -16.5602 15197.9 4.38543 -2.55068 227.444 55.9479 -13 -1 1 0 1 -0.0139499 0.00617532 -3.72942 0 0 0 
-7.69288 -17.2188 15297.9 3.91506 -0.363748 227.466 56.3157 -13 -1 1 0 1 0.0170427 0.071978 -3.35196 0 0 0 
-6.58675 -16.9507 15397.9 0.79172 1.41342 227.495 56.6835 -13 -1 1 0 1 0.0342124 0.117457 -2.30009 0 0 0 
-7.15507 -16.0918 15497.9 -3.42877 2.47092 227.461 57.0513 -13 -1 1 0 1 0.0507093 0.133292 -0.836331 0 0 0 
-9.55427 -14.658 15597.8 -7.32463 4.34891 227.341 57.4191 -13 -1 1 0 1 0.0723099 0.123786 0.760168 0 0 0 
-13.3134 -11.9197 15697.7 -9.26444 8.5243 227.152 57.7868 -13 -1 1 0 1 0.0865329 0.0897143 2.23747 0 0 0 
-17.0655 -6.94395 15797.5 -6.94642 14.0701 226.959 58.1546 -13 -1 1 0 1 0.065988 0.0409245 3.31242 0 0 0 
-18.7351 0.0497983 15897.3 -0.14774 16.9249 226.87 58.5224 -13 -1 1 0 1 0.00203564 0.0151537 3.72409 0 0 0 
-17.1782 7.09644 15997 6.7623 14.2858 226.951 58.8902 -13 -1 1 0 1 -0.0632639 0.04033 3.35332 0 0 0 
-13.4653 12.1779 16096.8 9.25961 8.75574 227.143 59.258 -13 -1 1 0 1 -0.0861601 0.0902998 2.30868 0 0 0 
-9.68964 14.996 16196.7 7.38103 4.47419 227.337 59.6258 -13 -1 1 0 1 -0.0731582 0.126075 0.849122 0 0 0 
-7.27342 16.4616 16296.6 3.43733 2.4969 227.461 59.9935 -13 -1 1 0 1 -0.0520466 0.136811 -0.747858 0 0 0 
-6.7212 17.3163 16396.6 -0.877212 1.36976 227.495 60.3613 -13 -1 1 0 1 -0.0360065 0.12171 -2.23001 0 0 0 
-7.88679 17.5461 16496.6 -4.09562 -0.503719 227.463 60.7291 -13 -1 1 0 1 -0.0193929 0.0764984 -3.31283 0 0 0 
-9.9143 16.7933 16596.6 -4.59204 -2.84656 227.436 61.0969 -13 -1 1 0 1 0.0117613 0.00990365 -3.73138 0 0 0 
-11.5045 15.2858 16696.6 -2.30963 -3.58322 227.46 61.4647 -13 -1 1 0 1 0.054963 -0.0500909 -3.36433 0 0 0 
-11.8138 14.0401 16796.6 0.902048 -1.70275 227.492 61.8325 -13 -1 1 0 1 0.0871216 -0.0870429 -2.31999 0 0 0 
-11.772 14.0381 16800.5 1.02474 -1.58824 227.493 61.8469 -13 -1 1 0 1 0.0876883 -0.0882333 -2.26835 0 0 0 
-11.772 14.0381 16800.5 1.02477 -1.58821 227.493 61.8469 -13 -1 1 0 1 0.0876885 -0.0882336 -2.26833 0 0 0 
-10.6533 14.0429 16900.5 4.0587 1.65393 227.458 62.2147 -13 -1 1 0 1 0.092557 -0.109308 -0.79774 0 0 0 
-8.12852 15.379 17000.5 7.6007 4.12112 227.336 62.5825 -13 -1 1 0 1 0.0726021 -0.12256 0.802097 0 0 0 
-3.81352 17.2375 17100.3 12.1262 3.67439 227.147 62.9503 -13 -1 1 0 1 0.0352662 -0.117288 2.26848 0 0 0 
2.39713 17.9497 17200.1 15.6529 -1.14909 226.958 63.318 -13 -1 1 0 1 0.00319919 -0.0748401 3.32853 0 0 0 
9.25641 15.8479 17299.9 14.5989 -8.41609 226.875 63.6858 -13 -1 1 0 1 0.0131213 -0.00763087 3.72098 0 0 0 
14.5142 10.9662 17399.6 8.84735 -12.9632 226.958 64.0536 -13 -1 1 0 1 0.0670135 0.0342774 3.32923 0 0 0 
17.0185 5.24181 17499.4 2.92746 -12.307 227.148 64.4214 -13 -1 1 0 1 0.120434 0.0275973 2.26939 0 0 0 
17.5919 0.596024 17599.3 0.300666 -8.57821 227.338 64.7892 -13 -1 1 0 1 0.144171 -0.00203984 0.802393 0 0 0 
17.73 -2.21844 17699.3 0.672005 -4.22044 227.46 65.157 -13 -1 1 0 1 0.142968 -0.0256456 -0.794871 0 0 0 
18.3124 -3.12029 17799.3 1.92682 0.101156 227.492 65.5247 -13 -1 1 0 1 0.122203 -0.031502 -2.27085 0 0 0 
19.2314 -2.19605 17899.2 1.91977 3.91477 227.459 65.8925 -13 -1 1 0 1 0.0746361 -0.0223444 -3.3399 0 0 0 
19.7144 0.00783035 17999.2 0.0629678 5.60161 227.431 66.2603 -13 -1 1 0 1 0.00072563 -0.0151909 -3.74045 0 0 0 
19.2825 2.23355 18099.2 -1.82161 4.00806 227.458 66.6281 -13 -1 1 0 1 -0.0735877 -0.022388 -3.35362 0 0 0 
18.3965 3.21022 18199.2 -1.87085 0.237345 227.493 66.9959 -13 -1 1 0 1 -0.121973 -0.0320202 -2.29529 0 0 0 
17.8373 2.36976 18299.2 -0.611573 -4.08159 227.463 67.3637 -13 -1 1 0 1 -0.143394 -0.0268309 -0.829167 0 0 0 
17.7395 -0.387743 18399.1 -0.167301 -8.46388 227.343 67.7314 -13 -1 1 0 1 -0.145231 -0.00370214 0.765831 0 0 0 
17.2485 -4.99908 18499 -2.68466 -12.2797 227.153 68.0992 -13 -1 1 0 1 -0.122167 0.026087 2.23805 0 0 0 
14.8677 -10.7486 18598.8 -8.54753 -13.1189 226.961 68.467 -13 -1 1 0 1 -0.068876 0.0338565 3.3037 0 0 0 
9.72662 -15.7445 18698.6 -14.3962 -8.76753 226.875 68.8348 -13 -1 1 0 1 -0.0135405 -0.00693252 3.70355 0 0 0 
2.91365 -18.0196 18798.3 -15.6468 -1.55541 226.956 69.2026 -13 -1 1 0 1 -0.00133382 -0.0745346 3.31974 0 0 0 
-3.32674 -17.469 18898.1 -12.2448 3.36049 227.146 69.5704 -13 -1 1 0 1 -0.0320448 -0.1187 2.26459 0 0 0 
-7.69578 -15.721 18998 -7.70771 3.92809 227.336 69.9381 -13 -1 1 0 1 -0.0692792 -0.125539 0.797948 0 0 0 
-10.2474 -14.4484 19098 -4.06496 1.55436 227.459 70.3059 -13 -1 1 0 1 -0.0896647 -0.113093 -0.803162 0 0 0 
-11.341 -14.4688 19197.9 -0.904601 -1.60031 227.493 70.6737 -13 -1 1 0 1 -0.0854596 -0.0920325 -2.287 0 0 0 
-11.0102 -15.6604 19297.9 2.40629 -3.44352 227.462 71.0415 -13 -1 1 0 1 -0.055454 -0.0551363 -3.36867 0 0 0 
-9.35861 -17.0992 19397.9 4.77124 -2.67012 227.435 71.4093 -13 -1 1 0 1 -0.0142627 0.00535245 -3.7852 0 0 0 
-7.24121 -17.7641 19497.9 4.3154 -0.283305 227.459 71.7771 -13 -1 1 0 1 0.0150466 0.0730528 -3.41675 0 0 0 
-5.9801 -17.4392 19597.9 1.08739 1.56075 227.492 72.1448 -13 -1 1 0 1 0.0299523 0.119489 -2.37581 0 0 0 
-6.4435 -16.5349 19697.9 -3.24255 2.50199 227.464 72.5126 -13 -1 1 0 1 0.0447015 0.135425 -0.925544 0 0 0 
-8.78323 -15.1406 19797.8 -7.24856 4.11878 227.348 72.8804 -13 -1 1 0 1 0.0654861 0.126051 0.654172 0 0 0 
-12.5552 -12.575 19897.7 -9.43722 7.9706 227.165 73.2482 -13 -1 1 0 1 0.0801335 0.0924242 2.11045 0 0 0 
-16.4887 -7.89174 19997.5 -7.64681 13.3447 226.98 73.616 -13 -1 1 0 1 0.0613732 0.0432792 3.15881 0 0 0 
-18.6163 -1.17599 20097.3 -1.52556 16.4739 226.898 73.9838 -13 -1 1 0 1 -0.00144617 0.0148801 3.53652 0 0 0 
-17.7759 5.81592 20197 4.94645 14.5257 226.982 74.3515 -13 -1 1 0 1 -0.0698123 0.0368306 3.1218 0 0 0 
-14.8884 11.1545 20296.8 7.35883 9.6318 227.177 74.7193 -13 -1 1 0 1 -0.100196 0.0871096 2.01933 0 0 0 
-11.9571 14.411 20396.7 5.40635 5.4855 227.37 75.0871 -13 -1 1 0 1 -0.0960941 0.1276 0.482836 0 0 0 
-10.4749 16.2157 20496.7 1.11955 2.87955 227.479 75.4549 -13 -1 1 0 1 -0.0834278 0.144288 -1.21748 0 0 0 
-11.0239 16.9175 20596.7 -3.49255 0.110296 227.474 75.8227 -13 -1 1 0 1 -0.0734362 0.13262 -2.84021 0 0 0 
-13.2277 16.0658 20696.7 -5.92184 -4.22429 227.384 76.1905 -13 -1 1 0 1 -0.0553009 0.0885727 -4.11587 0 0 0 
-15.5409 13.2089 20796.6 -3.78763 -8.42992 227.313 76.5582 -13 -1 1 0 1 -0.013554 0.0299737 -4.80083 0 0 0 
-16.0408 9.23809 20896.5 1.74159 -8.78857 227.324 76.926 -13 -1 1 0 1 0.0363659 -0.0076234 -4.80365 0 0 0 
-14.1504 6.15614 20996.5 6.40809 -4.69798 227.362 77.2938 -13 -1 1 0 1 0.0595216 -0.017286 -4.26597 0 0 0 
-10.8778 5.30915 21096.4 7.98547 0.802476 227.359 77.6616 -13 -1 1 0 1 0.0508572 -0.0191998 -3.47018 0 0 0 
-7.44923 6.68644 21196.3 7.39555 5.18569 227.321 78.0294 -13 -1 1 0 1 0.0310406 -0.0236287 -2.66975 0 0 0 
-5.75261 8.27185 21252.2 6.72102 6.88921 227.297 78.2349 -13 -1 1 0 1 0.0212737 -0.0266713 -2.26997 0 0 0 

# Event 1 Track 1
-21.4115 13.9846 0 -40.2929 -10.8822 223.639 0.0870076 -13 1 1 0 1 0.151005 -0.0877636 -2.26809 0 0 0 
-21.4954 13.9568 0.4995 -40.2633 -10.9205 223.642 0.0888732 -13 1 1 0 1 0.151759 -0.0877321 -2.26152 0 0 0 
-21.4956 13.9567 0.5005 -40.2632 -10.9206 223.642 0.088877 -13 1 1 0 1 0.15176 -0.0877321 -2.26151 0 0 0 
-38.0161 8.46767 98.9712 -35.3708 -11.905 224.418 0.45666 -13 1 1 0 1 0.308547 -0.0653597 -0.815545 0 0 0 
-53.1015 5.2443 197.764 -33.6307 -0.949445 224.998 0.824444 -13 1 1 0 1 0.429711 -0.0429391 0.776993 0 0 0 
-67.3429 8.9918 296.639 -30.0908 19.1129 224.69 1.19223 -13 1 1 0 1 0.462482 -0.0644823 2.27132 0 0 0 
-77.9454 22.256 395.133 -15.8833 40.2765 223.342 1.56001 -13 1 1 0 1 0.330562 -0.0972675 3.40517 0 0 0 
-79.6943 42.3496 493.021 8.64775 47.7229 222.27 1.92779 -13 1 1 0 1 0.0369466 -0.0201919 3.88708 0 0 0 
-71.1978 61.1082 590.833 27.4595 34.794 223.14 2.29558 -13 1 1 0 1 -0.245181 0.213271 3.55905 0 0 0 
-58.4353 71.7109 689.408 27.3543 13.4918 225.446 2.66336 -13 1 1 0 1 -0.370963 0.459642 2.50394 0 0 0 
-49.2901 73.7478 788.928 12.8451 -3.04918 227.117 3.03114 -13 1 1 0 1 -0.385057 0.578251 1.00792 0 0 0 
-47.5328 69.7473 888.797 -4.44474 -14.9054 226.968 3.39893 -13 1 1 0 1 -0.379682 0.554084 -0.636717 0 0 0 
-52.1871 60.399 988.226 -14.8484 -28.1931 225.257 3.76671 -13 1 1 0 1 -0.359431 0.407311 -2.16691 0 0 0 
-58.3697 44.7284 1086.78 -10.3566 -42.6393 223.228 4.13449 -13 1 1 0 1 -0.252514 0.18037 -3.30735 0 0 0 
-58.9666 24.3158 1184.63 9.4276 -47.6004 222.265 4.50228 -13 1 1 0 1 -0.0369226 4.58948e-06 -3.79071 0 0 0 
-49.7897 5.49626 1282.36 31.2028 -35.4062 222.551 4.87006 -13 1 1 0 1 0.160099 -0.0320555 -3.49425 0 0 0 
-33.2751 -5.52361 1380.33 41.7218 -14.6128 223.164 5.23784 -13 1 1 0 1 0.20372 0.0224634 -2.52834 0 0 0 
-14.6159 -8.21738 1478.52 42.1976 0.606178 223.552 5.60563 -13 1 1 0 1 0.110089 0.0547413 -1.13414 0 0 0 
3.54366 -6.79529 1576.84 40.5412 3.71732 223.828 5.97341 -13 1 1 0 1 -0.033171 0.0473727 0.434257 0 0 0 
21.1056 -6.77126 1675.28 39.1452 -5.50652 224.039 6.34119 -13 1 1 0 1 -0.156348 0.0409693 1.93647 0 0 0 
37.2327 -12.9202 1773.75 32.7896 -23.2308 223.923 6.70898 -13 1 1 0 1 -0.18588 0.05337 3.13013 0 0 0 
48.4284 -26.9137 1872.09 16.6423 -38.9564 223.521 7.07676 -13 1 1 0 1 -0.0679689 0.0228191 3.7518 0 0 0 
51.3742 -45.1422 1970.34 -2.53892 -41.3809 223.691 7.44454 -13 1 1 0 1 0.131227 -0.133591 3.61311 0 0 0 
47.8259 -61.4787 2068.92 -11.0009 -31.7807 225.001 7.81233 -13 1 1 0 1 0.274913 -0.372428 2.73134 0 0 0 
44.0224 -72.8274 2168.18 -3.99977 -20.1433 226.571 8.18011 -13 1 1 0 1 0.331712 -0.565686 1.33118 0 0 0 
45.812 -79.4162 2267.91 13.2059 -9.71503 226.909 8.54789 -13 1 1 0 1 0.364863 -0.646168 -0.298779 0 0 0 
55.9073 -80.6734 2367.35 32.1422 5.43234 225.153 8.91568 -13 1 1 0 1 0.400106 -0.587652 -1.89785 0 0 0 
72.5207 -73.1877 2465.62 40.4377 29.9473 221.865 9.28346 -13 1 1 0 1 0.358078 -0.367393 -3.19279 0 0 0 
88.0663 -54.327 2562.51 26.2815 54.1224 219.4 9.65124 -13 1 1 0 1 0.123592 -0.0769963 -3.8807 0 0 0 
93.1256 -28.615 2658.94 -4.23463 58.4422 219.825 10.019 -13 1 1 0 1 -0.238568 0.0771307 -3.76636 0 0 0 
85.2679 -6.46951 2756.05 -28.969 39.5465 222.156 10.3868 -13 1 1 0 1 -0.493308 0.0437178 -2.89807 0 0 0 
70.1669 5.1898 2854.16 -37.2879 13.9016 223.993 10.7546 -13 1 1 0 1 -0.535726 -0.0325908 -1.53454 0 0 0 
53.8086 6.88143 2952.77 -36.6173 -4.41742 224.491 11.1224 -13 1 1 0 1 -0.438637 -0.0483668 0.0461988 0 0 0 
37.8175 3.01309 3051.4 -36.7326 -11.1559 224.238 11.4902 -13 1 1 0 1 -0.282087 -0.0128603 1.59904 0 0 0 
21.0661 -1.10383 3149.9 -39.6152 -5.52185 223.956 11.8579 -13 1 1 0 1 -0.114321 0.0184484 2.87445 0 0 0 
3.4682 -0.300457 3248.31 -39.2483 10.3422 223.85 12.2257 -13 1 1 0 1 -0.00740282 0.0154097 3.61488 0 0 0 
-12.1285 8.17866 3346.69 -30.379 27.4574 223.785 12.5935 -13 1 1 0 1 -0.0222755 0.0300639 3.63833 0 0 0 
-22.7227 22.5512 3445.07 -18.1894 36.1789 223.867 12.9613 -13 1 1 0 1 -0.118208 0.130925 2.93439 0 0 0 
-29.1968 38.6339 3543.55 -13.1059 35.8487 224.275 13.3291 -13 1 1 0 1 -0.212544 0.293559 1.67745 0 0 0 
-36.0271 53.318 3642.22 -19.9454 30.1872 224.605 13.6969 -13 1 1 0 1 -0.287557 0.438649 0.125257 0 0 0 
-48.1259 64.2216 3740.85 -36.0646 17.8531 223.913 14.0646 -13 1 1 0 1 -0.359983 0.495851 -1.47053 0 0 0 
-67.637 67.2206 3838.82 -51.2444 -6.41908 221.561 14.4324 -13 1 1 0 1 -0.384496 0.399159 -2.8661 0 0 0 
-90.5914 57.2417 3935.54 -49.1111 -39.0987 218.668 14.8002 -13 1 1 0 1 -0.227316 0.159472 -3.77792 0 0 0 
-107.254 34.5765 4031.41 -23.7299 -60.0985 218.132 15.168 -13 1 1 0 1 0.156076 -0.0383917 -3.94064 0 0 0 
-110.735 8.60512 4127.83 6.48772 -53.516 221.021 15.5358 -13 1 1 0 1 0.557998 -0.0364164 -3.28193 0 0 0 
-106.254 -6.0998 4200.5 19.129 -35.4911 223.899 15.8091 -13 1 1 0 1 0.731308 0.0456045 -2.37349 0 0 0 
-106.254 -6.09989 4200.5 19.1291 -35.4908 223.899 15.8091 -13 1 1 0 1 0.731309 0.0456053 -2.37347 0 0 0 
-96.8672 -15.5891 4299.54 21.4568 -8.01806 226.344 16.1769 -13 1 1 0 1 0.785613 0.126516 -0.837113 0 0 0 
-88.222 -13.8853 4399.11 18.0908 14.6998 226.303 16.5446 -13 1 1 0 1 0.714594 0.109753 0.807348 0 0 0 
-79.9858 -3.76667 4498.24 21.1062 29.7592 224.556 16.9124 -13 1 1 0 1 0.547652 0.0211663 2.30812 0 0 0 
-68.1508 10.3722 4596.51 33.9746 31.791 222.691 17.2802 -13 1 1 0 1 0.285418 -0.0479791 3.38307 0 0 0 
-50.0322 21.5342 4694.18 47.2609 16.2748 221.941 17.648 -13 1 1 0 1 0.0252716 -0.0127828 3.78027 0 0 0 
-28.4849 23.2443 4791.76 48.2878 -8.73889 222.145 18.0158 -13 1 1 0 1 -0.089096 0.0749288 3.41576 0 0 0 
-9.25569 14.7262 4889.49 38.3056 -28.1909 222.473 18.3836 -13 1 1 0 1 -0.0496885 0.0866438 2.40853 0 0 0 
5.39395 0.213821 4987.32 29.5252 -35.9812 222.688 18.7513 -13 1 1 0 1 0.0478968 -0.00499616 1.0001 0 0 0 
18.1746 -15.4774 5085.25 30.4797 -33.9137 222.884 19.1191 -13 1 1 0 1 0.148114 -0.131092 -0.565637 0 0 0 
33.5657 -28.1622 5183.23 40.5084 -21.9241 222.789 19.4869 -13 1 1 0 1 0.233883 -0.205205 -2.05972 0 0 0 
53.7045 -32.9948 5281 49.7888 1.72516 221.979 19.8547 -13 1 1 0 1 0.2428 -0.16219 -3.23663 0 0 0 
75.1954 -25.9131 5378.34 44.9314 29.8945 221.007 20.2225 -13 1 1 0 1 0.0673002 -0.0384533 -3.8307 0 0 0 
90.9338 -8.67048 5475.52 25.3073 45.0696 221.551 20.5903 -13 1 1 0 1 -0.277222 0.0117577 -3.65201 0 0 0 
97.7212 10.4403 5573.41 7.36393 38.6461 224.073 20.958 -13 1 1 0 1 -0.602552 -0.0760708 -2.721 0 0 0 
99.5318 23.3546 5672.52 3.27212 18.8692 226.693 21.3258 -13 1 1 0 1 -0.781465 -0.191425 -1.28048 0 0 0 
102.06 26.4181 5772.4 8.88444 -5.37607 227.263 21.6936 -13 1 1 0 1 -0.838072 -0.222457 0.371733 0 0 0 
106.86 18.3027 5871.89 11.1936 -31.7014 225.003 22.0614 -13 1 1 0 1 -0.787002 -0.139972 1.97502 0 0 0 
109.513 -0.91468 5969.93 -2.34235 -53.9258 221.004 22.4292 -13 1 1 0 1 -0.558261 -0.00272923 3.25267 0 0 0 
102.493 -26.2053 6066.36 -30.7988 -56.6524 218.171 22.797 -13 1 1 0 1 -0.158056 0.0291941 3.9005 0 0 0 
83.265 -46.7467 6162.22 -53.757 -33.2597 218.542 23.1647 -13 1 1 0 1 0.198432 -0.125915 3.74373 0 0 0 
58.5833 -54.0392 6258.76 -54.8468 -0.323737 220.79 23.5325 -13 1 1 0 1 0.323862 -0.314285 2.85684 0 0 0 
37.248 -48.5461 6356.24 -41.189 22.9432 222.561 23.9003 -13 1 1 0 1 0.271815 -0.368756 1.49688 0 0 0 
22.1527 -35.8491 6454.26 -28.7165 32.9376 223.264 24.2681 -13 1 1 0 1 0.170221 -0.288791 -0.0696513 0 0 0 
10.5279 -20.9443 6552.45 -26.0072 33.5204 223.509 24.6359 -13 1 1 0 1 0.0683367 -0.151544 -1.60873 0 0 0 
-2.07737 -7.63848 6650.75 -32.3599 25.4402 223.746 25.0037 -13 1 1 0 1 -0.0224604 -0.0354458 -2.87819 0 0 0 
-18.0589 0.0397104 6749.14 -39.5976 8.22455 223.877 25.3714 -13 1 1 0 1 -0.0494732 0.00723772 -3.62412 0 0 0 
-35.6594 -0.820246 6847.54 -38.8664 -11.5885 223.856 25.7392 -13 1 1 0 1 0.0548998 0.0092324 -3.65708 0 0 0 
-51.2274 -8.84262 6945.98 -31.639 -22.7943 224.134 26.107 -13 1 1 0 1 0.260993 0.0540155 -2.95127 0 0 0 
-63.9494 -18.9116 7044.65 -27.4388 -20.9593 224.865 26.4748 -13 1 1 0 1 0.466283 0.146579 -1.67928 0 0 0 
-76.5249 -25.6657 7143.61 -30.9049 -8.08827 225.246 26.8426 -13 1 1 0 1 0.617954 0.215689 -0.107255 0 0 0 
-91.4908 -24.5377 7242.43 -36.6341 14.9009 224.037 27.2104 -13 1 1 0 1 0.697561 0.196758 1.50603 0 0 0 
-107.146 -11.4172 7340.24 -31.578 45.2545 220.706 27.5781 -13 1 1 0 1 0.625288 0.0790308 2.91351 0 0 0 
-116.062 14.2044 7436.39 -5.57893 68.1809 216.972 27.9459 -13 1 1 0 1 0.306521 -0.0225288 3.82417 0 0 0 
-110.524 44.3862 7531.45 30.1484 63.7838 216.285 28.3137 -13 1 1 0 1 -0.147636 0.0748549 3.96983 0 0 0 
-92.1422 66.4784 7627.12 49.0281 34.3184 219.488 28.6815 -13 1 1 0 1 -0.452593 0.340445 3.29794 0 0 0 
-71.275 74.3233 7724.52 42.4856 2.77682 223.481 29.0493 -13 1 1 0 1 -0.512614 0.54642 2.01986 0 0 0 
-56.4789 70.6626 7823.29 24.3736 -17.4925 225.514 29.4171 -13 1 1 0 1 -0.454644 0.580639 0.439243 0 0 0 
-49.2947 60.1813 7922.45 9.77814 -29.3487 225.388 29.7848 -13 1 1 0 1 -0.37838 0.475958 -1.18081 0 0 0 
-46.1278 45.3751 8021.29 6.95962 -37.3886 224.299 30.1526 -13 1 1 0 1 -0.275588 0.28728 -2.58947 0 0 0 
-41.1903 28.2932 8119.68 17.3305 -38.6011 223.531 30.5204 -13 1 1 0 1 -0.117527 0.0967113 -3.51279 0 0 0 
-30.1292 13.3194 8217.91 32.7368 -27.3925 223.46 30.8882 -13 1 1 0 1 0.034971 -0.00215433 -3.7306 0 0 0 
-13.4421 5.47378 8316.15 41.5329 -7.89065 223.538 31.256 -13 1 1 0 1 0.0705248 -0.0177064 -3.20107 0 0 0 
2.5101 5.36873 8400.5 42.3128 6.29371 223.443 31.5717 -13 1 1 0 1 -0.00628507 -0.0311615 -2.26301 0 0 0 
2.51029 5.36877 8400.5 42.3128 6.29384 223.443 31.5717 -13 1 1 0 1 -0.00628637 -0.0311619 -2.263 0 0 0 
20.9207 9.98574 8498.68 41.7866 12.6218 223.274 31.9395 -13 1 1 0 1 -0.156225 -0.0772134 -0.82466 0 0 0 
39.7783 14.5481 8596.77 44.5633 5.90694 223.015 32.3073 -13 1 1 0 1 -0.306744 -0.116629 0.752059 0 0 0 
60.0788 13.2353 8694.65 46.9206 -13.9 222.175 32.6751 -13 1 1 0 1 -0.394955 -0.0932745 2.23609 0 0 0 
79.3282 1.16878 8791.96 37.8506 -41.1548 220.523 33.0429 -13 1 1 0 1 -0.319231 -0.0112421 3.37385 0 0 0 
90.8157 -21.5953 8888.57 12.2724 -59.2123 219.317 33.4107 -13 1 1 0 1 -0.0292177 0.00246723 3.89462 0 0 0 
89.7978 -47.3064 8985.14 -15.2425 -53.7448 220.535 33.7784 -13 1 1 0 1 0.320536 -0.170026 3.62068 0 0 0 
80.1679 -66.3902 9082.78 -24.7611 -31.8852 223.89 34.1462 -13 1 1 0 1 0.522352 -0.431675 2.6092 0 0 0 
70.994 -75.4209 9181.9 -14.5104 -10.0533 226.815 34.514 -13 1 1 0 1 0.567711 -0.603229 1.12789 0 0 0 
68.6005 -75.9174 9281.81 3.89115 7.4449 227.346 34.8818 -13 1 1 0 1 0.560779 -0.624473 -0.529724 0 0 0 
73.7537 -68.6778 9381.37 17.7823 26.1091 225.297 35.2496 -13 1 1 0 1 0.525583 -0.498151 -2.10502 0 0 0 
81.8401 -52.6308 9479.71 15.5801 46.5097 222.15 35.6173 -13 1 1 0 1 0.380667 -0.257872 -3.31344 0 0 0 
84.519 -29.3398 9576.87 -5.88662 56.3237 220.34 35.9851 -13 1 1 0 1 0.0812121 -0.0434974 -3.86167 0 0 0 
75.9786 -6.43554 9673.77 -31.9062 44.3098 220.851 36.3529 -13 1 1 0 1 -0.224375 0.00437118 -3.61477 0 0 0 
58.4889 7.58643 9771.16 -44.8957 18.7774 222.235 36.7207 -13 1 1 0 1 -0.35092 -0.0572344 -2.67238 0 0 0 
38.4892 10.6691 9869.05 -44.7491 -3.08822 223.035 37.0885 -13 1 1 0 1 -0.296775 -0.0904478 -1.29055 0 0 0 
19.5042 6.67779 9967.14 -41.9718 -12.8778 223.224 37.4563 -13 1 1 0 1 -0.16103 -0.06056 0.274982 0 0 0 
1.05135 1.26162 10065.3 -42.5365 -9.62545 223.281 37.824 -13 1 1 0 1 -0.0151138 -0.0156944 1.79067 0 0 0 
-17.9129 -0.0324086 10163.4 -43.0581 5.39888 223.324 38.1918 -13 1 1 0 1 0.0786021 -0.00705907 3.01293 0 0 0 
-35.5778 6.79899 10261.6 -35.5082 25.5394 223.257 38.5596 -13 1 1 0 1 0.0418812 -0.0181473 3.68878 0 0 0 
-47.8054 21.2833 10359.7 -19.432 38.1656 223.433 38.9274 -13 1 1 0 1 -0.127023 0.043697 3.63289 0 0 0 
-53.1009 38.2447 10458.1 -6.26752 36.9118 224.399 39.2952 -13 1 1 0 1 -0.31186 0.211328 2.83611 0 0 0 
-55.2411 52.4967 10557.1 -5.82266 27.1764 225.797 39.663 -13 1 1 0 1 -0.427916 0.395441 1.49753 0 0 0 
-59.9967 61.6995 10656.5 -17.293 14.1383 226.402 40.0307 -13 1 1 0 1 -0.496549 0.502426 -0.105445 0 0 0 
-71.038 64.0803 10755.8 -32.6393 -4.71703 225.098 40.3985 -13 1 1 0 1 -0.540559 0.482304 -1.71303 0 0 0 
-87.3195 56.2183 10854.1 -38.5685 -32.1783 221.887 40.7663 -13 1 1 0 1 -0.487068 0.31178 -3.06216 0 0 0 
-101.633 35.9658 10950.9 -22.5998 -57.9812 218.824 41.1341 -13 1 1 0 1 -0.221646 0.0811082 -3.85352 0 0 0 
-104.759 8.51145 11046.9 9.17732 -62.1749 218.647 41.5019 -13 1 1 0 1 0.190557 -0.00872217 -3.85401 0 0 0 
-94.7761 -14.9024 11143.5 33.2291 -41.3689 221.226 41.8697 -13 1 1 0 1 0.495983 0.0868427 -3.07221 0 0 0 
-78.498 -26.829 11241.4 37.9338 -13.3194 223.92 42.2374 -13 1 1 0 1 0.573951 0.205188 -1.74522 0 0 0 
-63.0183 -27.7449 11340.2 31.8401 7.46747 225.138 42.6052 -13 1 1 0 1 0.506092 0.231736 -0.163148 0 0 0 
-50.2831 -21.7244 11439.2 27.0156 18.3456 225.145 42.973 -13 1 1 0 1 0.378862 0.173764 1.42183 0 0 0 
-38.2679 -13.016 11538 28.7229 19.5839 224.829 43.3408 -13 1 1 0 1 0.217658 0.0865583 2.75701 0 0 0 
-24.5192 -6.07526 11636.8 33.7369 10.2875 224.75 43.7086 -13 1 1 0 1 0.060784 0.0297917 3.57496 0 0 0 
-9.29331 -5.05303 11735.6 34.314 -6.12724 224.815 44.0764 -13 1 1 0 1 -0.0130388 0.00778426 3.6728 0 0 0 
4.66516 -11.142 11834.5 28.5556 -20.5024 224.769 44.4441 -13 1 1 0 1 0.0238278 -0.0418697 3.03135 0 0 0 
15.9062 -21.8639 11933.2 23.4178 -26.8528 224.694 44.8119 -13 1 1 0 1 0.115979 -0.146851 1.81851 0 0 0 
26.3805 -33.5924 12032 25.7438 -25.2616 224.624 45.1797 -13 1 1 0 1 0.215833 -0.262613 0.291983 0 0 0 
39.7164 -42.8554 12130.7 35.8476 -15.2336 224.142 45.5475 -13 1 1 0 1 0.311475 -0.322613 -1.2933 0 0 0 
57.9399 -45.3016 12228.9 45.9998 6.06766 222.719 45.9153 -13 1 1 0 1 0.358321 -0.265625 -2.69494 0 0 0 
78.1228 -36.3412 12326.4 42.5312 34.8516 220.756 46.2831 -13 1 1 0 1 0.244201 -0.100118 -3.64443 0 0 0 
92.4105 -16.0837 12423.2 20.0082 54.0195 220.087 46.6508 -13 1 1 0 1 -0.075132 0.0229894 -3.87863 0 0 0 
95.1418 7.56405 12520.2 -6.29308 49.6278 221.933 47.0186 -13 1 1 0 1 -0.428534 -0.028879 -3.31144 0 0 0 
90.5342 22.6363 12600.5 -17.262 33.1221 224.414 47.3196 -13 1 1 0 1 -0.600107 -0.14839 -2.35297 0 0 0 
90.5341 22.6364 12600.5 -17.2621 33.1219 224.414 47.3196 -13 1 1 0 1 -0.600108 -0.148391 -2.35296 0 0 0 
82.7667 32.117 12699.7 -16.0013 10.3546 226.701 47.6874 -13 1 1 0 1 -0.653966 -0.255602 -0.832276 0 0 0 
77.4 32.294 12799.5 -8.37247 -8.8947 227.173 48.0552 -13 1 1 0 1 -0.61055 -0.259667 0.811588 0 0 0 
74.6743 24.8361 12899.2 -5.57922 -24.3159 226.129 48.4229 -13 1 1 0 1 -0.490085 -0.17056 2.32175 0 0 0 
70.8474 11.9677 12998.3 -13.638 -32.3807 224.771 48.7907 -13 1 1 0 1 -0.267151 -0.0536801 3.40614 0 0 0 
61.7475 -1.48391 13096.9 -27.7555 -26.1361 224.284 49.1585 -13 1 1 0 1 0.00570595 -0.00744453 3.79839 0 0 0 
47.4226 -9.08745 13195.6 -35.5671 -7.21034 224.588 49.5263 -13 1 1 0 1 0.187116 -0.0410867 3.40235 0 0 0 
32.0716 -7.72397 13294.3 -32.9941 12.5759 224.744 49.8941 -13 1 1 0 1 0.216424 -0.0567838 2.35329 0 0 0 
18.7769 0.823837 13393.1 -27.9446 24.8456 224.407 50.2618 -13 1 1 0 1 0.152811 -0.000226919 0.911482 0 0 0 
6.58286 12.8452 13491.6 -28.9359 28.4005 223.859 50.6296 -13 1 1 0 1 0.0554101 0.0938488 -0.666083 0 0 0 
-7.82953 24.3671 13589.9 -37.589 22.1529 223.278 50.9974 -13 1 1 0 1 -0.0514419 0.154555 -2.1409 0 0 0 
-26.5592 30.5378 13687.9 -46.6869 4.01258 222.623 51.3652 -13 1 1 0 1 -0.112016 0.115972 -3.25983 0 0 0 
-47.1506 26.8924 13785.6 -44.395 -20.5373 222.18 51.733 -13 1 1 0 1 -0.0274669 0.000485078 -3.77373 0 0 0 
-63.5305 13.7944 13883.3 -28.696 -36.3977 222.73 52.1008 -13 1 1 0 1 0.208106 -0.059646 -3.52327 0 0 0 
-72.3244 -2.46468 13981.6 -12.5225 -34.8271 224.471 52.4685 -13 1 1 0 1 0.451987 0.00391007 -2.5632 0 0 0 
-76.1682 -15.063 14080.7 -6.95999 -21.2565 226.399 52.8363 -13 1 1 0 1 0.593905 0.109476 -1.12859 0 0 0 
-79.7915 -20.4811 14180.5 -10.3429 -2.87851 227.248 53.2041 -13 1 1 0 1 0.640082 0.158816 0.502673 0 0 0 
-85.165 -17.2116 14280.2 -13.0292 18.0192 226.412 53.5719 -13 1 1 0 1 0.594651 0.115201 2.07024 0 0 0 
-89.5832 -4.90592 14379.3 -4.6917 36.7643 224.462 53.9397 -13 1 1 0 1 0.402893 0.0153116 3.28947 0 0 0 
-87.489 13.0277 14477.6 15.2926 41.4919 223.162 54.3075 -13 1 1 0 1 0.0672943 -0.019768 3.86017 0 0 0 
-76.5717 28.5202 14575.8 32.403 26.1403 223.659 54.6752 -13 1 1 0 1 -0.245512 0.0797388 3.61822 0 0 0 
-61.3541 34.691 14674.4 34.1931 1.85796 224.909 55.043 -13 1 1 0 1 -0.384329 0.206361 2.6508 0 0 0 
-48.0943 30.9183 14773.4 25.4088 -17.6697 225.386 55.4108 -13 1 1 0 1 -0.37988 0.23637 1.23152 0 0 0 
-38.7751 20.3075 14872.4 18.0877 -29.482 224.856 55.7786 -13 1 1 0 1 -0.319652 0.163671 -0.360722 0 0 0 
-30.8099 5.90481 14971 19.9724 -34.9317 223.914 56.1464 -13 1 1 0 1 -0.228593 0.0453575 -1.87925 0 0 0 
-19.7814 -9.10303 15069.2 31.3244 -31.4527 223.128 56.5142 -13 1 1 0 1 -0.106997 -0.0380167 -3.07168 0 0 0 
-3.13846 -19.9106 15167.2 43.4537 -15.8349 222.751 56.8819 -13 1 1 0 1 -0.0172202 -0.018792 -3.68718 0 0 0 
16.842 -22.1308 15265.1 45.2817 5.57116 222.88 57.2497 -13 1 1 0 1 -0.0557473 0.0645005 -3.56681 0 0 0 
35.1364 -16.1621 15363.2 37.0415 19.4627 223.62 57.6175 -13 1 1 0 1 -0.211928 0.0999346 -2.74009 0 0 0 
49.4385 -7.06067 15461.8 28.82 19.7562 224.802 57.9853 -13 1 1 0 1 -0.381473 0.0600905 -1.40439 0 0 0 
61.376 -0.440612 15560.8 26.407 8.78739 225.793 58.3531 -13 1 1 0 1 -0.499728 0.0108741 0.174484 0 0 0 
72.9567 -0.529453 15660.1 25.8501 -10.2931 225.793 58.7209 -13 1 1 0 1 -0.538324 0.0135462 1.75191 0 0 0 
82.9367 -9.97363 15759.2 17.489 -32.3613 224.508 59.0886 -13 1 1 0 1 -0.434454 0.0650033 3.06214 0 0 0 
86.4206 -27.577 15857.5 -3.25667 -44.849 223.013 59.4564 -13 1 1 0 1 -0.15153 0.0634532 3.80798 0 0 0 
79.9161 -46.2756 15955.5 -24.845 -36.7538 223.134 59.8242 -13 1 1 0 1 0.181477 -0.0899063 3.76094 0 0 0 
66.9665 -57.8223 16053.9 -30.8356 -14.8965 224.909 60.192 -13 1 1 0 1 0.376918 -0.312129 2.93019 0 0 0 
55.2126 -59.6718 16153.1 -20.8402 5.39098 226.481 60.5598 -13 1 1 0 1 0.419336 -0.441608 1.55998 0 0 0 
49.2753 -54.0566 16252.8 -6.44035 19.3562 226.585 60.9276 -13 1 1 0 1 0.404012 -0.431549 -0.0449516 0 0 0 
48.6401 -42.9844 16352.1 1.85736 30.9369 225.38 61.2953 -13 1 1 0 1 0.369162 -0.313412 -1.62797 0 0 0 
49.0107 -27.0508 16450.9 -2.58722 40.8747 223.784 61.6631 -13 1 1 0 1 0.275145 -0.139006 -2.92238 0 0 0 
44.4833 -8.3625 16549 -19.4242 41.8872 222.767 62.0309 -13 1 1 0 1 0.103615 -0.00941583 -3.65787 0 0 0 
31.7828 7.55344 16646.8 -37.2555 28.3201 222.636 62.3987 -13 1 1 0 1 -0.0463005 -0.00689315 -3.65781 0 0 0 
13.4045 15.5147 16744.8 -44.2263 7.99883 223.018 62.7665 -13 1 1 0 1 -0.0585643 -0.075544 -2.93334 0 0 0 
2.4158 16.2965 16800.5 -43.3589 -1.1941 223.328 62.9755 -13 1 1 0 1 -0.00566048 -0.103062 -2.26793 0 0 0 
2.41561 16.2965 16800.5 -43.3589 -1.19423 223.328 62.9755 -13 1 1 0 1 -0.00565934 -0.103063 -2.26791 0 0 0 
-15.721 13.8078 16898.8 -39.0779 -7.98179 223.978 63.3432 -13 1 1 0 1 0.132388 -0.107294 -0.824902 0 0 0 
-32.1689 11.1214 16997.4 -36.0556 -2.2872 224.614 63.711 -13 1 1 0 1 0.262909 -0.089298 0.752711 0 0 0 
-47.3237 13.2978 17096.2 -32.1845 13.5055 224.808 64.0788 -13 1 1 0 1 0.326382 -0.0929512 2.23391 0 0 0 
-59.2599 23.5004 17194.9 -20.3193 32.4743 224.253 64.4466 -13 1 1 0 1 0.252226 -0.101541 3.35036 0 0 0 
-63.8109 40.4036 17293.3 0.36211 41.7746 223.633 64.8144 -13 1 1 0 1 0.0309778 -0.0188441 3.82619 0 0 0 
-59.4951 57.6664 17391.7 17.2816 34.2759 224.24 65.1822 -13 1 1 0 1 -0.203391 0.201255 3.50603 0 0 0 
-51.0314 69.3082 17490.6 18.3303 18.4577 226.009 65.5499 -13 1 1 0 1 -0.323276 0.444562 2.46296 0 0 0 
-45.4502 74.3189 17590.3 5.46818 5.08249 227.379 65.9177 -13 1 1 0 1 -0.355086 0.583458 0.971948 0 0 0 
-46.9292 74.1315 17690.3 -12.2441 -6.09453 227.09 66.2855 -13 1 1 0 1 -0.375018 0.589603 -0.671784 0 0 0 
-55.5647 68.3075 17789.7 -25.4385 -21.5172 225.048 66.6533 -13 1 1 0 1 -0.382864 0.462002 -2.21393 0 0 0 
-67.0746 54.4582 17888 -23.6648 -41.5743 222.415 67.0211 -13 1 1 0 1 -0.289934 0.222184 -3.36707 0 0 0 
-73.4797 32.9142 17985.4 -2.88719 -53.7041 221.053 67.3889 -13 1 1 0 1 -0.0442985 0.00450787 -3.85561 0 0 0 
-68.7315 10.3267 18082.7 23.7244 -45.6064 221.617 67.7566 -13 1 1 0 1 0.223674 -0.0480892 -3.54944 0 0 0 
-54.4039 -5.11387 18180.4 38.8603 -23.7666 222.894 68.1244 -13 1 1 0 1 0.335597 0.0200638 -2.56521 0 0 0 
-36.538 -10.9733 18278.5 40.9227 -4.34559 223.748 68.4922 -13 1 1 0 1 0.279781 0.0761586 -1.15586 0 0 0 
-19.0378 -10.589 18377 38.6466 4.04197 224.158 68.86 -13 1 1 0 1 0.147191 0.0776428 0.415731 0 0 0 
-2.41558 -9.19218 18475.6 37.0838 0.417501 224.458 69.2278 -13 1 1 0 1 0.00904103 0.0577429 1.91792 0 0 0 
13.2851 -11.6371 18574.3 33.522 -12.6814 224.661 69.5956 -13 1 1 0 1 -0.0727476 0.0467242 3.09417 0 0 0 
25.9967 -20.6485 18673.1 23.0533 -27.7462 224.623 69.9633 -13 1 1 0 1 -0.0408446 0.0144235 3.68961 0 0 0 
32.912 -34.8234 18771.8 8.54111 -34.9052 224.645 70.3311 -13 1 1 0 1 0.080971 -0.106148 3.53238 0 0 0 
34.4589 -49.8452 18870.6 0.337191 -32.2274 225.207 70.6989 -13 1 1 0 1 0.195522 -0.303512 2.64953 0 0 0 
35.0688 -62.6047 18969.8 4.53319 -25.6252 226.008 71.0667 -13 1 1 0 1 0.262512 -0.486703 1.26058 0 0 0 
40.0126 -72.1833 19069.2 19.3159 -17.4267 226.009 71.4345 -13 1 1 0 1 0.317518 -0.587089 -0.352982 0 0 0 
52.6701 -76.9204 19168.2 38.1102 -2.35309 224.274 71.8023 -13 1 1 0 1 0.37616 -0.559852 -1.94337 0 0 0 
72.2621 -72.4651 19266.1 48.1946 24.3748 220.998 72.17 -13 1 1 0 1 0.35779 -0.364767 -3.24151 0 0 0 
91.5804 -55.1141 19362.6 35.3607 53.1157 218.37 72.5378 -13 1 1 0 1 0.132629 -0.0804142 -3.94817 0 0 0 
100.441 -28.7581 19458.6 3.53184 62.1 218.833 72.9056 -13 1 1 0 1 -0.251504 0.0760444 -3.85538 0 0 0 
95.396 -4.47864 19555.4 -23.9091 45.008 221.72 73.2734 -13 1 1 0 1 -0.546869 0.0321721 -3.00061 0 0 0 
82.1497 9.3963 19653.4 -33.5381 18.1286 224.284 73.6412 -13 1 1 0 1 -0.622345 -0.0640111 -1.63921 0 0 0 
67.5421 12.335 19752.3 -32.144 -3.2046 225.196 74.009 -13 1 1 0 1 -0.545512 -0.0918535 -0.0623768 0 0 0 
53.811 8.08457 19851.2 -31.0398 -14.3385 224.917 74.3767 -13 1 1 0 1 -0.396174 -0.0499285 1.48654 0 0 0 
39.5034 1.39977 19950 -34.7357 -14.0578 224.394 74.7445 -13 1 1 0 1 -0.208763 0.00500615 2.74686 0 0 0 
23.1952 -2.53469 20048.5 -38.844 -2.15338 224.151 75.1123 -13 1 1 0 1 -0.0436293 0.0193914 3.45229 0 0 0 
6.38331 0.359099 20147 -36.2744 15.3798 224.064 75.4801 -13 1 1 0 1 0.0137644 0.0154142 3.42192 0 0 0 
-7.84394 10.2919 20245.5 -28.215 28.4308 223.948 75.8479 -13 1 1 0 1 -0.0422423 0.069323 2.6556 0 0 0 
-18.9573 24.015 20343.9 -23.6904 32.558 223.91 76.2157 -13 1 1 0 1 -0.143857 0.19445 1.3353 0 0 0 
-30.1821 37.7248 20442.3 -29.2075 28.42 223.822 76.5834 -13 1 1 0 1 -0.254471 0.330272 -0.285937 0 0 0 
-45.934 47.4503 20540.6 -43.239 13.558 222.943 76.9512 -13 1 1 0 1 -0.372905 0.398595 -1.97616 0 0 0 
-67.7092 47.3009 20638.1 -53.5863 -16.8803 220.455 77.319 -13 1 1 0 1 -0.445994 0.325396 -3.50098 0 0 0 
-89.4867 31.3011 20734.2 -40.1587 -55.3654 216.977 77.6868 -13 1 1 0 1 -0.339802 0.130777 -4.59797 0 0 0 
-98.6208 1.56114 20829.1 1.87677 -74.142 215.073 78.0546 -13 1 1 0 1 -0.0370258 0.00819768 -5.03724 0 0 0 
-87.6443 -28.0833 20923.8 45.2537 -54.864 216.1 78.4223 -13 1 1 0 1 0.220815 0.0733046 -4.79647 0 0 0 
-62.834 -43.5182 21019.2 62.5757 -14.3328 218.256 78.7901 -13 1 1 0 1 0.255243 0.175453 -4.11979 0 0 0 
-36.2977 -41.4994 21115.5 55.3165 21.3483 219.639 79.1579 -13 1 1 0 1 0.156252 0.175393 -3.30687 0 0 0 
-15.5442 -26.9151 21212.2 38.6691 42.6725 220.093 79.5257 -13 1 1 0 1 0.0593362 0.0991536 -2.54556 0 0 0 
-9.15137 -18.6642 21252.2 31.7559 47.8332 220.138 79.6778 -13 1 1 0 1 0.0325875 0.0630223 -2.26837 0 0 0 

# End of Event 1

