# AllTracks
#x y z Px Py Pz t PDGid EventID TrackID ParentID Weight Bx By Bz Ex Ey Ez
# Event -2 Track 1
-11.2945 14.0917 0 0.731734 -1.1308 199.995 0 -13 -2 1 0 1 0.0742805 -0.077764 -1.99264 0 0 0 
-11.2894 14.0922 0.4995 0.745064 -1.11857 199.995 0.0018845 -13 -2 1 0 1 0.0743397 -0.0779011 -1.98685 0 0 0 
-11.2894 14.0922 0.5005 0.74509 -1.11855 199.995 0.00188827 -13 -2 1 0 1 0.0743398 -0.0779014 -1.98684 0 0 0 
-10.2582 14.2044 100.494 3.38985 1.61026 199.965 0.379139 -13 -2 1 0 1 0.0786944 -0.0972665 -0.68994 0 0 0 
-7.81271 15.5962 200.453 6.5496 3.69735 199.859 0.75639 -13 -2 1 0 1 0.0617021 -0.109334 0.714409 0 0 0 
-3.54818 17.4794 300.342 10.5904 3.25723 199.693 1.13364 -13 -2 1 0 1 0.0295046 -0.104594 2.00492 0 0 0 
2.63936 18.1951 400.145 13.7319 -1.02215 199.525 1.51089 -13 -2 1 0 1 0.00200025 -0.0666771 2.93799 0 0 0 
9.48464 16.0801 499.883 12.7984 -7.43489 199.452 1.88814 -13 -2 1 0 1 0.01153 -0.00671701 3.28365 0 0 0 
14.7141 11.1828 599.622 7.69708 -11.4143 199.526 2.26539 -13 -2 1 0 1 0.0596063 0.0308897 2.93927 0 0 0 
17.1653 5.46238 699.425 2.44283 -10.7819 199.694 2.64264 -13 -2 1 0 1 0.106774 0.0255688 2.00707 0 0 0 
17.6612 0.849446 799.315 0.0836524 -7.45178 199.861 3.0199 -13 -2 1 0 1 0.12728 -1.40019e-05 0.716756 0 0 0 
17.6935 -1.91622 899.276 0.344459 -3.6158 199.967 3.39715 -13 -2 1 0 1 0.125494 -0.0204371 -0.691462 0 0 0 
18.133 -2.78658 999.269 1.37101 0.10414 199.995 3.7744 -13 -2 1 0 1 0.106435 -0.0257538 -1.98635 0 0 0 
18.8818 -1.89365 1099.26 1.34674 3.29089 199.968 4.15165 -13 -2 1 0 1 0.0644219 -0.0186063 -2.92628 0 0 0 
19.2156 0.190786 1199.24 -0.179642 4.6091 199.947 4.5289 -13 -2 1 0 1 0.00054793 -0.0133354 -3.27788 0 0 0 
18.7102 2.2415 1299.22 -1.6601 3.16414 199.968 4.90615 -13 -2 1 0 1 -0.0629184 -0.0197066 -2.93671 0 0 0 
17.8283 3.05511 1399.21 -1.58771 -0.07024 199.994 5.2834 -13 -2 1 0 1 -0.104126 -0.0272642 -2.00473 0 0 0 
17.3025 2.10456 1499.2 -0.478573 -3.75003 199.964 5.66065 -13 -2 1 0 1 -0.122555 -0.0217518 -0.713896 0 0 0 
17.217 -0.706981 1599.16 -0.164775 -7.49665 199.859 6.0379 -13 -2 1 0 1 -0.124281 -0.00101236 0.693932 0 0 0 
16.694 -5.31894 1699.05 -2.467 -10.7378 199.696 6.41515 -13 -2 1 0 1 -0.10443 0.0248765 1.98752 0 0 0 
14.2477 -11.0054 1798.85 -7.65454 -11.3356 199.532 6.7924 -13 -2 1 0 1 -0.0586498 0.0307928 2.92694 0 0 0 
9.05019 -15.87 1898.6 -12.7238 -7.39128 199.458 7.16965 -13 -2 1 0 1 -0.0120013 -0.00588593 3.28086 0 0 0 
2.23685 -17.9775 1998.34 -13.6872 -1.03363 199.528 7.54691 -13 -2 1 0 1 -0.00346729 -0.0651679 2.94561 0 0 0 
-3.94241 -17.278 2098.14 -10.6022 3.20517 199.693 7.92416 -13 -2 1 0 1 -0.0317006 -0.103027 2.0201 0 0 0 
-8.22556 -15.4315 2198.03 -6.6091 3.59892 199.858 8.30141 -13 -2 1 0 1 -0.0645013 -0.108114 0.733063 0 0 0 
-10.7073 -14.1073 2297.99 -3.46809 1.43237 199.965 8.67866 -13 -2 1 0 1 -0.0818955 -0.0967784 -0.675067 0 0 0 
-11.7691 -14.1097 2397.98 -0.77421 -1.39983 199.994 9.05591 -13 -2 1 0 1 -0.077423 -0.0784591 -1.97592 0 0 0 
-11.4461 -15.3134 2497.97 2.06965 -3.08447 199.966 9.43316 -13 -2 1 0 1 -0.0499778 -0.0467765 -2.92196 0 0 0 
-9.82296 -16.7976 2597.95 4.13749 -2.46824 199.942 9.81041 -13 -2 1 0 1 -0.0122754 0.00543845 -3.28161 0 0 0 
-7.72478 -17.5302 2697.92 3.7795 -0.387542 199.964 10.1877 -13 -2 1 0 1 0.0151102 0.064378 -2.94923 0 0 0 
-6.45803 -17.2633 2797.91 0.989313 1.29058 199.993 10.5649 -13 -2 1 0 1 0.0293686 0.105155 -2.02347 0 0 0 
-6.89835 -16.372 2897.91 -2.79488 2.23797 199.968 10.9422 -13 -2 1 0 1 0.0428432 0.119223 -0.73542 0 0 0 
-9.2033 -14.9176 2997.87 -6.27916 3.83054 199.865 11.3194 -13 -2 1 0 1 0.0611884 0.11073 0.672766 0 0 0 
-12.8965 -12.1984 3097.76 -8.04366 7.40844 199.701 11.6967 -13 -2 1 0 1 0.0737085 0.0805627 1.97266 0 0 0 
-16.618 -7.28605 3197.57 -6.08958 12.209 199.534 12.0739 -13 -2 1 0 1 0.0565117 0.0371819 2.91837 0 0 0 
-18.302 -0.377439 3297.31 -0.200458 14.7123 199.458 12.4512 -13 -2 1 0 1 0.00173462 0.0133758 3.28038 0 0 0 
-16.7916 6.59898 3397.05 5.84312 12.4519 199.527 12.8284 -13 -2 1 0 1 -0.0544034 0.0338589 2.95399 0 0 0 
-13.1199 11.6458 3496.85 8.09017 7.664 199.689 13.2057 -13 -2 1 0 1 -0.073822 0.0763945 2.03491 0 0 0 
-9.34449 14.4626 3596.74 6.54234 3.96034 199.854 13.5829 -13 -2 1 0 1 -0.0619704 0.107218 0.751003 0 0 0 
-6.87397 15.9593 3696.7 3.1821 2.29861 199.962 13.9602 -13 -2 1 0 1 -0.0430102 0.116867 -0.657099 0 0 0 
-6.22429 16.8949 3796.69 -0.556177 1.43329 199.994 14.3374 -13 -2 1 0 1 -0.0287688 0.104599 -1.96077 0 0 0 
-7.29271 17.2773 3896.68 -3.45092 -0.0652389 199.97 14.7147 -13 -2 1 0 1 -0.0149914 0.0663391 -2.913 0 0 0 
-9.28909 16.735 3996.66 -4.07533 -2.06252 199.948 15.0919 -13 -2 1 0 1 0.0104427 0.00866939 -3.28084 0 0 0 
-10.9487 15.4301 4096.64 -2.25659 -2.80256 199.968 15.4692 -13 -2 1 0 1 0.0465686 -0.0445716 -2.95749 0 0 0 
-11.3942 14.3166 4196.63 0.497084 -1.31676 199.995 15.8464 -13 -2 1 0 1 0.0742672 -0.0781857 -2.03827 0 0 0 
-11.3584 14.3168 4200.5 0.603202 -1.22378 199.995 15.861 -13 -2 1 0 1 0.0747617 -0.0792488 -1.99351 0 0 0 
-11.3584 14.3168 4200.5 0.603229 -1.22376 199.995 15.861 -13 -2 1 0 1 0.0747618 -0.0792491 -1.9935 0 0 0 
-10.3816 14.374 4300.49 3.30973 1.5037 199.967 16.2383 -13 -2 1 0 1 0.0795683 -0.0984867 -0.696119 0 0 0 
-7.96742 15.72 4400.45 6.49955 3.6244 199.862 16.6155 -13 -2 1 0 1 0.0627758 -0.11022 0.711964 0 0 0 
-3.72481 17.5775 4500.35 10.5512 3.22816 199.695 16.9928 -13 -2 1 0 1 0.0305211 -0.105187 2.00271 0 0 0 
2.44559 18.2897 4600.15 13.704 -1.00887 199.527 17.37 -13 -2 1 0 1 0.00264182 -0.067017 2.93593 0 0 0 
9.28172 16.1882 4699.89 12.7904 -7.39899 199.453 17.7473 -13 -2 1 0 1 0.0115191 -0.00673519 3.28168 0 0 0 
14.5113 11.308 4799.63 7.70261 -11.3862 199.527 18.1245 -13 -2 1 0 1 0.0589127 0.0312947 2.93736 0 0 0 
16.964 5.59506 4899.43 2.43969 -10.7823 199.694 18.5018 -13 -2 1 0 1 0.105595 0.0263232 2.00525 0 0 0 
17.4524 0.972958 4999.32 0.0550253 -7.48918 199.86 18.879 -13 -2 1 0 1 0.125814 0.000833813 0.715072 0 0 0 
17.4644 -1.82258 5099.28 0.294837 -3.7 199.966 19.2563 -13 -2 1 0 1 0.123885 -0.0197931 -0.692973 0 0 0 
17.8801 -2.7491 5199.27 1.33299 -0.0367331 199.996 19.6335 -13 -2 1 0 1 0.104936 -0.0255352 -1.99081 0 0 0 
18.6231 -1.93822 5299.27 1.36933 3.11003 199.971 20.0108 -13 -2 1 0 1 0.0635138 -0.0187567 -2.9304 0 0 0 
18.9898 0.0573252 5399.25 -0.0713561 4.44608 199.951 20.388 -13 -2 1 0 1 0.000511901 -0.0133414 -3.28174 0 0 0 
18.5535 2.04354 5499.23 -1.50158 3.07451 199.971 20.7653 -13 -2 1 0 1 -0.0624215 -0.0190508 -2.94036 0 0 0 
17.7504 2.83192 5599.22 -1.44001 -0.0862216 199.995 21.1425 -13 -2 1 0 1 -0.103698 -0.025982 -2.00821 0 0 0 
17.2883 1.88378 5699.21 -0.37341 -3.73172 199.965 21.5198 -13 -2 1 0 1 -0.122476 -0.0202258 -0.717207 0 0 0 
17.2444 -0.917895 5799.17 -0.102312 -7.47985 199.86 21.897 -13 -2 1 0 1 -0.124489 0.000449785 0.690796 0 0 0 
16.7428 -5.52527 5899.06 -2.44317 -10.7367 199.697 22.2743 -13 -2 1 0 1 -0.104712 0.0260723 1.9877 0 0 0 
14.3001 -11.2141 5998.87 -7.66202 -11.344 199.531 22.6515 -13 -2 1 0 1 -0.0588251 0.0314989 2.92713 0 0 0 
9.0943 -16.0821 6098.61 -12.7457 -7.39401 199.457 23.0288 -13 -2 1 0 1 -0.0120004 -0.00588145 3.28103 0 0 0 
2.27194 -18.1881 6198.35 -13.697 -1.02554 199.528 23.406 -13 -2 1 0 1 -0.00335009 -0.0658731 2.94569 0 0 0 
-3.90455 -17.4834 6298.15 -10.579 3.21647 199.694 23.7833 -13 -2 1 0 1 -0.0314842 -0.104214 2.02006 0 0 0 
-8.1659 -15.6314 6398.04 -6.54443 3.61072 199.86 24.1605 -13 -2 1 0 1 -0.0640898 -0.1095 0.732927 0 0 0 
-10.6048 -14.2981 6498 -3.36236 1.46108 199.967 24.5378 -13 -2 1 0 1 -0.081184 -0.0981039 -0.675246 0 0 0 
-11.6064 -14.2752 6597.99 -0.644462 -1.32109 199.995 24.915 -13 -2 1 0 1 -0.0764749 -0.0794186 -1.97608 0 0 0 
-11.2219 -15.4214 6697.99 2.1757 -2.93285 199.967 25.2923 -13 -2 1 0 1 -0.0492061 -0.0471392 -2.92202 0 0 0 
-9.56421 -16.816 6797.96 4.16257 -2.27125 199.944 25.6696 -13 -2 1 0 1 -0.0122516 0.00544546 -3.28152 0 0 0 
-7.47691 -17.453 6897.94 3.71559 -0.213177 199.966 26.0468 -13 -2 1 0 1 0.0142959 0.0641292 -2.94901 0 0 0 
-6.25439 -17.1145 6997.93 0.886773 1.40059 199.993 26.4241 -13 -2 1 0 1 0.0281995 0.1043 -2.02321 0 0 0 
-6.74382 -16.183 7097.92 -2.8819 2.29288 199.966 26.8013 -13 -2 1 0 1 0.0417729 0.117913 -0.735184 0 0 0 
-9.0824 -14.7095 7197.88 -6.32459 3.85586 199.863 27.1786 -13 -2 1 0 1 0.0603461 0.10928 0.672928 0 0 0 
-12.787 -11.9822 7297.77 -8.04457 7.41554 199.701 27.5558 -13 -2 1 0 1 0.0730649 0.0792992 1.97272 0 0 0 
-16.5006 -7.0716 7397.58 -6.0613 12.1938 199.536 27.9331 -13 -2 1 0 1 0.0560994 0.0364418 2.91833 0 0 0 
-18.1694 -0.176351 7497.33 -0.173592 14.6758 199.461 28.3103 -13 -2 1 0 1 0.00171262 0.0133564 3.28028 0 0 0 
-16.6519 6.78056 7597.07 5.84195 12.4151 199.529 28.6876 -13 -2 1 0 1 -0.0539533 0.0344552 2.95385 0 0 0 
-12.9894 11.8145 7696.87 8.05468 7.65256 199.691 29.0648 -13 -2 1 0 1 -0.0730786 0.0773635 2.03472 0 0 0 
-9.23974 14.6341 7796.76 6.47475 3.98223 199.856 29.4421 -13 -2 1 0 1 -0.0612476 0.108406 0.750771 0 0 0 
-6.81208 16.1473 7896.72 3.07657 2.33845 199.963 29.8193 -13 -2 1 0 1 -0.04258 0.118174 -0.65737 0 0 0 
-6.22642 17.0999 7996.71 -0.706601 1.45332 199.994 30.1966 -13 -2 1 0 1 -0.02878 0.105793 -1.96106 0 0 0 
-7.37795 17.4772 8096.7 -3.62587 -0.112822 199.967 30.5738 -13 -2 1 0 1 -0.0152831 0.0670242 -2.91327 0 0 0 
-9.45623 16.8895 8196.68 -4.21708 -2.19372 199.944 30.9511 -13 -2 1 0 1 0.0104284 0.00867857 -3.28102 0 0 0 
-11.1677 15.5064 8296.65 -2.31871 -2.97335 199.965 31.3283 -13 -2 1 0 1 0.0472878 -0.0448286 -2.95753 0 0 0 
-11.6257 14.3108 8396.64 0.5021 -1.46633 199.994 31.7056 -13 -2 1 0 1 0.075596 -0.0781578 -2.03818 0 0 0 
-11.5897 14.3086 8400.5 0.609568 -1.37204 199.995 31.7201 -13 -2 1 0 1 0.0761024 -0.0792029 -1.99357 0 0 0 
-11.5897 14.3086 8400.5 0.609596 -1.37202 199.995 31.7201 -13 -2 1 0 1 0.0761026 -0.0792032 -1.99355 0 0 0 
-10.6032 14.3033 8500.49 3.33426 1.40317 199.967 32.0974 -13 -2 1 0 1 0.0811061 -0.0979971 -0.696127 0 0 0 
-8.18038 15.6108 8600.45 6.50548 3.56978 199.862 32.4746 -13 -2 1 0 1 0.0642519 -0.109463 0.711967 0 0 0 
-3.94223 17.4518 8700.35 10.528 3.21722 199.697 32.8519 -13 -2 1 0 1 0.0317764 -0.10446 2.00268 0 0 0 
2.21223 18.1696 8800.15 13.6681 -0.976251 199.53 33.2291 -13 -2 1 0 1 0.00342505 -0.0666112 2.93584 0 0 0 
9.03355 16.0923 8899.89 12.7717 -7.33978 199.457 33.6064 -13 -2 1 0 1 0.0115208 -0.00673298 3.28152 0 0 0 
14.2617 11.2407 8999.63 7.71522 -11.338 199.529 33.9836 -13 -2 1 0 1 0.0580759 0.0310688 2.93717 0 0 0 
16.7264 5.54197 9099.44 2.47192 -10.7769 199.694 34.3609 -13 -2 1 0 1 0.10422 0.0260158 2.00509 0 0 0 
17.2329 0.90963 9199.33 0.0949183 -7.53542 199.858 34.7381 -13 -2 1 0 1 0.12429 0.000394533 0.714983 0 0 0 
17.2682 -1.92059 9299.28 0.35205 -3.79004 199.964 35.1154 -13 -2 1 0 1 0.122521 -0.020473 -0.692996 0 0 0 
17.7226 -2.89831 9399.28 1.43508 -0.145175 199.995 35.4926 -13 -2 1 0 1 0.10402 -0.0263992 -1.99078 0 0 0 
18.5318 -2.13613 9499.27 1.53185 3.03369 199.971 35.8699 -13 -2 1 0 1 0.0632029 -0.0194257 -2.93037 0 0 0 
18.9893 -0.159394 9599.25 0.119547 4.45262 199.951 36.2471 -13 -2 1 0 1 0.000510122 -0.0133472 -3.28174 0 0 0 
18.6424 1.85198 9699.23 -1.34459 3.16286 199.971 36.6244 -13 -2 1 0 1 -0.0627203 -0.018412 -2.94039 0 0 0 
17.9019 2.6946 9799.22 -1.34635 0.0325271 199.996 37.0016 -13 -2 1 0 1 -0.104576 -0.0251904 -2.00824 0 0 0 
17.4742 1.80273 9899.21 -0.324167 -3.63123 199.967 37.3789 -13 -2 1 0 1 -0.123768 -0.0196643 -0.717186 0 0 0 
17.4506 -0.958456 9999.17 -0.0664234 -7.42058 199.862 37.7561 -13 -2 1 0 1 -0.125923 0.000731632 0.690881 0 0 0 
16.9669 -5.54832 10099.1 -2.40695 -10.7265 199.698 38.1334 -13 -2 1 0 1 -0.106014 0.0262069 1.98784 0 0 0 
14.5408 -11.2439 10198.9 -7.63503 -11.3786 199.53 38.5106 -13 -2 1 0 1 -0.0596422 0.0315997 2.9273 0 0 0 
9.34265 -16.1356 10298.6 -12.7434 -7.44847 199.455 38.8879 -13 -2 1 0 1 -0.0120115 -0.00588143 3.28116 0 0 0 
2.51573 -18.266 10398.4 -13.7145 -1.06319 199.527 39.2651 -13 -2 1 0 1 -0.00254276 -0.0661345 2.94574 0 0 0 
-3.66948 -17.5707 10498.2 -10.5923 3.21858 199.694 39.6424 -13 -2 1 0 1 -0.0301331 -0.104718 2.02004 0 0 0 
-7.93255 -15.7062 10598 -6.53724 3.65883 199.86 40.0196 -13 -2 1 0 1 -0.0624744 -0.110018 0.73288 0 0 0 
-10.364 -14.3366 10698 -3.34344 1.55914 199.966 40.3969 -13 -2 1 0 1 -0.0795105 -0.0983697 -0.675273 0 0 0 
-11.3602 -14.2519 10798 -0.64929 -1.17366 199.996 40.7741 -13 -2 1 0 1 -0.07504 -0.07928 -1.97605 0 0 0 
-10.9938 -15.3174 10898 2.10181 -2.76561 199.97 41.1514 -13 -2 1 0 1 -0.0484224 -0.046779 -2.92189 0 0 0 
-9.3936 -16.6364 10998 4.01009 -2.14747 199.948 41.5286 -13 -2 1 0 1 -0.012237 0.00546191 -3.28133 0 0 0 
-7.39256 -17.2329 11097.9 3.5345 -0.177041 199.969 41.9059 -13 -2 1 0 1 0.0140186 0.0634043 -2.94879 0 0 0 
-6.25463 -16.8955 11197.9 0.736586 1.36709 199.994 42.2831 -13 -2 1 0 1 0.0282008 0.103041 -2.02302 0 0 0 
-6.80661 -15.9879 11297.9 -2.98228 2.23902 199.965 42.6604 -13 -2 1 0 1 0.042207 0.116561 -0.735039 0 0 0 
-9.18501 -14.5381 11397.9 -6.38592 3.81877 199.862 43.0376 -13 -2 1 0 1 0.0610577 0.108089 0.673034 0 0 0 
-12.9129 -11.8217 11497.8 -8.07763 7.40981 199.7 43.4149 -13 -2 1 0 1 0.0737962 0.0783637 1.97281 0 0 0 
-16.6365 -6.90693 11597.6 -6.06792 12.2138 199.535 43.7921 -13 -2 1 0 1 0.056563 0.0358756 2.91842 0 0 0 
-18.3028 0.000521281 11697.3 -0.159285 14.7006 199.459 44.1694 -13 -2 1 0 1 0.0017211 0.0133398 3.28039 0 0 0 
-16.777 6.96678 11797.1 5.85642 12.4257 199.528 44.5466 -13 -2 1 0 1 -0.0543677 0.0350665 2.95393 0 0 0 
-13.1126 12.0012 11896.9 8.04397 7.64426 199.692 44.9239 -13 -2 1 0 1 -0.0737888 0.0784364 2.03474 0 0 0 
-9.37784 14.8121 11996.8 6.42529 3.95461 199.858 45.3012 -13 -2 1 0 1 -0.0622048 0.10964 0.750708 0 0 0 
-6.9843 16.3042 12096.7 2.99169 2.27832 199.965 45.6784 -13 -2 1 0 1 -0.0437782 0.119267 -0.657503 0 0 0 
-6.44503 17.2135 12196.7 -0.800363 1.3367 199.994 46.0557 -13 -2 1 0 1 -0.0300564 0.106458 -1.96123 0 0 0 
-7.63487 17.5163 12296.7 -3.67526 -0.291317 199.966 46.4329 -13 -2 1 0 1 -0.0161707 0.0671572 -2.91342 0 0 0 
-9.71608 16.8323 12396.7 -4.17555 -2.38898 199.942 46.8102 -13 -2 1 0 1 0.0104004 0.00866738 -3.28109 0 0 0 
-11.3854 15.3621 12496.7 -2.19959 -3.11737 199.964 47.1874 -13 -2 1 0 1 0.0479996 -0.0443618 -2.95749 0 0 0 
-11.777 14.1137 12596.6 0.63808 -1.53485 199.993 47.5647 -13 -2 1 0 1 0.0764622 -0.0770306 -2.03808 0 0 0 
-11.7387 14.1107 12600.5 0.744846 -1.43814 199.994 47.5792 -13 -2 1 0 1 0.0769643 -0.0780561 -1.99353 0 0 0 
-11.7387 14.1107 12600.5 0.744874 -1.43811 199.994 47.5792 -13 -2 1 0 1 0.0769644 -0.0780564 -1.99352 0 0 0 
-10.6913 14.0859 12700.5 3.43753 1.38499 199.966 47.9564 -13 -2 1 0 1 0.0817164 -0.0964871 -0.696114 0 0 0 
-8.22831 15.389 12800.5 6.56255 3.56621 199.861 48.3337 -13 -2 1 0 1 0.0645829 -0.107923 0.71193 0 0 0 
-3.97285 17.2285 12900.3 10.5413 3.21456 199.696 48.7109 -13 -2 1 0 1 0.0319526 -0.103167 2.00258 0 0 0 
2.17962 17.9462 13000.1 13.65 -0.972577 199.532 49.0882 -13 -2 1 0 1 0.00353454 -0.0658593 2.93568 0 0 0 
8.98903 15.874 13099.9 12.7472 -7.32256 199.459 49.4654 -13 -2 1 0 1 0.0115204 -0.00673255 3.28136 0 0 0 
14.2092 11.033 13199.6 7.71183 -11.3156 199.531 49.8427 -13 -2 1 0 1 0.0578984 0.0303721 2.93706 0 0 0 
16.6808 5.34318 13299.4 2.50374 -10.7662 199.695 50.2199 -13 -2 1 0 1 0.103955 0.0248678 2.00505 0 0 0 
17.2128 0.711808 13399.3 0.165635 -7.54128 199.858 50.5972 -13 -2 1 0 1 0.12415 -0.000976402 0.714978 0 0 0 
17.2939 -2.12234 13499.3 0.464809 -3.79508 199.964 50.9744 -13 -2 1 0 1 0.1227 -0.0218729 -0.692999 0 0 0 
17.8144 -3.09477 13599.3 1.584 -0.111649 199.994 51.3517 -13 -2 1 0 1 0.104554 -0.0275379 -1.99083 0 0 0 
18.7002 -2.29794 13699.3 1.67973 3.14252 199.969 51.7289 -13 -2 1 0 1 0.0637756 -0.0199734 -2.93049 0 0 0 
19.2184 -0.248243 13799.2 0.205201 4.62891 199.947 52.1062 -13 -2 1 0 1 0.000518474 -0.0133499 -3.28193 0 0 0 
18.8917 1.85596 13899.2 -1.34858 3.34615 199.968 52.4835 -13 -2 1 0 1 -0.0635523 -0.0184256 -2.9406 0 0 0 
18.1332 2.77983 13999.2 -1.40521 0.169061 199.995 52.8607 -13 -2 1 0 1 -0.105912 -0.0256825 -2.00841 0 0 0 
17.6738 1.9421 14099.2 -0.383979 -3.54948 199.968 53.238 -13 -2 1 0 1 -0.125154 -0.0206303 -0.717294 0 0 0 
17.6275 -0.788843 14199.2 -0.0941088 -7.37896 199.864 53.6152 -13 -2 1 0 1 -0.127153 -0.00044504 0.69083 0 0 0 
17.14 -5.3661 14299.1 -2.39569 -10.7177 199.699 53.9925 -13 -2 1 0 1 -0.10702 0.0251515 1.98783 0 0 0 
14.7262 -11.0658 14398.9 -7.60179 -11.4043 199.53 54.3697 -13 -2 1 0 1 -0.0602737 0.0309973 2.9273 0 0 0 
9.54349 -15.9775 14498.6 -12.7202 -7.49896 199.454 54.747 -13 -2 1 0 1 -0.0120229 -0.00588656 3.28113 0 0 0 
2.72076 -18.1332 14598.3 -13.7223 -1.10765 199.526 55.1242 -13 -2 1 0 1 -0.00186474 -0.0656908 2.94571 0 0 0 
-3.4759 -17.4519 14698.1 -10.6285 3.21015 199.692 55.5015 -13 -2 1 0 1 -0.0290195 -0.104031 2.02004 0 0 0 
-7.76241 -15.5804 14798 -6.59461 3.69513 199.857 55.8787 -13 -2 1 0 1 -0.0612952 -0.109144 0.73295 0 0 0 
-10.2292 -14.1837 14898 -3.43028 1.62771 199.964 56.256 -13 -2 1 0 1 -0.078573 -0.0973054 -0.675139 0 0 0 
-11.2801 -14.0631 14998 -0.783755 -1.10642 199.996 56.6332 -13 -2 1 0 1 -0.0745735 -0.0781812 -1.97587 0 0 0 
-10.9931 -15.106 15098 1.92264 -2.75176 199.972 57.0105 -13 -2 1 0 1 -0.0484213 -0.046058 -2.92172 0 0 0 
-9.48448 -16.4399 15198 3.8341 -2.22204 199.951 57.3877 -13 -2 1 0 1 -0.0122456 0.00547212 -3.28122 0 0 0 
-7.55792 -17.0919 15297.9 3.41918 -0.315649 199.971 57.765 -13 -2 1 0 1 0.0145622 0.0629358 -2.94879 0 0 0 
-6.45947 -16.8273 15397.9 0.690479 1.22404 199.995 58.1422 -13 -2 1 0 1 0.029377 0.102648 -2.02308 0 0 0 
-7.02427 -15.9833 15497.9 -2.99461 2.13111 199.967 58.5195 -13 -2 1 0 1 0.0437139 0.11653 -0.735111 0 0 0 
-9.40859 -14.5766 15597.9 -6.40206 3.75489 199.863 58.8967 -13 -2 1 0 1 0.0626076 0.108343 0.669546 0 0 0 
-13.1494 -11.8807 15697.8 -8.11362 7.39184 199.699 59.274 -13 -2 1 0 1 0.075168 0.0786973 1.96922 0 0 0 
-16.8945 -6.96311 15797.6 -6.11478 12.2426 199.532 59.6512 -13 -2 1 0 1 0.0574417 0.0360616 2.91474 0 0 0 
-18.5821 -0.0321198 15897.3 -0.194048 14.7617 199.455 60.0285 -13 -2 1 0 1 0.00173633 0.0133407 3.27657 0 0 0 
-17.0679 6.96588 15997.1 5.84418 12.4853 199.525 60.4057 -13 -2 1 0 1 -0.0553338 0.035069 2.94991 0 0 0 
-13.4066 12.0227 16096.9 8.04084 7.67007 199.691 60.783 -13 -2 1 0 1 -0.0754853 0.0785728 2.03045 0 0 0 
-9.67489 14.8342 16196.8 6.41443 3.92944 199.859 61.1602 -13 -2 1 0 1 -0.0642682 0.109812 0.746109 0 0 0 
-7.28817 16.2985 16296.7 2.97835 2.19116 199.966 61.5375 -13 -2 1 0 1 -0.0458908 0.119232 -0.658975 0 0 0 
-6.74993 17.1488 16396.7 -0.783586 1.19032 199.995 61.9147 -13 -2 1 0 1 -0.0318369 0.106086 -1.96286 0 0 0 
-7.9142 17.3702 16496.7 -3.58369 -0.460656 199.968 62.292 -13 -2 1 0 1 -0.0171384 0.066659 -2.91519 0 0 0 
-9.92816 16.6106 16596.7 -4.0029 -2.50982 199.945 62.6692 -13 -2 1 0 1 0.0103719 0.00864885 -3.28298 0 0 0 
-11.5019 15.1035 16696.7 -2.00295 -3.14126 199.966 63.0465 -13 -2 1 0 1 0.0483737 -0.0435118 -2.95955 0 0 0 
-11.8036 13.8645 16796.6 0.793694 -1.48109 199.993 63.4237 -13 -2 1 0 1 0.076608 -0.0755981 -2.04036 0 0 0 
-11.7629 13.8629 16800.5 0.898335 -1.38226 199.994 63.4383 -13 -2 1 0 1 0.0770986 -0.0766161 -1.99575 0 0 0 
-11.7629 13.8629 16800.5 0.898362 -1.38223 199.994 63.4383 -13 -2 1 0 1 0.0770988 -0.0766164 -1.99574 0 0 0 
-10.6538 13.8742 16900.5 3.53172 1.46583 199.964 63.8155 -13 -2 1 0 1 0.0814392 -0.0950032 -0.701871 0 0 0 
-8.15552 15.2168 17000.5 6.61335 3.63976 199.858 64.1928 -13 -2 1 0 1 0.0640654 -0.106709 0.705725 0 0 0 
-3.88083 17.0891 17100.3 10.5709 3.27246 199.694 64.57 -13 -2 1 0 1 0.0314171 -0.102337 1.9959 0 0 0 
2.28545 17.8326 17200.1 13.6789 -0.925952 199.53 64.9473 -13 -2 1 0 1 0.00318979 -0.0654516 2.92856 0 0 0 
9.11323 15.7819 17299.9 12.7947 -7.28362 199.458 65.3245 -13 -2 1 0 1 0.0115475 -0.00670946 3.27382 0 0 0 
14.3647 10.9581 17399.6 7.79054 -11.2856 199.53 65.7018 -13 -2 1 0 1 0.0584643 0.0301349 2.92908 0 0 0 
16.884 5.28204 17499.4 2.61602 -10.7388 199.695 66.079 -13 -2 1 0 1 0.105189 0.0245146 1.99653 0 0 0 
17.4799 0.668595 17599.3 0.307634 -7.49089 199.86 66.4563 -13 -2 1 0 1 0.126072 -0.00129178 0.70577 0 0 0 
17.6359 -2.12581 17699.3 0.617334 -3.67858 199.966 66.8335 -13 -2 1 0 1 0.125135 -0.0219214 -0.699574 0 0 0 
18.2258 -3.01482 17799.3 1.69707 0.109032 199.993 67.2108 -13 -2 1 0 1 0.107012 -0.027105 -1.99816 0 0 0 
19.141 -2.08359 17899.3 1.67034 3.44873 199.964 67.588 -13 -2 1 0 1 0.0653521 -0.019278 -2.93867 0 0 0 
19.6128 0.120105 17999.2 0.0309208 4.91697 199.94 67.9653 -13 -2 1 0 1 0.000624018 -0.0133622 -3.29097 0 0 0 
19.1705 2.33999 18099.2 -1.61608 3.51022 199.963 68.3425 -13 -2 1 0 1 -0.0643816 -0.0200533 -2.95052 0 0 0 
18.2816 3.31197 18199.2 -1.64125 0.205918 199.994 68.7198 -13 -2 1 0 1 -0.10666 -0.0287597 -2.0193 0 0 0 
17.7289 2.47521 18299.2 -0.514669 -3.57002 199.968 69.097 -13 -2 1 0 1 -0.125417 -0.0243371 -0.729308 0 0 0 
17.6482 -0.268317 18399.2 -0.100279 -7.40485 199.863 69.4743 -13 -2 1 0 1 -0.127147 -0.00408518 0.674039 0 0 0 
17.1881 -4.86077 18499 -2.28295 -10.76 199.698 69.8515 -13 -2 1 0 1 -0.107134 0.0221499 1.96932 0 0 0 
14.8527 -10.5986 18598.9 -7.41287 -11.5264 199.53 70.2288 -13 -2 1 0 1 -0.0605407 0.0292741 2.90684 0 0 0 
9.7629 -15.6023 18698.6 -12.5583 -7.74595 199.455 70.606 -13 -2 1 0 1 -0.0119077 -0.00611677 3.25851 0 0 0 
2.99135 -17.9054 18798.3 -13.6907 -1.4364 199.526 70.9833 -13 -2 1 0 1 -0.000913145 -0.0652111 2.92067 0 0 0 
-3.2264 -17.3908 18898.1 -10.7373 2.88371 199.691 71.3605 -13 -2 1 0 1 -0.0276171 -0.103994 1.99218 0 0 0 
-7.58798 -15.6743 18998 -6.77038 3.39952 199.857 71.7378 -13 -2 1 0 1 -0.0602078 -0.110133 0.701705 0 0 0 
-10.1387 -14.4233 19098 -3.57322 1.33353 199.964 72.115 -13 -2 1 0 1 -0.0781325 -0.0993269 -0.707023 0 0 0 
-11.2315 -14.4553 19198 -0.791903 -1.42048 199.994 72.4923 -13 -2 1 0 1 -0.0745465 -0.0808881 -2.0125 0 0 0 
-10.8982 -15.6494 19298 2.12099 -3.0244 199.966 72.8695 -13 -2 1 0 1 -0.0483959 -0.0484602 -2.96408 0 0 0 
-9.24448 -17.0841 19397.9 4.19666 -2.33539 199.943 73.2468 -13 -2 1 0 1 -0.0125277 0.00472727 -3.33038 0 0 0 
-7.12742 -17.7434 19497.9 3.79062 -0.241021 199.964 73.624 -13 -2 1 0 1 0.0128748 0.0642218 -3.00603 0 0 0 
-5.86821 -17.418 19597.9 0.952563 1.36458 199.993 74.0013 -13 -2 1 0 1 0.0257201 0.105019 -2.09004 0 0 0 
-6.33239 -16.5225 19697.9 -2.85027 2.17117 199.968 74.3785 -13 -2 1 0 1 0.0385704 0.119072 -0.813967 0 0 0 
-8.67193 -15.1479 19797.9 -6.37378 3.57084 199.867 74.7558 -13 -2 1 0 1 0.0568533 0.110955 0.575941 0 0 0 
-12.448 -12.6118 19897.8 -8.31434 6.94091 199.707 75.1331 -13 -2 1 0 1 0.0698868 0.0815244 1.85718 0 0 0 
-16.3975 -7.96227 19997.6 -6.76957 11.667 199.545 75.5103 -13 -2 1 0 1 0.0536836 0.0383055 2.77945 0 0 0 
-18.5552 -1.27339 20097.3 -1.4116 14.4429 199.473 75.8876 -13 -2 1 0 1 -0.00128744 0.0130838 3.11158 0 0 0 
-17.7511 5.70705 20197.1 4.27784 12.7628 199.547 76.2648 -13 -2 1 0 1 -0.0613541 0.0320299 2.74648 0 0 0 
-14.8949 11.0477 20296.9 6.41666 8.47963 199.718 76.6421 -13 -2 1 0 1 -0.0882045 0.076006 1.77632 0 0 0 
-11.9846 14.3112 20396.8 4.72143 4.83545 199.886 77.0193 -13 -2 1 0 1 -0.084751 0.111542 0.424349 0 0 0 
-10.5134 16.1201 20496.8 0.971003 2.53453 199.982 77.3966 -13 -2 1 0 1 -0.0736898 0.126235 -1.07168 0 0 0 
-11.0645 16.8204 20596.7 -3.06546 0.0886033 199.977 77.7738 -13 -2 1 0 1 -0.0648732 0.116041 -2.49937 0 0 0 
-13.2609 15.9634 20696.7 -5.18075 -3.72424 199.899 78.1511 -13 -2 1 0 1 -0.0487919 0.0774604 -3.62162 0 0 0 
-15.5573 13.1042 20796.6 -3.2904 -7.40663 199.836 78.5283 -13 -2 1 0 1 -0.0119346 0.0262019 -4.2241 0 0 0 
-16.038 9.14167 20896.6 1.56432 -7.69737 199.846 78.9056 -13 -2 1 0 1 0.0320044 -0.00658499 -4.22639 0 0 0 
-14.1369 6.0787 20996.5 5.64124 -4.08571 199.879 79.2828 -13 -2 1 0 1 0.0523308 -0.0149677 -3.75321 0 0 0 
-10.8678 5.25429 21096.4 6.9991 0.749003 199.877 79.6601 -13 -2 1 0 1 0.0447094 -0.0166929 -3.05301 0 0 0 
-7.45538 6.65096 21196.4 6.45965 4.59211 199.843 80.0373 -13 -2 1 0 1 0.0273294 -0.0206718 -2.34876 0 0 0 
-5.77312 8.24347 21252.2 5.85956 6.08246 199.822 80.248 -13 -2 1 0 1 0.0187778 -0.0233837 -1.99724 0 0 0 

# Event -1 Track 1
-11.2945 14.0917 0 0.731734 -1.1308 199.995 0 -13 -1 1 0 1 0.0742805 -0.077764 -1.99264 0 0 0 
-11.2894 14.0922 0.4995 0.745064 -1.11857 199.995 0.0018845 -13 -1 1 0 1 0.0743397 -0.0779011 -1.98685 0 0 0 
-11.2894 14.0922 0.5005 0.74509 -1.11855 199.995 0.00188827 -13 -1 1 0 1 0.0743398 -0.0779014 -1.98684 0 0 0 
-10.2582 14.2044 100.494 3.38985 1.61026 199.965 0.379139 -13 -1 1 0 1 0.0786944 -0.0972665 -0.68994 0 0 0 
-7.81271 15.5962 200.453 6.5496 3.69735 199.859 0.75639 -13 -1 1 0 1 0.0617021 -0.109334 0.714409 0 0 0 
-3.54818 17.4794 300.342 10.5904 3.25723 199.693 1.13364 -13 -1 1 0 1 0.0295046 -0.104594 2.00492 0 0 0 
2.63936 18.1951 400.145 13.7319 -1.02215 199.525 1.51089 -13 -1 1 0 1 0.00200025 -0.0666771 2.93799 0 0 0 
9.48464 16.0801 499.883 12.7984 -7.43489 199.452 1.88814 -13 -1 1 0 1 0.01153 -0.00671701 3.28365 0 0 0 
14.7141 11.1828 599.622 7.69708 -11.4143 199.526 2.26539 -13 -1 1 0 1 0.0596063 0.0308897 2.93927 0 0 0 
17.1653 5.46238 699.425 2.44283 -10.7819 199.694 2.64264 -13 -1 1 0 1 0.106774 0.0255688 2.00707 0 0 0 
17.6612 0.849446 799.315 0.0836524 -7.45178 199.861 3.0199 -13 -1 1 0 1 0.12728 -1.40019e-05 0.716756 0 0 0 
17.6935 -1.91622 899.276 0.344459 -3.6158 199.967 3.39715 -13 -1 1 0 1 0.125494 -0.0204371 -0.691462 0 0 0 
18.133 -2.78658 999.269 1.37101 0.10414 199.995 3.7744 -13 -1 1 0 1 0.106435 -0.0257538 -1.98635 0 0 0 
18.8818 -1.89365 1099.26 1.34674 3.29089 199.968 4.15165 -13 -1 1 0 1 0.0644219 -0.0186063 -2.92628 0 0 0 
19.2156 0.190786 1199.24 -0.179642 4.6091 199.947 4.5289 -13 -1 1 0 1 0.00054793 -0.0133354 -3.27788 0 0 0 
18.7102 2.2415 1299.22 -1.6601 3.16414 199.968 4.90615 -13 -1 1 0 1 -0.0629184 -0.0197066 -2.93671 0 0 0 
17.8283 3.05511 1399.21 -1.58771 -0.07024 199.994 5.2834 -13 -1 1 0 1 -0.104126 -0.0272642 -2.00473 0 0 0 
17.3025 2.10456 1499.2 -0.478573 -3.75003 199.964 5.66065 -13 -1 1 0 1 -0.122555 -0.0217518 -0.713896 0 0 0 
17.217 -0.706981 1599.16 -0.164775 -7.49665 199.859 6.0379 -13 -1 1 0 1 -0.124281 -0.00101236 0.693932 0 0 0 
16.694 -5.31894 1699.05 -2.467 -10.7378 199.696 6.41515 -13 -1 1 0 1 -0.10443 0.0248765 1.98752 0 0 0 
14.2477 -11.0054 1798.85 -7.65454 -11.3356 199.532 6.7924 -13 -1 1 0 1 -0.0586498 0.0307928 2.92694 0 0 0 
9.05019 -15.87 1898.6 -12.7238 -7.39128 199.458 7.16965 -13 -1 1 0 1 -0.0120013 -0.00588593 3.28086 0 0 0 
2.23685 -17.9775 1998.34 -13.6872 -1.03363 199.528 7.54691 -13 -1 1 0 1 -0.00346729 -0.0651679 2.94561 0 0 0 
-3.94241 -17.278 2098.14 -10.6022 3.20517 199.693 7.92416 -13 -1 1 0 1 -0.0317006 -0.103027 2.0201 0 0 0 
-8.22556 -15.4315 2198.03 -6.6091 3.59892 199.858 8.30141 -13 -1 1 0 1 -0.0645013 -0.108114 0.733063 0 0 0 
-10.7073 -14.1073 2297.99 -3.46809 1.43237 199.965 8.67866 -13 -1 1 0 1 -0.0818955 -0.0967784 -0.675067 0 0 0 
-11.7691 -14.1097 2397.98 -0.77421 -1.39983 199.994 9.05591 -13 -1 1 0 1 -0.077423 -0.0784591 -1.97592 0 0 0 
-11.4461 -15.3134 2497.97 2.06965 -3.08447 199.966 9.43316 -13 -1 1 0 1 -0.0499778 -0.0467765 -2.92196 0 0 0 
-9.82296 -16.7976 2597.95 4.13749 -2.46824 199.942 9.81041 -13 -1 1 0 1 -0.0122754 0.00543845 -3.28161 0 0 0 
-7.72478 -17.5302 2697.92 3.7795 -0.387542 199.964 10.1877 -13 -1 1 0 1 0.0151102 0.064378 -2.94923 0 0 0 
-6.45803 -17.2633 2797.91 0.989313 1.29058 199.993 10.5649 -13 -1 1 0 1 0.0293686 0.105155 -2.02347 0 0 0 
-6.89835 -16.372 2897.91 -2.79488 2.23797 199.968 10.9422 -13 -1 1 0 1 0.0428432 0.119223 -0.73542 0 0 0 
-9.2033 -14.9176 2997.87 -6.27916 3.83054 199.865 11.3194 -13 -1 1 0 1 0.0611884 0.11073 0.672766 0 0 0 
-12.8965 -12.1984 3097.76 -8.04366 7.40844 199.701 11.6967 -13 -1 1 0 1 0.0737085 0.0805627 1.97266 0 0 0 
-16.618 -7.28605 3197.57 -6.08958 12.209 199.534 12.0739 -13 -1 1 0 1 0.0565117 0.0371819 2.91837 0 0 0 
-18.302 -0.377439 3297.31 -0.200458 14.7123 199.458 12.4512 -13 -1 1 0 1 0.00173462 0.0133758 3.28038 0 0 0 
-16.7916 6.59898 3397.05 5.84312 12.4519 199.527 12.8284 -13 -1 1 0 1 -0.0544034 0.0338589 2.95399 0 0 0 
-13.1199 11.6458 3496.85 8.09017 7.664 199.689 13.2057 -13 -1 1 0 1 -0.073822 0.0763945 2.03491 0 0 0 
-9.34449 14.4626 3596.74 6.54234 3.96034 199.854 13.5829 -13 -1 1 0 1 -0.0619704 0.107218 0.751003 0 0 0 
-6.87397 15.9593 3696.7 3.1821 2.29861 199.962 13.9602 -13 -1 1 0 1 -0.0430102 0.116867 -0.657099 0 0 0 
-6.22429 16.8949 3796.69 -0.556177 1.43329 199.994 14.3374 -13 -1 1 0 1 -0.0287688 0.104599 -1.96077 0 0 0 
-7.29271 17.2773 3896.68 -3.45092 -0.0652389 199.97 14.7147 -13 -1 1 0 1 -0.0149914 0.0663391 -2.913 0 0 0 
-9.28909 16.735 3996.66 -4.07533 -2.06252 199.948 15.0919 -13 -1 1 0 1 0.0104427 0.00866939 -3.28084 0 0 0 
-10.9487 15.4301 4096.64 -2.25659 -2.80256 199.968 15.4692 -13 -1 1 0 1 0.0465686 -0.0445716 -2.95749 0 0 0 
-11.3942 14.3166 4196.63 0.497084 -1.31676 199.995 15.8464 -13 -1 1 0 1 0.0742672 -0.0781857 -2.03827 0 0 0 
-11.3584 14.3168 4200.5 0.603202 -1.22378 199.995 15.861 -13 -1 1 0 1 0.0747617 -0.0792488 -1.99351 0 0 0 
-11.3584 14.3168 4200.5 0.603229 -1.22376 199.995 15.861 -13 -1 1 0 1 0.0747618 -0.0792491 -1.9935 0 0 0 
-10.3816 14.374 4300.49 3.30973 1.5037 199.967 16.2383 -13 -1 1 0 1 0.0795683 -0.0984867 -0.696119 0 0 0 
-7.96742 15.72 4400.45 6.49955 3.6244 199.862 16.6155 -13 -1 1 0 1 0.0627758 -0.11022 0.711964 0 0 0 
-3.72481 17.5775 4500.35 10.5512 3.22816 199.695 16.9928 -13 -1 1 0 1 0.0305211 -0.105187 2.00271 0 0 0 
2.44559 18.2897 4600.15 13.704 -1.00887 199.527 17.37 -13 -1 1 0 1 0.00264182 -0.067017 2.93593 0 0 0 
9.28172 16.1882 4699.89 12.7904 -7.39899 199.453 17.7473 -13 -1 1 0 1 0.0115191 -0.00673519 3.28168 0 0 0 
14.5113 11.308 4799.63 7.70261 -11.3862 199.527 18.1245 -13 -1 1 0 1 0.0589127 0.0312947 2.93736 0 0 0 
16.964 5.59506 4899.43 2.43969 -10.7823 199.694 18.5018 -13 -1 1 0 1 0.105595 0.0263232 2.00525 0 0 0 
17.4524 0.972958 4999.32 0.0550253 -7.48918 199.86 18.879 -13 -1 1 0 1 0.125814 0.000833813 0.715072 0 0 0 
17.4644 -1.82258 5099.28 0.294837 -3.7 199.966 19.2563 -13 -1 1 0 1 0.123885 -0.0197931 -0.692973 0 0 0 
17.8801 -2.7491 5199.27 1.33299 -0.0367331 199.996 19.6335 -13 -1 1 0 1 0.104936 -0.0255352 -1.99081 0 0 0 
18.6231 -1.93822 5299.27 1.36933 3.11003 199.971 20.0108 -13 -1 1 0 1 0.0635138 -0.0187567 -2.9304 0 0 0 
18.9898 0.0573252 5399.25 -0.0713561 4.44608 199.951 20.388 -13 -1 1 0 1 0.000511901 -0.0133414 -3.28174 0 0 0 
18.5535 2.04354 5499.23 -1.50158 3.07451 199.971 20.7653 -13 -1 1 0 1 -0.0624215 -0.0190508 -2.94036 0 0 0 
17.7504 2.83192 5599.22 -1.44001 -0.0862216 199.995 21.1425 -13 -1 1 0 1 -0.103698 -0.025982 -2.00821 0 0 0 
17.2883 1.88378 5699.21 -0.37341 -3.73172 199.965 21.5198 -13 -1 1 0 1 -0.122476 -0.0202258 -0.717207 0 0 0 
17.2444 -0.917895 5799.17 -0.102312 -7.47985 199.86 21.897 -13 -1 1 0 1 -0.124489 0.000449785 0.690796 0 0 0 
16.7428 -5.52527 5899.06 -2.44317 -10.7367 199.697 22.2743 -13 -1 1 0 1 -0.104712 0.0260723 1.9877 0 0 0 
14.3001 -11.2141 5998.87 -7.66202 -11.344 199.531 22.6515 -13 -1 1 0 1 -0.0588251 0.0314989 2.92713 0 0 0 
9.0943 -16.0821 6098.61 -12.7457 -7.39401 199.457 23.0288 -13 -1 1 0 1 -0.0120004 -0.00588145 3.28103 0 0 0 
2.27194 -18.1881 6198.35 -13.697 -1.02554 199.528 23.406 -13 -1 1 0 1 -0.00335009 -0.0658731 2.94569 0 0 0 
-3.90455 -17.4834 6298.15 -10.579 3.21647 199.694 23.7833 -13 -1 1 0 1 -0.0314842 -0.104214 2.02006 0 0 0 
-8.1659 -15.6314 6398.04 -6.54443 3.61072 199.86 24.1605 -13 -1 1 0 1 -0.0640898 -0.1095 0.732927 0 0 0 
-10.6048 -14.2981 6498 -3.36236 1.46108 199.967 24.5378 -13 -1 1 0 1 -0.081184 -0.0981039 -0.675246 0 0 0 
-11.6064 -14.2752 6597.99 -0.644462 -1.32109 199.995 24.915 -13 -1 1 0 1 -0.0764749 -0.0794186 -1.97608 0 0 0 
-11.2219 -15.4214 6697.99 2.1757 -2.93285 199.967 25.2923 -13 -1 1 0 1 -0.0492061 -0.0471392 -2.92202 0 0 0 
-9.56421 -16.816 6797.96 4.16257 -2.27125 199.944 25.6696 -13 -1 1 0 1 -0.0122516 0.00544546 -3.28152 0 0 0 
-7.47691 -17.453 6897.94 3.71559 -0.213177 199.966 26.0468 -13 -1 1 0 1 0.0142959 0.0641292 -2.94901 0 0 0 
-6.25439 -17.1145 6997.93 0.886773 1.40059 199.993 26.4241 -13 -1 1 0 1 0.0281995 0.1043 -2.02321 0 0 0 
-6.74382 -16.183 7097.92 -2.8819 2.29288 199.966 26.8013 -13 -1 1 0 1 0.0417729 0.117913 -0.735184 0 0 0 
-9.0824 -14.7095 7197.88 -6.32459 3.85586 199.863 27.1786 -13 -1 1 0 1 0.0603461 0.10928 0.672928 0 0 0 
-12.787 -11.9822 7297.77 -8.04457 7.41554 199.701 27.5558 -13 -1 1 0 1 0.0730649 0.0792992 1.97272 0 0 0 
-16.5006 -7.0716 7397.58 -6.0613 12.1938 199.536 27.9331 -13 -1 1 0 1 0.0560994 0.0364418 2.91833 0 0 0 
-18.1694 -0.176351 7497.33 -0.173592 14.6758 199.461 28.3103 -13 -1 1 0 1 0.00171262 0.0133564 3.28028 0 0 0 
-16.6519 6.78056 7597.07 5.84195 12.4151 199.529 28.6876 -13 -1 1 0 1 -0.0539533 0.0344552 2.95385 0 0 0 
-12.9894 11.8145 7696.87 8.05468 7.65256 199.691 29.0648 -13 -1 1 0 1 -0.0730786 0.0773635 2.03472 0 0 0 
-9.23974 14.6341 7796.76 6.47475 3.98223 199.856 29.4421 -13 -1 1 0 1 -0.0612476 0.108406 0.750771 0 0 0 
-6.81208 16.1473 7896.72 3.07657 2.33845 199.963 29.8193 -13 -1 1 0 1 -0.04258 0.118174 -0.65737 0 0 0 
-6.22642 17.0999 7996.71 -0.706601 1.45332 199.994 30.1966 -13 -1 1 0 1 -0.02878 0.105793 -1.96106 0 0 0 
-7.37795 17.4772 8096.7 -3.62587 -0.112822 199.967 30.5738 -13 -1 1 0 1 -0.0152831 0.0670242 -2.91327 0 0 0 
-9.45623 16.8895 8196.68 -4.21708 -2.19372 199.944 30.9511 -13 -1 1 0 1 0.0104284 0.00867857 -3.28102 0 0 0 
-11.1677 15.5064 8296.65 -2.31871 -2.97335 199.965 31.3283 -13 -1 1 0 1 0.0472878 -0.0448286 -2.95753 0 0 0 
-11.6257 14.3108 8396.64 0.5021 -1.46633 199.994 31.7056 -13 -1 1 0 1 0.075596 -0.0781578 -2.03818 0 0 0 
-11.5897 14.3086 8400.5 0.609568 -1.37204 199.995 31.7201 -13 -1 1 0 1 0.0761024 -0.0792029 -1.99357 0 0 0 
-11.5897 14.3086 8400.5 0.609596 -1.37202 199.995 31.7201 -13 -1 1 0 1 0.0761026 -0.0792032 -1.99355 0 0 0 
-10.6032 14.3033 8500.49 3.33426 1.40317 199.967 32.0974 -13 -1 1 0 1 0.0811061 -0.0979971 -0.696127 0 0 0 
-8.18038 15.6108 8600.45 6.50548 3.56978 199.862 32.4746 -13 -1 1 0 1 0.0642519 -0.109463 0.711967 0 0 0 
-3.94223 17.4518 8700.35 10.528 3.21722 199.697 32.8519 -13 -1 1 0 1 0.0317764 -0.10446 2.00268 0 0 0 
2.21223 18.1696 8800.15 13.6681 -0.976251 199.53 33.2291 -13 -1 1 0 1 0.00342505 -0.0666112 2.93584 0 0 0 
9.03355 16.0923 8899.89 12.7717 -7.33978 199.457 33.6064 -13 -1 1 0 1 0.0115208 -0.00673298 3.28152 0 0 0 
14.2617 11.2407 8999.63 7.71522 -11.338 199.529 33.9836 -13 -1 1 0 1 0.0580759 0.0310688 2.93717 0 0 0 
16.7264 5.54197 9099.44 2.47192 -10.7769 199.694 34.3609 -13 -1 1 0 1 0.10422 0.0260158 2.00509 0 0 0 
17.2329 0.90963 9199.33 0.0949183 -7.53542 199.858 34.7381 -13 -1 1 0 1 0.12429 0.000394533 0.714983 0 0 0 
17.2682 -1.92059 9299.28 0.35205 -3.79004 199.964 35.1154 -13 -1 1 0 1 0.122521 -0.020473 -0.692996 0 0 0 
17.7226 -2.89831 9399.28 1.43508 -0.145175 199.995 35.4926 -13 -1 1 0 1 0.10402 -0.0263992 -1.99078 0 0 0 
18.5318 -2.13613 9499.27 1.53185 3.03369 199.971 35.8699 -13 -1 1 0 1 0.0632029 -0.0194257 -2.93037 0 0 0 
18.9893 -0.159394 9599.25 0.119547 4.45262 199.951 36.2471 -13 -1 1 0 1 0.000510122 -0.0133472 -3.28174 0 0 0 
18.6424 1.85198 9699.23 -1.34459 3.16286 199.971 36.6244 -13 -1 1 0 1 -0.0627203 -0.018412 -2.94039 0 0 0 
17.9019 2.6946 9799.22 -1.34635 0.0325271 199.996 37.0016 -13 -1 1 0 1 -0.104576 -0.0251904 -2.00824 0 0 0 
17.4742 1.80273 9899.21 -0.324167 -3.63123 199.967 37.3789 -13 -1 1 0 1 -0.123768 -0.0196643 -0.717186 0 0 0 
17.4506 -0.958456 9999.17 -0.0664234 -7.42058 199.862 37.7561 -13 -1 1 0 1 -0.125923 0.000731632 0.690881 0 0 0 
16.9669 -5.54832 10099.1 -2.40695 -10.7265 199.698 38.1334 -13 -1 1 0 1 -0.106014 0.0262069 1.98784 0 0 0 
14.5408 -11.2439 10198.9 -7.63503 -11.3786 199.53 38.5106 -13 -1 1 0 1 -0.0596422 0.0315997 2.9273 0 0 0 
9.34265 -16.1356 10298.6 -12.7434 -7.44847 199.455 38.8879 -13 -1 1 0 1 -0.0120115 -0.00588143 3.28116 0 0 0 
2.51573 -18.266 10398.4 -13.7145 -1.06319 199.527 39.2651 -13 -1 1 0 1 -0.00254276 -0.0661345 2.94574 0 0 0 
-3.66948 -17.5707 10498.2 -10.5923 3.21858 199.694 39.6424 -13 -1 1 0 1 -0.0301331 -0.104718 2.02004 0 0 0 
-7.93255 -15.7062 10598 -6.53724 3.65883 199.86 40.0196 -13 -1 1 0 1 -0.0624744 -0.110018 0.73288 0 0 0 
-10.364 -14.3366 10698 -3.34344 1.55914 199.966 40.3969 -13 -1 1 0 1 -0.0795105 -0.0983697 -0.675273 0 0 0 
-11.3602 -14.2519 10798 -0.64929 -1.17366 199.996 40.7741 -13 -1 1 0 1 -0.07504 -0.07928 -1.97605 0 0 0 
-10.9938 -15.3174 10898 2.10181 -2.76561 199.97 41.1514 -13 -1 1 0 1 -0.0484224 -0.046779 -2.92189 0 0 0 
-9.3936 -16.6364 10998 4.01009 -2.14747 199.948 41.5286 -13 -1 1 0 1 -0.012237 0.00546191 -3.28133 0 0 0 
-7.39256 -17.2329 11097.9 3.5345 -0.177041 199.969 41.9059 -13 -1 1 0 1 0.0140186 0.0634043 -2.94879 0 0 0 
-6.25463 -16.8955 11197.9 0.736586 1.36709 199.994 42.2831 -13 -1 1 0 1 0.0282008 0.103041 -2.02302 0 0 0 
-6.80661 -15.9879 11297.9 -2.98228 2.23902 199.965 42.6604 -13 -1 1 0 1 0.042207 0.116561 -0.735039 0 0 0 
-9.18501 -14.5381 11397.9 -6.38592 3.81877 199.862 43.0376 -13 -1 1 0 1 0.0610577 0.108089 0.673034 0 0 0 
-12.9129 -11.8217 11497.8 -8.07763 7.40981 199.7 43.4149 -13 -1 1 0 1 0.0737962 0.0783637 1.97281 0 0 0 
-16.6365 -6.90693 11597.6 -6.06792 12.2138 199.535 43.7921 -13 -1 1 0 1 0.056563 0.0358756 2.91842 0 0 0 
-18.3028 0.000521281 11697.3 -0.159285 14.7006 199.459 44.1694 -13 -1 1 0 1 0.0017211 0.0133398 3.28039 0 0 0 
-16.777 6.96678 11797.1 5.85642 12.4257 199.528 44.5466 -13 -1 1 0 1 -0.0543677 0.0350665 2.95393 0 0 0 
-13.1126 12.0012 11896.9 8.04397 7.64426 199.692 44.9239 -13 -1 1 0 1 -0.0737888 0.0784364 2.03474 0 0 0 
-9.37784 14.8121 11996.8 6.42529 3.95461 199.858 45.3012 -13 -1 1 0 1 -0.0622048 0.10964 0.750708 0 0 0 
-6.9843 16.3042 12096.7 2.99169 2.27832 199.965 45.6784 -13 -1 1 0 1 -0.0437782 0.119267 -0.657503 0 0 0 
-6.44503 17.2135 12196.7 -0.800363 1.3367 199.994 46.0557 -13 -1 1 0 1 -0.0300564 0.106458 -1.96123 0 0 0 
-7.63487 17.5163 12296.7 -3.67526 -0.291317 199.966 46.4329 -13 -1 1 0 1 -0.0161707 0.0671572 -2.91342 0 0 0 
-9.71608 16.8323 12396.7 -4.17555 -2.38898 199.942 46.8102 -13 -1 1 0 1 0.0104004 0.00866738 -3.28109 0 0 0 
-11.3854 15.3621 12496.7 -2.19959 -3.11737 199.964 47.1874 -13 -1 1 0 1 0.0479996 -0.0443618 -2.95749 0 0 0 
-11.777 14.1137 12596.6 0.63808 -1.53485 199.993 47.5647 -13 -1 1 0 1 0.0764622 -0.0770306 -2.03808 0 0 0 
-11.7387 14.1107 12600.5 0.744846 -1.43814 199.994 47.5792 -13 -1 1 0 1 0.0769643 -0.0780561 -1.99353 0 0 0 
-11.7387 14.1107 12600.5 0.744874 -1.43811 199.994 47.5792 -13 -1 1 0 1 0.0769644 -0.0780564 -1.99352 0 0 0 
-10.6913 14.0859 12700.5 3.43753 1.38499 199.966 47.9564 -13 -1 1 0 1 0.0817164 -0.0964871 -0.696114 0 0 0 
-8.22831 15.389 12800.5 6.56255 3.56621 199.861 48.3337 -13 -1 1 0 1 0.0645829 -0.107923 0.71193 0 0 0 
-3.97285 17.2285 12900.3 10.5413 3.21456 199.696 48.7109 -13 -1 1 0 1 0.0319526 -0.103167 2.00258 0 0 0 
2.17962 17.9462 13000.1 13.65 -0.972577 199.532 49.0882 -13 -1 1 0 1 0.00353454 -0.0658593 2.93568 0 0 0 
8.98903 15.874 13099.9 12.7472 -7.32256 199.459 49.4654 -13 -1 1 0 1 0.0115204 -0.00673255 3.28136 0 0 0 
14.2092 11.033 13199.6 7.71183 -11.3156 199.531 49.8427 -13 -1 1 0 1 0.0578984 0.0303721 2.93706 0 0 0 
16.6808 5.34318 13299.4 2.50374 -10.7662 199.695 50.2199 -13 -1 1 0 1 0.103955 0.0248678 2.00505 0 0 0 
17.2128 0.711808 13399.3 0.165635 -7.54128 199.858 50.5972 -13 -1 1 0 1 0.12415 -0.000976402 0.714978 0 0 0 
17.2939 -2.12234 13499.3 0.464809 -3.79508 199.964 50.9744 -13 -1 1 0 1 0.1227 -0.0218729 -0.692999 0 0 0 
17.8144 -3.09477 13599.3 1.584 -0.111649 199.994 51.3517 -13 -1 1 0 1 0.104554 -0.0275379 -1.99083 0 0 0 
18.7002 -2.29794 13699.3 1.67973 3.14252 199.969 51.7289 -13 -1 1 0 1 0.0637756 -0.0199734 -2.93049 0 0 0 
19.2184 -0.248243 13799.2 0.205201 4.62891 199.947 52.1062 -13 -1 1 0 1 0.000518474 -0.0133499 -3.28193 0 0 0 
18.8917 1.85596 13899.2 -1.34858 3.34615 199.968 52.4835 -13 -1 1 0 1 -0.0635523 -0.0184256 -2.9406 0 0 0 
18.1332 2.77983 13999.2 -1.40521 0.169061 199.995 52.8607 -13 -1 1 0 1 -0.105912 -0.0256825 -2.00841 0 0 0 
17.6738 1.9421 14099.2 -0.383979 -3.54948 199.968 53.238 -13 -1 1 0 1 -0.125154 -0.0206303 -0.717294 0 0 0 
17.6275 -0.788843 14199.2 -0.0941088 -7.37896 199.864 53.6152 -13 -1 1 0 1 -0.127153 -0.00044504 0.69083 0 0 0 
17.14 -5.3661 14299.1 -2.39569 -10.7177 199.699 53.9925 -13 -1 1 0 1 -0.10702 0.0251515 1.98783 0 0 0 
14.7262 -11.0658 14398.9 -7.60179 -11.4043 199.53 54.3697 -13 -1 1 0 1 -0.0602737 0.0309973 2.9273 0 0 0 
9.54349 -15.9775 14498.6 -12.7202 -7.49896 199.454 54.747 -13 -1 1 0 1 -0.0120229 -0.00588656 3.28113 0 0 0 
2.72076 -18.1332 14598.3 -13.7223 -1.10765 199.526 55.1242 -13 -1 1 0 1 -0.00186474 -0.0656908 2.94571 0 0 0 
-3.4759 -17.4519 14698.1 -10.6285 3.21015 199.692 55.5015 -13 -1 1 0 1 -0.0290195 -0.104031 2.02004 0 0 0 
-7.76241 -15.5804 14798 -6.59461 3.69513 199.857 55.8787 -13 -1 1 0 1 -0.0612952 -0.109144 0.73295 0 0 0 
-10.2292 -14.1837 14898 -3.43028 1.62771 199.964 56.256 -13 -1 1 0 1 -0.078573 -0.0973054 -0.675139 0 0 0 
-11.2801 -14.0631 14998 -0.783755 -1.10642 199.996 56.6332 -13 -1 1 0 1 -0.0745735 -0.0781812 -1.97587 0 0 0 
-10.9931 -15.106 15098 1.92264 -2.75176 199.972 57.0105 -13 -1 1 0 1 -0.0484213 -0.046058 -2.92172 0 0 0 
-9.48448 -16.4399 15198 3.8341 -2.22204 199.951 57.3877 -13 -1 1 0 1 -0.0122456 0.00547212 -3.28122 0 0 0 
-7.55792 -17.0919 15297.9 3.41918 -0.315649 199.971 57.765 -13 -1 1 0 1 0.0145622 0.0629358 -2.94879 0 0 0 
-6.45947 -16.8273 15397.9 0.690479 1.22404 199.995 58.1422 -13 -1 1 0 1 0.029377 0.102648 -2.02308 0 0 0 
-7.02427 -15.9833 15497.9 -2.99461 2.13111 199.967 58.5195 -13 -1 1 0 1 0.0437139 0.11653 -0.735111 0 0 0 
-9.40859 -14.5766 15597.9 -6.40206 3.75489 199.863 58.8967 -13 -1 1 0 1 0.0626076 0.108343 0.669546 0 0 0 
-13.1494 -11.8807 15697.8 -8.11362 7.39184 199.699 59.274 -13 -1 1 0 1 0.075168 0.0786973 1.96922 0 0 0 
-16.8945 -6.96311 15797.6 -6.11478 12.2426 199.532 59.6512 -13 -1 1 0 1 0.0574417 0.0360616 2.91474 0 0 0 
-18.5821 -0.0321198 15897.3 -0.194048 14.7617 199.455 60.0285 -13 -1 1 0 1 0.00173633 0.0133407 3.27657 0 0 0 
-17.0679 6.96588 15997.1 5.84418 12.4853 199.525 60.4057 -13 -1 1 0 1 -0.0553338 0.035069 2.94991 0 0 0 
-13.4066 12.0227 16096.9 8.04084 7.67007 199.691 60.783 -13 -1 1 0 1 -0.0754853 0.0785728 2.03045 0 0 0 
-9.67489 14.8342 16196.8 6.41443 3.92944 199.859 61.1602 -13 -1 1 0 1 -0.0642682 0.109812 0.746109 0 0 0 
-7.28817 16.2985 16296.7 2.97835 2.19116 199.966 61.5375 -13 -1 1 0 1 -0.0458908 0.119232 -0.658975 0 0 0 
-6.74993 17.1488 16396.7 -0.783586 1.19032 199.995 61.9147 -13 -1 1 0 1 -0.0318369 0.106086 -1.96286 0 0 0 
-7.9142 17.3702 16496.7 -3.58369 -0.460656 199.968 62.292 -13 -1 1 0 1 -0.0171384 0.066659 -2.91519 0 0 0 
-9.92816 16.6106 16596.7 -4.0029 -2.50982 199.945 62.6692 -13 -1 1 0 1 0.0103719 0.00864885 -3.28298 0 0 0 
-11.5019 15.1035 16696.7 -2.00295 -3.14126 199.966 63.0465 -13 -1 1 0 1 0.0483737 -0.0435118 -2.95955 0 0 0 
-11.8036 13.8645 16796.6 0.793694 -1.48109 199.993 63.4237 -13 -1 1 0 1 0.076608 -0.0755981 -2.04036 0 0 0 
-11.7629 13.8629 16800.5 0.898335 -1.38226 199.994 63.4383 -13 -1 1 0 1 0.0770986 -0.0766161 -1.99575 0 0 0 
-11.7629 13.8629 16800.5 0.898362 -1.38223 199.994 63.4383 -13 -1 1 0 1 0.0770988 -0.0766164 -1.99574 0 0 0 
-10.6538 13.8742 16900.5 3.53172 1.46583 199.964 63.8155 -13 -1 1 0 1 0.0814392 -0.0950032 -0.701871 0 0 0 
-8.15552 15.2168 17000.5 6.61335 3.63976 199.858 64.1928 -13 -1 1 0 1 0.0640654 -0.106709 0.705725 0 0 0 
-3.88083 17.0891 17100.3 10.5709 3.27246 199.694 64.57 -13 -1 1 0 1 0.0314171 -0.102337 1.9959 0 0 0 
2.28545 17.8326 17200.1 13.6789 -0.925952 199.53 64.9473 -13 -1 1 0 1 0.00318979 -0.0654516 2.92856 0 0 0 
9.11323 15.7819 17299.9 12.7947 -7.28362 199.458 65.3245 -13 -1 1 0 1 0.0115475 -0.00670946 3.27382 0 0 0 
14.3647 10.9581 17399.6 7.79054 -11.2856 199.53 65.7018 -13 -1 1 0 1 0.0584643 0.0301349 2.92908 0 0 0 
16.884 5.28204 17499.4 2.61602 -10.7388 199.695 66.079 -13 -1 1 0 1 0.105189 0.0245146 1.99653 0 0 0 
17.4799 0.668595 17599.3 0.307634 -7.49089 199.86 66.4563 -13 -1 1 0 1 0.126072 -0.00129178 0.70577 0 0 0 
17.6359 -2.12581 17699.3 0.617334 -3.67858 199.966 66.8335 -13 -1 1 0 1 0.125135 -0.0219214 -0.699574 0 0 0 
18.2258 -3.01482 17799.3 1.69707 0.109032 199.993 67.2108 -13 -1 1 0 1 0.107012 -0.027105 -1.99816 0 0 0 
19.141 -2.08359 17899.3 1.67034 3.44873 199.964 67.588 -13 -1 1 0 1 0.0653521 -0.019278 -2.93867 0 0 0 
19.6128 0.120105 17999.2 0.0309208 4.91697 199.94 67.9653 -13 -1 1 0 1 0.000624018 -0.0133622 -3.29097 0 0 0 
19.1705 2.33999 18099.2 -1.61608 3.51022 199.963 68.3425 -13 -1 1 0 1 -0.0643816 -0.0200533 -2.95052 0 0 0 
18.2816 3.31197 18199.2 -1.64125 0.205918 199.994 68.7198 -13 -1 1 0 1 -0.10666 -0.0287597 -2.0193 0 0 0 
17.7289 2.47521 18299.2 -0.514669 -3.57002 199.968 69.097 -13 -1 1 0 1 -0.125417 -0.0243371 -0.729308 0 0 0 
17.6482 -0.268317 18399.2 -0.100279 -7.40485 199.863 69.4743 -13 -1 1 0 1 -0.127147 -0.00408518 0.674039 0 0 0 
17.1881 -4.86077 18499 -2.28295 -10.76 199.698 69.8515 -13 -1 1 0 1 -0.107134 0.0221499 1.96932 0 0 0 
14.8527 -10.5986 18598.9 -7.41287 -11.5264 199.53 70.2288 -13 -1 1 0 1 -0.0605407 0.0292741 2.90684 0 0 0 
9.7629 -15.6023 18698.6 -12.5583 -7.74595 199.455 70.606 -13 -1 1 0 1 -0.0119077 -0.00611677 3.25851 0 0 0 
2.99135 -17.9054 18798.3 -13.6907 -1.4364 199.526 70.9833 -13 -1 1 0 1 -0.000913145 -0.0652111 2.92067 0 0 0 
-3.2264 -17.3908 18898.1 -10.7373 2.88371 199.691 71.3605 -13 -1 1 0 1 -0.0276171 -0.103994 1.99218 0 0 0 
-7.58798 -15.6743 18998 -6.77038 3.39952 199.857 71.7378 -13 -1 1 0 1 -0.0602078 -0.110133 0.701705 0 0 0 
-10.1387 -14.4233 19098 -3.57322 1.33353 199.964 72.115 -13 -1 1 0 1 -0.0781325 -0.0993269 -0.707023 0 0 0 
-11.2315 -14.4553 19198 -0.791903 -1.42048 199.994 72.4923 -13 -1 1 0 1 -0.0745465 -0.0808881 -2.0125 0 0 0 
-10.8982 -15.6494 19298 2.12099 -3.0244 199.966 72.8695 -13 -1 1 0 1 -0.0483959 -0.0484602 -2.96408 0 0 0 
-9.24448 -17.0841 19397.9 4.19666 -2.33539 199.943 73.2468 -13 -1 1 0 1 -0.0125277 0.00472727 -3.33038 0 0 0 
-7.12742 -17.7434 19497.9 3.79062 -0.241021 199.964 73.624 -13 -1 1 0 1 0.0128748 0.0642218 -3.00603 0 0 0 
-5.86821 -17.418 19597.9 0.952563 1.36458 199.993 74.0013 -13 -1 1 0 1 0.0257201 0.105019 -2.09004 0 0 0 
-6.33239 -16.5225 19697.9 -2.85027 2.17117 199.968 74.3785 -13 -1 1 0 1 0.0385704 0.119072 -0.813967 0 0 0 
-8.67193 -15.1479 19797.9 -6.37378 3.57084 199.867 74.7558 -13 -1 1 0 1 0.0568533 0.110955 0.575941 0 0 0 
-12.448 -12.6118 19897.8 -8.31434 6.94091 199.707 75.1331 -13 -1 1 0 1 0.0698868 0.0815244 1.85718 0 0 0 
-16.3975 -7.96227 19997.6 -6.76957 11.667 199.545 75.5103 -13 -1 1 0 1 0.0536836 0.0383055 2.77945 0 0 0 
-18.5552 -1.27339 20097.3 -1.4116 14.4429 199.473 75.8876 -13 -1 1 0 1 -0.00128744 0.0130838 3.11158 0 0 0 
-17.7511 5.70705 20197.1 4.27784 12.7628 199.547 76.2648 -13 -1 1 0 1 -0.0613541 0.0320299 2.74648 0 0 0 
-14.8949 11.0477 20296.9 6.41666 8.47963 199.718 76.6421 -13 -1 1 0 1 -0.0882045 0.076006 1.77632 0 0 0 
-11.9846 14.3112 20396.8 4.72143 4.83545 199.886 77.0193 -13 -1 1 0 1 -0.084751 0.111542 0.424349 0 0 0 
-10.5134 16.1201 20496.8 0.971003 2.53453 199.982 77.3966 -13 -1 1 0 1 -0.0736898 0.126235 -1.07168 0 0 0 
-11.0645 16.8204 20596.7 -3.06546 0.0886033 199.977 77.7738 -13 -1 1 0 1 -0.0648732 0.116041 -2.49937 0 0 0 
-13.2609 15.9634 20696.7 -5.18075 -3.72424 199.899 78.1511 -13 -1 1 0 1 -0.0487919 0.0774604 -3.62162 0 0 0 
-15.5573 13.1042 20796.6 -3.2904 -7.40663 199.836 78.5283 -13 -1 1 0 1 -0.0119346 0.0262019 -4.2241 0 0 0 
-16.038 9.14167 20896.6 1.56432 -7.69737 199.846 78.9056 -13 -1 1 0 1 0.0320044 -0.00658499 -4.22639 0 0 0 
-14.1369 6.0787 20996.5 5.64124 -4.08571 199.879 79.2828 -13 -1 1 0 1 0.0523308 -0.0149677 -3.75321 0 0 0 
-10.8678 5.25429 21096.4 6.9991 0.749003 199.877 79.6601 -13 -1 1 0 1 0.0447094 -0.0166929 -3.05301 0 0 0 
-7.45538 6.65096 21196.4 6.45965 4.59211 199.843 80.0373 -13 -1 1 0 1 0.0273294 -0.0206718 -2.34876 0 0 0 
-5.77312 8.24347 21252.2 5.85956 6.08246 199.822 80.248 -13 -1 1 0 1 0.0187778 -0.0233837 -1.99724 0 0 0 

# Event 1 Track 1
-21.4115 13.9846 0 -35.4223 -9.56677 196.606 0.0870076 -13 1 1 0 1 0.132862 -0.0772192 -1.99559 0 0 0 
-21.4954 13.9568 0.4995 -35.3963 -9.6005 196.609 0.0889213 -13 1 1 0 1 0.133526 -0.0771915 -1.98981 0 0 0 
-21.4955 13.9567 0.5005 -35.3962 -9.60057 196.609 0.0889251 -13 1 1 0 1 0.133527 -0.0771915 -1.9898 0 0 0 
-38.0151 8.46715 98.9713 -31.0914 -10.4664 197.291 0.466176 -13 1 1 0 1 0.271469 -0.0575034 -0.717559 0 0 0 
-53.0982 5.24518 197.764 -29.5603 -0.827486 197.802 0.843427 -13 1 1 0 1 0.37806 -0.0377863 0.683647 0 0 0 
-67.3359 8.99927 296.64 -26.4421 16.8219 197.529 1.22068 -13 1 1 0 1 0.406874 -0.056779 1.99843 0 0 0 
-77.9282 22.2753 395.133 -13.9308 35.4331 196.343 1.59793 -13 1 1 0 1 0.290783 -0.0856499 2.99603 0 0 0 
-79.6535 42.3779 493.02 7.66272 41.9601 195.399 1.97518 -13 1 1 0 1 0.0325001 -0.0177749 3.41999 0 0 0 
-71.1241 61.1299 590.83 24.2064 30.5549 196.164 2.35243 -13 1 1 0 1 -0.215475 0.187705 3.13133 0 0 0 
-58.3329 71.7083 689.404 24.0936 11.8018 198.192 2.72968 -13 1 1 0 1 -0.325789 0.40438 2.20302 0 0 0 
-49.1705 73.7151 788.923 11.3177 -2.73801 199.661 3.10693 -13 1 1 0 1 -0.337949 0.508532 0.886847 0 0 0 
-47.4023 69.6901 888.79 -3.88609 -13.1432 199.53 3.48418 -13 1 1 0 1 -0.333129 0.487091 -0.560085 0 0 0 
-52.0437 60.3276 988.219 -13.0219 -24.8015 198.029 3.86143 -13 1 1 0 1 -0.315357 0.357921 -1.90628 0 0 0 
-58.207 44.6555 1086.77 -9.05938 -37.474 196.249 4.23868 -13 1 1 0 1 -0.221549 0.158417 -2.9096 0 0 0 
-58.7796 24.2561 1184.63 8.33686 -41.8045 195.404 4.61594 -13 1 1 0 1 -0.0323861 -2.68901e-05 -3.3348 0 0 0 
-49.5812 5.46377 1282.36 27.4656 -31.0626 195.655 4.99319 -13 1 1 0 1 0.140259 -0.0281101 -3.07409 0 0 0 
-33.0547 -5.52387 1380.33 36.6921 -12.7859 196.189 5.37044 -13 1 1 0 1 0.178039 0.0197645 -2.22439 0 0 0 
-14.3918 -8.19357 1478.52 37.1009 0.565244 196.528 5.74769 -13 1 1 0 1 0.0953384 0.048001 -0.99782 0 0 0 
3.77047 -6.76584 1576.84 35.6481 3.25618 196.771 6.12494 -13 1 1 0 1 -0.0307797 0.041474 0.382096 0 0 0 
21.3362 -6.76084 1675.28 34.4173 -4.90605 196.955 6.50219 -13 1 1 0 1 -0.138994 0.0359836 1.70388 0 0 0 
37.4577 -12.9547 1773.75 28.7926 -20.533 196.849 6.87944 -13 1 1 0 1 -0.164487 0.0471037 2.75427 0 0 0 
48.6196 -27.0055 1872.08 14.5265 -34.3555 196.491 7.25669 -13 1 1 0 1 -0.060009 0.0201772 3.30141 0 0 0 
51.498 -45.2735 1970.32 -2.38928 -36.4199 196.642 7.63394 -13 1 1 0 1 0.115757 -0.117858 3.17947 0 0 0 
47.8705 -61.6088 2068.9 -9.82109 -27.8962 197.801 8.01119 -13 1 1 0 1 0.242122 -0.328373 2.40357 0 0 0 
44.0024 -72.9224 2168.17 -3.62268 -17.619 199.19 8.38844 -13 1 1 0 1 0.291724 -0.498371 1.17148 0 0 0 
45.7485 -79.4639 2267.9 11.5377 -8.4458 199.488 8.76569 -13 1 1 0 1 0.320573 -0.568879 -0.262748 0 0 0 
55.8108 -80.6769 2367.34 28.192 4.85566 197.944 9.14295 -13 1 1 0 1 0.351409 -0.517064 -1.66969 0 0 0 
72.388 -73.1573 2465.61 35.4665 26.3808 195.054 9.5202 -13 1 1 0 1 0.314443 -0.323097 -2.80887 0 0 0 
87.8852 -54.28 2562.52 22.9947 47.5895 192.89 9.89745 -13 1 1 0 1 0.108473 -0.0676673 -3.41383 0 0 0 
92.8865 -28.5772 2658.95 -3.8396 51.3323 193.262 10.2747 -13 1 1 0 1 -0.209382 0.0677791 -3.31301 0 0 0 
84.9744 -6.46392 2756.06 -25.566 34.6894 195.303 10.6519 -13 1 1 0 1 -0.432534 0.0384343 -2.5492 0 0 0 
69.8285 5.15859 2854.16 -32.864 12.1584 196.907 11.0292 -13 1 1 0 1 -0.469079 -0.0284647 -1.34982 0 0 0 
53.4282 6.83093 2952.77 -32.2782 -3.8917 197.34 11.4065 -13 1 1 0 1 -0.383207 -0.0421928 0.0406611 0 0 0 
37.3917 2.9793 3051.4 -32.3839 -9.72768 197.121 11.7837 -13 1 1 0 1 -0.245407 -0.0110937 1.40666 0 0 0 
20.6013 -1.07211 3149.89 -34.8803 -4.67337 196.88 12.161 -13 1 1 0 1 -0.0983836 0.0160812 2.52875 0 0 0 
2.99994 -0.160221 3248.3 -34.4551 9.33211 196.789 12.5382 -13 1 1 0 1 -0.00566993 0.0133051 3.18041 0 0 0 
-12.5415 8.43354 3346.68 -26.5399 24.3393 196.732 12.9155 -13 1 1 0 1 -0.02027 0.026866 3.20144 0 0 0 
-23.0363 22.8795 3445.06 -15.7766 31.8929 196.81 13.2927 -13 1 1 0 1 -0.105462 0.11672 2.58235 0 0 0 
-29.4106 38.9778 3543.54 -11.3482 31.4973 197.178 13.67 -13 1 1 0 1 -0.188411 0.260539 1.47625 0 0 0 
-36.1735 53.6364 3642.22 -17.4398 26.4616 197.473 14.0472 -13 1 1 0 1 -0.254075 0.38825 0.110203 0 0 0 
-48.243 64.4931 3740.86 -31.6774 15.5845 196.86 14.4245 -13 1 1 0 1 -0.31755 0.438139 -1.29423 0 0 0 
-67.7475 67.4275 3838.83 -45.0403 -5.79234 194.777 14.8017 -13 1 1 0 1 -0.338899 0.352295 -2.5224 0 0 0 
-90.6856 57.366 3935.55 -43.1068 -34.5467 192.22 15.179 -13 1 1 0 1 -0.200232 0.140608 -3.32463 0 0 0 
-107.289 34.6209 4031.41 -20.6915 -52.9654 191.746 15.5562 -13 1 1 0 1 0.137365 -0.0338307 -3.46739 0 0 0 
-110.666 8.60817 4127.82 5.9376 -47.0772 194.29 15.9335 -13 1 1 0 1 0.490602 -0.03205 -2.8875 0 0 0 
-106.095 -6.09741 4200.5 17.0602 -31.1632 196.82 16.2138 -13 1 1 0 1 0.64242 0.0401068 -2.08801 0 0 0 
-106.095 -6.0975 4200.5 17.0603 -31.1629 196.82 16.2138 -13 1 1 0 1 0.642421 0.0401074 -2.088 0 0 0 
-96.588 -15.5584 4299.53 19.0996 -6.98713 198.964 16.5911 -13 1 1 0 1 0.689177 0.111087 -0.736524 0 0 0 
-87.8236 -13.8351 4399.09 16.1466 12.9253 198.928 16.9683 -13 1 1 0 1 0.625873 0.0962047 0.709899 0 0 0 
-79.4658 -3.74549 4498.21 18.7916 26.0338 197.406 17.3456 -13 1 1 0 1 0.478693 0.018495 2.02975 0 0 0 
-67.5283 10.2899 4596.48 30.025 27.6663 195.789 17.7229 -13 1 1 0 1 0.248906 -0.0419196 2.97517 0 0 0 
-49.3696 21.2866 4694.17 41.543 13.9486 195.14 18.1001 -13 1 1 0 1 0.0221095 -0.0112005 3.32475 0 0 0 
-27.8651 22.8265 4791.76 42.2976 -7.98374 195.313 18.4774 -13 1 1 0 1 -0.076441 0.0646088 3.0045 0 0 0 
-8.72684 14.1904 4889.49 33.4863 -24.95 195.592 18.8546 -13 1 1 0 1 -0.0407594 0.0732318 2.11874 0 0 0 
5.84348 -0.373323 4987.34 25.8416 -31.6763 195.778 19.2319 -13 1 1 0 1 0.0452223 -0.0084189 0.879768 0 0 0 
18.5967 -16.0626 5085.27 26.8026 -29.7637 195.949 19.6091 -13 1 1 0 1 0.133282 -0.119447 -0.497979 0 0 0 
34.0189 -28.6965 5183.24 35.719 -19.1151 195.854 19.9864 -13 1 1 0 1 0.208552 -0.183811 -1.81287 0 0 0 
54.217 -33.4154 5281.01 43.8771 1.81383 195.12 20.3636 -13 1 1 0 1 0.215722 -0.144411 -2.84911 0 0 0 
75.7298 -26.1583 5378.33 39.4587 26.6663 194.247 20.7409 -13 1 1 0 1 0.0596811 -0.0340451 -3.3722 0 0 0 
91.3942 -8.73265 5475.49 21.9973 39.9396 194.733 21.1181 -13 1 1 0 1 -0.245155 0.0105095 -3.2149 0 0 0 
98.0204 10.4932 5573.37 6.10256 34.1096 196.976 21.4954 -13 1 1 0 1 -0.531787 -0.06722 -2.39518 0 0 0 
99.64 23.4329 5672.48 2.49636 16.5699 199.297 21.8726 -13 1 1 0 1 -0.688319 -0.168966 -1.12732 0 0 0 
101.983 26.4711 5772.36 7.45073 -4.78883 199.804 22.2499 -13 1 1 0 1 -0.736824 -0.19611 0.32651 0 0 0 
106.606 18.3375 5871.86 9.48822 -27.8617 197.823 22.6271 -13 1 1 0 1 -0.690753 -0.123369 1.73697 0 0 0 
109.089 -0.83901 5969.92 -2.37669 -47.2418 194.326 23.0044 -13 1 1 0 1 -0.489194 -0.00273455 2.86043 0 0 0 
101.937 -26.0041 6066.36 -27.2677 -49.4778 191.856 23.3816 -13 1 1 0 1 -0.138261 0.0254102 3.42948 0 0 0 
82.6582 -46.3638 6162.26 -47.272 -28.864 192.178 23.7589 -13 1 1 0 1 0.173235 -0.109927 3.29136 0 0 0 
58.0016 -53.4845 6258.82 -48.1247 0.0126921 194.124 24.1361 -13 1 1 0 1 0.281968 -0.273678 2.51149 0 0 0 
36.7101 -47.8724 6356.3 -36.1487 20.3491 195.651 24.5134 -13 1 1 0 1 0.235531 -0.319906 1.31562 0 0 0 
21.6162 -35.1132 6454.31 -25.3117 29.0257 196.257 24.8906 -13 1 1 0 1 0.145948 -0.24885 -0.0619866 0 0 0 
9.91966 -20.2052 6552.5 -23.0805 29.4027 196.476 25.2679 -13 1 1 0 1 0.0561687 -0.128519 -1.41574 0 0 0 
-2.81829 -6.97972 6650.79 -28.7395 22.0993 196.687 25.6451 -13 1 1 0 1 -0.0232464 -0.0280802 -2.53263 0 0 0 
-18.9285 0.51181 6749.17 -35.0017 6.76091 196.798 26.0224 -13 1 1 0 1 -0.0450654 0.00720828 -3.18948 0 0 0 
-36.565 -0.605554 6847.56 -34.1091 -10.7122 196.779 26.3996 -13 1 1 0 1 0.0498558 0.00776625 -3.2188 0 0 0 
-52.043 -8.85965 6945.99 -27.5339 -20.4142 197.041 26.7769 -13 1 1 0 1 0.233526 0.0476201 -2.59763 0 0 0 
-64.6004 -19.0593 7044.67 -23.7693 -18.5738 197.713 27.1541 -13 1 1 0 1 0.414612 0.129961 -1.47778 0 0 0 
-77.0051 -25.8406 7143.65 -26.8462 -7.0855 198.064 27.5314 -13 1 1 0 1 0.547238 0.191055 -0.0937951 0 0 0 
-91.8188 -24.6755 7242.5 -31.9134 13.2081 196.996 27.9086 -13 1 1 0 1 0.616005 0.174058 1.32631 0 0 0 
-107.325 -11.4995 7340.32 -27.4471 39.8801 194.053 28.2859 -13 1 1 0 1 0.55096 0.0699485 2.5648 0 0 0 
-116.073 14.1432 7436.48 -4.55426 59.9091 190.763 28.6631 -13 1 1 0 1 0.269355 -0.0196337 3.36519 0 0 0 
-110.366 44.2626 7531.55 26.8086 55.854 190.163 29.0404 -13 1 1 0 1 -0.1301 0.0658691 3.49177 0 0 0 
-91.863 66.2096 7627.23 43.2804 29.8287 192.97 29.4176 -13 1 1 0 1 -0.397166 0.298489 2.89951 0 0 0 
-70.9306 73.8784 7724.63 37.45 2.09295 196.452 29.7949 -13 1 1 0 1 -0.448841 0.477947 1.77497 0 0 0 
-56.0783 70.0556 7823.38 21.5736 -15.6711 198.215 30.1721 -13 1 1 0 1 -0.397085 0.506455 0.384843 0 0 0 
-48.7863 59.4513 7922.52 8.89352 -25.9873 198.105 30.5494 -13 1 1 0 1 -0.329281 0.413589 -1.0394 0 0 0 
-45.4273 44.599 8021.35 6.57998 -32.8464 197.175 30.9266 -13 1 1 0 1 -0.23849 0.248372 -2.27756 0 0 0 
-40.2438 27.6027 8119.75 15.7224 -33.6088 196.529 31.3039 -13 1 1 0 1 -0.100643 0.0830805 -3.08912 0 0 0 
-28.9804 12.8581 8217.98 29.0695 -23.5209 196.474 31.6811 -13 1 1 0 1 0.0301048 -0.00163459 -3.28061 0 0 0 
-12.2207 5.30286 8316.24 36.5175 -6.37936 196.535 32.0584 -13 1 1 0 1 0.0574043 -0.0149397 -2.81557 0 0 0 
3.67722 5.40176 8400.5 37.046 5.91172 196.451 32.3819 -13 1 1 0 1 -0.0122834 -0.0276086 -1.99123 0 0 0 
3.6774 5.40181 8400.5 37.046 5.91183 196.451 32.3819 -13 1 1 0 1 -0.0122846 -0.027609 -1.99122 0 0 0 
21.9973 10.147 8498.69 36.5471 11.2295 196.312 32.7592 -13 1 1 0 1 -0.144932 -0.0690605 -0.725572 0 0 0 
40.7692 14.7186 8596.8 39.0236 5.10292 196.09 33.1364 -13 1 1 0 1 -0.276827 -0.103816 0.662262 0 0 0 
60.9944 13.314 8694.69 41.0841 -12.487 195.337 33.5137 -13 1 1 0 1 -0.353036 -0.0825584 1.96898 0 0 0 
80.1334 1.08913 8792.01 32.9785 -36.52 193.853 33.8909 -13 1 1 0 1 -0.283889 -0.00960163 2.9708 0 0 0 
91.4246 -21.8223 8888.6 10.3062 -52.2673 192.775 34.2682 -13 1 1 0 1 -0.0258743 0.00224301 3.42903 0 0 0 
90.1421 -47.5701 8985.16 -13.9435 -47.1699 193.858 34.6454 -13 1 1 0 1 0.283197 -0.150464 3.18691 0 0 0 
80.2625 -66.5455 9082.79 -22.2055 -27.6963 196.825 35.0227 -13 1 1 0 1 0.460185 -0.380734 2.29592 0 0 0 
70.9023 -75.3753 9181.91 -13.0766 -8.39328 199.396 35.3999 -13 1 1 0 1 0.498854 -0.530425 0.992153 0 0 0 
68.3539 -75.6482 9281.82 3.09664 6.97696 199.855 35.7772 -13 1 1 0 1 0.491581 -0.547455 -0.466082 0 0 0 
73.3159 -68.2191 9381.38 15.1772 23.2571 198.063 36.1544 -13 1 1 0 1 0.459555 -0.435298 -1.85123 0 0 0 
81.1363 -52.0828 9479.72 13.103 40.9165 195.332 36.5317 -13 1 1 0 1 0.331815 -0.224494 -2.91298 0 0 0 
83.5176 -28.8653 9576.91 -5.7322 49.1972 193.771 36.9089 -13 1 1 0 1 0.0704451 -0.0378088 -3.39449 0 0 0 
74.7515 -6.18017 9673.84 -28.3749 38.437 194.211 37.2862 -13 1 1 0 1 -0.194227 0.00318912 -3.17686 0 0 0 
57.1612 7.58878 9771.25 -39.5641 16.0518 195.39 37.6634 -13 1 1 0 1 -0.30178 -0.050368 -2.34884 0 0 0 
37.1406 10.496 9869.14 -39.3545 -2.94528 196.068 38.0407 -13 1 1 0 1 -0.252033 -0.0784106 -1.13376 0 0 0 
18.1426 6.45807 9967.23 -36.9445 -11.273 196.235 38.4179 -13 1 1 0 1 -0.132057 -0.0517266 0.243167 0 0 0 
-0.339385 1.13896 10065.4 -37.4483 -8.12238 196.296 38.7952 -13 1 1 0 1 -0.004513 -0.0130327 1.5766 0 0 0 
-19.3012 0.0793118 10163.5 -37.7573 5.32393 196.332 39.1724 -13 1 1 0 1 0.075226 -0.00670183 2.6526 0 0 0 
-36.8449 7.21875 10261.7 -30.813 23.0582 196.263 39.5497 -13 1 1 0 1 0.0384657 -0.0165179 3.24758 0 0 0 
-48.7997 21.9499 10359.8 -16.4267 33.8917 196.423 39.9269 -13 1 1 0 1 -0.114046 0.0399329 3.19818 0 0 0 
-53.7557 38.9835 10458.2 -4.85307 32.403 197.299 40.3042 -13 1 1 0 1 -0.277886 0.189789 2.49599 0 0 0 
-55.6099 53.137 10557.2 -4.64504 23.5733 198.552 40.6814 -13 1 1 0 1 -0.379135 0.352372 1.31673 0 0 0 
-60.1745 62.1474 10656.6 -14.896 11.9991 199.084 41.0587 -13 1 1 0 1 -0.43821 0.445321 -0.0947895 0 0 0 
-71.077 64.3065 10756 -28.4188 -4.58998 197.918 41.4359 -13 1 1 0 1 -0.475784 0.42577 -1.50953 0 0 0 
-87.1974 56.2391 10854.3 -33.5187 -28.6461 195.08 41.8132 -13 1 1 0 1 -0.427568 0.274166 -2.6957 0 0 0 
-101.279 35.8598 10951.1 -19.3395 -51.0978 192.394 42.1904 -13 1 1 0 1 -0.193678 0.0709249 -3.38974 0 0 0 
-104.133 8.41858 11047.1 8.59398 -54.4876 192.243 42.5677 -13 1 1 0 1 0.167206 -0.00756672 -3.38794 0 0 0 
-93.9189 -14.8604 11143.7 29.6049 -36.036 194.487 42.9449 -13 1 1 0 1 0.432582 0.0762434 -2.69905 0 0 0 
-77.4726 -26.6252 11241.6 33.6471 -11.424 196.819 43.3222 -13 1 1 0 1 0.498282 0.179196 -1.53194 0 0 0 
-61.8422 -27.4416 11340.3 28.3118 6.6579 197.875 43.6994 -13 1 1 0 1 0.436786 0.201684 -0.141006 0 0 0 
-48.9309 -21.4452 11439.3 24.1271 15.9225 197.901 44.0767 -13 1 1 0 1 0.324156 0.150956 1.25229 0 0 0 
-36.7364 -12.9296 11538.2 25.5558 16.6499 197.661 44.4539 -13 1 1 0 1 0.183626 0.0756646 2.42595 0 0 0 
-22.9029 -6.34514 11637 29.6571 8.22441 197.619 44.8312 -13 1 1 0 1 0.0498101 0.0267704 3.14506 0 0 0 
-7.78022 -5.73131 11735.8 29.7651 -6.14052 197.678 45.2084 -13 1 1 0 1 -0.00962077 0.00596328 3.23087 0 0 0 
5.91552 -12.1178 11834.7 24.5055 -18.4341 197.636 45.5857 -13 1 1 0 1 0.0264119 -0.0411324 2.66584 0 0 0 
16.8715 -22.9497 11933.5 20.0856 -23.652 197.579 45.9629 -13 1 1 0 1 0.108195 -0.136143 1.59784 0 0 0 
27.1531 -34.6349 12032.2 22.3695 -22.01 197.523 46.3402 -13 1 1 0 1 0.19541 -0.23849 0.253665 0 0 0 
40.4128 -43.7556 12130.9 31.4531 -13.0257 197.082 46.7174 -13 1 1 0 1 0.278725 -0.289895 -1.14204 0 0 0 
58.6229 -45.9788 12229.2 40.4098 5.85569 195.788 47.0947 -13 1 1 0 1 0.318668 -0.237117 -2.37549 0 0 0 
78.7503 -36.7342 12326.6 37.1635 31.2241 194.021 47.4719 -13 1 1 0 1 0.215927 -0.0888425 -3.20984 0 0 0 
92.8504 -16.2161 12423.4 17.0718 47.9046 193.427 47.8492 -13 1 1 0 1 -0.0672538 0.0204749 -3.41387 0 0 0 
95.2773 7.55748 12520.4 -6.19646 43.7099 195.068 48.2264 -13 1 1 0 1 -0.378168 -0.0254307 -2.91223 0 0 0 
90.4128 22.5864 12600.5 -15.8185 29.0167 197.252 48.5344 -13 1 1 0 1 -0.527245 -0.130255 -2.07005 0 0 0 
90.4127 22.5865 12600.5 -15.8185 29.0164 197.252 48.5344 -13 1 1 0 1 -0.527246 -0.130256 -2.07004 0 0 0 
82.3287 31.9853 12699.7 -14.6945 8.91133 199.261 48.9117 -13 1 1 0 1 -0.572226 -0.223933 -0.73233 0 0 0 
76.6424 32.0872 12799.5 -8.01933 -7.89292 199.684 49.2889 -13 1 1 0 1 -0.531742 -0.226964 0.713247 0 0 0 
73.5791 24.6643 12899.1 -5.58038 -21.1344 198.803 49.6662 -13 1 1 0 1 -0.424556 -0.148989 2.0407 0 0 0 
69.4456 12.0192 12998.2 -12.4979 -27.8205 197.662 50.0434 -13 1 1 0 1 -0.230097 -0.0473904 2.99393 0 0 0 
60.1839 -1.0388 13096.9 -24.5141 -22.1002 197.259 50.4207 -13 1 1 0 1 0.00521832 -0.00659525 3.33822 0 0 0 
45.9038 -8.21893 13195.6 -31.0059 -5.57628 197.504 50.7979 -13 1 1 0 1 0.159647 -0.0333168 2.99059 0 0 0 
30.7217 -6.55048 13294.4 -28.6458 11.5007 197.604 51.1752 -13 1 1 0 1 0.182701 -0.0432741 2.06863 0 0 0 
17.5724 2.14133 13393.1 -24.3774 21.985 197.289 51.5524 -13 1 1 0 1 0.126142 0.00887909 0.800704 0 0 0 
5.40458 14.1704 13491.7 -25.5257 24.8579 196.802 51.9297 -13 1 1 0 1 0.0405361 0.0918195 -0.587275 0 0 0 
-9.11004 25.5685 13589.9 -33.3397 19.0769 196.278 52.3069 -13 1 1 0 1 -0.0528944 0.143133 -1.88529 0 0 0 
-27.9901 31.4566 13687.9 -41.2968 2.79962 195.671 52.6842 -13 1 1 0 1 -0.103879 0.10544 -2.87048 0 0 0 
-48.6304 27.392 13785.6 -38.9281 -18.9544 195.258 53.0614 -13 1 1 0 1 -0.0248633 0.000642331 -3.32321 0 0 0 
-64.8458 13.8757 13883.3 -24.6854 -32.7118 195.757 53.4387 -13 1 1 0 1 0.187067 -0.0527532 -3.10267 0 0 0 
-73.3005 -2.63894 13981.6 -10.2414 -30.913 197.332 53.8159 -13 1 1 0 1 0.403207 0.0044059 -2.25657 0 0 0 
-76.7554 -15.2898 14080.7 -5.35365 -18.6309 199.059 54.1932 -13 1 1 0 1 0.526728 0.0979135 -0.993263 0 0 0 
-80.0097 -20.6362 14180.5 -8.37665 -2.33917 199.812 54.5704 -13 1 1 0 1 0.56477 0.140849 0.44269 0 0 0 
-85.0266 -17.2855 14280.3 -10.7366 15.9368 199.076 54.9477 -13 1 1 0 1 0.522267 0.101805 1.82186 0 0 0 
-89.0873 -4.99866 14379.4 -3.42945 32.1237 197.375 55.3249 -13 1 1 0 1 0.352237 0.0138362 2.89361 0 0 0 
-86.684 12.7479 14477.7 13.9525 35.9363 196.251 55.7022 -13 1 1 0 1 0.058257 -0.0171195 3.39404 0 0 0 
-75.5895 27.9191 14575.9 28.6839 22.2803 196.675 56.0794 -13 1 1 0 1 -0.213517 0.0686053 3.17974 0 0 0 
-60.331 33.7529 14674.5 30.0633 1.01574 197.726 56.4567 -13 1 1 0 1 -0.332672 0.176548 2.32894 0 0 0 
-47.0655 29.7165 14773.5 22.3979 -15.9659 198.101 56.8339 -13 1 1 0 1 -0.327209 0.199786 1.08119 0 0 0 
-37.659 18.9417 14872.5 16.2111 -26.1337 197.622 57.2112 -13 1 1 0 1 -0.273311 0.134333 -0.318656 0 0 0 
-29.464 4.50439 14971.1 18.1577 -30.6062 196.809 57.5884 -13 1 1 0 1 -0.192633 0.0311398 -1.65377 0 0 0 
-18.0965 -10.3396 15069.3 28.2429 -27.0801 196.136 57.9657 -13 1 1 0 1 -0.0869629 -0.0386641 -2.7026 0 0 0 
-1.15224 -20.7452 15167.3 38.6357 -12.9178 195.808 58.3429 -13 1 1 0 1 -0.0128556 -0.0174622 -3.24482 0 0 0 
18.9166 -22.4263 15265.2 39.7136 5.97287 195.927 58.7202 -13 1 1 0 1 -0.0537749 0.0574597 -3.13919 0 0 0 
37.0494 -15.992 15363.3 32.0602 17.8467 196.606 59.0974 -13 1 1 0 1 -0.196248 0.0871127 -2.41183 0 0 0 
51.0635 -6.64145 15461.9 24.735 17.6314 197.681 59.4747 -13 1 1 0 1 -0.346644 0.0500938 -1.2356 0 0 0 
62.7179 0.0107873 15560.9 22.6946 7.61572 198.563 59.8519 -13 1 1 0 1 -0.449391 0.00635644 0.154963 0 0 0 
74.0553 -0.193736 15660.3 22.2534 -9.37448 198.538 60.2292 -13 1 1 0 1 -0.480779 0.00974918 1.54393 0 0 0 
83.7828 -9.81695 15759.3 14.8148 -28.8023 197.361 60.6064 -13 1 1 0 1 -0.386049 0.0564663 2.69721 0 0 0 
86.95 -27.5515 15857.6 -3.56069 -39.5588 196.017 60.9837 -13 1 1 0 1 -0.133848 0.055702 3.35247 0 0 0 
80.0902 -46.2229 15955.5 -22.5304 -32.0648 196.124 61.3609 -13 1 1 0 1 0.160302 -0.0791621 3.30913 0 0 0 
66.8346 -57.5659 16054 -27.6325 -12.5573 197.685 61.7382 -13 1 1 0 1 0.33106 -0.273432 2.57683 0 0 0 
54.8533 -59.1135 16153.2 -18.732 5.37855 199.049 62.1154 -13 1 1 0 1 0.366508 -0.384775 1.37123 0 0 0 
48.6988 -53.186 16252.8 -6.15599 17.6035 199.13 62.4927 -13 1 1 0 1 0.351277 -0.373396 -0.0398713 0 0 0 
47.7568 -41.8664 16352.1 0.881295 27.5651 198.09 62.8699 -13 1 1 0 1 0.318873 -0.2683 -1.43123 0 0 0 
47.6846 -25.8527 16450.8 -3.26653 35.8464 196.735 63.2472 -13 1 1 0 1 0.23568 -0.116555 -2.5689 0 0 0 
42.66 -7.35588 16549 -18.0039 36.1489 195.881 63.6244 -13 1 1 0 1 0.0878487 -0.00647054 -3.21565 0 0 0 
29.5925 8.1149 16646.8 -33.2491 23.8601 195.769 64.0017 -13 1 1 0 1 -0.0371224 -0.00698397 -3.21572 0 0 0 
11.0916 15.5632 16744.8 -38.9 6.09016 196.087 64.3789 -13 1 1 0 1 -0.0408969 -0.0666891 -2.57977 0 0 0 
0.130619 16.1059 16800.5 -37.979 -1.77631 196.354 64.5932 -13 1 1 0 1 0.00824578 -0.0895695 -1.99525 0 0 0 
0.130435 16.1059 16800.5 -37.979 -1.77642 196.354 64.5932 -13 1 1 0 1 0.00824682 -0.0895696 -1.99524 0 0 0 
-17.9139 13.3669 16898.8 -34.1654 -7.28457 196.927 64.9704 -13 1 1 0 1 0.131691 -0.0913602 -0.725812 0 0 0 
-34.2885 10.6621 16997.4 -31.595 -1.82152 197.481 65.3477 -13 1 1 0 1 0.246137 -0.0753965 0.662941 0 0 0 
-49.3966 13.0381 17096.2 -28.1738 12.4687 197.614 65.7249 -13 1 1 0 1 0.299517 -0.0803006 1.96752 0 0 0 
-61.2137 23.607 17194.9 -17.4614 29.3691 197.061 66.1022 -13 1 1 0 1 0.229114 -0.0898115 2.95154 0 0 0 
-65.4569 40.8956 17293.3 1.14276 37.3691 196.476 66.4794 -13 1 1 0 1 0.0278264 -0.0168052 3.37141 0 0 0 
-60.6618 58.3546 17391.6 16.2237 30.2394 197.035 66.8567 -13 1 1 0 1 -0.1826 0.179203 3.08903 0 0 0 
-51.7058 69.9086 17490.5 17.0104 15.7999 198.649 67.2339 -13 1 1 0 1 -0.288257 0.394538 2.17022 0 0 0 
-45.7356 74.6234 17590.2 5.47956 3.75593 199.891 67.6112 -13 1 1 0 1 -0.314408 0.515476 0.857649 0 0 0 
-46.9017 74.0591 17690.1 -10.1453 -6.11836 199.65 67.9884 -13 1 1 0 1 -0.329789 0.518294 -0.588786 0 0 0 
-55.1938 67.8865 17789.6 -21.5806 -19.5114 197.874 68.3657 -13 1 1 0 1 -0.334657 0.404 -1.94532 0 0 0 
-66.2555 53.8329 17887.9 -19.8105 -36.7304 195.599 68.7429 -13 1 1 0 1 -0.252073 0.19319 -2.95908 0 0 0 
-72.1552 32.3356 17985.4 -1.5656 -46.846 194.431 69.1202 -13 1 1 0 1 -0.0384445 0.00374381 -3.38803 0 0 0 
-66.9897 10.0341 18082.6 21.5234 -39.3746 194.902 69.4974 -13 1 1 0 1 0.191558 -0.0414305 -3.11941 0 0 0 
-52.4138 -5.03969 18180.3 34.5152 -20.2056 195.962 69.8747 -13 1 1 0 1 0.284249 0.0172314 -2.25507 0 0 0 
-34.4064 -10.6234 18278.5 36.2288 -3.43574 196.663 70.2519 -13 1 1 0 1 0.231584 0.0646 -1.01669 0 0 0 
-16.7659 -10.152 18376.9 34.2961 3.501 197.008 70.6292 -13 1 1 0 1 0.113522 0.0652289 0.364931 0 0 0 
0.0290313 -8.90875 18475.5 32.9406 -0.203641 197.27 71.0064 -13 1 1 0 1 -0.00712156 0.0490678 1.68645 0 0 0 
15.8477 -11.7642 18574.2 29.5422 -12.1906 197.431 71.3837 -13 1 1 0 1 -0.0745529 0.0416852 2.72274 0 0 0 
28.4619 -21.348 18672.9 19.7764 -25.5553 197.374 71.7609 -13 1 1 0 1 -0.0384402 0.0134784 3.24914 0 0 0 
34.9964 -36.0232 18771.6 6.52779 -31.4472 197.406 72.1382 -13 1 1 0 1 0.0763227 -0.0962669 3.1129 0 0 0 
36.0176 -51.2651 18870.4 -0.747574 -28.4494 197.966 72.5154 -13 1 1 0 1 0.180263 -0.274568 2.33662 0 0 0 
36.167 -63.9498 18969.6 3.21672 -22.1548 198.744 72.8927 -13 1 1 0 1 0.238484 -0.437452 1.11307 0 0 0 
40.8058 -73.2718 19069 16.511 -14.7003 198.776 73.2699 -13 1 1 0 1 0.285185 -0.524585 -0.308305 0 0 0 
53.2661 -77.6698 19168.1 33.1446 -1.34986 197.231 73.6472 -13 1 1 0 1 0.335077 -0.497808 -1.70939 0 0 0 
72.6548 -72.8553 19266 41.8773 22.1187 194.313 74.0244 -13 1 1 0 1 0.316906 -0.323033 -2.8525 0 0 0 
91.6621 -55.2097 19362.5 30.332 47.1423 191.985 74.4017 -13 1 1 0 1 0.117161 -0.0710995 -3.47401 0 0 0 
100.101 -28.7324 19458.5 2.20802 54.6201 192.386 74.7789 -13 1 1 0 1 -0.220175 0.066739 -3.39144 0 0 0 
94.616 -4.53365 19555.3 -21.8577 39.2537 194.889 75.1562 -13 1 1 0 1 -0.476827 0.0285571 -2.63936 0 0 0 
80.9742 9.15329 19653.3 -30.2404 15.5456 197.09 75.5334 -13 1 1 0 1 -0.539458 -0.0546736 -1.44301 0 0 0 
65.9855 11.9326 19752.1 -29.0458 -3.02202 197.858 75.9107 -13 1 1 0 1 -0.468812 -0.077944 -0.0575624 0 0 0 
51.8397 7.67669 19851 -28.1508 -12.3859 197.623 76.2879 -13 1 1 0 1 -0.335864 -0.0413033 1.30354 0 0 0 
37.1142 1.24406 19949.7 -31.2943 -11.5603 197.199 76.6652 -13 1 1 0 1 -0.172777 0.00511115 2.41185 0 0 0 
20.5258 -2.16474 20048.2 -34.4586 -0.641922 197.009 77.0424 -13 1 1 0 1 -0.0341902 0.0164659 3.03434 0 0 0 
3.70975 1.37622 20146.7 -31.6082 14.7707 196.935 77.4197 -13 1 1 0 1 0.00714552 0.0154215 3.01141 0 0 0 
-10.2795 11.8385 20245.2 -24.2061 25.8159 196.846 77.7969 -13 1 1 0 1 -0.0489304 0.0684268 2.34078 0 0 0 
-21.1067 25.8378 20343.6 -20.344 28.913 196.852 78.1742 -13 1 1 0 1 -0.141151 0.183449 1.18104 0 0 0 
-32.177 39.5767 20442 -25.5604 24.822 196.802 78.5514 -13 1 1 0 1 -0.239053 0.304681 -0.246047 0 0 0 
-47.9612 49.1105 20540.2 -38.2269 11.3026 195.989 78.9287 -13 1 1 0 1 -0.343229 0.363155 -1.73532 0 0 0 
-69.8599 48.5226 20637.7 -47.3024 -15.981 193.669 79.3059 -13 1 1 0 1 -0.40612 0.294203 -3.0801 0 0 0 
-91.6066 31.8523 20733.8 -34.8912 -50.1355 190.446 79.6832 -13 1 1 0 1 -0.307957 0.117547 -4.04864 0 0 0 
-100.305 1.44244 20828.4 2.96749 -66.2543 188.685 80.0604 -13 1 1 0 1 -0.0351992 0.0071952 -4.4364 0 0 0 
-88.5247 -28.49 20922.9 41.5575 -48.2449 189.594 80.4377 -13 1 1 0 1 0.194871 0.0649523 -4.22614 0 0 0 
-62.8718 -43.6493 21018.2 56.5031 -11.538 191.507 80.8149 -13 1 1 0 1 0.224227 0.154489 -3.63229 0 0 0 
-35.7507 -40.9214 21114.3 49.453 20.4586 192.708 81.1922 -13 1 1 0 1 0.135567 0.15229 -2.91871 0 0 0 
-14.7547 -25.4282 21210.7 34.1655 39.4034 193.082 81.5694 -13 1 1 0 1 0.0498378 0.0827248 -2.24914 0 0 0 
-8.13262 -16.4422 21252.2 27.6428 44.0832 193.114 81.7313 -13 1 1 0 1 0.025688 0.0489397 -1.99628 0 0 0 

# End of Event 1

