#BLTrackFile VirtualDetector/det16
#x y z Px Py Pz t PDGid EventID TrackID ParentID Weight
#mm mm mm MeV/c MeV/c MeV/c ns - - - - -
#BLTrackFile VirtualDetector/det16
#x y z Px Py Pz t PDGid EventID TrackID ParentID Weight
#mm mm mm MeV/c MeV/c MeV/c ns - - - - -
#BLTrackFile VirtualDetector/det16
#x y z Px Py Pz t PDGid EventID TrackID ParentID Weight
#mm mm mm MeV/c MeV/c MeV/c ns - - - - -
#BLTrackFile VirtualDetector/det16
#x y z Px Py Pz t PDGid EventID TrackID ParentID Weight
#mm mm mm MeV/c MeV/c MeV/c ns - - - - -
#BLTrackFile VirtualDetector/det16
#x y z Px Py Pz t PDGid EventID TrackID ParentID Weight
#mm mm mm MeV/c MeV/c MeV/c ns - - - - -
#BLTrackFile VirtualDetector/det16
#x y z Px Py Pz t PDGid EventID TrackID ParentID Weight
#mm mm mm MeV/c MeV/c MeV/c ns - - - - -
#BLTrackFile VirtualDetector/det16
#x y z Px Py Pz t PDGid EventID TrackID ParentID Weight
#mm mm mm MeV/c MeV/c MeV/c ns - - - - -
#BLTrackFile VirtualDetector/det16
#x y z Px Py Pz t PDGid EventID TrackID ParentID Weight
#mm mm mm MeV/c MeV/c MeV/c ns - - - - -
#BLTrackFile VirtualDetector/det16
#x y z Px Py Pz t PDGid EventID TrackID ParentID Weight
#mm mm mm MeV/c MeV/c MeV/c ns - - - - -
#BLTrackFile VirtualDetector/det16
#x y z Px Py Pz t PDGid EventID TrackID ParentID Weight
#mm mm mm MeV/c MeV/c MeV/c ns - - - - -
#BLTrackFile VirtualDetector/det16
#x y z Px Py Pz t PDGid EventID TrackID ParentID Weight
#mm mm mm MeV/c MeV/c MeV/c ns - - - - -
#BLTrackFile VirtualDetector/det16
#x y z Px Py Pz t PDGid EventID TrackID ParentID Weight
#mm mm mm MeV/c MeV/c MeV/c ns - - - - -
-68.0466 51.948 67700 8.26555 41.0142 206.125 257.357 -13 1 1 0 1
-42.1152 83.8633 68050 -2.99072 -2.29033 210.295 258.676 -13 1 1 0 1
-72.1218 40.2916 68400 -3.78482 -48.8653 204.538 260.002 -13 1 1 0 1
-28.1583 -5.55107 68750 36.3145 -2.04342 207.16 261.336 -13 1 1 0 1
24.2986 -24.0952 69100 17.1133 -29.9219 207.485 262.661 -13 1 1 0 1
32.6504 -73.9408 69450 12.9299 -21.6495 208.811 263.981 -13 1 1 0 1
94.373 -60.9946 69800 32.7089 48.3828 202.058 265.318 -13 1 1 0 1
84.1527 -1.46116 70150 -23.7585 1.0362 208.98 266.653 -13 1 1 0 1
32.2548 -18.5232 70500 -39.5979 2.66692 206.55 267.977 -13 1 1 0 1
-14.0438 25.854 70850 -20.0401 34.8303 206.454 269.307 -13 1 1 0 1
-79.4174 45.5556 71200 -44.5819 -27.6207 203.685 270.646 -13 1 1 0 1
-108.256 -1.42332 71550 -3.34272 0.550604 210.301 271.973 -13 1 1 0 1
15.4582 29.4655 67700 24.4354 4.49833 199.296 256.329 -13 2 1 0 1
46.3615 22.1219 68050 8.26342 1.84634 200.66 257.654 -13 2 1 0 1
35.7924 48.4287 68400 -24.36 13.6245 198.89 258.98 -13 2 1 0 1
8.0487 38.7019 68750 1.49458 -15.4815 200.235 260.307 -13 2 1 0 1
13.2094 2.05692 69100 -9.06545 -23.7296 199.226 261.634 -13 2 1 0 1
-19.5013 -20.6091 69450 -17.9894 -8.59194 199.847 262.962 -13 2 1 0 1
-23.301 -53.0143 69800 19.2297 -19.2395 198.988 264.29 -13 2 1 0 1
2.09313 -60.4064 70150 -3.73378 1.75068 200.796 265.614 -13 2 1 0 1
-30.9263 -41.1311 70500 -16.8646 28.8596 198.038 266.943 -13 2 1 0 1
-19.8883 2.42977 70850 17.7127 13.0235 199.632 268.276 -13 2 1 0 1
-3.14064 26.4231 71200 -3.75744 15.881 200.175 269.601 -13 2 1 0 1
-14.6864 48.8688 71550 1.69611 14.243 200.326 270.924 -13 2 1 0 1
10.7575 13.8884 67700 9.89658 19.0965 193.899 259.601 -13 3 1 0 1
39.196 37.32 68050 11.2368 16.3307 194.078 260.937 -13 3 1 0 1
12.9816 80.3963 68400 -41.6393 9.47851 190.357 262.284 -13 3 1 0 1
-27.0746 56.4725 68750 5.59095 -14.7554 194.449 263.629 -13 3 1 0 1
1.23499 28.2404 69100 10.4344 -25.7741 193.096 264.966 -13 3 1 0 1
-15.764 -17.0993 69450 -17.6063 -23.1277 192.91 266.308 -13 3 1 0 1
-7.62795 -70.3205 69800 34.0207 -20.6945 190.981 267.656 -13 3 1 0 1
36.3923 -71.3739 70150 0.094833 -0.113772 195.088 268.998 -13 3 1 0 1
-7.64794 -70.3087 70500 -34.1895 21.2377 190.891 270.34 -13 3 1 0 1
-15.7596 -14.9468 70850 17.3576 24.8 192.725 271.69 -13 3 1 0 1
-2.97197 33.0157 71200 -14.8054 25.5593 192.839 273.033 -13 3 1 0 1
-37.7392 59.9584 71550 -8.10406 16.2301 194.243 274.372 -13 3 1 0 1
69.7147 50.5192 67700 41.648 -23.7411 190.791 260.154 -13 4 1 0 1
95.33 4.90524 68050 -0.935787 0.0402783 196.719 261.499 -13 4 1 0 1
67.4819 48.5422 68400 -41.1671 21.3919 191.173 262.844 -13 4 1 0 1
10.1912 22.6208 68750 -12.3693 -33.7672 193.407 264.198 -13 4 1 0 1
-29.6169 -25.9611 69100 -37.5307 -5.3056 193.036 265.547 -13 4 1 0 1
-81.3688 -11.7493 69450 -19.5915 -2.9514 195.721 266.889 -13 4 1 0 1
-78.9339 -70.5546 69800 39.3331 -37.6349 189.04 268.242 -13 4 1 0 1
-16.533 -66.1014 70150 7.49406 25.7724 194.882 269.599 -13 4 1 0 1
-10.5732 -11.6608 70500 18.1128 28.2535 193.838 270.941 -13 4 1 0 1
42.7172 9.00456 70850 30.9527 7.42709 194.129 272.285 -13 4 1 0 1
63.9636 66.2362 71200 -25.1587 42.2704 190.472 273.638 -13 4 1 0 1
14.0037 86.4981 71550 -3.51605 -8.14896 196.522 274.986 -13 4 1 0 1
22.7772 -18.4485 67700 25.8325 -53.479 197.524 264.358 -13 5 1 0 1
20.7822 -109.222 68050 5.59855 -41.9026 201.881 265.715 -13 5 1 0 1
114.399 -119.907 68400 62.5699 60.2429 187.079 267.1 -13 5 1 0 1
107.377 -24.1474 68750 -41.5127 8.83418 201.846 268.486 -13 5 1 0 1
20.0345 -20.9784 69100 -49.1962 26.5938 198.533 269.84 -13 5 1 0 1
-18.9614 62.6704 69450 -13.929 50.5208 199.491 271.2 -13 5 1 0 1
-108.547 93.9531 69800 -64.0824 -43.143 191.246 272.579 -13 5 1 0 1
-130.457 16.312 70150 17.548 -3.48807 205.482 273.942 -13 5 1 0 1
-69.9704 53.3108 70500 57.7256 8.1771 197.848 275.285 -13 5 1 0 1
-3.9269 -3.92984 70850 16.7401 -51.5527 199.01 276.646 -13 5 1 0 1
66.4856 -62.6276 71200 61.1031 9.39916 196.777 278.012 -13 5 1 0 1
125.626 -19.882 71550 12.8751 0.757419 205.856 279.358 -13 5 1 0 1
-6.693 17.8526 67700 7.85662 -2.76883 207.705 253.958 -13 6 1 0 1
-3.00446 7.41646 68050 -3.20978 -7.27024 207.72 255.269 -13 6 1 0 1
-3.74218 -7.68942 68400 6.50727 -8.47462 207.597 256.58 -13 6 1 0 1
10.4306 -13.3406 68750 6.03044 -2.24618 207.772 257.891 -13 6 1 0 1
8.99261 -23.7497 69100 -8.62585 -5.93214 207.608 259.201 -13 6 1 0 1
0.0823123 -24.74 69450 2.6553 1.23978 207.851 260.512 -13 6 1 0 1
13.9197 -16.2703 69800 6.77778 11.8474 207.423 261.823 -13 6 1 0 1
9.5558 -0.494478 70150 -7.51776 3.84729 207.7 263.135 -13 6 1 0 1
-0.840108 6.73986 70500 -2.76809 7.01584 207.735 264.445 -13 6 1 0 1
-2.08317 19.108 70850 -3.28377 7.0638 207.726 265.756 -13 6 1 0 1
-21.048 21.4865 71200 -14.0275 -9.33888 207.188 267.068 -13 6 1 0 1
-28.4471 5.59186 71550 1.86492 -1.52051 207.858 268.38 -13 6 1 0 1
-116.041 -26.4371 67700 4.17056 59.2945 190.711 262.88 -13 8 1 0 1
-52.5457 13.4204 68050 39.3647 -16.9822 195.105 264.244 -13 8 1 0 1
26.2809 -3.26616 68400 44.2427 21.4013 193.619 265.602 -13 8 1 0 1
71.7127 58.5637 68750 23.9649 24.2116 196.833 266.956 -13 8 1 0 1
136.375 18.5605 69100 10.2656 -68.8319 187.245 268.325 -13 8 1 0 1
86.6544 -40.5173 69450 -28.7973 14.4661 197.143 269.695 -13 8 1 0 1
30.4841 4.36938 69800 -45.6082 9.39818 194.256 271.044 -13 8 1 0 1
-40.2439 -33.2223 70150 -35.4104 -29.6363 194.35 272.403 -13 8 1 0 1
-123.9 -13.7885 70500 -27.7422 61.2032 188.118 273.778 -13 8 1 0 1
-107.979 55.6031 70850 9.78818 -5.00714 199.457 275.139 -13 8 1 0 1
-88.524 -7.95252 71200 38.2926 -40.3548 191.857 276.488 -13 8 1 0 1
-6.0103 -1.32348 71550 38.2574 31.725 193.478 277.855 -13 8 1 0 1
22.3817 6.57366 67700 10.9201 -13.18 191.903 257.88 -13 9 1 0 1
26.3072 -14.1432 68050 0.890527 -3.30144 192.634 259.214 -13 9 1 0 1
31.3489 -1.63789 68400 -2.67523 13.6836 192.159 260.547 -13 9 1 0 1
17.5704 5.79562 68750 -6.46136 -6.02101 192.462 261.881 -13 9 1 0 1
1.40466 -7.56104 69100 -13.4313 -1.9075 192.186 263.215 -13 9 1 0 1
-17.0519 0.781358 69450 -7.12552 4.12433 192.489 264.549 -13 9 1 0 1
-27.0824 -8.80012 69800 1.29432 -12.7424 192.238 265.882 -13 9 1 0 1
-18.4601 -18.919 70150 0.821263 2.60312 192.645 267.215 -13 9 1 0 1
-20.0687 -2.29423 70500 4.73968 12.6027 192.194 268.549 -13 9 1 0 1
-3.43648 5.3952 70850 8.48042 -2.14004 192.466 269.882 -13 9 1 0 1
8.2858 7.34997 71200 2.89862 6.03562 192.548 271.215 -13 9 1 0 1
9.12524 17.2603 71550 2.72659 3.18946 192.619 272.547 -13 9 1 0 1
-52.4177 26.5453 67700 29.3462 18.5897 202.548 255.927 -13 10 1 0 1
-6.43296 14.2333 68050 16.2788 -22.3613 203.635 257.255 -13 10 1 0 1
30.2441 -9.33107 68400 27.2225 5.1189 203.63 258.579 -13 10 1 0 1
63.7796 10.7437 68750 16.8509 1.4368 204.808 259.9 -13 10 1 0 1
78.4712 -33.9995 69100 -18.0892 -40.7305 200.614 261.23 -13 10 1 0 1
34.1173 -53.6577 69450 -11.7765 12.9793 204.756 262.561 -13 10 1 0 1
23.8884 -18.3937 69800 -14.9413 20.4462 203.939 263.881 -13 10 1 0 1
-18.1931 -11.3344 70150 -28.8412 -4.35292 203.425 265.205 -13 10 1 0 1
-63.8665 17.7286 70500 -8.0196 40.2191 201.372 266.538 -13 10 1 0 1
-51.2416 61.9728 70850 -0.498893 4.68556 205.451 267.864 -13 10 1 0 1
-72.9363 30.3162 71200 -2.18558 -38.5797 201.84 269.189 -13 10 1 0 1
-39.1995 -0.0669953 71550 26.3793 7.40895 203.67 270.517 -13 10 1 0 1
-5.47705 -45.2686 67700 -43.6721 -28.0644 184.05 267.004 -13 11 1 0 1
-80.5892 -47.5734 68050 -22.9714 -3.58596 189.812 268.372 -13 11 1 0 1
-63.0387 -100.388 68400 50.0126 -22.2411 183.23 269.735 -13 11 1 0 1
-7.20435 -66.9669 68750 -5.71601 34.6955 187.97 271.105 -13 11 1 0 1
-12.3393 9.67346 69100 24.4499 39.1443 185.578 272.473 -13 11 1 0 1
57.0675 38.8306 69450 31.6478 10.4931 188.302 273.84 -13 11 1 0 1
57.3229 100.872 69800 -43.5741 31.1206 183.581 275.207 -13 11 1 0 1
2.49803 87.8344 70150 6.4234 -23.2474 189.704 276.57 -13 11 1 0 1
30.3388 23.2646 70500 -5.90969 -46.7196 185.342 277.933 -13 11 1 0 1
-30.0019 -27.3741 70850 -37.274 -15.1101 186.954 279.305 -13 11 1 0 1
-48.3892 -92.2098 71200 32.4741 -37.9161 184.6 280.674 -13 11 1 0 1
-0.0344573 -103.176 71550 -6.88553 8.47425 190.919 282.03 -13 11 1 0 1
-49.3396 27.4317 67700 -3.18602 37.3355 188.726 261.698 -13 12 1 0 1
-30.0667 70.4392 68050 0.426418 7.36678 192.269 263.044 -13 12 1 0 1
-61.4686 48.8655 68400 -12.041 -35.1279 188.793 264.388 -13 12 1 0 1
-32.6406 10.7322 68750 29.2313 1.07828 190.174 265.739 -13 12 1 0 1
24.5331 -2.96746 69100 21.5707 -29.3542 188.93 267.091 -13 12 1 0 1
31.002 -58.919 69450 4.9066 -21.5046 191.142 268.442 -13 12 1 0 1
78.4716 -55.1189 69800 25.6218 35.0801 187.442 269.793 -13 12 1 0 1
68.0576 -11.3025 70150 -21.4018 -4.47297 191.164 271.144 -13 12 1 0 1
8.90261 -27.0866 70500 -39.8014 11.4472 187.9 272.498 -13 12 1 0 1
-29.8078 28.557 70850 -11.4467 30.632 189.611 273.858 -13 12 1 0 1
-81.8114 40.2481 71200 -30.5831 -28.5308 187.809 275.213 -13 12 1 0 1
-90.8788 0.862112 71550 6.17652 7.48734 192.165 276.559 -13 12 1 0 1
10.154 80.3693 67700 53.8014 -8.98531 215.634 251.449 -13 13 1 0 1
52.9227 36.0224 68050 0.515926 -21.3486 221.398 252.766 -13 13 1 0 1
43.5767 24.3153 68400 -8.17292 -3.23417 222.252 254.06 -13 13 1 0 1
44.9662 3.4394 68750 9.85665 -25.8575 220.698 255.356 -13 13 1 0 1
31.8139 -59.2168 69100 -39.9224 -34.4723 216.081 256.674 -13 13 1 0 1
-27.9207 -70.2861 69450 -16.204 1.86156 221.827 257.989 -13 13 1 0 1
-14.6549 -78.2303 69800 25.3116 1.17775 220.978 259.285 -13 13 1 0 1
-5.41174 -59.1188 70150 -19.6663 14.2055 221.099 260.583 -13 13 1 0 1
-46.6228 -11.4442 70500 -8.51586 49.6932 216.636 261.898 -13 13 1 0 1
-21.6279 47.6022 70850 17.1604 20.5569 220.808 263.215 -13 13 1 0 1
-30.4913 68.6612 71200 -22.9742 0.207053 221.236 264.513 -13 13 1 0 1
-43.5494 65.1681 71550 12.9345 9.37229 221.852 265.808 -13 13 1 0 1
-49.278 -26.25 67700 -23.4678 8.94165 199.306 258.488 -13 14 1 0 1
-68.5036 -9.76237 68050 -2.90915 -6.86596 200.744 259.812 -13 14 1 0 1
-44.7311 -50.9893 68400 38.2678 -17.8608 196.393 261.147 -13 14 1 0 1
7.13994 -31.4184 68750 11.1547 23.4431 199.198 262.488 -13 14 1 0 1
26.9072 -4.54387 69100 16.3558 2.68455 200.197 263.813 -13 14 1 0 1
55.3867 -7.68498 69450 17.6436 6.11598 200.013 265.137 -13 14 1 0 1
64.9303 43.2471 69800 -23.9795 37.1622 195.953 266.476 -13 14 1 0 1
15.8421 55.4197 70150 -11.398 -13.5617 200.1 267.814 -13 14 1 0 1
9.34239 25.9315 70500 -9.24339 -16.5604 199.985 269.138 -13 14 1 0 1
-26.1877 15.2295 70850 -27.6316 -2.11669 198.962 270.466 -13 14 1 0 1
-64.8295 -27.4518 71200 2.8223 -43.4594 196.105 271.807 -13 14 1 0 1
-35.9427 -66.4725 71550 5.15417 -0.505704 200.816 273.143 -13 14 1 0 1
13.0198 -54.8539 67700 -27.6103 -13.855 193.46 258.693 -13 15 1 0 1
-19.6597 -48.3841 68050 0.775409 6.57617 195.799 260.028 -13 15 1 0 1
3.75573 -35.2076 68400 14.2942 17.2615 194.625 261.36 -13 15 1 0 1
-1.02597 -0.944848 68750 -12.9805 16.0399 194.821 262.694 -13 15 1 0 1
-5.29766 33.4694 69100 15.1891 16.7978 194.598 264.028 -13 15 1 0 1
20.5928 43.2862 69450 3.16167 3.81846 195.848 265.36 -13 15 1 0 1
-3.60044 49.7455 69800 -23.0407 -9.04429 194.341 266.691 -13 15 1 0 1
-13.1487 19.5303 70150 10.2302 -14.0394 195.139 268.025 -13 15 1 0 1
0.584767 -8.01818 70500 -3.75589 -17.6835 195.075 269.357 -13 15 1 0 1
-18.8667 -29.9031 70850 -8.24989 -11.4234 195.404 270.689 -13 15 1 0 1
-2.48819 -54.7118 71200 25.6205 -3.58081 194.196 272.022 -13 15 1 0 1
18.9592 -38.7954 71550 -6.16867 8.343 195.636 273.355 -13 15 1 0 1
28.0832 29.7742 67700 4.35545 -35.7189 201.91 256.449 -13 16 1 0 1
-2.15296 -12.9201 68050 -24.9843 -13.7437 203.1 257.779 -13 16 1 0 1
-18.7072 -50.3299 68400 13.8595 -24.9667 203.094 259.104 -13 16 1 0 1
5.81 -70.4244 68750 -2.20888 -6.39531 204.98 260.424 -13 16 1 0 1
-36.0304 -64.3553 69100 -29.0375 26.9266 201.232 261.75 -13 16 1 0 1
-35.8669 -18.3684 69450 19.7334 12.0274 203.786 263.08 -13 16 1 0 1
-1.69658 1.65702 69800 11.6083 20.3324 203.751 264.402 -13 16 1 0 1
-2.01822 39.2127 70150 0.0161274 21.0424 204.009 265.723 -13 16 1 0 1
33.0984 60.5207 70500 33.419 -9.82674 202.112 267.049 -13 16 1 0 1
53.6055 32.9803 70850 -7.55825 -3.27483 204.926 268.371 -13 16 1 0 1
17.8173 39.4424 71200 -29.7369 -6.83994 202.809 269.693 -13 16 1 0 1
-5.67887 2.99031 71550 -0.473925 -24.4807 203.625 271.018 -13 16 1 0 1
26.179 80.7703 67700 38.5101 1.24942 220.266 252.392 -13 17 1 0 1
56.5623 66.5717 68050 -6.37033 1.63666 223.514 253.692 -13 17 1 0 1
7.21652 75.5295 68400 -45.143 -13.9965 218.559 254.999 -13 17 1 0 1
-19.5979 26.1224 68750 8.28558 -30.5826 221.354 256.312 -13 17 1 0 1
-14.9313 -17.598 69100 -12.9535 -24.0464 221.936 257.614 -13 17 1 0 1
-44.6878 -46.2583 69450 -12.8609 -22.9726 222.055 258.914 -13 17 1 0 1
-15.4885 -96.6384 69800 51.7246 -16.7116 216.903 260.229 -13 17 1 0 1
35.8155 -81.3835 70150 -0.747407 11.9184 223.292 261.541 -13 17 1 0 1
0.353127 -64.3276 70500 -27.6149 25.313 220.45 262.842 -13 17 1 0 1
-0.780923 -13.7843 70850 19.0325 29.5449 220.832 264.15 -13 17 1 0 1
8.95621 41.7685 71200 -20.1919 35.0304 219.925 265.46 -13 17 1 0 1
-31.2947 73.8448 71550 -11.2735 17.8551 222.611 266.766 -13 17 1 0 1
21.5389 62.0119 67700 33.9474 -29.6514 199.18 256.192 -13 18 1 0 1
26.6779 2.50464 68050 -15.9103 -23.9289 202.185 257.53 -13 18 1 0 1
17.6341 -32.0872 68400 11.2613 -15.7637 203.296 258.853 -13 18 1 0 1
38.6434 -51.7041 68750 2.46038 -17.1598 203.48 260.172 -13 18 1 0 1
-5.52321 -83.8889 69100 -47.9097 3.81202 198.481 261.508 -13 18 1 0 1
-42.8308 -44.997 69450 6.3914 17.1266 203.397 262.844 -13 18 1 0 1
-17.7296 -25.9187 69800 12.9536 15.9114 203.183 264.164 -13 18 1 0 1
-21.9374 9.94572 70150 -11.1092 24.378 202.452 265.487 -13 18 1 0 1
-8.09017 61.363 70500 34.4853 19.9844 200.289 266.82 -13 18 1 0 1
36.4955 61.446 70850 4.38713 -1.02879 204.167 268.148 -13 18 1 0 1
6.07088 66.4301 71200 -30.479 -10.0466 201.679 269.47 -13 18 1 0 1
-7.89277 29.6025 71550 13.1776 -20.2525 202.782 270.796 -13 18 1 0 1
14.5812 1.37833 67700 -18.6798 -19.0269 203.627 256.497 -13 19 1 0 1
-25.8756 -4.78854 68050 -22.2042 1.49107 204.156 257.82 -13 19 1 0 1
-49.3465 -31.2178 68400 5.3053 -28.1341 203.36 259.142 -13 19 1 0 1
-30.0853 -52.3676 68750 0.2495 3.08554 205.342 260.461 -13 19 1 0 1
-43.9571 -23.411 69100 0.687957 28.6428 203.357 261.781 -13 19 1 0 1
-14.6858 0.213337 69450 22.692 -1.67356 204.101 263.104 -13 19 1 0 1
21.6157 8.93586 69800 13.5308 18.6978 204.064 264.425 -13 19 1 0 1
28.8196 39.0723 70150 7.01499 9.83864 205.01 265.744 -13 19 1 0 1
57.1086 25.0484 70500 10.697 -28.2753 203.128 267.064 -13 19 1 0 1
43.2544 -3.82092 70850 -14.7899 2.68587 204.815 268.386 -13 19 1 0 1
11.8117 8.66653 71200 -23.4494 -1.19251 204.019 269.705 -13 19 1 0 1
-17.339 -14.4914 71550 -13.4406 -15.9496 204.304 271.026 -13 19 1 0 1
13.9277 61.5078 67700 36.0279 -8.86429 195.137 256.829 -13 20 1 0 1
39.3274 25.8787 68050 -5.22864 -12.8558 198.147 258.165 -13 20 1 0 1
22.3448 15.7371 68400 -9.25174 -7.41072 198.278 259.49 -13 20 1 0 1
22.8658 -8.47061 68750 6.20497 -19.674 197.558 260.816 -13 20 1 0 1
5.17935 -51.2646 69100 -31.8207 -14.2293 195.55 262.153 -13 20 1 0 1
-35.8307 -45.9108 69450 -5.49611 2.85238 198.536 263.486 -13 20 1 0 1
-16.0036 -53.0581 69800 22.904 2.74352 197.289 264.813 -13 20 1 0 1
-3.85868 -28.462 70150 -10.7957 16.5904 197.644 266.142 -13 20 1 0 1
-17.8825 13.3285 70500 8.86664 28.1558 196.427 267.475 -13 20 1 0 1
13.0499 41.2393 70850 11.4996 9.78791 198.058 268.808 -13 20 1 0 1
-2.27023 61.5445 71200 -25.655 1.36283 196.964 270.137 -13 20 1 0 1
-21.224 46.2242 71550 8.99332 -5.65487 198.348 271.465 -13 20 1 0 1
1.54668 -14.5058 67700 -5.10919 -6.42445 197.451 256.641 -13 21 1 0 1
-5.86518 -18.9745 68050 0.959778 -1.93278 197.61 257.965 -13 21 1 0 1
8.02086 -18.6359 68400 10.3961 7.35912 197.211 259.29 -13 21 1 0 1
12.1049 -2.53474 68750 -2.97565 5.64924 197.519 260.616 -13 21 1 0 1
9.02298 2.25756 69100 -0.0635265 1.10966 197.619 261.94 -13 21 1 0 1
9.89857 5.79219 69450 0.0701156 4.283 197.575 263.264 -13 21 1 0 1
1.33977 14.3769 69800 -9.86033 0.424737 197.375 264.589 -13 21 1 0 1
-8.78299 5.91658 70150 -1.179 -5.01237 197.555 265.914 -13 21 1 0 1
-10.7735 2.70236 70500 -1.48151 0.801099 197.615 267.238 -13 21 1 0 1
-14.6564 2.3363 70850 -3.64459 -3.33085 197.56 268.562 -13 21 1 0 1
-15.2768 -12.6009 71200 7.15776 -9.32927 197.272 269.887 -13 21 1 0 1
-2.57605 -14.9456 71550 2.31574 3.65365 197.575 271.212 -13 21 1 0 1
44.1086 83.293 67700 54.0201 -14.1051 197.229 257.019 -13 22 1 0 1
83.6252 36.0344 68050 -4.08868 -9.39377 204.723 258.36 -13 22 1 0 1
50.32 50.0165 68400 -33.9483 2.54166 202.132 259.683 -13 22 1 0 1
20.2421 12.8017 68750 0.79783 -35.2139 201.93 261.012 -13 22 1 0 1
-6.97852 -50.4488 69100 -42.4786 -20.4154 199.487 262.355 -13 22 1 0 1
-68.2812 -48.9431 69450 -17.5937 -2.94671 204.201 263.691 -13 22 1 0 1
-50.8977 -88.4436 69800 41.6877 -18.5046 199.84 265.021 -13 22 1 0 1
-8.49903 -68.3155 70150 -6.51145 24.9936 203.346 266.353 -13 22 1 0 1
-26.8114 -7.86152 70500 9.1797 42.8901 200.232 267.69 -13 22 1 0 1
22.034 36.4209 70850 28.1155 15.7899 202.427 269.029 -13 22 1 0 1
25.3148 83.9476 71200 -30.9985 25.251 201.042 270.36 -13 22 1 0 1
-12.1022 90.0934 71550 6.5935 -2.47281 204.858 271.685 -13 22 1 0 1
43.9953 -19.6879 67700 -44.3604 -6.19985 198.636 261.808 -13 23 1 0 1
-14.4453 22.747 68050 -24.015 36.5685 198.869 263.155 -13 23 1 0 1
-86.6141 41.3821 68400 -43.6049 -32.2903 196.262 264.509 -13 23 1 0 1
-109.314 -11.6125 68750 -0.215704 0.263011 203.624 265.848 -13 23 1 0 1
-87.0858 42.1497 69100 43.4439 32.3998 196.279 267.188 -13 23 1 0 1
-16.2154 22.9188 69450 22.6953 -37.5489 198.841 268.541 -13 23 1 0 1
41.4584 -24.4602 69800 46.1319 2.12095 198.318 269.89 -13 23 1 0 1
98.7769 2.94796 70150 23.9811 0.794961 202.205 271.228 -13 23 1 0 1
107.428 -64.4616 70500 -39.2438 -51.5394 193.045 272.581 -13 23 1 0 1
32.6605 -68.2327 70850 -16.874 31.797 200.417 273.94 -13 23 1 0 1
4.93198 -6.36201 71200 -33.4611 25.1637 199.273 275.281 -13 23 1 0 1
-66.2041 -0.501153 71550 -40.6137 1.89388 199.524 276.625 -13 23 1 0 1
-35.8715 -11.3432 67700 -23.4662 3.88489 211.225 255.535 -13 24 1 0 1
-62.6698 1.58027 68050 -12.3458 -3.68416 212.169 256.844 -13 24 1 0 1
-62.9355 -41.0856 68400 25.6715 -32.0739 208.552 258.161 -13 24 1 0 1
-17.3551 -47.6499 68750 12.2495 15.2718 211.656 259.48 -13 24 1 0 1
-6.1594 -19.243 69100 12.2863 14.0115 211.741 260.789 -13 24 1 0 1
26.8125 -13.3143 69450 25.0335 0.597693 211.08 262.099 -13 24 1 0 1
60.7706 21.1604 69800 -0.0955737 38.7348 209.001 263.419 -13 24 1 0 1
39.4609 55.9348 70150 -4.55048 0.795122 212.51 264.734 -13 24 1 0 1
49.586 31.1154 70500 -0.440676 -27.8084 210.732 266.043 -13 24 1 0 1
20.0043 10.2072 70850 -26.1951 4.33586 210.895 267.356 -13 24 1 0 1
-28.7266 2.90353 71200 -23.8268 -24.1757 209.832 268.674 -13 24 1 0 1
-43.8709 -39.3453 71550 -8.60575 -14.8139 211.868 269.989 -13 24 1 0 1
-6.68199 28.591 67700 33.0354 -17.438 196.674 257.767 -13 25 1 0 1
16.6181 -24.6211 68050 3.73431 -29.5965 197.955 259.107 -13 25 1 0 1
55.7415 -49.0495 68400 33.4198 13.5893 196.912 260.444 -13 25 1 0 1
79.523 -20.8851 68750 -1.10859 -3.72433 200.152 261.774 -13 25 1 0 1
45.415 -57.9538 69100 -42.7549 -12.5715 195.167 263.112 -13 25 1 0 1
-4.85589 -28.0719 69450 -7.32932 28.476 198.019 264.456 -13 25 1 0 1
-25.4788 9.56826 69800 -22.6012 7.19548 198.78 265.787 -13 25 1 0 1
-62.4284 7.77701 70150 -17.8382 6.83221 199.277 267.115 -13 25 1 0 1
-63.0631 60.6221 70500 31.6397 34.1876 194.695 268.456 -13 25 1 0 1
-12.3123 64.3566 70850 5.83403 -16.6417 199.412 269.796 -13 25 1 0 1
-17.3805 25.2269 71200 5.90458 -26.1561 198.386 271.125 -13 25 1 0 1
19.5312 0.892068 71550 27.1778 -6.66081 198.225 272.457 -13 25 1 0 1
69.8172 29.8937 67700 42.1134 -31.9287 186.519 261.784 -13 26 1 0 1
94.8932 -30.3668 68050 5.12113 -7.31832 193.656 263.142 -13 26 1 0 1
98.5578 18.3762 68400 -24.6188 41.5445 187.751 264.492 -13 26 1 0 1
37.4169 22.8884 68750 -22.5192 -28.781 190.386 265.851 -13 26 1 0 1
-20.6262 -22.4199 69100 -44.8258 0.792232 188.607 267.213 -13 26 1 0 1
-78.492 11.4116 69450 -22.9851 9.85211 192.242 268.569 -13 26 1 0 1
-104.482 -38.1326 69800 18.8472 -49.1752 186.572 269.926 -13 26 1 0 1
-50.1132 -58.0362 70150 12.7019 22.4046 192.144 271.285 -13 26 1 0 1
-26.5569 1.55107 70500 31.8696 26.487 189.381 272.638 -13 26 1 0 1
40.9805 2.30093 70850 33.0894 -7.75002 190.86 273.995 -13 26 1 0 1
83.0863 41.5182 71200 -6.35605 45.0677 188.444 275.351 -13 26 1 0 1
49.5328 75.4186 71550 -2.21353 -7.95607 193.686 276.699 -13 26 1 0 1
-4.54784 49.272 67700 38.7278 -41.0509 209.43 257.235 -13 27 1 0 1
2.51786 -35.1406 68050 -11.1084 -48.4971 211.117 258.575 -13 27 1 0 1
41.3297 -100.395 68400 58.733 -8.59715 208.62 259.914 -13 27 1 0 1
99.0433 -82.1439 68750 1.86335 -4.88208 216.838 261.238 -13 27 1 0 1
37.0998 -116.414 69100 -69.4039 3.48274 205.468 262.572 -13 27 1 0 1
-15.5315 -50.8752 69450 8.5188 46.315 211.727 263.92 -13 27 1 0 1
-13.4653 21.8113 69800 -24.7754 36.8825 212.301 265.248 -13 27 1 0 1
-69.8609 57.0552 70150 -26.5401 24.7899 213.839 266.571 -13 27 1 0 1
-43.6761 130.132 70500 65.758 29.0597 204.64 267.915 -13 27 1 0 1
23.8555 107.869 70850 -5.74633 -24.4589 215.441 269.253 -13 27 1 0 1
-18.9479 57.9854 71200 -17.5002 -48.3367 210.721 270.577 -13 27 1 0 1
9.97398 -12.0289 71550 34.2678 -32.7997 211.651 271.91 -13 27 1 0 1
-5.81408 -31.8826 67700 -15.2159 -15.3611 200.976 256.747 -13 28 1 0 1
-29.8676 -43.6404 68050 -2.95115 -8.66027 201.929 258.068 -13 28 1 0 1
1.16509 -61.2983 68400 33.3058 5.19196 199.306 259.395 -13 28 1 0 1
25.4778 -29.3004 68750 -5.60693 15.6322 201.453 260.724 -13 28 1 0 1
11.6671 -8.38536 69100 -2.74362 13.1797 201.687 262.045 -13 28 1 0 1
22.2215 14.4756 69450 8.77836 15.5063 201.349 263.366 -13 28 1 0 1
9.68122 49.76 69800 -27.375 12.2937 199.896 264.694 -13 28 1 0 1
-23.4937 42.7218 70150 -2.48795 -6.17432 202.026 266.019 -13 28 1 0 1
-7.93061 37.2536 70500 13.0228 -8.67535 201.53 267.338 -13 28 1 0 1
-9.74264 14.3265 70850 -13.2886 -14.0315 201.21 268.66 -13 28 1 0 1
-21.6558 -24.1122 71200 11.0991 -25.6923 200.189 269.987 -13 28 1 0 1
6.25621 -44.8874 71550 7.00311 -4.66637 201.961 271.312 -13 28 1 0 1
7.92593 9.63384 67700 44.6691 -22.2902 216.892 253.951 -13 29 1 0 1
49.9494 -49.4944 68050 22.56 -32.2691 219.052 255.272 -13 29 1 0 1
115.791 -42.1928 68400 35.3246 50.4916 213.862 256.598 -13 29 1 0 1
117.154 14.6478 68750 -10.356 -4.91618 222.267 257.915 -13 29 1 0 1
81.4413 -39.6048 69100 -50.6329 -32.0717 214.341 259.234 -13 29 1 0 1
5.54845 -23.4961 69450 -30.5452 34.0305 217.814 260.565 -13 29 1 0 1
-50.8519 6.2897 69800 -40.1574 -10.6205 218.652 261.881 -13 29 1 0 1
-97.3414 -23.1814 70150 -27.2652 -1.9442 220.878 263.19 -13 29 1 0 1
-124.027 43.8116 70500 24.1207 66.5801 210.997 264.521 -13 29 1 0 1
-60.5564 77.4067 70850 20.1679 -19.8897 220.753 265.852 -13 29 1 0 1
-41.4309 24.0399 71200 25.8245 -33.3448 218.53 267.162 -13 29 1 0 1
21.3976 11.8521 71550 44.0762 6.58263 218.056 268.478 -13 29 1 0 1
-30.8213 23.603 67700 18.9758 4.98417 201.35 255.781 -13 30 1 0 1
-8.24776 7.29332 68050 4.65501 -17.7233 201.472 257.103 -13 30 1 0 1
12.3236 -18.7375 68400 22.0726 -3.63858 201.063 258.427 -13 30 1 0 1
42.3495 -9.94334 68750 11.3384 0.509649 201.985 259.75 -13 30 1 0 1
44.4735 -36.6951 69100 -16.6943 -20.8232 200.536 261.073 -13 30 1 0 1
17.576 -41.1858 69450 -2.06779 10.2385 202.034 262.396 -13 30 1 0 1
21.0102 -11.7826 69800 -6.82093 20.4319 201.154 263.719 -13 30 1 0 1
-8.34158 3.1588 70150 -19.551 0.958689 201.355 265.042 -13 30 1 0 1
-32.4377 24.1699 70500 -0.21678 22.9184 201.002 266.367 -13 30 1 0 1
-23.7226 48.3218 70850 -4.00573 3.76354 202.229 267.688 -13 30 1 0 1
-49.9002 28.2529 71200 -9.479 -29.2229 199.958 269.013 -13 30 1 0 1
-33.3163 -2.94945 71550 16.6155 -0.261072 201.62 270.34 -13 30 1 0 1
130.424 10.7539 67700 22.948 -59.2484 185.349 265.923 -13 31 1 0 1
109.825 -48.5093 68050 -10.8476 13.4496 195.173 267.284 -13 31 1 0 1
75.2955 27.062 68400 -51.5351 36.7598 185.429 268.654 -13 31 1 0 1
-19.6058 7.71492 68750 -37.0617 -33.0212 189.545 270.04 -13 31 1 0 1
-94.7411 1.34944 69100 -31.2307 37.6024 189.742 271.407 -13 31 1 0 1
-109.54 51.5661 69450 -10.1598 -5.07316 195.607 272.753 -13 31 1 0 1
-111.985 -34.5889 69800 43.5306 -59.6983 181.473 274.134 -13 31 1 0 1
-9.5544 -41.2733 70150 36.9069 31.769 189.789 275.534 -13 31 1 0 1
54.8204 -14.1169 70500 33.3903 -15.6472 192.436 276.89 -13 31 1 0 1
94.9617 -49.9025 70850 26.2875 -1.49552 194.16 278.233 -13 31 1 0 1
128.796 35.6602 71200 -31.6471 72.4386 179.283 279.625 -13 31 1 0 1
30.0533 63.81 71550 -34.4133 -27.3491 190.942 281.029 -13 31 1 0 1
-21.6616 16.4144 67700 34.3415 -9.22475 190.461 261.088 -13 32 1 0 1
13.7018 -33.8679 68050 12.9303 -31.9821 190.656 262.441 -13 32 1 0 1
75.7421 -51.5833 68400 39.9979 29.2063 187.315 263.802 -13 32 1 0 1
93.4379 0.0689393 68750 -5.40679 0.834728 193.675 265.154 -13 32 1 0 1
62.0806 -39.2158 69100 -39.4368 -17.9653 188.843 266.501 -13 32 1 0 1
5.47763 -11.3765 69450 -15.0406 32.4377 190.424 267.859 -13 32 1 0 1
-42.1925 26.341 69800 -37.1383 -6.50847 190.048 269.212 -13 32 1 0 1
-83.8248 -3.21762 70150 -14.3973 -1.7045 193.209 270.558 -13 32 1 0 1
-85.6309 49.2576 70500 31.1954 37.9178 187.427 271.911 -13 32 1 0 1
-27.9384 48.7412 70850 11.236 -26.3803 191.618 273.267 -13 32 1 0 1
-4.22876 -4.32643 71200 28.9158 -18.7329 190.664 274.617 -13 32 1 0 1
52.3713 -3.00008 71550 27.5916 2.35219 191.763 275.965 -13 32 1 0 1
44.4046 -60.3151 67700 -29.7238 -20.1825 199.287 257.47 -13 33 1 0 1
7.82846 -52.1306 68050 0.550606 17.4981 201.741 258.799 -13 33 1 0 1
16.6435 -10.9446 68400 -6.852 28.1822 200.412 260.125 -13 33 1 0 1
-18.1302 17.4867 68750 -21.5552 10.0244 201.099 261.454 -13 33 1 0 1
-27.4031 53.2538 69100 18.0946 22.4189 200.44 262.781 -13 33 1 0 1
-0.998847 62.8675 69450 -2.88421 -2.68841 202.461 264.104 -13 33 1 0 1
-31.4174 40.6537 69800 -14.1685 -30.2013 199.733 265.431 -13 33 1 0 1
-15.2579 -2.70107 70150 20.5813 -13.2106 201.017 266.762 -13 33 1 0 1
4.10265 -30.7361 70500 -4.99419 -19.4273 201.504 268.086 -13 33 1 0 1
-10.5186 -53.9474 70850 1.22684 -11.9925 202.14 269.407 -13 33 1 0 1
28.074 -61.4233 71200 31.1723 18.0782 199.267 270.736 -13 33 1 0 1
38.1159 -21.0842 71550 -13.5217 12.1473 201.682 272.066 -13 33 1 0 1
3.90503 -21.6552 67700 -12.5846 -37.3923 162.91 273.074 -13 34 1 0 1
-50.8304 -63.466 68050 -16.404 -17.1558 165.93 274.483 -13 34 1 0 1
-1.67695 -112.265 68400 56.4432 7.82119 157.636 275.909 -13 34 1 0 1
30.1536 -37.8718 68750 -22.6783 28.78 163.565 277.346 -13 34 1 0 1
0.243131 29.668 69100 14.5856 33.6712 163.554 278.76 -13 34 1 0 1
51.9125 64.9949 69450 13.1871 15.7616 166.355 280.164 -13 34 1 0 1
-0.372885 107.499 69800 -54.0321 -11.4108 158.261 281.587 -13 34 1 0 1
-25.7362 30.685 70150 23.8311 -29.745 163.229 283.022 -13 34 1 0 1
-1.17985 -40.4071 70500 -20.1975 -32.7678 163.14 284.439 -13 34 1 0 1
-57.5221 -69.3374 70850 -12.1163 -13.8605 166.605 285.844 -13 34 1 0 1
-2.09421 -109.445 71200 54.4496 13.1495 157.983 287.267 -13 34 1 0 1
19.4138 -28.9606 71550 -26.6163 31.9508 162.379 288.706 -13 34 1 0 1
46.8264 19.5747 67700 10.2321 -23.9766 173.712 264.574 -13 35 1 0 1
33.9466 -8.8177 68050 -10.5721 2.37517 175.322 265.944 -13 35 1 0 1
10.5902 3.58799 68400 -15.0559 -0.044351 175.01 267.311 -13 35 1 0 1
-8.86785 -15.6336 68750 -7.2281 -12.2652 175.079 268.678 -13 35 1 0 1
-37.8515 -18.0961 69100 -13.6799 15.5643 174.43 270.047 -13 35 1 0 1
-38.1253 4.1893 69450 4.66102 -2.46136 175.578 271.414 -13 35 1 0 1
-19.1372 -15.7094 69800 18.7475 -5.61597 174.563 272.781 -13 35 1 0 1
7.88881 0.25927 70150 6.93224 12.6604 175.063 274.15 -13 35 1 0 1
28.759 8.11456 70500 10.3598 -8.68054 175.136 275.517 -13 35 1 0 1
33.3705 -4.91061 70850 -0.08934 3.30519 175.626 276.881 -13 35 1 0 1
21.4345 18.4282 71200 -17.964 9.35484 174.485 278.248 -13 35 1 0 1
-8.3876 7.98018 71550 -7.79535 -10.7016 175.157 279.617 -13 35 1 0 1
16.1154 12.0295 67700 26.7727 3.09689 195.661 257.963 -13 36 1 0 1
55.0364 -0.689678 68050 17.6764 -1.1218 196.712 259.297 -13 36 1 0 1
68.2502 40.052 68400 -17.928 34.3894 193.663 260.636 -13 36 1 0 1
29.9785 53.4247 68750 -5.46325 -13.759 196.952 261.974 -13 36 1 0 1
27.9932 10.8254 69100 -14.1663 -27.2935 195.1 263.308 -13 36 1 0 1
-17.8886 -7.22183 69450 -26.9482 -1.02742 195.658 264.647 -13 36 1 0 1
-47.5149 -39.982 69800 5.72124 -32.3301 194.76 265.985 -13 36 1 0 1
-26.4216 -69.0181 70150 -2.81381 -1.65853 197.481 267.319 -13 36 1 0 1
-58.5317 -38.8922 70500 -9.96339 38.8563 193.392 268.657 -13 36 1 0 1
-29.9326 4.59433 70850 25.5403 3.67642 195.815 270 -13 36 1 0 1
7.60021 17.4958 71200 10.981 18.9167 196.293 271.333 -13 36 1 0 1
11.8441 53.5046 71550 7.6969 17.6563 196.567 272.665 -13 36 1 0 1
13.7273 6.29149 67700 10.9562 -9.82385 194.231 257.178 -13 37 1 0 1
20.3941 -12.1772 68050 2.24307 -4.97851 194.711 258.508 -13 37 1 0 1
29.4091 -4.28725 68400 1.44532 12.5212 194.379 259.838 -13 37 1 0 1
21.8275 5.63793 68750 -4.16986 -4.10849 194.7 261.167 -13 37 1 0 1
9.76232 -8.94192 69100 -12.6624 -5.29743 194.303 262.498 -13 37 1 0 1
-9.52797 -3.80034 69450 -7.05381 5.06886 194.594 263.828 -13 37 1 0 1
-19.9475 -7.1447 69800 -1.73445 -8.62942 194.589 265.158 -13 37 1 0 1
-18.5377 -16.2137 70150 -2.2319 0.88728 194.773 266.486 -13 37 1 0 1
-24.8267 -0.111915 70500 2.90695 14.617 194.217 267.817 -13 37 1 0 1
-10.1451 10.7967 70850 6.72377 -1.85441 194.663 269.147 -13 37 1 0 1
-2.19372 7.05431 71200 3.61471 0.156191 194.754 270.476 -13 37 1 0 1
4.19854 12.3653 71550 5.32105 4.0914 194.672 271.804 -13 37 1 0 1
9.08176 -53.7183 67700 -22.5726 11.6406 200.815 257.733 -13 38 1 0 1
5.15561 -18.0789 68050 15.2818 21.408 200.698 259.06 -13 38 1 0 1
16.3078 32.1218 68400 -16.1656 30.6074 199.433 260.393 -13 38 1 0 1
-20.5803 58.4881 68750 -9.15902 9.90489 201.965 261.722 -13 38 1 0 1
7.19086 74.9495 69100 33.0071 -7.35164 199.57 263.048 -13 38 1 0 1
24.2289 42.0677 69450 -14.1982 -14.4301 201.4 264.377 -13 38 1 0 1
-8.46801 10.3846 69800 -8.59743 -29.5797 200.057 265.706 -13 38 1 0 1
6.80897 -36.353 70150 11.1155 -22.9603 200.801 267.036 -13 38 1 0 1
-16.3608 -72.4031 70500 -36.116 -3.33877 199.139 268.368 -13 38 1 0 1
-48.9525 -54.9594 70850 4.44707 2.86398 202.346 269.695 -13 38 1 0 1
-8.88211 -56.4162 71200 31.6134 14.6539 199.393 271.023 -13 38 1 0 1
4.3511 -8.71034 71550 -10.93 27.8434 200.193 272.356 -13 38 1 0 1
-54.5228 0.981114 67700 -0.0924445 25.4452 179.868 263.092 -13 39 1 0 1
-32.0278 20.8491 68050 9.59039 -7.24286 181.261 264.45 -13 39 1 0 1
-11.126 -1.19953 68400 18.1424 -5.28356 180.674 265.806 -13 39 1 0 1
21.0244 13.2745 68750 15.4198 10.4543 180.702 267.164 -13 39 1 0 1
55.3525 -1.96645 69100 6.58324 -28.1774 179.34 268.526 -13 39 1 0 1
40.9496 -32.7098 69450 -4.87061 2.108 181.582 269.886 -13 39 1 0 1
36.2995 -6.05427 69800 -12.2682 17.0759 180.438 271.241 -13 39 1 0 1
1.08816 -6.98306 70150 -18.3022 -12.384 180.31 272.6 -13 39 1 0 1
-43.3656 -5.01767 70500 -17.9928 23.1204 179.281 273.965 -13 39 1 0 1
-48.7364 32.9498 70850 -2.56247 4.70568 181.58 275.325 -13 39 1 0 1
-60.4177 4.13621 71200 7.21294 -27.589 179.407 276.684 -13 39 1 0 1
-25.263 -7.51806 71550 16.5323 13.9642 180.366 278.046 -13 39 1 0 1
37.379 35.6223 67700 32.0132 -20.9601 177.47 262.842 -13 40 1 0 1
54.4101 -12.5559 68050 -1.81399 -10.06 181.26 264.21 -13 40 1 0 1
53.4456 1.58494 68400 -8.58449 15.8231 180.654 265.564 -13 40 1 0 1
30.1954 -1.48478 68750 -8.92708 -18.2969 180.403 266.92 -13 40 1 0 1
-11.017 -34.848 69100 -34.4024 1.77482 178.25 268.289 -13 40 1 0 1
-49.0205 -4.19114 69450 -7.47809 9.92065 181.123 269.655 -13 40 1 0 1
-54.1002 -20.9228 69800 10.6299 -18.0257 180.338 271.01 -13 40 1 0 1
-31.3657 -20.8901 70150 2.77391 16.1464 180.808 272.367 -13 40 1 0 1
-13.0081 21.8515 70500 26.0365 14.557 179.081 273.731 -13 40 1 0 1
31.1619 14.4814 70850 13.6564 -6.93179 180.901 275.095 -13 40 1 0 1
41.7356 29.6254 71200 -8.75839 15.9959 180.63 276.449 -13 40 1 0 1
24.8186 33.118 71550 1.97026 -10.2681 181.247 277.804 -13 40 1 0 1
6.70398 31.1698 67700 33.4527 -15.3563 202.952 254.87 -13 41 1 0 1
32.4877 -13.2997 68050 5.0559 -21.5738 205.069 256.198 -13 41 1 0 1
56.4162 -20.9604 68400 15.9705 15.1694 205.084 257.515 -13 41 1 0 1
63.9102 -4.97666 68750 -0.680672 -9.33358 206.051 258.83 -13 41 1 0 1
38.4773 -46.1595 69100 -37.2533 -18.1748 202.055 260.157 -13 41 1 0 1
-11.9852 -32.3885 69450 -12.4433 18.2584 205.076 261.487 -13 41 1 0 1
-26.6473 -16.112 69800 -8.56943 -0.190202 206.085 262.802 -13 41 1 0 1
-45.0008 -17.187 70150 -16.225 6.96042 205.506 264.115 -13 41 1 0 1
-60.0105 30.5972 70500 16.1855 38.9497 201.904 265.444 -13 41 1 0 1
-18.8504 54.829 70850 11.3537 -4.76767 205.895 266.772 -13 41 1 0 1
-20.5969 36.9998 71200 -1.09014 -15.7831 205.655 268.086 -13 41 1 0 1
-0.0706385 23.2548 71550 22.4054 0.0124381 205.043 269.402 -13 41 1 0 1
-90.7496 13.331 67700 16.1051 46.7581 184.368 262.176 -13 42 1 0 1
-31.4065 35.945 68050 23.7224 -17.0583 188.636 263.541 -13 42 1 0 1
10.6355 9.61259 68400 26.81 1.79623 188.985 264.889 -13 42 1 0 1
52.7338 34.8607 68750 25.2298 9.77778 188.958 266.237 -13 42 1 0 1
101.037 -12.0513 69100 -2.52805 -55.8625 182.511 267.607 -13 42 1 0 1
52.7279 -57.1179 69450 -17.795 9.45608 189.819 268.975 -13 42 1 0 1
31.8586 -20.8549 69800 -20.2718 17.5655 188.992 270.32 -13 42 1 0 1
-19.0615 -27.2011 70150 -31.9417 -14.1239 187.663 271.671 -13 42 1 0 1
-88.0371 0.475099 70500 -17.4385 51.2262 183.055 273.044 -13 42 1 0 1
-69.4211 62.0116 70850 6.70187 2.55037 190.751 274.408 -13 42 1 0 1
-74.1542 22.2308 71200 11.655 -35.2978 187.231 275.755 -13 42 1 0 1
-21.9309 9.19778 71550 31.423 17.8006 187.438 277.111 -13 42 1 0 1
50.0783 -12.7536 67700 2.98462 -41.9157 197.762 256.681 -13 43 1 0 1
25.8934 -58.7622 68050 -7.60006 -9.0353 201.832 258.015 -13 43 1 0 1
44.5392 -51.6129 68400 14.3721 21.3894 200.528 259.337 -13 43 1 0 1
34.1077 -26.1177 68750 -20.4787 -1.33645 201.133 260.661 -13 43 1 0 1
-15.6564 -20.9868 69100 -26.773 21.8705 199.2 261.993 -13 43 1 0 1
-29.1424 25.4997 69450 -1.00429 19.4145 201.241 263.325 -13 43 1 0 1
-51.7701 31.7714 69800 -16.2623 -15.9177 200.893 264.647 -13 43 1 0 1
-54.5596 12.6213 70150 7.04535 6.16192 201.961 265.969 -13 43 1 0 1
-21.5911 37.6444 70500 32.6429 4.08614 199.483 267.297 -13 43 1 0 1
13.982 11.6371 70850 6.6021 -19.914 201.086 268.627 -13 43 1 0 1
30.6764 -6.77385 71200 13.325 1.90155 201.729 269.948 -13 43 1 0 1
46.8097 -1.98468 71550 7.24526 -6.69134 201.937 271.267 -13 43 1 0 1
-9.54745 -35.908 67700 -18.3132 -41.2436 202.779 260.763 -13 44 1 0 1
-58.0235 -82.2618 68050 -15.4046 -29.1556 205.105 262.098 -13 44 1 0 1
1.27541 -141.011 68400 76.8443 2.34175 192.99 263.462 -13 44 1 0 1
58.5128 -75.927 68750 -15.5654 31.594 204.732 264.829 -13 44 1 0 1
15.1414 -29.4309 69100 -14.4511 37.0974 203.889 266.161 -13 44 1 0 1
35.3951 36.1476 69450 20.8851 39.9341 202.792 267.498 -13 44 1 0 1
4.31003 116.446 69800 -64.2111 22.5416 196.277 268.86 -13 44 1 0 1
-66.0449 94.6609 70150 -0.205286 -11.3895 207.427 270.209 -13 44 1 0 1
-17.3885 87.2807 70500 39.8807 -22.7242 202.605 271.535 -13 44 1 0 1
-10.1934 22.4872 70850 -24.4575 -39.1396 202.548 272.875 -13 44 1 0 1
-20.1201 -62.6942 71200 33.9645 -46.5918 199.578 274.23 -13 44 1 0 1
45.1987 -94.9268 71550 15.2087 -12.1339 206.826 275.571 -13 44 1 0 1
23.2632 7.46802 67700 7.32278 -14.4949 190.422 258.312 -13 45 1 0 1
20.4602 -11.6397 68050 -2.85064 -2.07601 191.08 259.649 -13 45 1 0 1
19.261 -4.12657 68400 -2.93213 7.22431 190.954 260.983 -13 45 1 0 1
9.34182 -2.54307 68750 -5.47321 -5.34185 190.96 262.318 -13 45 1 0 1
-6.80861 -9.83962 69100 -11.3043 2.75202 190.758 263.654 -13 45 1 0 1
-17.787 0.650336 69450 -2.6698 2.57221 191.077 264.989 -13 45 1 0 1
-19.7356 -7.49682 69800 4.14039 -8.23099 190.891 266.324 -13 45 1 0 1
-10.149 -10.7782 70150 1.86197 3.90307 191.064 267.659 -13 45 1 0 1
-7.24995 0.873541 70500 5.10026 6.1728 190.945 268.994 -13 45 1 0 1
3.99109 3.32976 70850 4.92861 -0.844065 191.047 270.329 -13 45 1 0 1
8.56303 8.0065 71200 -1.67128 5.1316 191.037 271.663 -13 45 1 0 1
3.81104 12.4294 71550 0.0459717 0.235399 191.113 272.998 -13 45 1 0 1
-21.3661 32.4596 67700 -1.71824 32.7482 213.365 255.491 -13 46 1 0 1
-8.64919 74.123 68050 -2.82899 18.6731 215.043 256.802 -13 46 1 0 1
-57.4347 77.3852 68400 -37.8415 -29.5735 210.46 258.12 -13 46 1 0 1
-64.1213 29.5261 68750 20.1546 -7.86096 214.784 259.438 -13 46 1 0 1
-16.1392 25.0481 69100 31.2903 -16.8642 212.924 260.751 -13 46 1 0 1
5.6992 -25.9217 69450 4.64966 -34.678 213.016 262.068 -13 46 1 0 1
48.9653 -62.0836 69800 43.5915 5.92834 211.34 263.39 -13 46 1 0 1
86.8504 -38.9396 70150 2.98974 -3.7907 215.817 264.703 -13 46 1 0 1
50.5624 -76.4107 70500 -50.3271 -12.8891 209.526 266.022 -13 46 1 0 1
-2.97972 -42.8526 70850 -5.97405 33.9999 213.093 267.35 -13 46 1 0 1
-17.9348 6.68073 71200 -24.4274 19.9988 213.55 268.665 -13 46 1 0 1
-65.8416 21.5795 71550 -26.5047 14.8715 213.721 269.978 -13 46 1 0 1
5.44723 27.3457 67700 8.9113 -25.2972 196.827 257.862 -13 47 1 0 1
-11.2715 -12.3812 68050 -16.9936 -18.5771 197.044 259.196 -13 47 1 0 1
-10.014 -55.4474 68400 25.4631 -19.3942 196.05 260.531 -13 47 1 0 1
25.9975 -60.3789 68750 1.9676 -0.753586 198.635 261.863 -13 47 1 0 1
-6.17241 -61.3432 69100 -27.1109 14.5016 196.252 263.193 -13 47 1 0 1
-12.7447 -23.763 69450 15.7426 16.224 197.355 264.526 -13 47 1 0 1
9.71717 11.9578 69800 -2.58344 25.648 196.966 265.859 -13 47 1 0 1
-12.2063 42.866 70150 -8.06112 13.4012 198.029 267.19 -13 47 1 0 1
10.2468 64.3218 70500 28.5398 -2.32651 196.571 268.52 -13 47 1 0 1
27.9001 43.55 70850 -11.0855 -6.2487 198.238 269.85 -13 47 1 0 1
-10.0987 27.84 71200 -19.2216 -23.2319 196.344 271.182 -13 47 1 0 1
-9.81558 -16.3939 71550 8.4345 -19.3966 197.517 272.517 -13 47 1 0 1
-18.5293 4.11259 67700 -11.4461 -7.91535 209.319 255.273 -13 48 1 0 1
-41.9269 -2.40576 68050 -14.7077 -9.08518 209.067 256.584 -13 48 1 0 1
-43.9351 -44.5237 68400 23.7345 -28.3621 206.495 257.904 -13 48 1 0 1
-3.41677 -53.4282 68750 8.42871 7.85359 209.464 259.223 -13 48 1 0 1
-8.61004 -36.9718 69100 -3.54576 13.9447 209.287 260.532 -13 48 1 0 1
8.05834 -20.6046 69450 20.973 5.35481 208.661 261.843 -13 48 1 0 1
40.2845 10.7719 69800 3.05839 33.1433 207.124 263.163 -13 48 1 0 1
23.2817 46.447 70150 -5.68324 7.43683 209.572 264.48 -13 48 1 0 1
36.3378 40.7566 70500 9.76817 -16.2839 208.92 265.789 -13 48 1 0 1
25.8736 24.1395 70850 -18.4166 2.96986 208.95 267.1 -13 48 1 0 1
-19.0176 20.3243 71200 -26.1477 -20.4064 207.142 268.42 -13 48 1 0 1
-34.5673 -21.0764 71550 -3.06036 -16.6663 209.096 269.738 -13 48 1 0 1
-18.0773 25.3138 67700 12.5982 5.86529 201.489 255.475 -13 49 1 0 1
-3.47307 19.6229 68050 0.0582362 -7.87839 201.813 256.795 -13 49 1 0 1
-4.37644 2.99169 68400 5.05434 -9.82608 201.665 258.114 -13 49 1 0 1
12.5548 -4.8562 68750 10.6042 -2.91105 201.668 259.434 -13 49 1 0 1
20.1732 -23.2166 69100 -6.98306 -14.7266 201.309 260.754 -13 49 1 0 1
6.46143 -34.2527 69450 0.293183 -0.749165 201.966 262.074 -13 49 1 0 1
21.7935 -24.9912 69800 8.05872 14.6004 201.278 263.394 -13 49 1 0 1
14.2501 -6.83715 70150 -11.7265 2.17896 201.615 264.714 -13 49 1 0 1
-7.59155 1.22418 70500 -8.87228 12.4361 201.389 266.035 -13 49 1 0 1
-11.441 24.2616 70850 -3.12471 10.4559 201.672 267.356 -13 49 1 0 1
-33.8048 25.7884 71200 -15.0669 -13.5556 200.948 268.677 -13 49 1 0 1
-38.3149 6.70521 71550 4.65057 1.16031 201.91 269.998 -13 49 1 0 1
90.4027 -39.5158 67700 -8.77536 -50.2723 211.981 254.366 -13 50 1 0 1
56.9595 -74.2756 68050 -4.73878 8.22676 217.831 255.681 -13 50 1 0 1
65.7362 -25.54 68400 -9.73865 44.0865 213.312 256.993 -13 50 1 0 1
16.103 6.20913 68750 -35.2716 -2.66475 215.149 258.313 -13 50 1 0 1
-33.8264 19.7675 69100 -18.3155 27.6295 215.503 259.626 -13 50 1 0 1
-45.1097 60.8416 69450 -13.482 13.63 217.193 260.934 -13 50 1 0 1
-90.7156 34.9451 69800 -17.6295 -48.8923 211.752 262.252 -13 50 1 0 1
-71.0189 -16.2432 70150 20.6386 -0.563003 217.058 263.571 -13 50 1 0 1
-37.1285 2.25513 70500 27.2378 6.51785 216.231 264.877 -13 50 1 0 1
0.91847 -19.264 70850 20.5622 -24.1257 215.721 266.186 -13 50 1 0 1
54.3384 -31.7275 71200 36.0424 22.0439 213.905 267.502 -13 50 1 0 1
78.905 8.32086 71550 5.3079 6.18505 217.885 268.814 -13 50 1 0 1
-10.846 -10.8357 67700 -5.83887 -0.557746 192.812 258.115 -13 51 1 0 1
-16.1718 -9.84325 68050 0.715631 -2.80989 192.879 259.446 -13 51 1 0 1
-3.28912 -17.943 68400 12.9529 0.812275 192.464 260.779 -13 51 1 0 1
9.73048 -4.88135 68750 1.57543 7.37562 192.754 262.112 -13 51 1 0 1
14.2034 0.138962 69100 3.08729 -2.02836 192.866 263.444 -13 51 1 0 1
17.8303 -2.11664 69450 2.28328 2.77642 192.868 264.775 -13 51 1 0 1
15.2711 12.0821 69800 -9.03625 7.57093 192.541 266.108 -13 51 1 0 1
-0.0533622 9.71785 70150 -4.125 -6.11097 192.76 267.44 -13 51 1 0 1
-7.73648 2.44767 70500 -5.7655 0.103086 192.815 268.772 -13 51 1 0 1
-18.2092 5.91585 70850 -6.88427 -0.377682 192.778 270.104 -13 51 1 0 1
-26.7755 -10.6269 71200 4.18839 -14.5492 192.306 271.438 -13 51 1 0 1
-13.386 -19.1774 71550 2.81304 4.0994 192.837 272.771 -13 51 1 0 1
42.0278 -42.8538 67700 -10.5572 -20.9725 177.396 264.589 -13 52 1 0 1
23.2506 -50.8956 68050 6.06731 8.66806 178.63 265.95 -13 52 1 0 1
42.2943 -4.39737 68400 -8.12092 34.8111 175.336 267.323 -13 52 1 0 1
-3.99789 24.3928 68750 -21.66 0.106607 177.627 268.699 -13 52 1 0 1
-22.7216 41.1736 69100 6.09091 13.8834 178.3 270.06 -13 52 1 0 1
-14.9112 49.6051 69450 -9.74172 -2.53308 178.66 271.418 -13 52 1 0 1
-46.9123 12.5587 69800 -1.24666 -36.5801 175.16 272.79 -13 52 1 0 1
-9.32925 -27.2707 70150 20.2171 -4.03044 177.752 274.167 -13 52 1 0 1
4.94712 -41.5923 70500 -6.46948 -8.66719 178.616 275.526 -13 52 1 0 1
-0.135943 -48.7205 70850 10.3106 -2.78246 178.624 276.883 -13 52 1 0 1
41.644 -27.3375 71200 13.0475 32.7144 175.443 278.255 -13 52 1 0 1
19.2344 19.6139 71550 -18.3561 8.73591 177.785 279.629 -13 52 1 0 1
8.34545 41.3446 67700 30.4684 -0.0230824 177.779 262.726 -13 53 1 0 1
40.9664 16.2666 68050 3.17812 -8.02406 180.164 264.09 -13 53 1 0 1
34.9573 23.7369 68400 -11.3156 6.19845 179.909 265.445 -13 53 1 0 1
23.5513 11.5471 68750 3.32809 -16.2781 179.604 266.801 -13 53 1 0 1
10.8762 -31.9621 69100 -25.7121 -15.8628 177.822 268.168 -13 53 1 0 1
-31.9518 -28.6868 69450 -10.0921 3.70225 180.05 269.533 -13 53 1 0 1
-27.353 -41.9947 69800 15.7135 -6.99362 179.549 270.889 -13 53 1 0 1
-13.4884 -31.0912 70150 -7.50155 12.3871 179.788 272.245 -13 53 1 0 1
-24.2555 10.8701 70500 11.4176 26.0333 178.116 273.61 -13 53 1 0 1
13.096 30.8378 70850 13.4191 2.395 179.855 274.975 -13 53 1 0 1
10.8494 46.1588 71200 -15.3689 5.22658 179.639 276.331 -13 53 1 0 1
-1.58267 38.618 71550 8.5957 -5.43751 180.084 277.687 -13 53 1 0 1
45.6182 6.76794 67700 -14.0003 -25.9978 203.399 256.316 -13 54 1 0 1
6.09357 -3.08968 68050 -22.6632 9.28696 204.066 257.64 -13 54 1 0 1
-32.4571 -4.7466 68400 -16.5379 -18.2796 204.047 258.962 -13 54 1 0 1
-42.8016 -33.9396 68750 -7.49598 -6.24069 205.299 260.281 -13 54 1 0 1
-63.7597 -9.88957 69100 -0.817 31.013 203.176 261.601 -13 54 1 0 1
-39.7402 12.7837 69450 15.1388 -8.20486 204.808 262.923 -13 54 1 0 1
-8.7821 -7.96059 69800 24.863 -3.0529 203.999 264.244 -13 54 1 0 1
25.2198 9.30867 70150 15.9662 11.7935 204.57 265.565 -13 54 1 0 1
54.8501 -0.767584 70500 8.29643 -24.4393 203.904 266.885 -13 54 1 0 1
48.6728 -24.5111 70850 -2.45682 4.18262 205.474 268.203 -13 54 1 0 1
41.2782 7.30016 71200 -18.4132 21.9823 203.521 269.522 -13 54 1 0 1
1.45282 11.4477 71550 -19.1124 -10.0322 204.394 270.845 -13 54 1 0 1
-120.263 -66.7141 67700 -53.6985 50.8991 183.883 267.889 -13 55 1 0 1
-127.727 12.0932 68050 16.4865 -1.16913 197.52 269.263 -13 55 1 0 1
-74.3861 -38.1253 68400 55.9326 -17.5817 189.341 270.62 -13 55 1 0 1
6.19642 11.2906 68750 27.9592 47.9067 190.291 272 -13 55 1 0 1
95.6816 46.9365 69100 56.234 -33.4378 187.102 273.386 -13 55 1 0 1
132.474 -20.0944 69450 5.5797 -2.57643 198.115 274.749 -13 55 1 0 1
114.931 50.3931 69800 -51.5343 44.4167 186.169 276.113 -13 55 1 0 1
23.2062 26.4622 70150 -27.8664 -48.4477 190.168 277.501 -13 55 1 0 1
-56.7204 -35.3973 70500 -61.3424 8.02612 188.309 278.887 -13 55 1 0 1
-129.078 13.4806 70850 -27.5565 6.28763 196.185 280.255 -13 55 1 0 1
-141.486 -71.8624 71200 50.3854 -63.7026 180.806 281.642 -13 55 1 0 1
-42.0237 -62.8688 71550 22.2562 50.3505 190.413 283.045 -13 55 1 0 1
84.9076 -45.059 67700 -27.956 -31.906 198.093 259.397 -13 56 1 0 1
38.3642 -40.3416 68050 -8.53142 28.9197 200.328 260.733 -13 56 1 0 1
11.6531 20.9961 68400 -36.9853 24.1414 197.711 262.075 -13 56 1 0 1
-53.1666 21.2396 68750 -27.6683 -3.10552 200.662 263.416 -13 56 1 0 1
-71.5639 59.424 69100 18.8987 33.9569 198.822 264.749 -13 56 1 0 1
-38.6842 70.1253 69450 -2.62941 -16.2362 201.915 266.078 -13 56 1 0 1
-51.4794 9.3181 69800 14.5096 -45.8812 196.786 267.418 -13 56 1 0 1
8.41535 -27.3107 70150 33.6829 -3.65509 199.731 268.765 -13 56 1 0 1
37.3081 -58.3363 70500 -8.45483 -28.0639 200.453 270.095 -13 56 1 0 1
20.8817 -81.6819 70850 9.89819 -2.08462 202.331 271.418 -13 56 1 0 1
68.7322 -45.6385 71200 15.7008 50.0892 195.665 272.76 -13 56 1 0 1
35.5815 14.8072 71550 -30.9473 9.93302 199.96 274.109 -13 56 1 0 1
60.0371 114.057 67700 50.8142 -74.6226 146.044 284.919 -13 57 1 0 1
-8.49924 -32.4325 68050 -61.9999 -33.9696 156.466 286.474 -13 57 1 0 1
-35.2469 -156.136 68400 65.8748 -44.3495 152.227 287.979 -13 57 1 0 1
50.3897 -129.061 68750 -18.9135 19.6969 169.51 289.433 -13 57 1 0 1
-39.3229 -55.4062 69100 -16.5996 69.8964 155.944 290.89 -13 57 1 0 1
42.0261 51.9311 69450 50.3694 29.9148 161.392 292.377 -13 57 1 0 1
33.1802 162.055 69800 -75.5256 25.5038 152.069 293.862 -13 57 1 0 1
-38.1208 96.6698 70150 26.7016 -34.6698 166.026 295.328 -13 57 1 0 1
22.9148 -2.66386 70500 -10.4372 -62.6357 159.522 296.782 -13 57 1 0 1
-68.1475 -76.9043 70850 -37.7307 -24.1164 165.754 298.237 -13 57 1 0 1
-24.4225 -164.973 71200 80.2682 -2.8173 151.752 299.706 -13 57 1 0 1
22.4096 -65.2117 71550 -37.4651 45.0016 161.403 301.191 -13 57 1 0 1
81.6533 32.0742 67700 45.8846 -44.5025 195.086 258.81 -13 58 1 0 1
101.303 -41.8021 68050 2.23175 -12.4105 204.903 260.161 -13 58 1 0 1
110.071 0.793879 68400 -17.2282 45.4381 199.456 261.491 -13 58 1 0 1
54.741 14.0668 68750 -26.9627 -28.035 201.572 262.83 -13 58 1 0 1
-13.4458 -31.8147 69100 -54.3267 1.59512 197.966 264.182 -13 58 1 0 1
-79.2007 9.86173 69450 -25.8046 17.2051 202.935 265.53 -13 58 1 0 1
-114.64 -28.4805 69800 7.90978 -51.2432 198.635 266.868 -13 58 1 0 1
-75.0111 -57.888 70150 9.65128 20.1736 204.069 268.203 -13 58 1 0 1
-53.8342 10.8616 70500 38.0478 37.9844 198.126 269.547 -13 58 1 0 1
24.7556 16.096 70850 37.4971 -13.6971 201.372 270.898 -13 58 1 0 1
74.7749 36.3633 71200 7.65284 38.1591 201.568 272.232 -13 58 1 0 1
67.7896 75.1014 71550 9.19625 -1.32912 205.081 273.557 -13 58 1 0 1
57.0494 -35.299 67700 -48.6998 -4.15777 201.522 262.052 -13 59 1 0 1
0.503805 15.9632 68050 -18.2818 45.5534 201.471 263.399 -13 59 1 0 1
-70.8313 61.0006 68400 -56.9866 -16.5459 198.693 264.756 -13 59 1 0 1
-118.621 15.0181 68750 -7.39679 -1.03461 207.23 266.096 -13 59 1 0 1
-92.6344 70.5429 69100 52.3727 31.2114 198.199 267.435 -13 59 1 0 1
-20.9409 41.4841 69450 14.3323 -44.4985 202.026 268.789 -13 59 1 0 1
22.3613 -28.9812 69800 48.3835 -18.1174 200.825 270.139 -13 59 1 0 1
97.0916 -23.0576 70150 32.1405 -4.8241 204.802 271.481 -13 59 1 0 1
100.1 -97.1858 70500 -50.43 -49.6096 194.925 272.836 -13 59 1 0 1
23.2948 -91.7423 70850 -7.75547 34.1421 204.388 274.194 -13 59 1 0 1
20.0052 -18.3543 71200 -23.4229 42.922 201.517 275.534 -13 59 1 0 1
-53.9077 15.9154 71550 -46.0289 12.5376 201.803 276.882 -13 59 1 0 1
-57.2754 -64.1597 67700 -41.8709 23.9066 197.792 258.974 -13 60 1 0 1
-77.0665 -15.653 68050 8.9583 6.94636 203.268 260.309 -13 60 1 0 1
-44.6124 -29.7908 68400 30.4794 -2.96745 201.267 261.633 -13 60 1 0 1
-10.2046 3.90435 68750 8.94927 31.6973 200.902 262.963 -13 60 1 0 1
33.7314 43.9471 69100 41.3485 -2.59418 199.323 264.301 -13 60 1 0 1
77.7772 16.9772 69450 10.9122 -3.56412 203.26 265.633 -13 60 1 0 1
69.5435 52.4007 69800 -30.2822 24.1705 199.863 266.96 -13 60 1 0 1
26.9421 40.4835 70150 -5.31689 -27.7932 201.607 268.292 -13 60 1 0 1
7.52784 -15.789 70500 -31.6936 -23.5019 199.723 269.628 -13 60 1 0 1
-52.6539 -20.2915 70850 -28.1231 -0.268922 201.632 270.964 -13 60 1 0 1
-70.2771 -63.8743 71200 21.0911 -36.2044 199.225 272.297 -13 60 1 0 1
-34.7522 -76.7131 71550 -2.8308 14.5356 203.044 273.626 -13 60 1 0 1
4.20731 7.42873 67700 5.42225 -1.16444 198.678 256.085 -13 61 1 0 1
9.67199 3.52615 68050 1.10315 -0.303328 198.753 257.408 -13 61 1 0 1
8.23645 8.14918 68400 -3.58864 3.06104 198.7 258.73 -13 61 1 0 1
4.53022 7.61296 68750 1.20673 -2.71171 198.734 260.052 -13 61 1 0 1
6.62831 -1.91546 69100 -2.44614 -7.22353 198.609 261.375 -13 61 1 0 1
-1.88668 -9.15576 69450 -3.75648 -2.36595 198.706 262.698 -13 61 1 0 1
-0.425205 -15.2371 69800 5.26564 -2.36954 198.672 264.021 -13 61 1 0 1
4.05956 -15.8535 70150 -2.61464 -0.943973 198.736 265.343 -13 61 1 0 1
-9.53804 -12.9354 70500 -8.41074 8.40729 198.4 266.666 -13 61 1 0 1
-11.7912 2.85727 70850 2.14141 5.40502 198.671 267.99 -13 61 1 0 1
-12.6602 6.49977 71200 -2.40364 -0.632058 198.74 269.313 -13 61 1 0 1
-14.9966 8.57601 71550 0.267906 5.65355 198.675 270.635 -13 61 1 0 1
1.45328 -6.994 67700 -23.7749 -12.4576 193.317 259.603 -13 62 1 0 1
-40.7183 -2.86532 68050 -19.5283 2.79171 194.172 260.941 -13 62 1 0 1
-58.8952 -34.5637 68400 11.98 -29.576 192.545 262.279 -13 62 1 0 1
-28.7166 -48.7793 68750 3.96801 10.3741 194.855 263.616 -13 62 1 0 1
-29.317 -12.6739 69100 11.0301 23.7829 193.403 264.952 -13 62 1 0 1
10.1847 0.40087 69450 24.0749 -3.10422 193.656 266.29 -13 62 1 0 1
44.8879 21.5169 69800 3.62984 27.4523 193.197 267.629 -13 62 1 0 1
34.6874 50.0248 70150 2.19987 0.935713 195.157 268.964 -13 62 1 0 1
52.7312 20.6083 70500 -0.957494 -31.2067 192.658 270.3 -13 62 1 0 1
18.8475 -4.60231 70850 -23.428 4.05242 193.718 271.64 -13 62 1 0 1
-21.64 -9.46663 71200 -16.0782 -17.916 193.682 272.978 -13 62 1 0 1
-33.684 -42.5518 71550 -10.0113 -10.4135 194.637 274.313 -13 62 1 0 1
31.9186 -87.9586 67700 -36.7214 -34.3083 204.164 257.561 -13 63 1 0 1
-16.8702 -98.7261 68050 1.87087 2.73223 210.232 258.887 -13 63 1 0 1
32.9235 -77.8651 68400 32.4504 38.9437 204.056 260.213 -13 63 1 0 1
24.6106 -11.7845 68750 -28.1315 24.8021 206.886 261.549 -13 63 1 0 1
-4.97755 35.6333 69100 5.67824 33.0999 207.559 262.875 -13 63 1 0 1
18.4574 76.0688 69450 2.11701 21.688 209.126 264.193 -13 63 1 0 1
-35.407 97.2879 69800 -51.1471 -20.2738 202.932 265.526 -13 63 1 0 1
-60.4063 42.3605 70150 16.3369 -17.6926 208.875 266.859 -13 63 1 0 1
-20.5299 23.1851 70500 20.5801 -20.7195 208.22 268.177 -13 63 1 0 1
-17.4652 -26.1218 70850 -6.42592 -33.7287 207.436 269.498 -13 63 1 0 1
16.1295 -79.5258 71200 47.9851 -9.25641 204.5 270.831 -13 63 1 0 1
65.2527 -61.4168 71550 2.35548 3.83515 210.21 272.157 -13 63 1 0 1
51.2313 5.29762 67700 7.83843 -25.0647 186.5 259.949 -13 64 1 0 1
41.1864 -20.7666 68050 -5.12514 3.43131 188.239 261.294 -13 64 1 0 1
30.2815 5.09765 68400 -15.8382 14.2352 187.132 262.638 -13 64 1 0 1
-1.57926 1.54616 68750 -13.3137 -11.1993 187.535 263.983 -13 64 1 0 1
-30.2345 -2.62895 69100 -13.2577 11.9573 187.492 265.328 -13 64 1 0 1
-39.2169 16.245 69450 -4.38015 -0.458441 188.289 266.669 -13 64 1 0 1
-42.4974 -12.574 69800 12.6604 -22.1666 186.602 268.014 -13 64 1 0 1
-10.1266 -20.695 70150 11.0858 8.55881 187.819 269.361 -13 64 1 0 1
5.99682 -8.27404 70500 9.16951 0.569192 188.116 270.702 -13 64 1 0 1
21.9787 -14.2965 70850 10.3908 -1.23208 188.049 272.042 -13 64 1 0 1
38.618 8.42565 71200 -3.83722 22.8714 186.907 273.387 -13 64 1 0 1
15.8053 26.7448 71550 -8.15866 -2.2403 188.15 274.732 -13 64 1 0 1
6.27296 52.0523 67700 32.0681 -0.751961 190.316 258.284 -13 65 1 0 1
36.1396 27.3696 68050 -0.447542 -9.25118 192.778 259.625 -13 65 1 0 1
22.5907 24.3987 68400 -11.1085 -3.17755 192.654 260.958 -13 65 1 0 1
19.7479 4.396 68750 7.17571 -16.9417 192.121 262.292 -13 65 1 0 1
11.873 -37.9257 69100 -24.5664 -18.4691 190.537 263.635 -13 65 1 0 1
-27.4033 -41.5764 69450 -8.03276 0.47518 192.832 264.976 -13 65 1 0 1
-12.6543 -51.5013 69800 20.4308 0.455201 191.915 266.31 -13 65 1 0 1
-1.36006 -32.4605 70150 -10.8842 12.252 192.303 267.646 -13 65 1 0 1
-21.7073 4.20433 70500 3.06549 28.1727 190.908 268.988 -13 65 1 0 1
4.79658 35.7816 70850 11.4416 9.81726 192.411 270.329 -13 65 1 0 1
-6.6144 53.8941 71200 -21.0469 0.862269 191.847 271.665 -13 65 1 0 1
-21.4517 42.2014 71550 8.88908 -2.28774 192.782 272.999 -13 65 1 0 1
-32.012 7.95287 67700 10.4185 16.6242 207.513 254.142 -13 66 1 0 1
-7.81042 14.1877 68050 10.9043 -5.97767 208.067 255.455 -13 66 1 0 1
7.89757 8.4207 68400 8.97491 2.81935 208.226 256.766 -13 66 1 0 1
21.9327 17.7488 68750 11.251 2.99012 208.113 258.076 -13 66 1 0 1
43.2727 -1.5553 69100 2.72579 -25.4483 206.861 259.391 -13 66 1 0 1
29.725 -26.9801 69450 -6.14857 -1.32996 208.343 260.706 -13 66 1 0 1
28.0362 -15.2518 69800 -3.76762 11.2515 208.1 262.016 -13 66 1 0 1
10.7054 -12.8154 70150 -14.2546 -8.09849 207.792 263.327 -13 66 1 0 1
-24.3049 -14.5427 70500 -21.2477 15.378 206.781 264.643 -13 66 1 0 1
-39.3322 15.9547 70850 -4.93444 9.48517 208.164 265.959 -13 66 1 0 1
-52.9112 4.23142 71200 -1.51765 -20.0332 207.468 267.271 -13 66 1 0 1
-41.3921 -7.79263 71550 6.49431 10.3116 208.082 268.583 -13 66 1 0 1
1.73998 24.5876 67700 22.8545 -35.9185 204.816 256.769 -13 67 1 0 1
-2.04262 -41.3093 68050 -9.40689 -35.4603 205.952 258.102 -13 67 1 0 1
34.0009 -88.9394 68400 49.055 -1.26714 203.357 259.436 -13 67 1 0 1
77.3747 -64.8897 68750 -3.19893 0.649281 209.169 260.762 -13 67 1 0 1
25.9985 -82.2825 69100 -49.6449 7.86031 203.066 262.09 -13 67 1 0 1
-9.07751 -28.0071 69450 7.20495 36.1722 205.917 263.427 -13 67 1 0 1
-13.4221 29.2658 69800 -24.7896 24.7156 206.245 264.754 -13 67 1 0 1
-59.7571 48.1139 70150 -17.5108 15.081 207.914 266.076 -13 67 1 0 1
-35.8981 99.4006 70500 49.6069 19.0087 202.337 267.409 -13 67 1 0 1
13.9261 78.5546 70850 -5.44757 -20.9346 208.073 268.74 -13 67 1 0 1
-16.0465 34.3668 71200 -7.77491 -38.0179 205.564 270.064 -13 67 1 0 1
12.5181 -17.1695 71550 26.2335 -22.726 206.295 271.393 -13 67 1 0 1
70.5127 58.1839 67700 56.7231 -19.2274 203.61 257.458 -13 68 1 0 1
118.295 10.5549 68050 9.83747 -2.51881 211.993 258.792 -13 68 1 0 1
100.956 67.2838 68400 -47.7252 38.3315 203.217 260.123 -13 68 1 0 1
31.7625 51.898 68750 -14.4062 -39.782 207.976 261.466 -13 68 1 0 1
-3.31778 -18.0686 69100 -43.6985 -25.7844 206.082 262.804 -13 68 1 0 1
-78.8635 -21.6638 69450 -36.9575 -3.92117 208.957 264.14 -13 68 1 0 1
-96.8388 -89.3323 69800 36.8592 -53.8414 201.957 265.483 -13 68 1 0 1
-35.326 -105.579 70150 2.87283 20.6031 211.214 266.82 -13 68 1 0 1
-55.368 -39.3962 70500 6.55702 55.0425 204.869 268.153 -13 68 1 0 1
6.24431 12.7366 70850 45.2866 11.1375 207.049 269.497 -13 68 1 0 1
51.8947 64.6473 71200 -7.45236 48.2337 206.548 270.832 -13 68 1 0 1
24.2994 112.432 71550 5.91335 12.2361 211.801 272.156 -13 68 1 0 1
-6.33117 -12.77 67700 30.3825 32.9142 203.506 260.355 -13 69 1 0 1
67.5231 6.23778 68050 45.1293 8.56944 203.251 261.696 -13 69 1 0 1
102.758 88.0849 68400 -33.3043 65.8991 194.857 263.064 -13 69 1 0 1
33.9169 119.25 68750 -5.59433 -15.5603 207.72 264.417 -13 69 1 0 1
60.2346 57.4587 69100 0.000286419 -56.8081 200.484 265.754 -13 69 1 0 1
-2.20992 -0.653088 69450 -50.8341 -11.98 201.726 267.109 -13 69 1 0 1
-62.3333 -62.009 69800 3.6447 -58.886 199.851 268.466 -13 69 1 0 1
-29.9284 -124.544 70150 -3.73308 -15.9013 207.736 269.806 -13 69 1 0 1
-100.312 -95.8863 70500 -36.4549 65.4682 194.438 271.16 -13 69 1 0 1
-66.6544 -11.3783 70850 46.8749 10.6807 202.755 272.53 -13 69 1 0 1
9.75426 14.8642 71200 28.4972 38.9951 202.703 273.876 -13 69 1 0 1
21.5353 91.4403 71550 11.1541 40.0379 204.19 275.218 -13 69 1 0 1
13.2046 12.6134 67700 -1.77242 7.03772 208.438 254.88 -13 70 1 0 1
14.0887 28.949 68050 -2.7621 14.0165 208.075 256.19 -13 70 1 0 1
-16.4292 46.4823 68400 -28.7762 -5.86552 206.487 257.507 -13 70 1 0 1
-37.433 23.0782 68750 2.84626 -7.11021 208.424 258.823 -13 70 1 0 1
-20.4226 22.0882 69100 14.433 -4.18858 208.023 260.134 -13 70 1 0 1
-11.3567 -0.920611 69450 -2.1125 -19.424 207.648 261.446 -13 70 1 0 1
4.15124 -35.1169 69800 25.017 -11.34 206.748 262.764 -13 70 1 0 1
37.1922 -34.8959 70150 7.5043 -2.32122 208.417 264.079 -13 70 1 0 1
20.9882 -52.9773 70500 -26.0389 -4.95589 206.874 265.393 -13 70 1 0 1
-2.72202 -35.2459 70850 3.23524 15.6289 207.953 266.709 -13 70 1 0 1
5.08345 -4.35762 71200 -5.38379 20.8608 207.449 268.023 -13 70 1 0 1
-20.588 19.1774 71550 -15.9931 12.0703 207.6 269.339 -13 70 1 0 1
68.4413 132.071 67700 68.3283 -46.2 182.74 263.046 -13 71 1 0 1
76.7827 32.6826 68050 -37.8515 -24.4391 195.364 264.442 -13 71 1 0 1
11.0874 -7.14576 68400 -19.6682 -38.1554 195.843 265.794 -13 71 1 0 1
16.174 -82.557 68750 1.23644 -43.7219 195.663 267.146 -13 71 1 0 1
-68.4227 -129.933 69100 -74.5873 29.6543 183.724 268.538 -13 71 1 0 1
-101.346 -48.1943 69450 25.3972 15.7083 198.256 269.92 -13 71 1 0 1
-31.372 -39.8296 69800 41.9475 23.2189 194.675 271.268 -13 71 1 0 1
-6.98606 37.1596 70150 -0.627587 49.1282 194.379 272.627 -13 71 1 0 1
56.3104 101.155 70500 65.5896 -7.3856 189.316 274.004 -13 71 1 0 1
109.329 54.4341 70850 -4.84799 -3.67643 200.4 275.361 -13 71 1 0 1
50.7041 82.7762 71200 -58.1155 -1.85649 191.876 276.71 -13 71 1 0 1
-0.552027 16.295 71550 0.510798 -48.5297 194.529 278.078 -13 71 1 0 1
109.349 22.8618 67700 11.1332 -61.2065 177.2 263.813 -13 72 1 0 1
62.12 -36.46 68050 -27.373 7.66681 185.64 265.198 -13 72 1 0 1
16.346 -11.4397 68400 -28.1495 1.39292 185.676 266.553 -13 72 1 0 1
-27.8838 -42.5417 68750 -24.8011 -21.0112 184.969 267.909 -13 72 1 0 1
-97.8207 -22.8601 69100 -21.8576 50.7889 179.479 269.289 -13 72 1 0 1
-76.0785 36.2728 69450 15.882 -3.73224 187.093 270.661 -13 72 1 0 1
-46.1388 -1.30942 69800 29.619 -17.0345 184.669 272.014 -13 72 1 0 1
10.012 16.8077 70150 26.1042 23.0654 184.545 273.376 -13 72 1 0 1
75.6627 15.3614 70500 26.6235 -36.3007 182.328 274.747 -13 72 1 0 1
76.8936 -36.7015 70850 -3.01572 -1.04086 187.776 276.106 -13 72 1 0 1
69.3639 6.69997 71200 -24.3993 30.4335 183.708 277.46 -13 72 1 0 1
9.99366 5.02402 71550 -25.8117 -22.1323 184.7 278.825 -13 72 1 0 1
24.2151 30.019 67700 22.5733 -21.6824 211.303 252.615 -13 73 1 0 1
31.6111 -7.52635 68050 -4.2377 -13.2266 213.156 253.927 -13 73 1 0 1
33.2506 -12.7953 68400 3.43915 4.47241 213.534 255.23 -13 73 1 0 1
33.5279 -14.2244 68750 -2.63688 -11.5465 213.28 256.533 -13 73 1 0 1
8.02017 -40.493 69100 -30.0274 -6.14203 211.398 257.844 -13 73 1 0 1
-25.1369 -26.6082 69450 -6.27716 9.23556 213.316 259.155 -13 73 1 0 1
-23.6668 -25.1294 69800 6.16794 -2.02352 213.51 260.457 -13 73 1 0 1
-22.5828 -18.6095 70150 -8.00403 10.262 213.211 261.761 -13 73 1 0 1
-29.916 15.4704 70500 10.5835 25.8429 211.775 263.071 -13 73 1 0 1
-2.7825 35.0081 70850 9.82545 2.46915 213.368 264.38 -13 73 1 0 1
-6.82959 37.6401 71200 -9.88773 -2.89102 213.36 265.683 -13 73 1 0 1
-8.15694 30.9104 71550 10.6436 -0.547625 213.342 266.987 -13 73 1 0 1
42.0145 17.2882 67700 25.4789 -14.878 193.433 258.171 -13 74 1 0 1
62.9478 -11.7825 68050 6.91448 -1.3389 195.543 259.506 -13 74 1 0 1
64.262 25.747 68400 -19.9555 29.0706 192.467 260.844 -13 74 1 0 1
22.7437 30.3245 68750 -11.6336 -17.35 194.552 262.185 -13 74 1 0 1
-0.487227 -3.05604 69100 -22.4192 -9.81826 194.133 263.521 -13 74 1 0 1
-40.3003 1.4677 69450 -19.94 1.68763 194.644 264.857 -13 74 1 0 1
-60.7393 -34.3253 69800 11.5351 -33.4881 192.438 266.197 -13 74 1 0 1
-28.9467 -55.1041 70150 4.11686 7.20167 195.494 267.535 -13 74 1 0 1
-36.182 -21.0441 70500 5.22796 27.4153 193.669 268.87 -13 74 1 0 1
-0.741647 1.11596 70850 23.9139 -0.0180926 194.203 270.208 -13 74 1 0 1
32.4739 22.1506 71200 3.4697 25.7159 193.942 271.545 -13 74 1 0 1
22.6844 53.8011 71550 2.34742 7.41101 195.516 272.879 -13 74 1 0 1
1.22721 6.15983 67700 8.20641 5.91756 183.84 260.787 -13 75 1 0 1
18.0691 8.33268 68050 6.82592 1.92902 183.981 262.135 -13 75 1 0 1
17.9363 24.9333 68400 -10.4084 9.3591 183.585 263.483 -13 75 1 0 1
4.00465 24.5474 68750 1.84535 -5.22257 184.035 264.831 -13 75 1 0 1
12.6801 5.60945 69100 -1.55658 -14.855 183.511 266.18 -13 75 1 0 1
-5.07059 -11.2677 69450 -10.1303 -4.71824 183.778 267.53 -13 75 1 0 1
-8.38526 -28.4326 69800 9.36717 -9.17354 183.65 268.878 -13 75 1 0 1
4.12154 -32.9771 70150 -3.19973 -0.72878 184.089 270.226 -13 75 1 0 1
-19.3362 -23.6952 70500 -11.5126 16.9809 182.971 271.576 -13 75 1 0 1
-14.0073 5.04149 70850 9.11299 7.68744 183.732 272.928 -13 75 1 0 1
-7.57948 17.4682 71200 -3.90539 5.68489 183.989 274.276 -13 75 1 0 1
-14.4381 26.5092 71550 1.6643 7.72303 183.948 275.623 -13 75 1 0 1
8.8183 -0.00211546 67700 -2.44565 -40.1796 195.681 259.976 -13 76 1 0 1
-28.53 -51.6844 68050 -19.3308 -24.4228 197.335 261.32 -13 76 1 0 1
-1.64486 -103.235 68400 49.866 -9.61015 193.216 262.668 -13 76 1 0 1
44.223 -76.7215 68750 -8.6283 12.2921 199.213 264.012 -13 76 1 0 1
-3.69561 -54.3718 69100 -26.5558 30.5312 195.637 265.349 -13 76 1 0 1
2.42717 6.86678 69450 20.3572 29.6686 196.511 266.694 -13 76 1 0 1
1.58733 65.6065 69800 -31.0784 24.7655 195.786 268.038 -13 76 1 0 1
-43.4909 75.4029 70150 -3.47133 5.79536 199.664 269.373 -13 76 1 0 1
2.34258 88.1909 70500 42.5573 -15.1456 194.604 270.711 -13 76 1 0 1
19.7172 35.3935 70850 -19.2102 -25.1132 197.26 272.056 -13 76 1 0 1
-7.65142 -16.0637 71200 5.03043 -34.7394 196.67 273.396 -13 76 1 0 1
23.5449 -58.8384 71550 11.2977 -20.4433 198.408 274.733 -13 76 1 0 1
-30.0145 5.40279 67700 25.215 25.0898 202.52 256.217 -13 77 1 0 1
23.4209 11.4971 68050 27.5395 -5.58693 203.691 257.547 -13 77 1 0 1
56.4252 34.9331 68400 0.667815 30.9676 203.274 258.872 -13 77 1 0 1
46.4944 63.3142 68750 7.25188 -1.35475 205.488 260.191 -13 77 1 0 1
73.7489 18.1754 69100 -1.81894 -47.6522 200.014 261.523 -13 77 1 0 1
29.5819 -23.7591 69450 -28.256 0.307791 203.669 262.861 -13 77 1 0 1
-5.78902 -28.4233 69800 -12.1227 -13.4017 204.825 264.181 -13 77 1 0 1
-20.875 -57.8143 70150 -17.6979 -15.6323 204.26 265.499 -13 77 1 0 1
-81.2335 -40.7467 70500 -28.1623 46.1479 198.386 266.84 -13 77 1 0 1
-73.3003 20.013 70850 15.2283 6.41029 204.955 268.179 -13 77 1 0 1
-50.6546 3.77985 71200 19.4117 -10.4132 204.437 269.497 -13 77 1 0 1
-17.5932 21.5327 71550 18.1987 26.2434 203.125 270.819 -13 77 1 0 1
-30.5482 -14.3498 67700 -9.19239 4.58875 205.517 255.423 -13 78 1 0 1
-36.2408 -9.88729 68050 0.979387 -7.05324 205.651 256.736 -13 78 1 0 1
-15.9006 -32.6779 68400 25.506 -6.37209 204.088 258.055 -13 78 1 0 1
14.9968 -17.5446 68750 7.10846 12.6537 205.262 259.375 -13 78 1 0 1
24.1077 -9.3512 69100 4.4979 -2.75627 205.706 260.689 -13 78 1 0 1
32.4567 -11.125 69450 8.2421 5.83862 205.526 262.001 -13 78 1 0 1
36.9783 20.1795 69800 -13.5767 22.8839 204.046 263.321 -13 78 1 0 1
7.32736 29.9231 70150 -9.66325 -6.10781 205.456 264.64 -13 78 1 0 1
0.107082 19.4816 70500 -4.29281 -4.50323 205.68 265.953 -13 78 1 0 1
-16.2632 18.1981 70850 -15.7142 -0.0799687 205.173 267.267 -13 78 1 0 1
-43.3662 -5.91252 71200 -3.47051 -28.3642 203.78 268.588 -13 78 1 0 1
-29.891 -34.6662 71550 4.50383 -2.10807 205.714 269.907 -13 78 1 0 1
45.6524 -7.404 67700 -17.9559 -25.078 186.933 260.815 -13 79 1 0 1
2.01065 -11.6763 68050 -18.2713 12.3188 188.175 262.165 -13 79 1 0 1
-30.463 -6.44711 68400 -13.5248 -12.4474 188.567 263.509 -13 79 1 0 1
-41.4594 -27.51 68750 -7.89993 -1.3834 189.291 264.85 -13 79 1 0 1
-56.2122 4.37886 69100 8.06413 29.1872 187.025 266.196 -13 79 1 0 1
-21.7555 19.7816 69450 14.8063 -10.2921 188.601 267.544 -13 79 1 0 1
5.71757 2.38242 69800 17.8213 0.409104 188.62 268.886 -13 79 1 0 1
32.1393 16.9898 70150 14.0879 5.33493 188.861 270.228 -13 79 1 0 1
56.4866 -8.36092 70500 -2.47518 -29.3337 187.16 271.575 -13 79 1 0 1
30.44 -30.0898 70850 -9.68243 6.77999 189.092 272.921 -13 79 1 0 1
15.7789 -6.67277 71200 -14.8204 10.449 188.591 274.262 -13 79 1 0 1
-17.481 -10.1955 71550 -18.8428 -6.46973 188.411 275.606 -13 79 1 0 1
49.5684 27.9724 67700 42.5987 -10.1676 203.638 257.012 -13 80 1 0 1
94.9808 -3.8866 68050 17.9102 -1.14697 207.519 258.34 -13 80 1 0 1
99.7378 54.8085 68400 -33.813 46.861 200.118 259.676 -13 80 1 0 1
37.2697 62.0036 68750 -14.1561 -27.1057 206.037 261.016 -13 80 1 0 1
15.5841 4.31453 69100 -29.7423 -27.7481 204.284 262.346 -13 80 1 0 1
-48.7086 -6.21023 69450 -36.7482 -1.36794 205.022 263.68 -13 80 1 0 1
-83.9291 -60.4441 69800 15.9131 -51.7126 201.144 265.02 -13 80 1 0 1
-42.0693 -95.6546 70150 1.66272 6.02207 208.201 266.351 -13 80 1 0 1
-69.4921 -46.7168 70500 -2.87938 50.8979 201.959 267.681 -13 80 1 0 1
-21.4488 2.47225 70850 39.3488 4.33967 204.498 269.022 -13 80 1 0 1
32.7739 30.55 71200 12.1965 36.38 204.73 270.354 -13 80 1 0 1
30.2483 83.2611 71550 8.71024 20.2672 207.123 271.679 -13 80 1 0 1
68.128 -79.438 67700 -45.9015 -25.3096 202.945 258.137 -13 81 1 0 1
13.4955 -58.4876 68050 -3.1961 32.1368 207.102 259.471 -13 81 1 0 1
7.29448 2.89962 68400 -22.9567 32.5123 205.792 260.8 -13 81 1 0 1
-48.3837 27.761 68750 -29.7888 11.7187 207.147 262.128 -13 81 1 0 1
-55.6242 83.1172 69100 33.3801 35.7255 203.823 263.46 -13 81 1 0 1
-9.05267 90.5081 69450 -1.6873 -12.5201 209.224 264.785 -13 81 1 0 1
-40.1914 46.5074 69800 -8.53154 -44.6203 204.623 266.11 -13 81 1 0 1
-4.12457 -8.39089 70150 33.6348 -17.448 206.152 267.445 -13 81 1 0 1
24.7739 -55.6795 70500 -11.5653 -35.4332 206.265 268.772 -13 81 1 0 1
-2.55909 -90.1124 70850 2.25297 -12.6351 209.212 270.092 -13 81 1 0 1
52.0233 -85.1331 71200 38.8744 36.5053 202.708 271.422 -13 81 1 0 1
50.7408 -22.8235 71550 -27.0512 16.689 207.181 272.758 -13 81 1 0 1
11.5372 82.3503 67700 49.2609 -11.4982 204.495 254.294 -13 82 1 0 1
46.0036 35.0485 68050 -6.20596 -20.9074 209.527 255.623 -13 82 1 0 1
28.9623 15.0455 68400 -7.01525 -11.9388 210.203 256.933 -13 82 1 0 1
35.6256 -14.279 68750 9.65045 -25.5507 208.881 258.245 -13 82 1 0 1
14.1646 -70.8457 69100 -43.1076 -22.1484 205.008 259.575 -13 82 1 0 1
-40.4762 -66.7402 69450 -7.90755 4.88465 210.454 260.901 -13 82 1 0 1
-16.1673 -70.5642 69800 28.2313 6.77824 208.649 262.212 -13 82 1 0 1
-5.23566 -38.9372 70150 -16.62 21.1908 208.93 263.528 -13 82 1 0 1
-28.4476 14.5316 70500 7.92893 40.6172 206.554 264.854 -13 82 1 0 1
8.00327 56.8601 70850 15.0241 15.5067 209.55 266.178 -13 82 1 0 1
-11.7588 81.3131 71200 -33.088 -0.0496156 208.044 267.493 -13 82 1 0 1
-33.621 63.4901 71550 12.9041 -4.25595 210.22 268.807 -13 82 1 0 1
138.1 -8.28865 67700 2.51916 -76.959 176.832 264.006 -13 83 1 0 1
74.2285 -70.2239 68050 -25.1088 15.8668 190.569 265.401 -13 83 1 0 1
37.9057 -16.4053 68400 -33.9611 22.6962 188.495 266.756 -13 83 1 0 1
-34.6909 -28.6274 68750 -40.6369 -18.5408 187.626 268.12 -13 83 1 0 1
-115.507 9.1973 69100 -13.9882 63.9783 181.411 269.509 -13 83 1 0 1
-81.5103 73.6124 69450 11.5398 -6.11153 192.427 270.882 -13 83 1 0 1
-72.5333 15.8384 69800 25.5549 -39.8637 186.967 272.236 -13 83 1 0 1
2.81834 6.6193 70150 41.0146 18.2019 187.577 273.605 -13 83 1 0 1
81.5198 -9.30829 70500 24.0905 -46.6454 185.587 274.98 -13 83 1 0 1
78.0401 -72.2646 70850 2.57126 -5.68081 192.769 276.338 -13 83 1 0 1
99.6468 -19.7006 71200 -11.7567 52.4064 185.241 277.695 -13 83 1 0 1
30.8754 9.91575 71550 -38.7014 -17.0074 188.18 279.068 -13 83 1 0 1
31.4166 14.9599 67700 38.5673 -11.3746 202.196 256.682 -13 84 1 0 1
73.7199 -21.8466 68050 19.7365 -9.82217 204.973 258.011 -13 84 1 0 1
102.199 20.9948 68400 -9.71174 49.113 199.984 259.345 -13 84 1 0 1
60.2038 49.5956 68750 -13.6604 -16.7428 205.019 260.678 -13 84 1 0 1
36.3794 -2.09261 69100 -31.5079 -26.8038 201.962 262.009 -13 84 1 0 1
-27.1067 -3.52084 69450 -33.4229 10.0739 203.178 263.345 -13 84 1 0 1
-74.0922 -29.6629 69800 -6.22052 -40.8176 201.978 264.677 -13 84 1 0 1
-61.9137 -70.9473 70150 -4.5738 -0.224129 206.104 266.003 -13 84 1 0 1
-87.0129 -21.5381 70500 4.60609 51.5101 199.563 267.336 -13 84 1 0 1
-35.9348 18.0287 70850 32.43 -6.33641 203.49 268.678 -13 84 1 0 1
13.6753 15.6815 71200 23.0612 16.1206 204.226 270.004 -13 84 1 0 1
37.3958 54.4949 71550 18.205 18.1259 204.548 271.327 -13 84 1 0 1
-29.0108 -19.4398 67700 7.31955 43.5608 197.684 259.774 -13 85 1 0 1
24.0444 26.438 68050 34.3538 15.4725 199.024 261.12 -13 85 1 0 1
41.3811 83.225 68400 -26.8646 36.5676 197.411 262.462 -13 85 1 0 1
1.81049 102.432 68750 6.72941 -1.13148 202.444 263.795 -13 85 1 0 1
57.9975 67.289 69100 25.2082 -52.3156 194.056 265.141 -13 85 1 0 1
28.8412 -7.39411 69450 -35.5049 -20.1602 198.402 266.501 -13 85 1 0 1
-7.36441 -51.896 69800 4.90634 -32.9667 199.798 267.838 -13 85 1 0 1
10.9828 -95.5704 70150 -6.83962 -23.0207 201.131 269.168 -13 85 1 0 1
-68.573 -100.833 70500 -54.9916 44.7751 189.74 270.533 -13 85 1 0 1
-75.2133 -15.5564 70850 27.5355 20.3099 199.649 271.903 -13 85 1 0 1
-29.7417 5.61066 71200 17.5249 20.0639 200.8 273.233 -13 85 1 0 1
-22.8505 59.0075 71550 4.56564 38.9234 198.732 274.566 -13 85 1 0 1
-56.7705 12.3652 67700 -13.5056 18.2336 219.67 254.249 -13 86 1 0 1
-67.0897 31.4378 68050 -10.9332 -5.78113 220.493 255.547 -13 86 1 0 1
-76.5732 -19.827 68400 20.1756 -44.8352 215.297 256.86 -13 86 1 0 1
-24.9175 -43.1469 68750 23.3444 9.98936 219.375 258.175 -13 86 1 0 1
-0.155026 -28.0713 69100 14.3371 2.12597 220.363 259.474 -13 86 1 0 1
28.5389 -37.8927 69450 26.1677 -7.06446 219.17 260.774 -13 86 1 0 1
79.4369 -8.34778 69800 15.8804 47.4918 215.087 262.091 -13 86 1 0 1
66.3198 42.2702 70150 -9.18218 4.24614 220.607 263.403 -13 86 1 0 1
61.5347 17.4227 70500 -11.9545 -24.999 219.094 264.702 -13 86 1 0 1
24.7406 11.5844 70850 -26.7279 16.3138 218.608 266.006 -13 86 1 0 1
-33.7068 22.6855 71200 -39.5093 -18.9505 216.448 267.321 -13 86 1 0 1
-68.4397 -20.2058 71550 -14.4406 -14.0978 219.915 268.633 -13 86 1 0 1
33.7136 44.2232 67700 43.877 -16.4849 196.713 256.667 -13 87 1 0 1
70.0756 -3.29119 68050 6.68056 -13.6375 201.649 258.006 -13 87 1 0 1
76.5125 16.9461 68400 -10.8538 25.5038 200.312 259.329 -13 87 1 0 1
50.436 20.6934 68750 -6.64124 -21.8125 200.931 260.654 -13 87 1 0 1
20.0829 -33.454 69100 -39.8431 -20.2836 197.216 261.994 -13 87 1 0 1
-41.9566 -24.5079 69450 -22.3765 9.92256 200.734 263.335 -13 87 1 0 1
-60.4554 -43.9346 69800 8.44302 -24.6235 200.538 264.66 -13 87 1 0 1
-45.1793 -55.8498 70150 -7.21186 11.2523 201.778 265.982 -13 87 1 0 1
-61.3405 0.933054 70500 13.6122 45.4344 196.58 267.321 -13 87 1 0 1
-7.56426 34.4087 70850 26.7968 -1.18089 200.434 268.664 -13 87 1 0 1
16.3026 44.1736 71200 -0.0039208 13.1143 201.795 269.987 -13 87 1 0 1
19.0566 60.8693 71550 15.5529 5.50594 201.546 271.306 -13 87 1 0 1
53.1063 66.976 67700 49.058 -21.6089 201.334 255.436 -13 88 1 0 1
85.4782 16.8386 68050 -2.04699 -9.09094 208.14 256.769 -13 88 1 0 1
63.6507 38.1129 68400 -29.1733 13.6124 205.846 258.085 -13 88 1 0 1
28.5547 16.277 68750 -5.8169 -31.5043 205.871 259.408 -13 88 1 0 1
-4.0475 -40.196 69100 -41.8553 -17.1788 203.377 260.742 -13 88 1 0 1
-64.0314 -34.1839 69450 -20.7742 0.749105 207.309 262.072 -13 88 1 0 1
-62.7511 -72.1707 69800 30.3735 -27.0121 204.345 263.394 -13 88 1 0 1
-24.8584 -69.7417 70150 -3.45296 19.4648 207.409 264.717 -13 88 1 0 1
-40.582 -12.683 70500 9.42067 43.7222 203.491 266.046 -13 88 1 0 1
8.8645 27.8199 70850 30.168 9.7096 205.924 267.38 -13 88 1 0 1
27.5069 63.6924 71200 -15.0859 26.5153 206.103 268.701 -13 88 1 0 1
5.35393 83.736 71550 8.08795 4.3971 208.145 270.017 -13 88 1 0 1
13.0468 7.30769 67700 2.50904 -12.1793 193.564 257.51 -13 89 1 0 1
5.09268 -7.19402 68050 -5.77704 -3.04209 193.854 258.841 -13 89 1 0 1
2.29621 -12.095 68400 2.71902 -1.93323 193.935 260.171 -13 89 1 0 1
5.26815 -13.6721 68750 -1.68353 -1.87413 193.947 261.5 -13 89 1 0 1
-6.29256 -14.7709 69100 -8.13479 4.58521 193.739 262.831 -13 89 1 0 1
-9.45659 -4.88302 69450 2.89282 2.39465 193.927 264.161 -13 89 1 0 1
-2.74283 -2.90336 69800 3.31651 2.19647 193.923 265.491 -13 89 1 0 1
-1.28754 2.90496 70150 -0.494042 3.44491 193.932 266.82 -13 89 1 0 1
1.95118 8.36592 70500 4.07432 0.929657 193.918 268.15 -13 89 1 0 1
5.13269 7.60409 70850 -1.35611 0.571866 193.958 269.48 -13 89 1 0 1
-2.89391 8.07948 71200 -5.87505 -2.9102 193.853 270.81 -13 89 1 0 1
-7.08823 0.814298 71550 0.0480626 -2.29309 193.95 272.139 -13 89 1 0 1
-7.43794 61.9681 67700 56.1263 -12.8935 215.974 251.836 -13 90 1 0 1
40.6208 5.04359 68050 9.34742 -34.7491 220.604 253.161 -13 90 1 0 1
68.1312 -17.445 68400 22.958 9.11352 222.151 254.462 -13 90 1 0 1
91.0954 -8.96567 68750 10.393 -16.7641 222.648 255.757 -13 90 1 0 1
69.0192 -77.7776 69100 -53.8948 -39.8537 213.233 257.083 -13 90 1 0 1
-6.09861 -74.0696 69450 -18.0754 22.4661 221.652 258.412 -13 90 1 0 1
-12.7765 -46.2051 69800 -3.78446 14.1368 223.04 259.708 -13 90 1 0 1
-41.5997 -29.808 70150 -32.5904 12.6078 220.771 261.006 -13 90 1 0 1
-80.7891 35.6499 70500 9.79706 62.4522 214.394 262.335 -13 90 1 0 1
-36.1972 89.4062 70850 13.145 6.87446 223.027 263.657 -13 90 1 0 1
-55.9754 74.4473 71200 -17.2302 -29.7516 220.86 264.955 -13 90 1 0 1
-39.2389 43.3653 71550 32.3947 0.858685 221.158 266.257 -13 90 1 0 1
-31.6894 29.3072 67700 16.029 20.0813 191.296 258.441 -13 92 1 0 1
-0.818387 35.8792 68050 6.44359 -5.54064 192.826 259.779 -13 92 1 0 1
-2.62147 24.9307 68400 -1.14578 -7.98143 192.845 261.111 -13 92 1 0 1
11.7272 15.119 68750 15.6926 -3.73309 192.338 262.444 -13 92 1 0 1
35.3886 -14.8026 69100 -2.58261 -28.1064 190.939 263.785 -13 92 1 0 1
13.0241 -43.5434 69450 -6.02491 -4.60636 192.864 265.124 -13 92 1 0 1
25.9841 -39.3439 69800 10.2314 12.9338 192.308 266.457 -13 92 1 0 1
17.7234 -23.3239 70150 -16.2897 -1.14564 192.321 267.792 -13 92 1 0 1
-23.1835 -12.373 70500 -17.9878 23.3274 190.752 269.134 -13 92 1 0 1
-26.2411 29.9767 70850 1.29231 14.5255 192.462 270.476 -13 92 1 0 1
-45.9572 32.3416 71200 -13.5899 -15.1455 191.938 271.811 -13 92 1 0 1
-44.9029 15.7862 71550 9.42829 7.05902 192.654 273.145 -13 92 1 0 1
-57.4004 5.89255 67700 32.0671 25.5515 200.76 257.913 -13 93 1 0 1
4.74731 -2.00519 68050 31.195 -21.899 201.329 259.251 -13 93 1 0 1
67.4465 -3.31732 68400 29.8446 31.7315 200.221 260.591 -13 93 1 0 1
85.6576 45.3037 68750 10.8458 5.08963 204.554 261.921 -13 93 1 0 1
105.057 -8.91318 69100 -17.0401 -53.5473 197.049 263.261 -13 93 1 0 1
43.6357 -36.3917 69450 -27.9775 18.1946 202.169 264.608 -13 93 1 0 1
-3.95134 -6.67844 69800 -33.0911 -0.0857603 202.215 265.939 -13 93 1 0 1
-52.8079 -34.4894 70150 -29.3269 -14.6389 202.266 267.27 -13 93 1 0 1
-110.074 3.97052 70500 -8.54064 58.4854 196.195 268.619 -13 93 1 0 1
-78.7447 57.5357 70850 12.903 -6.53594 204.394 269.962 -13 93 1 0 1
-63.8936 9.76611 71200 25.3098 -32.0622 200.792 271.291 -13 93 1 0 1
-2.82762 7.2918 71550 34.8039 19.3626 200.997 272.629 -13 93 1 0 1
58.7903 -34.9794 67700 -25.2058 -29.8047 187.709 260.485 -13 94 1 0 1
10.4476 -36.4568 68050 -11.8233 17.3466 190.571 261.835 -13 94 1 0 1
-7.30922 -7.58116 68400 -15.3347 8.04503 190.941 263.175 -13 94 1 0 1
-38.7809 -7.94389 68750 -18.3359 1.86548 190.836 264.514 -13 94 1 0 1
-56.8957 31.7245 69100 13.8106 32.3894 188.463 265.861 -13 94 1 0 1
-20.465 47.7411 69450 7.36475 -9.5606 191.344 267.207 -13 94 1 0 1
-18.4193 18.0607 69800 8.24977 -19.0795 190.594 268.545 -13 94 1 0 1
15.4498 4.14081 70150 22.3881 -1.36108 190.408 269.886 -13 94 1 0 1
43.7442 -26.9034 70500 -4.48689 -29.9167 189.323 271.232 -13 94 1 0 1
19.8903 -52.9494 70850 -3.20837 -0.0402178 191.697 272.574 -13 94 1 0 1
34.6665 -32.6087 71200 3.76748 23.5621 190.234 273.912 -13 94 1 0 1
9.2494 -7.67822 71550 -22.6773 1.59473 190.372 275.254 -13 94 1 0 1
40.0991 46.4683 67700 12.226 -37.1218 184.246 262.124 -13 95 1 0 1
9.84586 -2.46932 68050 -28.3596 -10.2947 185.914 263.485 -13 95 1 0 1
-22.5198 -38.9065 68400 5.16331 -28.6294 186.086 264.84 -13 95 1 0 1
-0.687376 -70.439 68750 -1.35012 -9.74349 188.089 266.188 -13 95 1 0 1
-45.9132 -64.2684 69100 -27.2681 30.0294 183.927 267.543 -13 95 1 0 1
-37.4314 -14.8115 69450 23.6124 8.03967 186.687 268.902 -13 95 1 0 1
6.52255 4.62966 69800 13.5266 23.2949 186.41 270.254 -13 95 1 0 1
5.67685 48.7559 70150 0.905314 19.9104 187.289 271.604 -13 95 1 0 1
47.5568 60.9335 70500 30.5592 -20.644 184.701 272.958 -13 95 1 0 1
53.4611 21.6548 70850 -15.7482 -2.91918 187.664 274.311 -13 95 1 0 1
7.86908 22.6263 71200 -27.1392 -13.6803 185.878 275.662 -13 95 1 0 1
-11.5183 -23.763 71550 -2.65435 -24.7761 186.691 277.016 -13 95 1 0 1
-32.5343 8.71485 67700 -7.59828 21.7731 181.618 262.71 -13 96 1 0 1
-26.2286 38.8202 68050 -0.081673 5.0437 183.007 264.064 -13 96 1 0 1
-42.4348 23.064 68400 -2.94746 -21.5094 181.785 265.416 -13 96 1 0 1
-19.419 4.63484 68750 17.9123 4.87101 182.133 266.772 -13 96 1 0 1
19.8509 1.27343 69100 16.1432 -18.0823 181.465 268.129 -13 96 1 0 1
26.6924 -36.0218 69450 3.52252 -12.4594 182.618 269.486 -13 96 1 0 1
54.7056 -28.4531 69800 11.4296 23.7132 181.174 270.842 -13 96 1 0 1
41.5834 -3.69559 70150 -14.2862 -6.2971 182.41 272.197 -13 96 1 0 1
-0.119404 -17.7665 70500 -27.4531 8.03101 180.828 273.557 -13 96 1 0 1
-27.7857 20.934 70850 -8.36125 18.535 181.944 274.919 -13 96 1 0 1
-62.0638 20.6033 71200 -15.2271 -23.3152 180.946 276.277 -13 96 1 0 1
-59.0146 -5.72173 71550 6.253 7.75539 182.805 277.632 -13 96 1 0 1
76.74 11.3363 67700 -2.93451 -45.0306 186.574 260.619 -13 97 1 0 1
31.6621 -23.9761 68050 -24.2999 7.0315 190.28 261.976 -13 97 1 0 1
-5.95177 -14.6023 68400 -17.8287 -7.04301 190.994 263.317 -13 97 1 0 1
-29.2785 -39.98 68750 -16.2874 -11.6565 190.906 264.657 -13 97 1 0 1
-74.8916 -17.5401 69100 -12.3008 39.6531 187.41 266.009 -13 97 1 0 1
-53.8525 24.2097 69450 14.6632 -3.43124 191.362 267.359 -13 97 1 0 1
-27.218 0.198475 69800 22.3542 -8.88383 190.441 268.699 -13 97 1 0 1
11.3549 15.7362 70150 18.9951 16.1358 190.329 270.042 -13 97 1 0 1
57.6228 12.0372 70500 18.8317 -27.522 189.035 271.39 -13 97 1 0 1
57.732 -25.2463 70850 -2.87591 -0.465113 191.932 272.733 -13 97 1 0 1
50.4248 5.75783 71200 -18.4622 21.915 189.803 274.073 -13 97 1 0 1
7.78927 5.03406 71550 -19.0853 -15.6403 190.361 275.419 -13 97 1 0 1
55.077 44.8335 67700 23.4363 -33.9138 184.884 260.286 -13 98 1 0 1
45.7935 -5.07061 68050 -17.203 -6.20118 188.54 261.642 -13 98 1 0 1
17.8812 -6.52975 68400 -12.5672 -5.63767 188.923 262.984 -13 98 1 0 1
5.01479 -32.4889 68750 -7.67372 -19.0355 188.309 264.325 -13 98 1 0 1
-41.1403 -47.353 69100 -32.0817 17.7703 185.84 265.679 -13 98 1 0 1
-57.4503 -8.5762 69450 5.88913 4.9285 189.269 267.029 -13 98 1 0 1
-34.3414 -21.9954 69800 21.6411 -4.37993 188.133 268.371 -13 98 1 0 1
-8.49441 0.758422 70150 5.1272 21.3955 188.143 269.716 -13 98 1 0 1
20.9961 31.1513 70500 27.2278 -0.431911 187.457 271.065 -13 98 1 0 1
50.3362 14.0408 70850 5.14307 -1.17861 189.351 272.409 -13 98 1 0 1
38.163 37.9832 71200 -23.4546 12.2397 187.568 273.752 -13 98 1 0 1
6.74653 24.2596 71550 -3.26699 -17.6239 188.575 275.098 -13 98 1 0 1
11.5964 29.8662 67700 6.06618 -46.8181 209.442 257.048 -13 99 1 0 1
-23.9089 -33.4547 68050 -29.075 -31.694 210.345 258.379 -13 99 1 0 1
-17.3514 -102.557 68400 46.5623 -31.5421 207.2 259.715 -13 99 1 0 1
39.4789 -107.061 68750 -0.587945 1.01609 214.694 261.039 -13 99 1 0 1
-17.6556 -99.2821 69100 -45.4239 32.7391 207.267 262.363 -13 99 1 0 1
-23.7171 -30.1659 69450 27.8793 31.1848 210.583 263.698 -13 99 1 0 1
8.85655 29.234 69800 -6.46894 42.2279 210.404 265.026 -13 99 1 0 1
-23.8782 79.7563 70150 -9.8 26.5963 212.818 266.347 -13 99 1 0 1
24.9381 116.038 70500 57.5979 -9.23722 206.621 267.677 -13 99 1 0 1
59.4347 71.08 70850 -17.9063 -15.1065 213.415 269.005 -13 99 1 0 1
1.5193 48.0367 71200 -33.8785 -33.5716 209.333 270.328 -13 99 1 0 1
-5.12462 -21.5013 71550 11.0684 -38.8969 210.854 271.658 -13 99 1 0 1
-14.9064 2.42627 67700 4.03673 5.81475 190.704 258.501 -13 100 1 0 1
-4.63875 3.11049 68050 4.56874 -3.89962 190.741 259.837 -13 100 1 0 1
5.91325 -0.82546 68400 6.75128 2.66029 190.697 261.172 -13 100 1 0 1
14.3825 7.56758 68750 4.72808 2.42963 190.761 262.507 -13 100 1 0 1
23.6693 -2.83616 69100 -0.607926 -12.6368 190.416 263.843 -13 100 1 0 1
13.7239 -14.2176 69450 -3.57934 0.988062 190.799 265.179 -13 100 1 0 1
11.0197 -6.78841 69800 -3.3254 4.62814 190.75 266.514 -13 100 1 0 1
0.214405 -8.1482 70150 -7.69779 -4.70431 190.622 267.849 -13 100 1 0 1
-20.034 -5.70158 70500 -9.43613 11.6094 190.248 269.187 -13 100 1 0 1
-23.4392 13.4321 70850 -0.914529 3.61594 190.799 270.524 -13 100 1 0 1
-29.2885 3.58917 71200 1.1281 -11.7219 190.472 271.859 -13 100 1 0 1
-18.3494 -1.92752 71550 5.8469 6.84016 190.623 273.195 -13 100 1 0 1
