#BLTrackFile VirtualDetector/det10
#x y z Px Py Pz t PDGid EventID TrackID ParentID Weight
#mm mm mm MeV/c MeV/c MeV/c ns - - - - -
54.4337 -16.128 42500 22.3185 -39.7714 194.734 163.207 -13 1 1 0 1
11.6721 21.5326 42500 19.8704 7.35876 198.877 161.061 -13 2 1 0 1
0.758491 95.4965 42500 50.3554 -3.99729 193.519 162.075 -13 3 1 0 1
11.4611 27.8573 42500 -6.67386 -28.0772 197.91 162.782 -13 4 1 0 1
-135.785 73.6868 42500 64.7394 60.1614 179.418 168.017 -13 5 1 0 1
32.1135 31.0214 42500 22.3049 -16.0324 198.106 160.654 -13 6 1 0 1
41.0069 8.29732 42500 48.2725 -13.3067 193.634 164.983 -13 8 1 0 1
20.9751 15.5575 42500 6.09014 -12.5434 199.515 160.619 -13 9 1 0 1
70.9136 0.912136 42500 15.6902 -38.1429 195.704 161.699 -13 10 1 0 1
28.7664 -35.3293 42500 -14.7068 -55.5543 191.569 165.113 -13 11 1 0 1
40.2732 -15.1665 42500 -30.7397 -12.2941 197.244 162.75 -13 12 1 0 1
20.1889 2.31647 42500 11.2269 -9.99901 199.436 160.616 -13 13 1 0 1
39.5592 48.0625 42500 8.53301 -37.5085 196.269 162.47 -13 14 1 0 1
-8.19941 53.9515 42500 31.8744 19.7172 196.459 161.626 -13 15 1 0 1
-25.4072 -39.3381 42500 -24.2027 -0.81439 198.531 161.774 -13 16 1 0 1
75.4938 -32.3644 42500 -10.7207 -34.4189 196.727 162.109 -13 17 1 0 1
11.1673 -19.5243 42500 -8.14889 -27.4731 197.939 161.561 -13 18 1 0 1
-56.2709 -19.7672 42500 -14.2102 25.687 197.836 161.783 -13 19 1 0 1
5.1103 18.9218 42500 14.9393 9.99378 199.193 160.973 -13 20 1 0 1
17.5239 26.8517 42500 16.0109 -20.6907 198.283 160.716 -13 21 1 0 1
36.8399 63.9844 42500 28.6549 -39.7804 193.901 162.327 -13 22 1 0 1
31.459 7.22904 42500 44.0377 -35.5178 191.834 164.946 -13 23 1 0 1
37.7694 17.495 42500 -11.8749 -37.5484 196.087 162.733 -13 24 1 0 1
-43.1653 70.8936 42500 37.3228 21.3314 195.328 161.824 -13 25 1 0 1
32.7216 26.7587 42500 47.5011 -7.97096 194.117 163.161 -13 26 1 0 1
-42.0501 117.421 42500 68.2348 7.25698 187.863 164.206 -13 27 1 0 1
-3.22343 -34.4134 42500 -15.3477 -15.9296 198.776 161.525 -13 28 1 0 1
-44.4515 19.0232 42500 -17.3646 24.2766 197.763 163.266 -13 29 1 0 1
-14.8485 3.81193 42500 17.686 -1.37796 199.214 160.963 -13 30 1 0 1
-27.3031 -16.0209 42500 45.8229 18.4467 193.808 166.562 -13 31 1 0 1
-10.4462 10.8263 42500 34.1869 -15.7735 196.427 162.801 -13 32 1 0 1
50.1094 -59.2096 42500 -26.8963 -28.3717 196.145 162.077 -13 33 1 0 1
-30.3469 -43.6719 42500 -9.96993 34.4374 196.763 162.627 -13 34 1 0 1
-17.8882 1.12768 42500 -10.3007 1.30236 199.733 161.241 -13 35 1 0 1
-31.2912 -13.6736 42500 -14.2513 1.82862 199.486 161.556 -13 36 1 0 1
6.0433 21.8284 42500 11.3302 -6.05507 199.588 160.538 -13 37 1 0 1
13.8183 -71.5911 42500 -32.2132 -1.47264 197.386 162.22 -13 38 1 0 1
-50.4641 -0.792915 42500 -8.83752 22.1634 198.574 161.63 -13 39 1 0 1
-5.56252 24.2728 42500 30.3475 7.53471 197.543 161.053 -13 40 1 0 1
28.7936 -2.51448 42500 -6.89766 -11.4777 199.553 160.951 -13 41 1 0 1
34.2693 6.47067 42500 -23.6204 -21.4035 197.446 162.77 -13 42 1 0 1
54.4887 -17.7494 42500 -1.30265 -42.069 195.523 161.539 -13 43 1 0 1
-9.02178 33.8985 42500 20.595 -39.4768 194.984 164.788 -13 44 1 0 1
23.7629 8.50549 42500 4.25749 -15.2992 199.37 160.61 -13 45 1 0 1
-58.369 46.9984 42500 9.48993 46.7493 194.231 163.305 -13 46 1 0 1
30.0226 58.5557 42500 36.8288 -2.05968 196.572 161.603 -13 47 1 0 1
69.6979 61.7218 42500 37.3544 -34.7061 193.394 161.947 -13 48 1 0 1
-22.4868 19.3977 42500 17.7087 6.88507 199.097 160.71 -13 49 1 0 1
17.6026 6.19751 42500 -22.7964 0.999281 198.697 162.742 -13 50 1 0 1
-3.44802 -0.0368217 42500 9.57433 5.65259 199.692 160.703 -13 51 1 0 1
-48.9164 61.7187 42500 28.4876 19.0416 197.045 161.857 -13 52 1 0 1
-9.30043 1.73198 42500 7.20305 13.2458 199.433 160.87 -13 53 1 0 1
-50.4925 8.44389 42500 -5.94796 23.5923 198.517 161.686 -13 54 1 0 1
-9.39306 -38.1781 42500 -36.4381 -64.9836 185.611 173.037 -13 55 1 0 1
46.2661 -40.5966 42500 5.64615 -41.4828 195.572 163.316 -13 56 1 0 1
124.689 -21.1295 42500 62.0946 -91.1106 166.868 174.056 -13 57 1 0 1
62.6343 32.1068 42500 46.9085 -31.6972 191.823 163.252 -13 58 1 0 1
111.862 -82.6662 42500 -29.6828 -71.1538 184.546 165.606 -13 59 1 0 1
-14.4155 -46.303 42500 -41.6271 -12.5753 195.218 163.257 -13 60 1 0 1
14.1455 1.68161 42500 2.33079 -9.58814 199.758 160.579 -13 61 1 0 1
-67.7679 -20.5075 42500 -2.18003 39.0484 196.141 162.117 -13 62 1 0 1
-17.72 79.1487 42500 35.3704 33.346 194.006 163.396 -13 63 1 0 1
-5.24604 4.6339 42500 20.0455 -2.67297 198.977 160.916 -13 64 1 0 1
17.7381 24.8593 42500 16.3354 -25.0352 197.755 160.913 -13 65 1 0 1
33.1034 21.4508 42500 7.64198 -25.2692 198.252 160.831 -13 66 1 0 1
24.9391 -34.1391 42500 -21.2166 11.7276 198.528 162.677 -13 67 1 0 1
-77.6762 -63.6563 42500 -34.166 31.7688 194.486 163.75 -13 68 1 0 1
45.4218 33.7947 42500 49.9232 2.92843 193.65 165.01 -13 69 1 0 1
42.7048 -11.5768 42500 10.504 -35.6133 196.526 161.529 -13 70 1 0 1
-24.024 -50.3203 42500 -43.0773 -23.9994 193.829 165.28 -13 71 1 0 1
-72.0707 -12.793 42500 -26.3456 30.9581 195.828 163.479 -13 72 1 0 1
5.86334 23.675 42500 18.9322 -6.85816 198.985 160.495 -13 73 1 0 1
-16.6707 11.8154 42500 -6.12702 -3.27182 199.882 161.364 -13 74 1 0 1
22.1055 35.6414 42500 20.2722 -19.9565 197.968 160.69 -13 75 1 0 1
3.04682 21.0295 42500 17.985 30.7454 196.806 163.054 -13 76 1 0 1
73.551 57.2822 42500 34.6892 -43.5484 192.097 161.967 -13 77 1 0 1
19.315 23.7436 42500 29.8978 1.0993 197.752 161.317 -13 78 1 0 1
41.8258 19.4206 42500 32.4633 -26.5874 195.551 161.571 -13 79 1 0 1
4.69472 19.3721 42500 -12.9528 -24.2217 198.108 162.894 -13 80 1 0 1
-59.4116 95.2473 42500 44.1868 43.2297 190.21 163.769 -13 81 1 0 1
1.42661 28.3595 42500 17.9783 15.4553 198.592 161.288 -13 82 1 0 1
-114.426 -4.54141 42500 10.1568 60.2695 190.435 164.074 -13 83 1 0 1
70.1242 35.7685 42500 4.26187 -42.5984 195.367 162.327 -13 84 1 0 1
-24.0311 -77.1784 42500 -47.0907 -4.58399 194.326 163.498 -13 85 1 0 1
-61.2186 -27.6301 42500 3.31232 29.8469 197.735 162.282 -13 86 1 0 1
45.5172 47.8668 42500 42.7289 -24.1289 193.889 161.566 -13 87 1 0 1
-25.9589 -37.1401 42500 -22.2839 1.18541 198.754 161.633 -13 88 1 0 1
-3.18906 11.2104 42500 12.6418 1.69808 199.594 160.537 -13 89 1 0 1
34.6723 22.6014 42500 6.46626 -14.5229 199.369 160.899 -13 90 1 0 1
-32.6384 -65.696 42500 -67.3756 -27.4976 186.296 173.999 -13 91 1 0 1
-8.63084 36.3644 42500 33.1704 -2.21096 197.22 160.885 -13 92 1 0 1
-28.5673 1.34653 42500 33.6402 13.2033 196.711 162.668 -13 93 1 0 1
72.7663 -25.0514 42500 -6.83212 -45.5156 194.635 161.86 -13 94 1 0 1
-30.3555 -27.5425 42500 4.68281 30.7782 197.565 162.277 -13 95 1 0 1
-54.9289 17.4867 42500 3.478 31.9813 197.398 161.659 -13 96 1 0 1
86.7126 25.5735 42500 20.5802 -48.4061 192.962 161.991 -13 97 1 0 1
13.4826 25.1435 42500 31.4142 2.89332 197.499 161.291 -13 98 1 0 1
30.7378 101.931 42500 58.0179 1.78288 191.395 163.53 -13 99 1 0 1
-9.24733 5.4119 42500 9.18697 2.26044 199.777 160.582 -13 100 1 0 1
