#BLTrackFile VirtualDetector/det12
#x y z Px Py Pz t PDGid EventID TrackID ParentID Weight
#mm mm mm MeV/c MeV/c MeV/c ns - - - - -
-25.8567 30.6585 50900 -11.1955 22.6051 198.406 195.418 -13 1 1 0 1
15.519 41.0306 50900 20.2837 -23.438 197.586 192.95 -13 2 1 0 1
9.37316 -64.7212 50900 -26.1868 -16.2704 197.613 194.157 -13 3 1 0 1
-27.2976 -28.2018 50900 11.2615 27.767 197.746 194.865 -13 4 1 0 1
-9.07021 14.8118 50900 68.587 -37.428 184.111 203.149 -13 5 1 0 1
0.882888 12.6655 50900 3.63965 -8.67732 199.78 192.424 -13 6 1 0 1
-84.1797 -4.43731 50900 -29.9202 32.1423 195.124 197.604 -13 8 1 0 1
-14.2932 17.9533 50900 13.7736 3.97118 199.487 192.332 -13 9 1 0 1
-20.5242 22.0089 50900 -6.32837 10.5481 199.625 193.63 -13 10 1 0 1
-14.1368 79.3666 50900 45.6947 39.6681 190.63 197.588 -13 11 1 0 1
-56.1357 48.26 50900 48.5283 20.1001 192.983 194.851 -13 12 1 0 1
16.5898 29.9702 50900 13.6905 -8.87663 199.335 192.364 -13 13 1 0 1
-51.5777 -41.9956 50900 -5.14079 31.4135 197.454 194.501 -13 14 1 0 1
23.3604 1.9874 50900 6.20243 -35.8946 196.658 193.659 -13 15 1 0 1
15.0808 31.0234 50900 33.3712 9.12187 196.988 193.685 -13 16 1 0 1
-45.9378 60.3707 50900 20.6216 24.223 197.457 194.088 -13 17 1 0 1
-0.874007 -6.69395 50900 2.45572 19.1904 199.065 193.413 -13 18 1 0 1
47.6617 39.8778 50900 41.9063 -21.058 194.426 193.768 -13 19 1 0 1
13.2388 44.3973 50900 26.2648 -20.8396 197.172 192.834 -13 20 1 0 1
-1.45714 -15.0087 50900 -3.69008 0.0815675 199.968 192.462 -13 21 1 0 1
-32.1377 -60.9793 50900 -24.4264 22.8958 197.181 194.358 -13 22 1 0 1
-57.227 30.6494 50900 -14.1482 44.5135 194.473 197.49 -13 23 1 0 1
-55.7399 -16.2592 50900 13.0294 39.4818 195.634 194.784 -13 24 1 0 1
49.3436 -37.9644 50900 -6.34246 -36.8181 196.483 193.887 -13 25 1 0 1
-18.5847 -5.18684 50900 -30.8812 -3.39662 197.576 195.465 -13 26 1 0 1
41.8615 -78.4871 50900 -44.9506 0.279945 194.887 196.704 -13 27 1 0 1
9.5237 13.4913 50900 15.6894 14.3618 198.869 193.377 -13 28 1 0 1
48.2787 2.25363 50900 35.4155 -31.1446 194.364 195.533 -13 29 1 0 1
49.7894 7.52823 50900 6.07097 -20.4965 198.857 192.805 -13 30 1 0 1
-94.4859 14.6367 50900 -27.7377 39.0551 194.183 199.515 -13 31 1 0 1
40.2999 -1.6791 50900 -20.5868 -3.3611 198.913 194.982 -13 32 1 0 1
-27.7174 69.2997 50900 31.8891 26.1928 195.7 194.028 -13 33 1 0 1
47.8113 78.4832 50900 37.3831 -43.5084 191.601 194.838 -13 34 1 0 1
-11.221 11.6368 50900 26.5627 9.15499 198.02 193.056 -13 35 1 0 1
11.2442 9.88889 50900 26.5241 5.8746 198.149 193.436 -13 36 1 0 1
-0.809875 12.2472 50900 14.0477 -3.97043 199.468 192.259 -13 37 1 0 1
2.95987 98.2582 50900 52.8571 2.47958 192.876 194.25 -13 38 1 0 1
31.2274 23.5841 50900 36.8723 -15.2826 195.98 193.577 -13 39 1 0 1
46.8077 20.7749 50900 6.49066 -33.271 197.109 192.965 -13 40 1 0 1
-29.0371 39.8699 50900 24.9396 13.2649 197.997 192.705 -13 41 1 0 1
-56.5949 13.5141 50900 34.6705 28.7937 194.859 194.854 -13 42 1 0 1
-16.8398 7.23866 50900 -4.71482 21.9322 198.741 193.391 -13 43 1 0 1
17.8784 12.2999 50900 8.13059 33.197 197.062 197.273 -13 44 1 0 1
-11.1838 17.8046 50900 12.0831 5.11158 199.571 192.314 -13 45 1 0 1
78.0415 -38.778 50900 -2.8436 -59.5372 190.915 195.699 -13 46 1 0 1
-5.69886 -2.54904 50900 -3.96392 -20.322 198.928 193.605 -13 47 1 0 1
-42.1827 -23.9296 50900 -20.1811 8.44921 198.803 193.953 -13 48 1 0 1
36.8385 8.43758 50900 14.3542 -21.0644 198.371 192.511 -13 49 1 0 1
-33.0839 27.677 50900 43.8834 4.02699 195.088 194.869 -13 50 1 0 1
28.7486 41.0788 50900 25.0698 -17.1434 197.683 192.491 -13 51 1 0 1
47.6936 -36.1504 50900 -0.193942 -30.7782 197.621 193.903 -13 52 1 0 1
25.0491 50.219 50900 32.3992 -19.4673 196.398 192.697 -13 53 1 0 1
30.5161 18.5031 50900 35.3335 -17.8238 196.049 193.652 -13 54 1 0 1
-70.6601 -125.55 50900 -78.9541 9.64729 183.509 208.039 -13 55 1 0 1
-21.123 51.3693 50900 4.07336 27.4821 198.064 195.531 -13 56 1 0 1
-38.9808 -9.56552 50900 -31.2817 14.7692 196.989 195.504 -13 58 1 0 1
-106.726 93.2522 50900 65.4885 45.5588 183.405 198.329 -13 59 1 0 1
8.34738 50.8937 50900 51.9523 14.8062 192.569 195.423 -13 60 1 0 1
-2.50989 23.7665 50900 17.0402 2.2481 199.261 192.281 -13 61 1 0 1
84.264 49.8624 50900 33.0104 -48.2378 191.271 194.232 -13 62 1 0 1
33.3371 -74.5333 50900 -28.5461 -41.2287 193.615 195.819 -13 63 1 0 1
47.8583 15.0964 50900 6.17066 -22.0283 198.69 192.757 -13 64 1 0 1
1.2938 -25.0841 50900 -9.56373 2.38993 199.759 192.692 -13 65 1 0 1
-24.9528 -3.76813 50900 0.649881 11.2766 199.683 192.571 -13 66 1 0 1
-18.5758 76.4148 50900 48.1264 -13.6841 193.644 194.842 -13 67 1 0 1
94.4356 85.6278 50900 50.2948 -47.0267 187.777 196.116 -13 68 1 0 1
-76.3341 -59.0252 50900 -44.9212 17.6022 194.097 197.67 -13 69 1 0 1
7.50415 6.78047 50900 -8.7637 8.31604 199.638 193.414 -13 70 1 0 1
68.0208 109.359 50900 71.4234 -18.9916 185.848 197.924 -13 71 1 0 1
84.8 30.501 50900 41.9439 -42.5743 190.865 195.785 -13 72 1 0 1
17.1457 8.34606 50900 8.52369 -12.724 199.414 192.236 -13 73 1 0 1
-12.0525 -4.4556 50900 19.2545 9.82298 198.831 193.205 -13 74 1 0 1
-4.29502 -12.0358 50900 -3.42681 -2.34689 199.959 192.445 -13 75 1 0 1
8.02095 -7.3062 50900 -5.04095 -39.7024 195.958 195.401 -13 76 1 0 1
-45.2491 -30.1897 50900 -23.8177 16.5706 197.887 193.957 -13 77 1 0 1
23.2441 28.6017 50900 4.8049 -26.5397 198.176 193.268 -13 78 1 0 1
14.381 2.05055 50900 -16.5441 -7.73962 199.167 193.521 -13 79 1 0 1
-20.6607 -18.1872 50900 19.1978 25.5641 197.432 194.999 -13 80 1 0 1
76.7416 -86.0389 50900 -38.9353 -48.5629 190.071 196.251 -13 81 1 0 1
12.6607 36.5329 50900 23.7446 -26.3677 196.83 193.226 -13 82 1 0 1
107.323 20.9345 50900 -6.857 -61.2717 190.264 196.595 -13 83 1 0 1
-76.1541 -14.3037 50900 1.12802 36.3427 196.67 194.33 -13 84 1 0 1
32.9104 88.4899 50900 61.5403 -0.455956 190.3 195.721 -13 85 1 0 1
85.3667 50.4737 50900 23.5827 -42.6165 193.982 194.419 -13 86 1 0 1
2.86835 -13.4702 50900 -21.6351 -10.532 198.55 193.534 -13 87 1 0 1
15.6211 31.2294 50900 33.2209 7.2845 197.09 193.521 -13 88 1 0 1
22.0644 25.7859 50900 19.4724 -14.1206 198.55 192.286 -13 89 1 0 1
-30.1113 24.3251 50900 15.3861 7.07399 199.284 192.671 -13 90 1 0 1
-57.2783 -196.879 50900 -117.292 15.8917 161.222 209.05 -13 91 1 0 1
44.0423 -9.96318 50900 -4.28418 -26.3251 198.216 192.747 -13 92 1 0 1
53.293 21.4448 50900 -13.1352 -28.9042 197.467 194.897 -13 93 1 0 1
-37.698 28.7044 50900 3.95698 29.638 197.755 193.768 -13 94 1 0 1
54.7842 65.2643 50900 25.8721 -43.0177 193.601 194.431 -13 95 1 0 1
46.6581 20.3676 50900 32.0079 -32.6422 194.708 193.658 -13 96 1 0 1
-50.7539 -1.09671 50900 -13.764 22.9833 198.201 193.963 -13 97 1 0 1
29.6452 25.7134 50900 3.77564 -29.0215 197.85 193.243 -13 98 1 0 1
-17.6888 -86.721 50900 -42.3983 -9.79597 195.212 195.91 -13 99 1 0 1
23.8295 22.4724 50900 19.8643 -12.1301 198.643 192.329 -13 100 1 0 1
