#BLTrackFile VirtualDetector/det1
#x y z Px Py Pz t PDGid EventID TrackID ParentID Weight
#mm mm mm MeV/c MeV/c MeV/c ns - - - - -
#BLTrackFile VirtualDetector/det1
#x y z Px Py Pz t PDGid EventID TrackID ParentID Weight
#mm mm mm MeV/c MeV/c MeV/c ns - - - - -
#BLTrackFile VirtualDetector/det1
#x y z Px Py Pz t PDGid EventID TrackID ParentID Weight
#mm mm mm MeV/c MeV/c MeV/c ns - - - - -
#BLTrackFile VirtualDetector/det1
#x y z Px Py Pz t PDGid EventID TrackID ParentID Weight
#mm mm mm MeV/c MeV/c MeV/c ns - - - - -
#BLTrackFile VirtualDetector/det1
#x y z Px Py Pz t PDGid EventID TrackID ParentID Weight
#mm mm mm MeV/c MeV/c MeV/c ns - - - - -
#BLTrackFile VirtualDetector/det1
#x y z Px Py Pz t PDGid EventID TrackID ParentID Weight
#mm mm mm MeV/c MeV/c MeV/c ns - - - - -
#BLTrackFile VirtualDetector/det1
#x y z Px Py Pz t PDGid EventID TrackID ParentID Weight
#mm mm mm MeV/c MeV/c MeV/c ns - - - - -
#BLTrackFile VirtualDetector/det1
#x y z Px Py Pz t PDGid EventID TrackID ParentID Weight
#mm mm mm MeV/c MeV/c MeV/c ns - - - - -
#BLTrackFile VirtualDetector/det1
#x y z Px Py Pz t PDGid EventID TrackID ParentID Weight
#mm mm mm MeV/c MeV/c MeV/c ns - - - - -
#BLTrackFile VirtualDetector/det1
#x y z Px Py Pz t PDGid EventID TrackID ParentID Weight
#mm mm mm MeV/c MeV/c MeV/c ns - - - - -
#BLTrackFile VirtualDetector/det1
#x y z Px Py Pz t PDGid EventID TrackID ParentID Weight
#mm mm mm MeV/c MeV/c MeV/c ns - - - - -
#BLTrackFile VirtualDetector/det1
#x y z Px Py Pz t PDGid EventID TrackID ParentID Weight
#mm mm mm MeV/c MeV/c MeV/c ns - - - - -
-84.7526 35.8396 4700 41.8602 34.4305 203.22 17.8405 -13 1 1 0 1
-13.5897 25.0894 5050 26.7878 -31.8058 206.172 19.182 -13 1 1 0 1
41.3144 -8.72313 5400 39.8115 7.06296 206.401 20.5132 -13 1 1 0 1
90.9624 20.4259 5750 26.6435 3.22895 208.605 21.8382 -13 1 1 0 1
117.297 -45.3968 6100 -25.2847 -62.2089 199.316 23.1836 -13 1 1 0 1
50.377 -74.3815 6450 -19.6243 20.9391 208.357 24.5304 -13 1 1 0 1
29.1163 -22.8325 6800 -25.7781 27.3429 206.94 25.8541 -13 1 1 0 1
-33.9317 -16.5296 7150 -42.291 -6.45245 205.927 27.1841 -13 1 1 0 1
-98.1156 29.3206 7500 -7.38367 60.9751 201.156 28.533 -13 1 1 0 1
-72.0234 89.9271 7850 2.5727 2.57606 210.293 29.8696 -13 1 1 0 1
-95.3767 41.5569 8200 2.34689 -53.6226 203.36 31.1975 -13 1 1 0 1
-40.7898 2.63776 8550 41.4015 10.0488 205.964 32.5367 -13 1 1 0 1
14.3846 51.515 4700 27.4912 -20.8227 197.852 17.8363 -13 2 1 0 1
20.8544 6.62849 5050 -12.002 -18.2036 199.649 19.1694 -13 2 1 0 1
12.0797 -20.7108 5400 7.48816 -13.3064 200.254 20.4937 -13 2 1 0 1
29.2559 -37.8036 5750 3.64097 -13.6024 200.341 21.8161 -13 2 1 0 1
-1.66452 -65.3498 6100 -36.1224 -0.174143 197.56 23.1479 -13 2 1 0 1
-32.1045 -39.7384 6450 4.28467 11.351 200.469 24.4789 -13 2 1 0 1
-9.82811 -26.4307 6800 12.6496 13.3004 199.995 25.802 -13 2 1 0 1
-12.2559 3.52531 7150 -10.082 18.3555 199.741 27.127 -13 2 1 0 1
-7.09891 43.0622 7500 22.66 17.3807 198.795 28.4567 -13 2 1 0 1
24.967 48.8643 7850 3.2256 2.0442 200.799 29.7829 -13 2 1 0 1
-1.45166 54.7849 8200 -25.7737 -8.82123 198.98 31.1079 -13 2 1 0 1
-13.9674 24.7495 8550 10.1982 -14.1463 200.077 32.4351 -13 2 1 0 1
-3.94914 56.7242 4700 33.2689 -20.9181 191.085 18.0593 -13 3 1 0 1
7.00897 -0.836736 5050 -11.8693 -29.4349 192.485 19.4096 -13 3 1 0 1
15.9215 -49.9264 5400 28.34 -15.1208 192.421 20.7542 -13 3 1 0 1
56.1711 -53.6228 5750 6.114 -8.14799 194.818 22.0923 -13 3 1 0 1
17.2995 -84.3523 6100 -45.3968 0.00605449 189.729 23.4391 -13 3 1 0 1
-18.6067 -42.8652 6450 8.77632 24.5205 193.338 24.79 -13 3 1 0 1
-3.19743 1.30357 6800 -6.27382 25.6335 193.291 26.1302 -13 3 1 0 1
-35.3389 32.5729 7150 -16.7952 17.0145 193.614 27.4693 -13 3 1 0 1
-19.8891 80.8777 7500 38.5804 16.669 190.503 28.817 -13 3 1 0 1
21.8077 67.8796 7850 -5.06372 -11.0927 194.703 30.1606 -13 3 1 0 1
-13.6964 40.9406 8200 -15.9646 -29.5478 192.172 31.5004 -13 3 1 0 1
1.5505 -8.28107 8550 20.3082 -19.9688 192.994 32.8451 -13 3 1 0 1
26.0842 40.6635 4700 1.65872 -33.9058 193.767 18.1149 -13 4 1 0 1
-12.3928 2.15318 5050 -31.9648 -10.7715 193.804 19.4592 -13 4 1 0 1
-45.6937 -48.1221 5400 11.8077 -40.2424 192.195 20.8092 -13 4 1 0 1
-9.51561 -82.4971 5750 3.10738 -4.58451 196.64 22.1511 -13 4 1 0 1
-45.5726 -67.0376 6100 -21.6434 31.8748 192.908 23.4888 -13 4 1 0 1
-28.5267 -22.091 6450 29.1903 7.09408 194.411 24.8324 -13 4 1 0 1
24.5249 5.53303 6800 15.128 33.8512 193.192 26.1788 -13 4 1 0 1
18.802 59.0946 7150 -0.983432 20.1887 195.677 27.521 -13 4 1 0 1
57.9318 64.896 7500 28.3911 -24.7999 193.072 28.8603 -13 4 1 0 1
57.2411 27.1938 7850 -20.1699 0.287271 195.681 30.1989 -13 4 1 0 1
0.326455 29.972 8200 -35.1975 -18.1359 192.692 31.5432 -13 4 1 0 1
-25.0546 -25.2105 8550 -4.08638 -27.887 194.688 32.8906 -13 4 1 0 1
50.1689 -17.0519 4700 -49.4795 -0.869644 200.229 18.342 -13 5 1 0 1
-11.1793 38.9175 5050 -26.4865 46.0637 199.291 19.6948 -13 5 1 0 1
-104.117 65.0878 5400 -58.8511 -41.427 193.289 21.0711 -13 5 1 0 1
-130.664 -7.01544 5750 5.74371 -2.98339 206.152 22.426 -13 5 1 0 1
-95.4664 45.8801 6100 51.6903 29.0202 197.551 23.7661 -13 5 1 0 1
-18.2121 12.2507 6450 24.9397 -47.9586 199.044 25.1266 -13 5 1 0 1
57.4207 -46.1522 6800 61.526 6.97585 196.739 26.4941 -13 5 1 0 1
125.138 -4.42752 7150 22.734 2.7506 204.978 27.8436 -13 5 1 0 1
121.992 -78.7992 7500 -52.8408 -52.4505 192.347 29.2017 -13 5 1 0 1
33.6484 -65.6193 7850 -18.7711 45.6155 200.268 30.5749 -13 5 1 0 1
-10.1649 14.1167 8200 -49.9813 25.267 198.504 31.9333 -13 5 1 0 1
-99.0691 11.5591 8550 -44.1256 2.52798 201.462 33.2888 -13 5 1 0 1
-7.23849 11.8131 4700 6.26383 -4.07864 207.735 17.6111 -13 6 1 0 1
-4.93472 0.307897 5050 -2.17507 -8.16633 207.698 18.9216 -13 6 1 0 1
0.0756361 -14.5485 5400 10.5501 -5.43329 207.531 20.2329 -13 6 1 0 1
15.605 -14.2986 5750 4.73866 -0.242565 207.815 21.5439 -13 6 1 0 1
12.4161 -23.0307 6100 -9.14129 -5.12768 207.605 22.8544 -13 6 1 0 1
3.41078 -21.4467 6450 2.4538 3.78415 207.821 24.1648 -13 6 1 0 1
12.7527 -8.85211 6800 1.79559 12.0104 207.515 25.4759 -13 6 1 0 1
3.56097 3.91042 7150 -7.98615 2.7 207.699 26.7872 -13 6 1 0 1
-5.12055 11.6669 7500 -0.523931 7.22586 207.743 28.0977 -13 6 1 0 1
-4.79424 21.5535 7850 -4.02763 4.4313 207.783 29.4079 -13 6 1 0 1
-23.2027 17.9533 8200 -11.0847 -12.5792 207.192 30.72 -13 6 1 0 1
-25.1367 0.369256 8550 3.80698 -1.88061 207.826 32.0319 -13 6 1 0 1
-175.007 -65.2036 4700 -21.166 103.75 160.175 19.2601 -13 7 1 0 1
-63.8737 30.4195 5050 68.3042 -19.0713 178.434 20.7614 -13 7 1 0 1
61.0229 32.5049 5400 46.3444 49.1457 179.735 22.1874 -13 7 1 0 1
93.4725 132.348 5750 28.2938 29.6982 187.578 23.5833 -13 7 1 0 1
196.359 33.257 6100 -17.8699 -119.347 149.348 25.095 -13 7 1 0 1
13.2859 -23.0491 6450 -81.917 44.9679 167.736 26.6947 -13 7 1 0 1
-153.398 -37.539 6800 -42.0253 -87.7426 165.539 28.2151 -13 7 1 0 1
-132.661 -150.652 7150 -6.66666 0.775953 191.893 29.6473 -13 7 1 0 1
-165.602 -13.0233 7500 55.2936 99.5941 154.569 31.1313 -13 7 1 0 1
33.6852 -7.2591 7850 82.8485 -52.5278 165.061 32.7244 -13 7 1 0 1
208.552 44.4756 8200 10.6833 118.235 150.912 34.3137 -13 7 1 0 1
100.724 125.919 8550 -26.5813 -41.4246 185.595 35.8196 -13 7 1 0 1
24.4125 21.0694 4700 -29.1856 -24.3556 196.104 18.2926 -13 8 1 0 1
-42.9335 21.6262 5050 -41.4183 8.76765 195.217 19.6399 -13 8 1 0 1
-108.032 -29.8432 5400 -0.758859 -63.8954 189.258 21.0106 -13 8 1 0 1
-64.5058 -85.5025 5750 11.1643 5.6754 199.362 22.3688 -13 8 1 0 1
-67.5533 -36.4199 6100 12.8631 40.116 195.262 23.7056 -13 8 1 0 1
-6.02398 -15.8804 6450 42.5509 -11.7396 194.817 25.0551 -13 8 1 0 1
74.5576 6.22217 6800 26.5178 49.0253 191.821 26.4205 -13 8 1 0 1
73.4902 74.8068 7150 2.77531 11.8893 199.381 27.7713 -13 8 1 0 1
103.497 34.8548 7500 -0.356039 -51.4778 193.007 29.1137 -13 8 1 0 1
50.0674 -0.717646 7850 -37.3734 15.4261 195.62 30.4671 -13 8 1 0 1
-30.0227 11.9701 8200 -44.7371 -24.5202 193.13 31.8264 -13 8 1 0 1
-70.5161 -52.0314 8550 -18.4274 -23.5552 197.503 33.18 -13 8 1 0 1
-1.71747 10.3971 4700 14.4791 -2.60662 192.1 17.9011 -13 9 1 0 1
14.2216 -5.73753 5050 5.37758 -8.37093 192.406 19.2357 -13 9 1 0 1
29.384 -4.27783 5400 6.43147 11.2002 192.23 20.5692 -13 9 1 0 1
30 8.31965 5750 0.157958 -2.77507 192.643 21.9021 -13 9 1 0 1
24.3743 -12.8908 6100 -13.1878 -12.8102 191.784 23.2369 -13 9 1 0 1
-0.476939 -13.4526 6450 -8.21354 6.54673 192.377 24.5726 -13 9 1 0 1
-11.6819 -9.15164 6800 -4.63418 -3.43461 192.577 25.9051 -13 9 1 0 1
-19.183 -16.19 7150 -7.32274 -0.636821 192.523 27.2372 -13 9 1 0 1
-33.9771 2.89115 7500 0.884901 20.0743 191.612 28.5729 -13 9 1 0 1
-18.4809 20.7261 7850 5.87692 -1.14701 192.57 29.9085 -13 9 1 0 1
-14.9133 10.8435 8200 3.48782 -6.76984 192.513 31.2407 -13 9 1 0 1
-2.00478 10.4405 8550 9.55304 5.14427 192.357 32.5734 -13 9 1 0 1
72.0504 15.0757 4700 0.979985 -35.9842 202.324 17.8043 -13 10 1 0 1
43.7308 -12.0125 5050 -18.4767 8.43831 204.495 19.1293 -13 10 1 0 1
7.32025 7.64242 5400 -26.8053 0.0810127 203.746 20.4516 -13 10 1 0 1
-26.482 -15.7019 5750 -15.7599 -15.1408 204.336 21.7741 -13 10 1 0 1
-61.739 -8.91614 6100 -13.9256 25.8936 203.388 23.0966 -13 10 1 0 1
-60.2826 18.1341 6450 2.35965 -5.12463 205.424 24.4155 -13 10 1 0 1
-47.1693 -19.4601 6800 25.3459 -23.5888 202.564 25.7385 -13 10 1 0 1
-1.22557 -19.0775 7150 17.9986 14.201 204.219 27.0652 -13 10 1 0 1
26.258 -8.97363 7500 13.9847 -7.22153 204.898 28.3832 -13 10 1 0 1
43.0707 -22.6508 7850 12.3285 0.516679 205.131 29.6987 -13 10 1 0 1
59.5324 13.427 8200 -9.53545 34.6057 202.342 31.0228 -13 10 1 0 1
24.3245 36.8865 8550 -14.1593 -5.07834 204.95 32.3481 -13 10 1 0 1
-10.4071 -20.6078 4700 -24.1786 41.7969 185.028 18.4127 -13 11 1 0 1
1.53505 59.7692 5050 12.5914 36.7718 187.234 19.7855 -13 11 1 0 1
-45.4887 109.39 5400 -54.2503 -9.20429 183.137 21.1582 -13 11 1 0 1
-77.672 65.3597 5750 19.0573 -4.69427 190.215 22.5201 -13 11 1 0 1
-1.16906 58.661 6100 44.8272 -32.6484 183.007 23.8903 -13 11 1 0 1
12.7494 -30.8128 6450 -11.5541 -43.7416 185.796 25.2754 -13 11 1 0 1
50.3025 -91.6491 6800 50.1894 -0.879028 184.519 26.6481 -13 11 1 0 1
94.4704 -67.4558 7150 -6.66731 -6.69455 190.992 28.0035 -13 11 1 0 1
16.4281 -96.547 7500 -65.2579 17.5337 178.889 29.3855 -13 11 1 0 1
-27.1527 -4.73206 7850 9.65466 47.7966 184.904 30.7888 -13 11 1 0 1
-50.4096 62.7489 8200 -40.7125 11.4156 186.492 32.1575 -13 11 1 0 1
-102.911 61.1431 8550 -7.83453 17.2973 190.28 33.5096 -13 11 1 0 1
43.9104 -16.8283 4700 -31.5633 -17.0868 189.029 18.1797 -13 12 1 0 1
-8.54486 1.63019 5050 -20.1441 23.1935 189.938 19.5318 -13 12 1 0 1
-57.2038 12.4454 5400 -24.797 -21.048 189.637 20.881 -13 12 1 0 1
-71.7669 -21.2682 5750 -4.43156 1.01028 192.352 22.2225 -13 12 1 0 1
-68.1149 23.4998 6100 25.6018 30.5187 188.237 23.5695 -13 12 1 0 1
-14.4684 21.4183 6450 18.4342 -22.5285 190.191 24.9228 -13 12 1 0 1
26.6826 -7.31581 6800 28.5131 3.46262 190.25 26.2699 -13 12 1 0 1
63.7189 13.9863 7150 17.1779 2.0433 191.627 27.6124 -13 12 1 0 1
79.0964 -33.4482 7500 -20.4899 -39.5747 187.174 28.9645 -13 12 1 0 1
27.1575 -46.1861 7850 -14.3992 18.1468 191.007 30.3189 -13 12 1 0 1
3.93325 -8.28614 8200 -22.5474 13.0355 190.635 31.662 -13 12 1 0 1
-43.8992 -11.2738 8550 -27.3543 -2.5568 190.435 33.007 -13 12 1 0 1
5.52573 41.8821 4700 23.0017 0.664938 221.229 17.3868 -13 13 1 0 1
25.7065 30.6743 5050 -0.349878 -3.91615 222.388 18.683 -13 13 1 0 1
10.5147 30.7453 5400 -14.5132 -4.4683 221.904 19.977 -13 13 1 0 1
4.42307 13.3834 5750 6.56647 -13.2728 221.929 21.272 -13 13 1 0 1
8.93661 -14.0055 6100 -8.68462 -18.8737 221.45 22.569 -13 13 1 0 1
-11.3796 -32.0376 6450 -7.72381 -8.95155 222.108 23.8656 -13 13 1 0 1
0.702846 -48.7344 6800 20.9356 -3.5845 221.406 25.1615 -13 13 1 0 1
17.0144 -42.1037 7150 -5.59731 2.43605 222.339 26.4568 -13 13 1 0 1
-10.777 -33.9288 7500 -19.8128 17.5539 220.842 27.7544 -13 13 1 0 1
-16.5417 -0.946298 7850 6.41632 16.1224 221.745 29.0538 -13 13 1 0 1
-16.427 18.3653 8200 -8.7434 7.8224 222.113 30.3487 -13 13 1 0 1
-29.817 28.7332 8550 -2.98183 12.2576 222.065 31.6428 -13 13 1 0 1
34.5717 47.7407 4700 8.82998 -36.7639 197.288 17.9976 -13 14 1 0 1
3.05743 2.52184 5050 -30.7278 -12.0362 198.149 19.3369 -13 14 1 0 1
-31.3626 -39.7948 5400 5.44421 -35.3623 197.666 20.6752 -13 14 1 0 1
-6.3036 -77.1339 5750 0.724106 -11.148 200.568 22.0068 -13 14 1 0 1
-49.2311 -72.1387 6100 -29.6903 29.9429 196.403 23.3411 -13 14 1 0 1
-44.4614 -25.0524 6450 24.478 7.49483 199.241 24.6784 -13 14 1 0 1
5.94256 -8.83628 6800 21.9701 25.1963 198.077 26.0135 -13 14 1 0 1
12.7772 42.3767 7150 0.776436 25.1738 199.293 27.348 -13 14 1 0 1
51.4955 61.0949 7500 32.741 -16.2347 197.526 28.6819 -13 14 1 0 1
66.005 30.0687 7850 -10.9233 1.16753 200.578 30.0115 -13 14 1 0 1
18.9754 45.996 8200 -39.2307 -6.06791 196.917 31.346 -13 14 1 0 1
-16.4995 0.90012 8550 -4.3582 -28.6815 198.773 32.686 -13 14 1 0 1
4.34616 69.3007 4700 44.0023 -15.7423 190.252 17.9902 -13 15 1 0 1
31.5083 12.6387 5050 -7.37924 -26.0927 194.022 19.3434 -13 15 1 0 1
31.178 -19.0772 5400 11.709 -9.06388 195.347 20.6764 -13 15 1 0 1
52.8954 -32.3419 5750 6.74852 -17.29 195.027 22.0066 -13 15 1 0 1
17.6374 -80.7202 6100 -48.6017 -10.2809 189.505 23.3589 -13 15 1 0 1
-33.5477 -50.5607 6450 -0.260802 18.9523 194.989 24.7111 -13 15 1 0 1
-18.7564 -27.9372 6800 6.46851 14.0015 195.3 26.0417 -13 15 1 0 1
-32.2219 0.955864 7150 -16.5884 20.0691 194.17 27.3746 -13 15 1 0 1
-29.8231 60.0353 7500 32.257 29.6953 190.939 28.7249 -13 15 1 0 1
21.1624 67.2735 7850 6.36474 -4.19375 195.76 30.0697 -13 15 1 0 1
-3.70546 60.5278 8200 -21.4334 -15.7724 194.092 31.4017 -13 15 1 0 1
-1.80348 24.5625 8550 19.7431 -15.9007 194.261 32.7382 -13 15 1 0 1
-31.8573 -50.8387 4700 -19.458 17.8446 203.382 17.7411 -13 16 1 0 1
-29.6999 -21.9743 5050 16.8526 5.18761 204.329 19.0614 -13 16 1 0 1
6.87262 -9.03452 5400 17.1869 20.305 203.355 20.3833 -13 16 1 0 1
12.8545 31.0847 5750 1.11259 19.8662 204.121 21.706 -13 16 1 0 1
42.2686 44.1338 6100 25.15 -13.4825 203.093 23.0277 -13 16 1 0 1
55.0903 18.9887 6450 -5.79112 -0.128571 205.006 24.3473 -13 16 1 0 1
26.0301 34.0708 6800 -28.1636 0.69212 203.144 25.6675 -13 16 1 0 1
-2.21973 4.9392 7150 -4.70406 -23.9205 203.634 26.9916 -13 16 1 0 1
-26.457 -24.5633 7500 -25.4589 -1.69132 203.495 28.3142 -13 16 1 0 1
-58.2993 -14.9946 7850 -11.0294 -3.36965 204.764 29.634 -13 16 1 0 1
-51.0796 -51.7342 8200 27.9121 -22.4045 201.941 30.9583 -13 16 1 0 1
-13.1531 -46.048 8550 3.26059 18.5821 204.219 32.2834 -13 16 1 0 1
76.433 -26.6481 4700 2.29328 -36.4763 220.6 17.5488 -13 17 1 0 1
65.2146 -55.1208 5050 3.53543 6.75163 223.477 18.8478 -13 17 1 0 1
76.238 -3.73875 5400 -13.7113 47.6258 218.045 20.1568 -13 17 1 0 1
27.0048 27.6054 5750 -28.8293 -5.34684 221.676 21.4703 -13 17 1 0 1
-8.01539 23.2328 6100 -17.1558 7.87093 222.809 22.7685 -13 17 1 0 1
-31.8699 43.6522 6450 -21.9014 10.0129 222.306 24.0651 -13 17 1 0 1
-80.5226 17.7207 6800 -18.1783 -46.9915 217.856 25.377 -13 17 1 0 1
-69.1695 -34.4654 7150 10.6886 -5.83105 223.275 26.6872 -13 17 1 0 1
-61.2514 -13.1031 7500 12.1721 22.0478 222.184 27.9824 -13 17 1 0 1
-29.8284 -10.1723 7850 21.5403 -17.5324 221.875 29.2811 -13 17 1 0 1
20.8134 -28.679 8200 38.8692 10.9113 219.932 30.5893 -13 17 1 0 1
56.9109 6.93583 8550 13.0882 14.9289 222.724 31.8953 -13 17 1 0 1
6.78721 -54.3757 4700 -23.9052 -3.74107 202.775 17.7563 -13 18 1 0 1
-11.8278 -40.1948 5050 7.31442 9.08925 203.88 19.0757 -13 18 1 0 1
12.5285 -17.2986 5400 8.61532 23.3038 202.696 20.3967 -13 18 1 0 1
1.80022 17.8732 5750 -10.5851 15.0947 203.379 21.7193 -13 18 1 0 1
7.42948 42.0601 6100 17.8763 6.44941 203.327 23.0385 -13 18 1 0 1
25.4795 39.9578 6450 -2.92194 1.62243 204.186 24.3557 -13 18 1 0 1
-3.91184 41.555 6800 -23.4082 -12.4204 202.487 25.676 -13 18 1 0 1
-14.1888 7.43115 7150 6.98325 -17.0804 203.378 26.999 -13 18 1 0 1
-12.6583 -17.2331 7500 -9.78981 -10.1448 203.726 28.3173 -13 18 1 0 1
-31.1286 -27.7977 7850 -5.62435 -10.0478 203.888 29.6343 -13 18 1 0 1
-11.4748 -53.9984 8200 28.6871 -5.70722 202.108 30.9567 -13 18 1 0 1
15.3963 -36.9567 8550 -2.60948 12.2519 203.829 32.2789 -13 18 1 0 1
-57.7306 -15.5564 4700 4.18131 34.9065 202.33 17.7355 -13 19 1 0 1
-20.6471 11.6672 5050 24.4768 -3.14635 203.874 19.0629 -13 19 1 0 1
16.0264 15.7371 5400 15.0561 15.6786 204.208 20.3839 -13 19 1 0 1
30.7911 46.1972 5750 13.9693 12.2683 204.519 21.7032 -13 19 1 0 1
74.6997 25.803 6100 16.3171 -40.679 200.63 23.0336 -13 19 1 0 1
59.339 -20.8222 6450 -14.9632 -1.80288 204.808 24.364 -13 19 1 0 1
36.2097 -4.65517 6800 -19.0826 7.5341 204.335 25.6816 -13 19 1 0 1
3.84486 -21.9494 7150 -18.8913 -21.4236 203.366 27.003 -13 19 1 0 1
-52.2047 -32.6373 7500 -35.8686 23.7797 200.802 28.3374 -13 19 1 0 1
-75.9005 13.0754 7850 -4.26598 8.0645 205.159 29.6673 -13 19 1 0 1
-77.5041 -16.806 8200 16.6452 -28.8155 202.648 30.9883 -13 19 1 0 1
-40.7694 -19.2285 8550 13.07 23.2153 203.627 32.3129 -13 19 1 0 1
10.6166 42.2354 4700 26.0915 -19.8783 195.903 17.8685 -13 20 1 0 1
18.5089 -2.32754 5050 -8.42633 -19.1461 197.525 19.2042 -13 20 1 0 1
20.4199 -27.1785 5400 12.8829 -6.55718 198.103 20.5309 -13 20 1 0 1
38.1256 -33.0525 5750 1.97199 -10.2289 198.356 21.8555 -13 20 1 0 1
7.42826 -59.771 6100 -35.1355 -1.65425 195.49 23.1898 -13 20 1 0 1
-24.3416 -33.4869 6450 2.17797 14.5156 198.087 24.5245 -13 20 1 0 1
-12.4148 -15.192 6800 3.79815 11.3342 198.27 25.8495 -13 20 1 0 1
-22.5391 6.09242 7150 -10.7648 14.5831 197.801 27.1753 -13 20 1 0 1
-17.6296 45.3859 7500 23.5893 18.719 196.334 28.5084 -13 20 1 0 1
15.8807 48.8639 7850 2.77989 -2.49685 198.595 29.8387 -13 20 1 0 1
-5.24653 43.752 8200 -17.1725 -12.7415 197.475 31.1647 -13 20 1 0 1
-5.91968 15.8434 8550 13.0252 -11.8893 197.845 32.4929 -13 20 1 0 1
1.43684 -9.02708 4700 -0.171458 3.34595 197.591 17.7906 -13 21 1 0 1
7.79827 -3.58562 5050 6.63906 3.47459 197.478 19.1149 -13 21 1 0 1
14.6777 12.0565 5400 -3.8959 12.1748 197.206 20.4407 -13 21 1 0 1
4.21192 22.4084 5750 -1.02876 1.20177 197.613 21.766 -13 21 1 0 1
13.4501 16.9499 6100 5.38642 -9.79498 197.303 23.0908 -13 21 1 0 1
8.31474 2.53878 6450 -7.64477 -3.60869 197.439 24.4164 -13 21 1 0 1
-2.49424 -6.74497 6800 -1.41211 -8.74092 197.421 25.7414 -13 21 1 0 1
0.550109 -21.0223 7150 -0.79772 -7.42626 197.479 27.0665 -13 21 1 0 1
-17.7481 -25.9508 7500 -14.9885 8.21047 196.88 28.3931 -13 21 1 0 1
-25.8632 -7.95987 7850 2.90563 3.63663 197.565 29.7198 -13 21 1 0 1
-15.7751 -10.0747 8200 8.21671 0.338279 197.449 31.0444 -13 21 1 0 1
-9.20079 2.5442 8550 -0.195823 11.8855 197.262 32.3697 -13 21 1 0 1
29.3478 61.7262 4700 28.8708 -38.8201 199.184 17.9178 -13 22 1 0 1
20.0854 -3.87803 5050 -23.4886 -24.7927 202.11 19.2598 -13 22 1 0 1
5.56151 -47.5158 5400 14.7862 -23.4114 203.096 20.5869 -13 22 1 0 1
32.3829 -71.9384 5750 0.501361 -16.3827 204.319 21.9082 -13 22 1 0 1
-21.9494 -93.2833 6100 -50.309 16.7602 197.997 23.2468 -13 22 1 0 1
-48.9741 -39.8555 6450 14.785 19.5495 203.505 24.587 -13 22 1 0 1
-15.1304 -14.4587 6800 13.4168 21.729 203.378 25.9103 -13 22 1 0 1
-19.7964 29.7722 7150 -7.72929 28.4888 202.839 27.2352 -13 22 1 0 1
11.0524 78.3247 7500 44.4278 8.24674 199.933 28.5718 -13 22 1 0 1
54.9877 60.2395 7850 -1.10833 -4.56683 204.922 29.9017 -13 22 1 0 1
16.0875 64.4625 8200 -35.0521 -11.2646 201.642 31.2258 -13 22 1 0 1
-3.28179 18.9121 8550 9.79422 -28.2475 202.783 32.5562 -13 22 1 0 1
57.3147 -11.2799 4700 -41.523 -22.2354 198.096 18.1819 -13 23 1 0 1
-12.7183 10.9816 5050 -32.527 30.0448 198.746 19.5309 -13 23 1 0 1
-86.0618 16.9574 5400 -35.933 -37.052 196.968 20.8828 -13 23 1 0 1
-102.019 -37.4948 5750 -4.52238 -1.40226 203.564 22.2203 -13 23 1 0 1
-100.971 20.9605 6100 31.4737 45.8397 195.879 23.5612 -13 23 1 0 1
-29.0472 24.9813 6450 29.6574 -30.1157 199.184 24.9142 -13 23 1 0 1
34.0707 -12.3358 6800 44.1545 6.7807 198.658 26.2611 -13 23 1 0 1
88.1429 22.7733 7150 25.9398 7.63773 201.815 27.5999 -13 23 1 0 1
117.952 -36.8509 7500 -21.452 -58.8857 193.734 28.9514 -13 23 1 0 1
52.9524 -62.0654 7850 -20.6012 24.3831 201.101 30.3055 -13 23 1 0 1
18.6886 -5.8862 8200 -36.1347 22.562 199.113 31.6449 -13 23 1 0 1
-53.0855 -10.1952 8550 -40.4626 -7.89514 199.402 32.9896 -13 23 1 0 1
78.1597 69.2114 4700 30.656 -52.7386 203.614 17.8304 -13 24 1 0 1
60.1825 0.582619 5050 -30.3387 -11.7352 210.052 19.1697 -13 24 1 0 1
15.3686 -11.8886 5400 -19.1283 -17.2689 210.988 20.4853 -13 24 1 0 1
0.833705 -55.2527 5750 -11.2482 -30.0918 210.114 21.8006 -13 24 1 0 1
-63.7878 -75.765 6100 -50.6881 26.2088 204.753 23.1364 -13 24 1 0 1
-91.1203 -23.3567 6450 7.77906 7.10206 212.295 24.4654 -13 24 1 0 1
-55.5491 -44.0829 6800 37.7337 -7.72844 209.037 25.7804 -13 24 1 0 1
-14.3767 -11.6907 7150 8.19249 34.6427 209.554 27.1027 -13 24 1 0 1
21.1731 38.6115 7500 40.2417 10.2885 208.458 28.4292 -13 24 1 0 1
73.0053 29.687 7850 17.4782 2.51605 211.821 29.7491 -13 24 1 0 1
64.2512 73.4999 8200 -37.3291 28.2302 207.339 31.0694 -13 24 1 0 1
16.0404 66.9269 8550 -2.8408 -22.342 211.359 32.3918 -13 24 1 0 1
-28.2615 45.4209 4700 40.3565 -1.60333 196.07 17.9122 -13 25 1 0 1
12.4318 2.32089 5050 7.1806 -30.5259 197.715 19.2547 -13 25 1 0 1
45.5891 -29.0547 5400 29.6935 4.6328 197.918 20.589 -13 25 1 0 1
77.9781 -12.4425 5750 9.7952 -6.12796 199.853 21.9176 -13 25 1 0 1
61.0368 -63.988 6100 -41.1115 -27.5947 193.966 23.2597 -13 25 1 0 1
2.78263 -51.3832 6450 -9.06058 24.2429 198.506 24.6059 -13 25 1 0 1
-7.62961 -12.2723 6800 -15.0732 15.792 198.993 25.9351 -13 25 1 0 1
-47.0428 -2.20142 7150 -25.586 7.12757 198.417 27.2645 -13 25 1 0 1
-66.9711 53.2792 7500 21.5677 42.9117 194.34 28.6099 -13 25 1 0 1
-20.3769 76.4244 7850 5.83375 -7.78036 199.95 29.9502 -13 25 1 0 1
-36.7679 42.937 8200 -3.41254 -31.5702 197.652 31.2794 -13 25 1 0 1
-3.73407 10.1856 8550 30.166 -4.63082 197.847 32.6144 -13 25 1 0 1
-42.9307 -8.02586 4700 24.6876 33.1893 189.393 18.1238 -13 26 1 0 1
24.3948 3.2664 5050 36.3832 -7.55196 190.263 19.4822 -13 26 1 0 1
76.5808 37.8074 5400 2.43316 44.7972 188.595 20.8404 -13 26 1 0 1
55.9874 81.288 5750 3.76756 -1.39753 193.816 22.1876 -13 26 1 0 1
84.1068 25.7977 6100 -6.13263 -53.7622 186.153 23.5449 -13 26 1 0 1
20.6849 -17.0762 6450 -38.2577 5.18215 189.974 24.9152 -13 26 1 0 1
-36.4698 -31.5236 6800 -15.4963 -30.029 190.89 26.2669 -13 26 1 0 1
-43.6156 -80.1751 7150 -14.7817 -14.8079 192.725 27.6107 -13 26 1 0 1
-106.356 -42.7496 7500 -17.0789 61.6386 183.002 28.982 -13 26 1 0 1
-63.0578 23.2918 7850 32.7186 -2.20908 191.064 30.359 -13 26 1 0 1
-9.74912 14.6461 8200 26.6253 10.1408 191.753 31.705 -13 26 1 0 1
22.6928 58.5257 8550 20.9257 26.5935 190.882 33.0515 -13 26 1 0 1
56.9527 -101.962 4700 -50.737 -19.6815 209.958 17.8325 -13 27 1 0 1
8.28879 -75.6303 5050 6.22178 31.8446 214.455 19.1563 -13 27 1 0 1
24.7523 -7.52264 5400 -11.8494 48.3012 211.117 20.4822 -13 27 1 0 1
-28.285 41.8685 5750 -32.1031 20.6665 213.509 21.8106 -13 27 1 0 1
-30.693 97.2315 6100 36.7159 30.1861 211.624 23.1325 -13 27 1 0 1
11.3572 103.677 6450 -7.30042 -4.6628 216.723 24.446 -13 27 1 0 1
-43.6622 73.0958 6800 -31.0565 -48.3783 209.139 25.7702 -13 27 1 0 1
-28.5722 -0.92203 7150 30.6755 -27.6208 212.932 27.1053 -13 27 1 0 1
-3.0017 -48.5639 7500 -9.7111 -31.2804 214.409 28.4217 -13 27 1 0 1
-26.6934 -86.3521 7850 0.83712 -24.0319 215.559 29.7315 -13 27 1 0 1
37.7684 -109.85 8200 60.2033 23.7635 207.014 31.0645 -13 27 1 0 1
67.0504 -46.1012 8550 -18.2775 22.5975 214.94 32.3989 -13 27 1 0 1
1.7168 -44.9146 4700 -15.6542 7.59128 201.382 17.7777 -13 28 1 0 1
0.80936 -22.6243 5050 13.9795 12.0437 201.289 19.0992 -13 28 1 0 1
21.1869 12.1776 5400 -3.20947 27.7385 200.194 20.4264 -13 28 1 0 1
-0.774217 42.9507 5750 -7.23398 10.3985 201.735 21.7522 -13 28 1 0 1
18.0097 53.217 6100 21.6841 -7.91993 200.81 23.0741 -13 28 1 0 1
26.5 31.4768 6450 -11.594 -5.51046 201.725 24.3963 -13 28 1 0 1
-5.6635 18.1091 6800 -15.659 -19.8638 200.544 25.7208 -13 28 1 0 1
-6.07111 -21.2173 7150 5.04303 -19.683 201.109 27.0473 -13 28 1 0 1
-24.6887 -45.2486 7500 -24.437 0.808005 200.648 28.3718 -13 28 1 0 1
-46.6944 -33.3171 7850 1.18541 -2.09912 202.118 29.6939 -13 28 1 0 1
-17.6639 -48.6195 8200 29.4535 1.71137 199.968 31.0187 -13 28 1 0 1
5.51126 -17.9395 8550 -3.23009 21.5926 200.95 32.3466 -13 28 1 0 1
120.34 15.8074 4700 8.27047 -61.4128 213.758 17.7181 -13 29 1 0 1
86.2517 -33.9788 5050 -22.6829 10.1472 221.167 19.0387 -13 29 1 0 1
46.7156 7.76331 5400 -39.8386 19.7044 218.076 20.3495 -13 29 1 0 1
-15.3941 -7.47152 5750 -33.3266 -23.6134 218.779 21.666 -13 29 1 0 1
-76.9555 -7.22238 6100 -31.6865 33.5451 217.722 22.9828 -13 29 1 0 1
-95.6052 36.9404 6450 -10.3234 1.40553 222.315 24.2899 -13 29 1 0 1
-105.98 -19.6125 6800 23.4346 -54.4774 214.512 25.6064 -13 29 1 0 1
-45.1047 -44.6147 7150 27.4873 18.4029 220.087 26.9292 -13 29 1 0 1
-6.51224 -11.4612 7500 30.576 9.19986 220.256 28.2355 -13 29 1 0 1
42.8141 -23.0831 7850 32.7723 -9.16067 219.942 29.542 -13 29 1 0 1
93.7183 12.6541 8200 8.81175 53.6295 215.821 30.8611 -13 29 1 0 1
72.8014 63.9481 8550 -6.87119 1.19064 222.45 32.1745 -13 29 1 0 1
51.0933 11.0028 4700 8.87997 -21.3482 200.975 17.7713 -13 30 1 0 1
45.9671 -9.36837 5050 -4.74336 5.46603 202.172 19.0924 -13 30 1 0 1
29.0043 18.0372 5400 -22.0482 13.2066 200.662 20.416 -13 30 1 0 1
-4.8835 10.487 5750 -11.7616 -12.8397 201.55 21.741 -13 30 1 0 1
-25.9505 1.34138 6100 -11.8211 5.74572 201.874 23.0615 -13 30 1 0 1
-39.513 10.4301 6450 -8.37854 -3.56239 202.096 24.3803 -13 30 1 0 1
-43.7657 -23.0041 6800 15.222 -25.7439 200.078 25.7055 -13 30 1 0 1
-10.5482 -35.0733 7150 9.66048 6.26569 201.973 27.0313 -13 30 1 0 1
-6.20694 -21.3512 7500 2.54628 8.45313 202.108 28.3497 -13 30 1 0 1
9.58107 -14.3867 7850 14.7415 1.55693 201.757 29.6687 -13 30 1 0 1
32.6758 8.19298 8200 0.990453 24.8096 200.772 30.9927 -13 30 1 0 1
16.9214 35.0475 8550 -5.5337 5.07103 202.162 32.316 -13 30 1 0 1
11.4704 -16.7098 4700 43.2282 -22.4122 189.784 18.5006 -13 31 1 0 1
59.9473 -86.0654 5050 30.7989 -32.1191 190.811 19.8667 -13 31 1 0 1
160.631 -40.7979 5400 21.5371 89.986 172.707 21.2916 -13 31 1 0 1
89.54 45.8954 5750 -44.2709 -13.8424 190.361 22.7186 -13 31 1 0 1
11.8203 11.686 6100 -47.3271 4.24062 190.082 24.085 -13 31 1 0 1
-55.634 65.3374 6450 -37.8957 31.0949 189.7 25.4532 -13 31 1 0 1
-156.013 21.4657 6800 -19.687 -86.3295 174.782 26.874 -13 31 1 0 1
-93.7781 -62.4301 7150 34.1694 12.2535 192.539 28.2873 -13 31 1 0 1
-39.9339 -15.3552 7500 40.9883 14.3872 191.055 29.6422 -13 31 1 0 1
33.9663 -45.9497 7850 41.432 -28.5082 189.366 31.0065 -13 31 1 0 1
133.43 -14.9627 8200 26.6314 73.9801 179.462 32.4129 -13 31 1 0 1
97.4287 68.8326 8550 -20.4459 -2.88122 194.84 33.8028 -13 31 1 0 1
-25.4378 18.1983 4700 35.2535 -6.55179 190.401 18.1375 -13 32 1 0 1
12.8773 -30.1871 5050 13.7946 -32.1341 190.566 19.4902 -13 32 1 0 1
74.7371 -48.7618 5400 39.7868 28.2599 187.501 20.851 -13 32 1 0 1
94.011 1.85052 5750 -3.68769 0.731375 193.711 22.2028 -13 32 1 0 1
65.6229 -39.957 6100 -39.2432 -20.6896 188.601 23.5507 -13 32 1 0 1
7.23475 -14.9542 6450 -15.5953 32.1043 190.432 24.9088 -13 32 1 0 1
-39.6541 23.5292 6800 -36.6759 -5.19731 190.174 26.262 -13 32 1 0 1
-82.6456 -4.69011 7150 -15.9498 -1.90019 193.081 27.6076 -13 32 1 0 1
-87.8214 48.8563 7500 30.0578 39.9333 187.19 28.9614 -13 32 1 0 1
-29.8069 51.391 7850 11.4389 -25.5787 191.711 30.3188 -13 32 1 0 1
-7.3252 -1.88741 8200 28.1681 -19.9355 190.65 31.6676 -13 32 1 0 1
49.9 -1.84092 8550 28.5958 2.71812 191.607 33.0164 -13 32 1 0 1
48.8175 -48.3591 4700 -28.0919 -17.197 199.799 17.8628 -13 33 1 0 1
13.5725 -35.5558 5050 -2.48476 21.6111 201.324 19.191 -13 33 1 0 1
5.72042 7.6675 5400 -18.7764 20.8671 200.541 20.5188 -13 33 1 0 1
-34.5954 20.196 5750 -19.0395 5.18519 201.532 21.8459 -13 33 1 0 1
-39.2129 53.9881 6100 20.9193 21.9559 200.212 23.1722 -13 33 1 0 1
-10.2024 56.866 6450 -1.99201 -10.1026 202.234 24.4965 -13 33 1 0 1
-28.1856 22.2949 6800 -0.780101 -30.861 200.129 25.8226 -13 33 1 0 1
1.70347 -12.8072 7150 22.3636 -10.1955 200.999 27.1526 -13 33 1 0 1
17.5176 -43.5845 7500 -10.9757 -21.2929 201.074 28.4779 -13 33 1 0 1
-2.34759 -60.9147 7850 2.74334 -4.80877 202.42 29.7995 -13 33 1 0 1
33.5065 -51.6771 8200 22.3293 26.1753 199.552 31.1264 -13 33 1 0 1
27.7782 -8.65215 8550 -18.8448 12.1388 201.251 32.4567 -13 33 1 0 1
5.81629 40.8828 4700 32.246 16.1453 163.689 18.7623 -13 34 1 0 1
60.6236 33.4067 5050 11.4864 0.00758737 167.22 20.1625 -13 34 1 0 1
40.9043 67.6909 5400 -34.1181 9.30276 163.841 21.5581 -13 34 1 0 1
7.97834 31.9427 5750 8.8102 -26.7343 165.234 22.96 -13 34 1 0 1
3.71369 -35.3381 6100 -29.3182 -24.3411 163.226 24.37 -13 34 1 0 1
-56.6499 -40.3735 6450 -14.8894 -2.46222 166.934 25.7737 -13 34 1 0 1
-35.774 -78.3117 6800 37.7981 -8.8117 163.059 27.1728 -13 34 1 0 1
-0.739863 -40.5987 7150 -11.0689 25.2348 165.334 28.5777 -13 34 1 0 1
-9.38532 25.4847 7500 21.9549 29.3154 163.564 29.9862 -13 34 1 0 1
47.7712 43.4593 7850 16.1407 5.7281 166.737 31.3891 -13 34 1 0 1
25.681 81.6022 8200 -38.6384 6.22634 162.982 32.789 -13 34 1 0 1
-8.2907 42.6013 8550 11.851 -22.4712 165.678 34.1936 -13 34 1 0 1
22.0718 10.623 4700 19.9757 -8.04711 174.329 18.367 -13 35 1 0 1
42.3929 -13.7514 5050 7.11608 -3.85968 175.468 19.7357 -13 35 1 0 1
52.0255 14.1114 5400 -10.5793 23.6633 173.731 21.1058 -13 35 1 0 1
20.6435 21.2914 5750 -8.31938 -12.7339 174.994 22.4773 -13 35 1 0 1
-0.751488 -6.4844 6100 -19.0318 -5.50787 174.533 23.8471 -13 35 1 0 1
-32.9954 3.70112 6450 -12.9745 3.87632 175.132 25.2163 -13 35 1 0 1
-48.4355 -23.0097 6800 9.41437 -24.0837 173.741 26.5873 -13 35 1 0 1
-20.3361 -34.7759 7150 4.29334 8.8242 175.38 27.9577 -13 35 1 0 1
-16.7013 -5.389 7500 10.5206 15.3093 174.669 29.3254 -13 35 1 0 1
15.0473 0.657394 7850 15.6283 -2.38668 174.941 30.6945 -13 35 1 0 1
35.4765 21.4955 8200 -4.55876 20.702 174.371 32.064 -13 35 1 0 1
15.7543 37.6943 8550 -1.73064 -2.61843 175.626 33.4316 -13 35 1 0 1
-30.3537 -28.4674 4700 -0.195317 20.0854 196.48 17.8668 -13 36 1 0 1
-5.15998 -10.3596 5050 22.0035 -0.201141 196.275 19.1976 -13 36 1 0 1
33.144 9.29535 5400 9.97571 27.4641 195.331 20.5334 -13 36 1 0 1
29.0407 47.5831 5750 1.96596 10.1191 197.235 21.8664 -13 36 1 0 1
56.1476 34.0908 6100 11.9005 -28.5372 195.069 23.1985 -13 36 1 0 1
40.4621 1.91376 6450 -17.7028 0.951175 196.707 24.5328 -13 36 1 0 1
3.87482 5.37928 6800 -21.0676 -9.9517 196.125 25.8645 -13 36 1 0 1
-15.8175 -29.156 7150 -8.97104 -19.8675 196.298 27.1976 -13 36 1 0 1
-56.7747 -34.6755 7500 -25.373 22.9517 194.519 28.5348 -13 36 1 0 1
-65.6357 0.711194 7850 4.53829 0.140278 197.452 29.869 -13 36 1 0 1
-44.2803 -25.6554 8200 26.3826 -12.35 195.345 31.2008 -13 36 1 0 1
-7.3701 -6.79655 8550 10.2977 23.7262 195.804 32.5369 -13 36 1 0 1
14.1732 7.12988 4700 11.4873 -9.67199 194.207 17.8602 -13 37 1 0 1
21.4974 -11.4023 5050 2.33748 -4.85144 194.712 19.1908 -13 37 1 0 1
29.9008 -2.91746 5400 0.672661 12.625 194.376 20.5204 -13 37 1 0 1
21.5835 6.39828 5750 -4.11733 -4.55171 194.69 21.85 -13 37 1 0 1
9.6135 -8.93528 6100 -12.8385 -5.67957 194.28 23.1804 -13 37 1 0 1
-10.2825 -4.22928 6450 -7.37782 4.79292 194.588 24.5112 -13 37 1 0 1
-20.5358 -8.50758 6800 -1.07422 -9.06285 194.572 25.8404 -13 37 1 0 1
-18.2597 -17.5089 7150 -2.21486 1.07569 194.771 27.1693 -13 37 1 0 1
-25.0312 -0.963459 7500 2.66664 15.084 194.183 28.4997 -13 37 1 0 1
-10.0184 10.7094 7850 7.15881 -1.53699 194.649 29.8304 -13 37 1 0 1
-1.71537 7.88864 8200 3.32326 0.760799 194.757 31.159 -13 37 1 0 1
4.01445 13.7095 8550 5.24264 4.23118 194.67 32.4876 -13 37 1 0 1
18.6763 -63.1426 4700 -28.9945 2.19803 200.311 17.8561 -13 38 1 0 1
1.43573 -32.7676 5050 11.2704 21.3397 200.967 19.183 -13 38 1 0 1
14.6464 15.5916 5400 -11.3998 31.1179 199.679 20.5147 -13 38 1 0 1
-21.12 46.4132 5750 -13.8028 12.5057 201.552 21.8445 -13 38 1 0 1
-3.16626 73.627 6100 31.7899 3.41884 199.87 23.171 -13 38 1 0 1
21.1897 53.5696 6450 -10.0145 -10.7825 201.875 24.4968 -13 38 1 0 1
-13.3011 26.4268 6800 -13.4503 -29.7379 199.762 25.8251 -13 38 1 0 1
-0.011822 -22.2235 7150 14.9291 -22.0926 200.647 27.1574 -13 38 1 0 1
-8.73628 -60.5427 7500 -27.6105 -11.5248 200.187 28.4859 -13 38 1 0 1
-39.86 -58.9934 7850 1.48241 -3.10309 202.382 29.81 -13 38 1 0 1
0.953758 -66.0782 8200 34.8449 14.4944 198.861 31.1391 -13 38 1 0 1
16.2209 -19.3471 8550 -12.7232 23.9902 200.581 32.4731 -13 38 1 0 1
-0.388034 9.12247 4700 25.8278 2.68673 179.79 18.247 -13 39 1 0 1
38.5415 -11.9762 5050 16.3328 -9.78435 180.655 19.6092 -13 39 1 0 1
68.2245 13.3607 5400 -1.59129 32.4165 178.733 20.973 -13 39 1 0 1
42.9932 37.2813 5750 -5.7405 -9.8267 181.299 22.3346 -13 39 1 0 1
30.8538 -4.04183 6100 -21.3867 -20.8302 179.186 23.6967 -13 39 1 0 1
-18.5279 -4.07476 6450 -21.6599 9.08083 180.131 25.0629 -13 39 1 0 1
-52.5316 -21.5564 6800 -2.35755 -27.1522 179.6 26.4252 -13 39 1 0 1
-39.551 -48.7263 7150 -2.12188 2.53908 181.626 27.7832 -13 39 1 0 1
-53.6164 -9.01529 7500 8.07383 32.9214 178.465 29.1464 -13 39 1 0 1
-9.57152 12.9199 7850 22.1902 -6.41357 180.182 30.5144 -13 39 1 0 1
25.4226 17.8937 8200 9.01865 16.9073 180.643 31.8734 -13 39 1 0 1
28.682 45.5445 8550 7.64011 6.33603 181.385 33.2288 -13 39 1 0 1
21.7285 -6.55891 4700 -14.2172 -20.6915 179.801 18.2773 -13 40 1 0 1
-15.728 -15.2881 5050 -15.1451 2.74774 180.892 19.6377 -13 40 1 0 1
-28.3874 -29.443 5400 6.53247 -13.2304 180.945 20.992 -13 40 1 0 1
-16.2648 -34.6427 5750 -3.60439 5.60664 181.423 22.3449 -13 40 1 0 1
-28.1343 -5.81573 6100 4.85419 21.7993 180.167 23.702 -13 40 1 0 1
1.2502 10.5564 6450 15.4413 -1.52438 180.882 25.0606 -13 40 1 0 1
20.2959 20.7058 6800 0.320119 12.1711 181.137 26.4149 -13 40 1 0 1
16.6528 32.6443 7150 4.97261 -0.412254 181.477 27.767 -13 40 1 0 1
34.094 9.85064 7500 -0.549309 -22.6306 180.129 29.1238 -13 40 1 0 1
8.37796 -10.4466 7850 -15.1571 1.28871 180.907 30.4823 -13 40 1 0 1
-13.4085 -16.4945 8200 -4.71546 -10.4089 181.186 31.8364 -13 40 1 0 1
-17.2049 -32.5867 8550 -7.56866 -3.63901 181.352 33.189 -13 40 1 0 1
-34.5538 38.2097 4700 23.0244 17.7645 204.2 17.6579 -13 41 1 0 1
-0.819834 36.3708 5050 6.43639 -10.7275 205.88 18.9776 -13 41 1 0 1
1.12627 18.7353 5400 3.7353 -9.69764 205.998 20.2911 -13 41 1 0 1
20.7458 9.23285 5750 17.3586 -5.29936 205.46 21.6057 -13 41 1 0 1
40.3483 -24.5273 6100 -6.93081 -30.453 203.882 22.9277 -13 41 1 0 1
15.64 -51.2623 6450 -5.09317 -3.23053 206.172 24.2481 -13 41 1 0 1
31.0125 -42.0602 6800 10.7587 17.503 205.234 25.5627 -13 41 1 0 1
20.5082 -21.7771 7150 -18.647 0.303967 205.415 26.8791 -13 41 1 0 1
-20.4435 -10.4505 7500 -19.5423 23.2952 204.007 28.2015 -13 41 1 0 1
-27.6013 31.535 7850 -1.6261 16.9364 205.557 29.5238 -13 41 1 0 1
-52.4365 34.3752 8200 -17.4328 -17.6265 204.765 30.8413 -13 41 1 0 1
-55.3632 14.318 8550 7.83392 6.49426 206.009 32.1573 -13 41 1 0 1
29.9982 2.88426 4700 -25.0595 -20.7716 188.086 18.2317 -13 42 1 0 1
-24.1219 6.87141 5050 -27.3175 11.8185 188.546 19.5843 -13 42 1 0 1
-71.2113 -14.8671 5400 -7.2924 -37.0124 187.117 20.9389 -13 42 1 0 1
-54.8432 -52.2534 5750 2.39542 3.29539 190.838 22.2864 -13 42 1 0 1
-58.5717 -10.4126 6100 14.1652 32.0786 187.633 23.6329 -13 42 1 0 1
-7.9519 1.6554 6450 27.6394 -13.0396 188.419 24.9864 -13 42 1 0 1
45.9579 3.70684 6800 21.3917 25.304 187.984 26.3396 -13 42 1 0 1
56.8965 44.707 7150 7.57882 6.09509 190.634 27.6855 -13 42 1 0 1
78.9546 7.02414 7500 -6.79805 -39.8709 186.547 29.0355 -13 42 1 0 1
32.7703 -16.8816 7850 -24.1732 13.3007 188.877 30.3909 -13 42 1 0 1
-16.0353 0.127142 8200 -28.3771 -9.47398 188.523 31.7411 -13 42 1 0 1
-50.1015 -34.3208 8550 -17.9331 -12.127 189.65 33.0888 -13 42 1 0 1
35.0045 -28.9951 4700 -23.4708 -14.838 200.258 17.8075 -13 43 1 0 1
1.29059 -20.3184 5050 -8.15446 15.3817 201.423 19.1333 -13 43 1 0 1
-13.3775 0.178497 5400 -12.7037 3.97479 201.736 20.4543 -13 43 1 0 1
-34.2955 -0.52242 5750 -11.2703 3.74845 201.825 21.774 -13 43 1 0 1
-38.9645 29.3442 6100 15.0334 21.5582 200.459 23.0981 -13 43 1 0 1
-10.841 35.6009 6450 5.37855 -8.64587 201.918 24.4217 -13 43 1 0 1
-9.82081 14.0752 6800 5.25288 -14.2609 201.602 25.7416 -13 43 1 0 1
12.905 1.27642 7150 16.3653 -4.01796 201.471 27.063 -13 43 1 0 1
29.3594 -24.1585 7500 -6.21389 -22.0743 200.87 28.3866 -13 43 1 0 1
10.231 -41.9353 7850 -2.70986 -0.906367 202.154 29.7086 -13 43 1 0 1
23.357 -30.8104 8200 6.94311 16.5856 201.373 31.0282 -13 43 1 0 1
10.4537 -9.95375 8550 -16.3807 3.85181 201.473 32.35 -13 43 1 0 1
13.6595 -91.8189 4700 -38.9372 20.2012 203.05 18.0298 -13 44 1 0 1
6.82387 -31.8272 5050 25.9701 35.7736 202.976 19.3661 -13 44 1 0 1
26.7789 51.2594 5400 -26.1987 51.3011 199.588 20.7198 -13 44 1 0 1
-34.7163 95.1279 5750 -16.393 16.568 206.423 22.0632 -13 44 1 0 1
9.72224 123.556 6100 55.1224 -11.6924 199.946 23.3982 -13 44 1 0 1
36.2762 69.1292 6450 -25.1942 -24.5716 204.732 24.7388 -13 44 1 0 1
-18.4202 13.6657 6800 -12.7625 -51.2757 200.902 26.0829 -13 44 1 0 1
9.36317 -63.4364 7150 18.8818 -36.6136 203.609 27.4309 -13 44 1 0 1
-28.1316 -118.748 7500 -58.3116 -2.33813 199.369 28.7763 -13 44 1 0 1
-74.1738 -86.4815 7850 12.5277 6.26318 207.262 30.1125 -13 44 1 0 1
-5.01058 -80.2438 8200 48.6772 31.0735 199.546 31.4524 -13 44 1 0 1
10.5071 2.24938 8550 -17.1968 45.2245 202.021 32.8072 -13 44 1 0 1
-3.60892 16.1333 4700 15.566 -0.502816 190.476 17.9281 -13 45 1 0 1
13.91 1.60974 5050 4.27705 -7.91373 190.9 19.2654 -13 45 1 0 1
23.7533 0.780632 5400 3.93755 7.04586 190.941 20.6004 -13 45 1 0 1
25.788 7.299 5750 2.34591 -4.07865 191.054 21.9349 -13 45 1 0 1
22.5802 -15.6894 6100 -12.9205 -13.8155 190.173 23.2726 -13 45 1 0 1
-2.22603 -18.5728 6450 -7.23395 4.72601 190.916 24.6109 -13 45 1 0 1
-7.53827 -15.6095 6800 -0.411058 -1.08566 191.108 25.9452 -13 45 1 0 1
-12.9032 -17.1891 7150 -8.10588 0.763855 190.938 27.2795 -13 45 1 0 1
-29.6436 2.107 7500 -0.362205 19.9684 190.065 28.618 -13 45 1 0 1
-15.3029 22.3458 7850 5.55274 1.35156 191.026 29.9563 -13 45 1 0 1
-16.0128 16.8234 8200 -0.983003 -6.52666 190.998 31.2907 -13 45 1 0 1
-7.83756 13.4692 8550 8.88951 4.11416 190.86 32.6255 -13 45 1 0 1
90.9113 -38.8707 4700 -30.0933 -43.5352 209.278 17.7668 -13 46 1 0 1
33.3196 -47.9496 5050 -18.5784 23.3244 213.797 19.0917 -13 46 1 0 1
5.343 -5.31387 5400 -27.8577 16.692 213.41 20.4057 -13 46 1 0 1
-45.4164 -5.23601 5750 -30.7345 -1.79227 213.66 21.7199 -13 46 1 0 1
-80.6384 36.6366 6100 6.08521 46.2792 210.759 23.0411 -13 46 1 0 1
-51.3169 70.9907 6450 3.80704 -5.56292 215.761 24.3562 -13 46 1 0 1
-62.4071 27.7024 6800 6.54089 -41.4811 211.742 25.6691 -13 46 1 0 1
-17.1118 -4.59855 7150 33.4257 1.07432 213.26 26.9891 -13 46 1 0 1
29.873 -19.7228 7500 15.7259 -27.2676 213.559 28.3034 -13 46 1 0 1
36.8654 -60.4963 7850 10.4363 -14.7766 215.107 29.6129 -13 46 1 0 1
80.547 -42.4942 8200 20.4486 42.0957 210.732 30.9298 -13 46 1 0 1
66.1553 4.56745 8550 -20.4706 1.18142 214.891 32.2478 -13 46 1 0 1
16.0826 65.2319 4700 30.8425 -23.7207 194.794 17.94 -13 47 1 0 1
19.894 13.9571 5050 -17.8073 -20.3105 196.797 19.2809 -13 47 1 0 1
1.62389 -24.0443 5400 7.31318 -23.098 197.159 20.614 -13 47 1 0 1
25.7157 -52.1592 5750 5.90176 -16.1655 197.895 21.9441 -13 47 1 0 1
-10.9422 -80.0729 6100 -40.9712 4.75702 194.313 23.283 -13 47 1 0 1
-39.4357 -46.1582 6450 10.1939 12.2324 198.003 24.6211 -13 47 1 0 1
-4.58794 -27.9784 6800 17.2677 20.7184 196.803 25.9523 -13 47 1 0 1
-7.35413 15.2683 7150 -10.6101 23.5089 196.961 27.2862 -13 47 1 0 1
6.28904 57.8786 7500 29.7576 12.4149 196.008 28.6226 -13 47 1 0 1
40.445 55.1036 7850 -0.36024 1.98008 198.632 29.9535 -13 47 1 0 1
1.74497 63.2555 8200 -34.2282 -11.8731 195.311 31.2871 -13 47 1 0 1
-16.9038 20.2249 8550 9.8569 -21.5574 197.223 32.6251 -13 47 1 0 1
60.0714 71.9036 4700 34.2219 -38.2724 203.398 17.7865 -13 48 1 0 1
57.3665 14.2634 5050 -22.8327 -11.2302 208.228 19.1181 -13 48 1 0 1
16.5928 3.81773 5400 -20.1206 -15.5729 208.229 20.4349 -13 48 1 0 1
4.12195 -38.0397 5750 -5.03564 -28.9196 207.713 21.753 -13 48 1 0 1
-44.157 -67.806 6100 -44.5742 11.4007 204.67 23.0825 -13 48 1 0 1
-77.4277 -33.9162 6450 2.0796 3.09797 209.744 24.4059 -13 48 1 0 1
-44.2496 -56.132 6800 38.0731 -6.25192 206.199 25.7243 -13 48 1 0 1
-6.54302 -24.7629 7150 2.3484 30.0277 207.604 27.0484 -13 48 1 0 1
10.0752 23.3547 7500 27.0022 17.8066 207.269 28.3706 -13 48 1 0 1
54.1031 31.0631 7850 17.4188 8.18108 208.893 29.6891 -13 48 1 0 1
44.3741 74.0971 8200 -36.0327 23.5754 205.311 31.0118 -13 48 1 0 1
0.195052 68.2173 8550 -0.560974 -15.4714 209.205 32.3344 -13 48 1 0 1
41.7319 13.6178 4700 13.4417 -22.2342 200.287 17.7614 -13 49 1 0 1
40.8833 -14.6779 5050 -3.43145 -1.73645 201.928 19.0846 -13 49 1 0 1
35.4691 2.59633 5400 -10.4598 13.723 201.227 20.4046 -13 49 1 0 1
13.1396 2.64273 5750 -10.1371 -11.05 201.408 21.7259 -13 49 1 0 1
-11.9295 -11.8046 6100 -18.7834 2.55847 201.073 23.0485 -13 49 1 0 1
-33.1346 2.18597 6450 -8.10702 3.19493 201.777 24.3698 -13 49 1 0 1
-40.4646 -16.6198 6800 7.56319 -18.9334 200.933 25.6909 -13 49 1 0 1
-21.6793 -26.3489 7150 3.8878 6.59743 201.82 27.0121 -13 49 1 0 1
-18.5889 -4.19537 7500 8.39015 14.3603 201.279 28.3326 -13 49 1 0 1
4.39427 3.49826 7850 13.0523 -1.55903 201.537 29.6539 -13 49 1 0 1
20.7298 13.7429 8200 1.14235 13.7353 201.494 30.9741 -13 49 1 0 1
15.5515 29.1934 8550 1.72008 2.74294 201.939 32.2934 -13 49 1 0 1
97.8201 -7.49024 4700 -9.36901 -46.6728 212.773 17.69 -13 50 1 0 1
57.5317 -33.4453 5050 -18.8784 16.1746 216.612 19.0055 -13 50 1 0 1
23.5178 6.77077 5400 -34.0178 16.1348 214.758 20.3182 -13 50 1 0 1
-30.3929 -2.89977 5750 -28.6811 -12.9487 215.751 21.6327 -13 50 1 0 1
-73.3873 14.3293 6100 -11.4579 35.2652 214.857 22.9452 -13 50 1 0 1
-69.8743 48.4712 6450 -3.87181 -3.28971 217.974 24.2513 -13 50 1 0 1
-79.0426 -0.805212 6800 15.8791 -45.6397 212.611 25.5657 -13 50 1 0 1
-27.4735 -27.8445 7150 28.0425 8.78866 216.044 26.8856 -13 50 1 0 1
9.37028 -18.9302 7500 19.3032 -6.86117 217.069 28.191 -13 50 1 0 1
35.2498 -40.2967 7850 21.0296 -10.0483 216.784 29.4944 -13 50 1 0 1
80.7527 -13.5403 8200 13.8517 45.6367 212.754 30.8113 -13 50 1 0 1
63.9247 34.4329 8550 -12.796 2.59206 217.642 32.1265 -13 50 1 0 1
21.3978 28.3622 4700 13.461 -20.0366 191.383 17.9454 -13 51 1 0 1
15.6371 -3.48245 5050 -10.9964 -8.83084 192.383 19.2837 -13 51 1 0 1
6.20236 -17.4341 5400 2.94903 -7.43137 192.733 20.6167 -13 51 1 0 1
13.0553 -28.2858 5750 -1.24276 -8.06155 192.727 21.9488 -13 51 1 0 1
-12.5154 -38.611 6100 -21.7351 7.23906 191.534 23.2855 -13 51 1 0 1
-25.4741 -15.8933 6450 5.17513 6.48081 192.721 24.6218 -13 51 1 0 1
-9.97168 -10.7562 6800 8.56163 5.75681 192.623 25.9545 -13 51 1 0 1
-7.18974 6.75109 7150 -2.42499 11.5993 192.535 27.2876 -13 51 1 0 1
4.01233 27.5608 7500 16.1103 4.34646 192.176 28.6226 -13 51 1 0 1
21.6358 22.6315 7850 0.189037 -0.494955 192.898 29.9562 -13 51 1 0 1
5.53409 26.985 8200 -15.0119 -3.31696 192.286 31.2894 -13 51 1 0 1
-4.85487 9.30233 8550 2.95974 -9.8711 192.624 32.6235 -13 51 1 0 1
4.83765 -23.8784 4700 5.43455 -16.943 178.053 18.383 -13 52 1 0 1
4.7579 -54.2396 5050 7.95343 -13.3016 178.268 19.7441 -13 52 1 0 1
57.1453 -46.1576 5400 24.848 34.4897 173.818 21.1221 -13 52 1 0 1
45.9885 8.5819 5750 -18.0239 6.25938 177.92 22.5019 -13 52 1 0 1
16.9276 10.5124 6100 -11.6884 5.62192 178.47 23.8625 -13 52 1 0 1
3.12485 36.4492 6450 -9.34863 17.5061 177.836 25.2235 -13 52 1 0 1
-48.3871 42.4265 6800 -28.6844 -26.3179 174.655 26.5998 -13 52 1 0 1
-51.8714 -8.38345 7150 10.3791 -7.86711 178.466 27.975 -13 52 1 0 1
-34.7308 -2.51785 7500 11.0949 3.73846 178.557 29.333 -13 52 1 0 1
-17.1234 -20.0497 7850 7.82575 -19.1751 177.738 30.6933 -13 52 1 0 1
29.056 -42.7096 8200 32.6534 13.3813 175.426 32.068 -13 52 1 0 1
49.9841 -0.641965 8550 -3.11883 10.0303 178.632 33.4396 -13 52 1 0 1
22.7304 5.44641 4700 1.39287 -24.718 178.661 18.2717 -13 53 1 0 1
0.127916 -23.9849 5050 -11.6197 -6.55507 179.874 19.6337 -13 53 1 0 1
1.99834 -38.2278 5400 12.593 -2.57708 179.909 20.9892 -13 53 1 0 1
11.5644 -32.3555 5750 -6.85823 1.19262 180.234 22.3439 -13 53 1 0 1
-16.3995 -20.9506 6100 -11.4681 17.8446 179.116 23.7028 -13 53 1 0 1
-9.13955 9.11845 6450 9.73696 8.31799 179.913 25.0625 -13 53 1 0 1
-4.92092 23.5009 6800 -6.52676 4.7288 180.188 26.4173 -13 53 1 0 1
-12.1245 26.1842 7150 3.4799 3.05292 180.309 27.771 -13 53 1 0 1
11.6195 25.9662 7500 13.9137 -11.4091 179.468 29.128 -13 53 1 0 1
11.6432 1.07342 7850 -8.30054 -7.53238 180.02 30.4857 -13 53 1 0 1
2.37267 -12.8339 8200 1.75705 -7.51959 180.203 31.8405 -13 53 1 0 1
7.67828 -23.1915 8550 -1.59193 -5.6621 180.272 33.1943 -13 53 1 0 1
-66.616 8.21231 4700 14.9698 33.7449 202.185 17.7344 -13 54 1 0 1
-23.2188 23.3269 5050 20.2911 -12.1617 204.161 19.0621 -13 54 1 0 1
10.2172 7.62194 5400 21.349 3.57463 204.384 20.3825 -13 54 1 0 1
40.8984 27.6302 5750 20.1671 8.0979 204.375 21.7026 -13 54 1 0 1
79.0577 -3.96452 6100 4.06367 -43.474 200.836 23.0336 -13 54 1 0 1
53.8305 -44.3864 6450 -10.8494 2.34746 205.227 24.3628 -13 54 1 0 1
44.933 -16.2074 6800 -13.8345 20.7367 204.01 25.681 -13 54 1 0 1
6.04098 -14.2088 7150 -25.9269 -13.7061 203.424 27.0039 -13 54 1 0 1
-50.2907 -11.1742 7500 -28.0839 29.1984 201.495 28.3369 -13 54 1 0 1
-65.3229 37.2701 7850 -6.30707 10.7516 205.149 29.6652 -13 54 1 0 1
-85.4671 8.49309 8200 2.55361 -37.3935 202.081 30.9889 -13 54 1 0 1
-53.5765 -13.4342 8550 18.2242 15.6317 204.12 32.3147 -13 54 1 0 1
-3.23877 9.23572 4700 8.04214 54.6275 190.358 18.4751 -13 55 1 0 1
56.3889 80.6989 5050 28.1853 36.4054 192.782 19.8466 -13 55 1 0 1
3.36605 163.256 5400 -83.8007 5.37372 179.537 21.2491 -13 55 1 0 1
-57.9593 94.0501 5750 25.1908 -32.2553 193.933 22.6456 -13 55 1 0 1
8.45939 26.6397 6100 15.4857 -58.1952 188.834 24.0192 -13 55 1 0 1
-31.3314 -68.8169 6450 -28.4314 -46.0151 190.681 25.4035 -13 55 1 0 1
17.3592 -157.598 6800 81.126 -7.72889 180.676 26.8081 -13 55 1 0 1
81.598 -102.545 7150 -21.12 18.1665 196.237 28.1936 -13 55 1 0 1
-3.51681 -68.0275 7500 -42.7678 50.4915 186.833 29.5666 -13 55 1 0 1
3.70156 40.6442 7850 24.5611 52.5209 189.534 30.9615 -13 55 1 0 1
-33.2415 130.096 8200 -69.2363 13.9833 185.191 32.3538 -13 55 1 0 1
-100.954 101.374 8550 7.95568 -0.501557 198.044 33.7201 -13 55 1 0 1
-56.4232 42.6645 4700 45.0127 8.25284 197.343 18.0105 -13 56 1 0 1
-1.77574 0.559613 5050 15.0086 -39.0544 198.212 19.3582 -13 56 1 0 1
54.1619 -42.1999 5400 46.7072 8.62872 196.933 20.7071 -13 56 1 0 1
102.736 -8.46249 5750 14.3429 -0.0346508 202.072 22.0454 -13 56 1 0 1
92.3038 -68.2007 6100 -44.5637 -39.0716 193.717 23.3917 -13 56 1 0 1
22.7834 -57.5114 6450 -12.82 33.4833 199.382 24.7463 -13 56 1 0 1
-2.6996 2.12806 6800 -32.2008 21.6703 198.827 26.0867 -13 56 1 0 1
-66.5331 5.18818 7150 -34.1978 2.12887 199.661 27.4264 -13 56 1 0 1
-93.7809 68.7481 7500 26.3199 53.1817 193.695 28.7801 -13 56 1 0 1
-38.102 92.4916 7850 4.85715 -16.2724 201.867 30.1268 -13 56 1 0 1
-51.6512 33.9148 8200 8.90941 -45.7495 197.145 31.4653 -13 56 1 0 1
7.44476 -4.0854 8550 41.0251 -2.94593 198.361 32.8134 -13 56 1 0 1
-36.0639 140.985 4700 93.44 -10.376 143.66 19.5287 -13 57 1 0 1
24.7695 -8.75042 5050 -24.021 -65.525 156.864 21.0929 -13 57 1 0 1
68.4913 -122.001 5400 70.7171 -3.52554 156.409 22.5792 -13 57 1 0 1
132.207 -72.9234 5750 -12.4149 -5.49651 171.151 24.0104 -13 57 1 0 1
15.8034 -106.17 6100 -75.5229 35.102 150.137 25.4856 -13 57 1 0 1
-7.6244 44.0498 6450 25.462 61.6995 158.183 27.014 -13 57 1 0 1
-70.9006 146.81 6800 -78.5212 -13.6012 152.074 28.512 -13 57 1 0 1
-109.085 63.5679 7150 32.9307 -6.8093 168.363 29.9697 -13 57 1 0 1
3.64671 47.0797 7500 46.5743 -47.8369 158.176 31.4207 -13 57 1 0 1
-2.86332 -78.5436 7850 -18.0904 -50.1921 163.189 32.891 -13 57 1 0 1
77.1517 -145.356 8200 71.2228 33.7375 152.533 34.3664 -13 57 1 0 1
79.5659 -46.4958 8550 -46.7371 11.2151 164.824 35.835 -13 57 1 0 1
-77.7053 -4.57113 4700 22.3818 48.5393 198.206 17.9027 -13 58 1 0 1
-6.84785 20.1928 5050 38.4935 -10.9508 201.348 19.2524 -13 58 1 0 1
49.1855 29.6276 5400 18.5801 29.7228 202.272 20.5859 -13 58 1 0 1
62.9105 73.3154 5750 18.5241 9.19137 204.242 21.9114 -13 58 1 0 1
115.028 20.59 6100 4.08691 -67.5084 193.826 23.2654 -13 58 1 0 1
60.1616 -39.1691 6450 -33.5227 5.36047 202.46 24.6259 -13 58 1 0 1
13.2491 -23.8175 6800 -26.4093 -3.29511 203.554 25.9523 -13 58 1 0 1
-27.705 -56.682 7150 -30.0232 -23.2724 201.741 27.2808 -13 58 1 0 1
-110.515 -34.8598 7500 -33.2937 61.3713 193.048 28.6459 -13 58 1 0 1
-96.9254 42.3944 7850 16.0184 4.55825 204.61 30.0031 -13 58 1 0 1
-75.9571 7.81971 8200 25.602 -25.318 202.104 31.3271 -13 58 1 0 1
-21.7754 18.7892 8550 30.2561 30.5326 200.736 32.6614 -13 58 1 0 1
67.4977 -25.733 4700 -47.4278 -16.9643 201.148 18.1824 -13 59 1 0 1
-0.416159 10.579 5050 -27.1946 40.8353 201.471 19.5303 -13 59 1 0 1
-77.3762 42.412 5400 -51.9264 -24.8892 199.203 20.8856 -13 59 1 0 1
-117.469 -9.56937 5750 -9.41955 -2.69235 207.127 22.2239 -13 59 1 0 1
-107.314 51.098 6100 43.4819 43.3435 198.062 23.5639 -13 59 1 0 1
-32.0173 40.5103 6450 22.2026 -39.6861 202.311 24.9172 -13 59 1 0 1
21.2393 -21.4289 6800 49.6808 -11.2784 201.003 26.2658 -13 59 1 0 1
94.3612 -4.23976 7150 33.6512 1.90464 204.601 27.6076 -13 59 1 0 1
115.162 -73.8584 7500 -36.3911 -58.1628 195.68 28.9611 -13 59 1 0 1
43.2196 -86.8072 7850 -12.6958 29.5955 204.843 30.3147 -13 59 1 0 1
29.95 -15.8552 8200 -29.0991 40.0953 201.354 31.6541 -13 59 1 0 1
-48.2667 6.76423 8550 -47.3645 3.09165 201.853 33.0026 -13 59 1 0 1
55.8749 48.6273 4700 17.0056 -55.8612 195.026 18.0637 -13 60 1 0 1
19.4878 -23.939 5050 -33.2313 -19.6748 199.883 19.4212 -13 60 1 0 1
-3.49574 -64.5822 5400 13.3088 -24.7332 201.633 20.7517 -13 60 1 0 1
16.8181 -90.1326 5750 -8.89384 -14.4413 202.872 22.0741 -13 60 1 0 1
-54.6509 -87.9722 6100 -47.2604 40.625 193.806 23.4258 -13 60 1 0 1
-59.0468 -12.8099 6450 24.8807 20.133 201.048 24.7818 -13 60 1 0 1
-21.5152 11.3131 6800 11.4091 19.2729 202.344 26.1082 -13 60 1 0 1
-19.711 54.1238 7150 3.73592 30.1502 201.3 27.4338 -13 60 1 0 1
41.2597 88.9232 7500 54.9712 -15.9357 195.369 28.7842 -13 60 1 0 1
76.6008 36.869 7850 -9.27179 -12.6709 202.973 30.1288 -13 60 1 0 1
38.7488 38.3713 8200 -30.3034 -6.43419 201.209 31.4531 -13 60 1 0 1
15.089 -5.10919 8550 -0.224278 -34.6103 200.616 32.7843 -13 60 1 0 1
0.896211 28.3924 4700 21.4693 -2.39276 197.577 17.7786 -13 61 1 0 1
21.3347 9.08928 5050 2.49484 -9.12637 198.529 19.1059 -13 61 1 0 1
24.0364 6.50545 5400 0.101642 3.60397 198.722 20.4285 -13 61 1 0 1
25.5514 4.91272 5750 3.88834 -8.25627 198.545 21.7509 -13 61 1 0 1
20.3904 -23.9535 6100 -17.116 -15.8569 197.38 23.0788 -13 61 1 0 1
-8.77835 -27.7666 6450 -7.61407 3.30717 198.581 24.4066 -13 61 1 0 1
-7.40519 -27.9359 6800 6.10181 0.246581 198.661 25.7291 -13 61 1 0 1
-8.34979 -22.7412 7150 -9.68678 4.07306 198.476 27.0519 -13 61 1 0 1
-27.9373 0.853988 7500 -1.28774 23.2982 197.38 28.3801 -13 61 1 0 1
-12.5287 26.7759 7850 6.91042 5.36363 198.562 29.708 -13 61 1 0 1
-17.5151 28.5201 8200 -7.52366 -5.25073 198.543 31.0309 -13 61 1 0 1
-16.5949 22.5123 8550 8.80523 3.33267 198.531 32.3539 -13 61 1 0 1
-42.2633 -5.17039 4700 16.9505 32.2377 191.739 17.9744 -13 62 1 0 1
11.2974 12.5556 5050 28.8663 -3.84425 192.983 19.3221 -13 62 1 0 1
48.0817 35.8233 5400 1.80495 29.5811 192.905 20.6633 -13 62 1 0 1
39.2673 66.7204 5750 8.30752 1.79209 194.983 21.9984 -13 62 1 0 1
74.4774 24.5866 6100 2.85786 -47.9017 189.177 23.3478 -13 62 1 0 1
30.6998 -21.8266 6450 -28.5672 -0.177638 193.066 24.7039 -13 62 1 0 1
-7.31571 -28.6908 6800 -11.4176 -15.3425 194.229 26.0405 -13 62 1 0 1
-19.6991 -61.4097 7150 -15.9384 -16.0132 193.856 27.3749 -13 62 1 0 1
-82.3945 -43.2909 7500 -26.843 47.4809 187.392 28.7341 -13 62 1 0 1
-67.4359 20.199 7850 19.2806 5.27221 194.142 30.093 -13 62 1 0 1
-38.1832 8.58814 8200 18.9443 -3.58199 194.214 31.4263 -13 62 1 0 1
-8.27479 33.8936 8550 17.2469 25.8763 192.675 32.7637 -13 62 1 0 1
47.318 -78.6893 4700 -42.3145 -9.8941 205.714 17.842 -13 63 1 0 1
8.82757 -47.1117 5050 4.69753 31.4512 207.835 19.168 -13 63 1 0 1
10.094 14.9047 5400 -21.4283 35.0397 206.203 20.4964 -13 63 1 0 1
-41.5516 44.2474 5750 -23.8052 13.6775 208.453 21.8229 -13 63 1 0 1
-33.3379 90.2123 6100 38.2971 21.46 205.62 23.1474 -13 63 1 0 1
7.06409 81.8758 6450 -6.68653 -13.9814 209.682 24.4687 -13 63 1 0 1
-29.4255 41.4118 6800 -12.5556 -42.1222 205.608 25.793 -13 63 1 0 1
-2.3315 -16.7656 7150 27.3115 -22.9692 207.203 27.1247 -13 63 1 0 1
9.23887 -65.3123 7500 -22.0847 -27.3917 207.289 28.4483 -13 63 1 0 1
-23.7595 -85.416 7850 1.69882 -9.72134 210.022 29.7647 -13 63 1 0 1
30.2077 -87.937 8200 43.2289 28.309 203.805 31.0926 -13 63 1 0 1
40.1398 -26.9425 8550 -22.025 23.0828 207.819 32.4265 -13 63 1 0 1
29.4905 16.7365 4700 -0.762036 -15.0043 187.737 18.0562 -13 64 1 0 1
11.5758 7.01419 5050 -13.2235 5.03755 187.805 19.3982 -13 64 1 0 1
-18.2255 6.05382 5400 -13.2772 -13.2701 187.399 20.7425 -13 64 1 0 1
-23.2138 -19.2658 5750 -0.596682 -7.01548 188.205 22.0853 -13 64 1 0 1
-33.6631 -13.5755 6100 -3.11451 12.3947 187.903 23.4256 -13 64 1 0 1
-24.1733 -5.56463 6450 8.32996 -7.3015 188.011 24.7661 -13 64 1 0 1
4.01206 -19.2769 6800 20.8847 3.69347 187.139 26.1108 -13 64 1 0 1
24.6825 2.30615 7150 4.25198 8.80915 188.083 27.4551 -13 64 1 0 1
33.0575 -1.11736 7500 -0.14528 -9.99108 188.072 28.7949 -13 64 1 0 1
24.9859 -4.41717 7850 -3.39833 8.81677 188.1 30.1347 -13 64 1 0 1
6.48857 18.6837 8200 -20.3826 5.58799 187.148 31.4789 -13 64 1 0 1
-22.7923 7.36603 8550 -9.0104 -6.87982 187.996 32.8236 -13 64 1 0 1
3.42054 -19.3402 4700 -8.13867 5.02887 192.76 17.9066 -13 65 1 0 1
3.52871 -4.19021 5050 6.52188 8.80435 192.686 19.2393 -13 65 1 0 1
6.69951 17.5929 5400 -8.23973 12.0208 192.446 20.5733 -13 65 1 0 1
-9.01886 26.6931 5750 -2.06801 3.03255 192.963 21.9064 -13 65 1 0 1
5.84822 29.7391 6100 13.4755 -6.8036 192.406 23.2394 -13 65 1 0 1
10.1166 10.4365 6450 -6.85587 -8.00694 192.709 24.5733 -13 65 1 0 1
0.149142 -5.91516 6800 1.06064 -11.4344 192.656 25.9064 -13 65 1 0 1
9.87955 -22.8596 7150 2.9701 -9.42202 192.745 27.2395 -13 65 1 0 1
-8.51476 -37.8775 7500 -20.6542 2.5567 191.872 28.575 -13 65 1 0 1
-25.3144 -20.1108 7850 2.47984 5.84226 192.893 29.9104 -13 65 1 0 1
-12.0036 -16.0952 8200 8.5925 5.53299 192.727 31.2425 -13 65 1 0 1
-11.2635 3.17185 8550 -5.13927 13.845 192.432 32.576 -13 65 1 0 1
-26.0852 -4.12094 4700 1.1062 12.0841 208.082 17.5922 -13 66 1 0 1
-14.4712 4.3441 5050 7.68276 -3.10389 208.271 18.9027 -13 66 1 0 1
0.361592 -0.864083 5400 10.4496 2.07521 208.163 20.213 -13 66 1 0 1
13.8613 10.3078 5750 7.88226 6.18066 208.195 21.5236 -13 66 1 0 1
31.5011 3.4228 6100 6.33339 -15.7189 207.746 22.8352 -13 66 1 0 1
28.6612 -14.7126 6450 -1.90098 -0.852172 208.425 24.1464 -13 66 1 0 1
27.1803 -2.11698 6800 -6.21446 10.8121 208.062 25.4565 -13 66 1 0 1
10.6715 -1.21651 7150 -9.71253 -8.40748 208.039 26.7674 -13 66 1 0 1
-13.0087 -9.52401 7500 -17.0159 5.87923 207.657 28.0801 -13 66 1 0 1
-30.6718 8.03904 7850 -7.79486 5.85914 208.207 29.3926 -13 66 1 0 1
-43.6743 -5.27033 8200 0.362878 -18.423 207.62 30.7044 -13 66 1 0 1
-33.2069 -16.9377 8550 3.12977 7.37558 208.282 32.0157 -13 66 1 0 1
42.3053 -73.5317 4700 -34.7066 -12.3205 205.923 17.7961 -13 67 1 0 1
10.2676 -52.8479 5050 6.5452 23.8004 207.729 19.1167 -13 67 1 0 1
22.4043 2.11881 5400 -11.9067 37.5386 205.45 20.4427 -13 67 1 0 1
-21.4248 38.2234 5750 -23.0267 13.285 207.494 21.7692 -13 67 1 0 1
-20.1501 75.3821 6100 27.7792 17.8059 206.571 23.0886 -13 67 1 0 1
8.49158 74.3478 6450 -8.06629 -5.84473 208.953 24.4041 -13 67 1 0 1
-33.4169 46.0979 6800 -19.8245 -38.2251 204.71 25.7281 -13 67 1 0 1
-18.0268 -11.1779 7150 22.1239 -20.9734 206.957 27.0583 -13 67 1 0 1
-5.98957 -47.0233 7500 -13.4064 -19.1501 207.88 28.3757 -13 67 1 0 1
-26.9151 -66.6494 7850 2.299 -13.9094 208.715 29.6887 -13 67 1 0 1
23.4244 -80.4216 8200 43.9333 19.0523 203.635 31.0162 -13 67 1 0 1
44.1408 -28.9796 8550 -13.697 20.0478 207.776 32.3462 -13 67 1 0 1
66.1378 86.5147 4700 31.7598 -54.1939 202.723 17.9587 -13 68 1 0 1
42.0335 11.962 5050 -39.3907 -18.2711 207.742 19.3055 -13 68 1 0 1
-11.7004 -27.6399 5400 -10.7034 -38.6185 208.414 20.6353 -13 68 1 0 1
-3.74056 -86.8327 5750 -3.90349 -30.7176 209.96 21.959 -13 68 1 0 1
-73.1726 -103.387 6100 -55.8222 35.1106 201.726 23.302 -13 68 1 0 1
-90.1127 -38.5069 6450 22.9695 9.80668 210.757 24.6417 -13 68 1 0 1
-29.1118 -39.6419 6800 42.5451 15.5748 207.339 25.9669 -13 68 1 0 1
3.45899 21.1929 7150 5.1368 42.3277 207.904 27.2996 -13 68 1 0 1
52.508 69.1157 7500 50.295 -3.84193 206.15 28.6351 -13 68 1 0 1
98.4875 43.0944 7850 4.53582 3.62949 212.152 29.9583 -13 68 1 0 1
58.2672 86.7539 8200 -56.6101 15.1124 203.983 31.2882 -13 68 1 0 1
-2.18085 48.2019 8550 -5.12625 -38.0371 208.732 32.6284 -13 68 1 0 1
36.4954 56.7241 4700 2.89583 -49.76 202.323 18.155 -13 69 1 0 1
-15.4305 0.0627252 5050 -45.2492 -18.189 202.585 19.5006 -13 69 1 0 1
-59.0111 -70.1655 5400 17.2056 -56.346 199.87 20.8546 -13 69 1 0 1
-11.423 -117.831 5750 2.80405 -8.59008 208.176 22.1932 -13 69 1 0 1
-66.3879 -98.1763 6100 -35.0609 47.7934 199.764 23.5291 -13 69 1 0 1
-45.9627 -30.1744 6450 41.4337 13.3104 203.777 24.8765 -13 69 1 0 1
25.3335 7.92692 6800 22.5737 45.8935 201.998 26.2228 -13 69 1 0 1
22.324 82.3018 7150 1.09693 32.946 205.748 27.5629 -13 69 1 0 1
83.6091 96.0631 7500 47.451 -35.9233 199.692 28.9047 -13 69 1 0 1
90.1661 38.6888 7850 -26.4905 -2.13738 206.671 30.243 -13 69 1 0 1
15.6475 46.2631 8200 -51.624 -19.6801 200.915 31.5843 -13 69 1 0 1
-25.7987 -25.8338 8550 -8.0981 -43.0779 203.71 32.9342 -13 69 1 0 1
61.8599 -22.7424 4700 -10.3771 -31.0289 205.979 17.7141 -13 70 1 0 1
33.628 -39.0279 5050 -7.04694 10.1619 208.194 19.0314 -13 70 1 0 1
26.6402 -6.53195 5400 -13.925 20.8265 207.051 20.3465 -13 70 1 0 1
-8.68651 3.12633 5750 -20.9606 -3.04771 207.483 21.6635 -13 70 1 0 1
-36.5101 18.0509 6100 -4.68358 21.6705 207.38 22.9789 -13 70 1 0 1
-32.9384 40.7621 6450 -4.3358 1.34717 208.512 24.2913 -13 70 1 0 1
-51.0057 14.5316 6800 -0.958759 -30.6457 206.295 25.6073 -13 70 1 0 1
-26.4819 -13.3471 7150 17.0263 0.214658 207.865 26.9256 -13 70 1 0 1
-3.85458 -11.6015 7500 10.4446 -4.60677 208.249 28.2372 -13 70 1 0 1
9.20528 -27.6295 7850 10.4868 -10.4205 208.037 29.5483 -13 70 1 0 1
41.7029 -23.1245 8200 17.2653 22.0618 206.672 30.8646 -13 70 1 0 1
42.5581 8.05593 8550 -6.08346 4.46969 208.425 32.1801 -13 70 1 0 1
-20.4506 -66.7016 4700 -21.198 44.7471 194.276 18.2141 -13 71 1 0 1
10.2881 6.0547 5050 37.0916 30.6342 194.629 19.5735 -13 71 1 0 1
30.6031 87.0845 5400 -33.3427 46.306 192.195 20.9398 -13 71 1 0 1
-27.2857 116.844 5750 -1.2234 7.63164 200.338 22.2883 -13 71 1 0 1
41.2716 109.185 6100 48.2953 -43.7301 189.605 23.6444 -13 71 1 0 1
34.7452 21.7633 6450 -37.5502 -30.0327 194.635 25.0191 -13 71 1 0 1
-10.9091 -44.3754 6800 6.28603 -47.2384 194.741 26.3774 -13 71 1 0 1
25.1401 -105.78 7150 4.56425 -30.5139 198.099 27.7257 -13 71 1 0 1
-56.6441 -134.114 7500 -69.7259 36.8321 184.328 29.106 -13 71 1 0 1
-75.533 -41.8374 7850 33.2327 25.5508 196.055 30.4943 -13 71 1 0 1
-13.5412 -1.00622 8200 19.2624 38.2769 195.854 31.8445 -13 71 1 0 1
-21.7253 75.5626 8550 -5.22286 45.2576 195.242 33.1974 -13 71 1 0 1
8.05903 -5.35107 4700 -32.789 -16.0432 184.217 18.4011 -13 72 1 0 1
-52.5348 6.02126 5050 -27.884 8.39453 185.528 19.7631 -13 72 1 0 1
-88.8552 -36.312 5400 10.8822 -44.6205 182.096 21.1289 -13 72 1 0 1
-45.7593 -61.5841 5750 8.00466 15.2115 187.011 22.4902 -13 72 1 0 1
-36.4392 -9.08575 6100 22.3018 28.438 184.289 23.8468 -13 72 1 0 1
24.7283 -2.93119 6450 32.4298 -9.08405 184.755 25.2102 -13 72 1 0 1
75.8015 27.8205 6800 3.23477 41.7181 183.078 26.5763 -13 72 1 0 1
53.3183 66.5947 7150 -0.732659 -4.73063 187.738 27.9321 -13 72 1 0 1
64.3312 16.19 7500 -13.619 -39.8763 183.011 29.2901 -13 72 1 0 1
2.89287 -5.49141 7850 -34.3423 10.1517 184.353 30.6589 -13 72 1 0 1
-56.3665 -21.0451 8200 -15.5556 -34.2185 183.999 32.0237 -13 72 1 0 1
-56.9154 -67.8626 8550 -8.5371 -5.51328 187.524 33.3778 -13 72 1 0 1
11.9162 14.9428 4700 13.5541 -7.40543 213.047 17.5094 -13 73 1 0 1
21.8019 -0.516546 5050 1.72891 -4.66376 213.548 18.8139 -13 73 1 0 1
24.0165 4.56928 5400 -2.02848 7.75058 213.456 20.1169 -13 73 1 0 1
18.9343 7.07764 5750 -0.553344 -5.9724 213.522 21.4198 -13 73 1 0 1
13.1405 -11.1397 6100 -11.5065 -10.6836 213.028 22.7245 -13 73 1 0 1
-6.508 -14.7196 6450 -7.61556 1.29319 213.466 24.0294 -13 73 1 0 1
-9.96192 -19.2757 6800 3.38787 -4.8581 213.524 25.3323 -13 73 1 0 1
-8.07279 -22.3716 7150 -5.39671 0.493082 213.537 26.635 -13 73 1 0 1
-23.9757 -9.29835 7500 -5.66155 17.2676 212.832 27.9402 -13 73 1 0 1
-18.0779 11.3707 7850 5.36835 4.52486 213.491 29.2457 -13 73 1 0 1
-16.0958 11.5996 8200 -0.527089 -2.43943 213.591 30.5483 -13 73 1 0 1
-13.1244 13.8505 8550 4.80493 7.01722 213.437 31.851 -13 73 1 0 1
-31.8505 -17.3118 4700 6.0486 16.2595 194.896 17.8901 -13 74 1 0 1
-4.46719 -9.9311 5050 19.4974 -6.16154 194.595 19.2225 -13 74 1 0 1
35.3958 -0.506678 5400 15.3358 23.7782 193.61 20.5602 -13 74 1 0 1
39.0434 36.246 5750 3.04763 8.17825 195.472 21.8954 -13 74 1 0 1
58.2916 16.9845 6100 2.76629 -28.0304 193.629 23.2289 -13 74 1 0 1
35.4106 -6.86653 6450 -15.9375 5.73878 194.932 24.5645 -13 74 1 0 1
2.15394 4.65684 6800 -21.4696 -5.12827 194.418 25.8984 -13 74 1 0 1
-22.7265 -23.1874 7150 -11.8745 -15.6465 194.678 27.2333 -13 74 1 0 1
-59.8176 -18.206 7500 -16.7288 26.3803 193.157 28.5711 -13 74 1 0 1
-58.692 14.6153 7850 4.50561 -1.92493 195.606 29.9064 -13 74 1 0 1
-43.571 -15.0068 8200 22.2011 -16.4287 193.708 31.2405 -13 74 1 0 1
-5.31806 -4.98651 8550 14.1733 19.0041 194.225 32.5782 -13 74 1 0 1
-0.597788 -9.70102 4700 -1.34485 4.36612 184.059 18.0907 -13 75 1 0 1
5.76188 -2.16187 5050 6.55067 3.62158 183.964 19.4374 -13 75 1 0 1
12.0183 13.5096 5400 -4.63748 10.6972 183.746 20.7854 -13 75 1 0 1
1.05558 21.9636 5750 -0.425584 0.728161 184.114 22.1329 -13 75 1 0 1
11.7727 16.1695 6100 5.4702 -9.91915 183.767 23.4801 -13 75 1 0 1
5.68262 0.182242 6450 -7.69364 -4.34158 183.904 24.8282 -13 75 1 0 1
-2.89881 -11.8886 6800 1.93818 -8.64227 183.903 26.1757 -13 75 1 0 1
4.02458 -23.6487 7150 -0.626244 -5.61335 184.029 27.5229 -13 75 1 0 1
-15.8719 -26.6214 7500 -14.4878 9.70225 183.288 28.8721 -13 75 1 0 1
-20.9186 -4.75358 7850 4.99449 5.33103 183.971 30.2219 -13 75 1 0 1
-11.6294 -0.565972 8200 3.51757 3.26317 184.053 31.5686 -13 75 1 0 1
-11.4351 12.2689 8550 -0.58741 10.4124 183.82 32.9156 -13 75 1 0 1
3.21407 -65.861 4700 -29.7089 19.3231 196.605 17.9848 -13 76 1 0 1
-0.0781859 -14.8414 5050 19.4092 27.0595 196.979 19.3239 -13 76 1 0 1
11.4239 44.7042 5400 -21.0471 33.1438 195.878 20.6675 -13 76 1 0 1
-31.7291 72.414 5750 -8.2206 12.1709 199.233 22.004 -13 76 1 0 1
9.74746 92.6435 6100 43.9201 -12.3689 194.493 23.3427 -13 76 1 0 1
31.3796 43.6099 6450 -17.7832 -21.3208 197.835 24.686 -13 76 1 0 1
-3.05277 1.24614 6800 -4.52466 -33.6993 196.859 26.0236 -13 76 1 0 1
19.7628 -50.5812 7150 12.2704 -27.1239 197.543 27.3624 -13 76 1 0 1
-16.7531 -96.1315 7500 -50.0464 -0.879762 193.402 28.7099 -13 76 1 0 1
-58.5547 -62.8073 7850 7.99587 10.3337 199.346 30.053 -13 76 1 0 1
-13.402 -52.9167 8200 29.8877 21.1281 196.392 31.3869 -13 76 1 0 1
-7.69048 5.01739 8550 -14.0632 34.2795 196.308 32.7295 -13 76 1 0 1
60.0544 49.2972 4700 19.6786 -45.1758 199.625 17.8661 -13 77 1 0 1
38.0689 -8.21009 5050 -25.9772 -11.0453 203.67 19.2046 -13 77 1 0 1
6.73549 -25.2422 5400 -6.73416 -15.9242 204.889 20.5246 -13 77 1 0 1
4.11682 -56.1278 5750 -8.71416 -19.9681 204.459 21.8425 -13 77 1 0 1
-51.3633 -65.8743 6100 -40.3358 26.0279 199.935 23.1777 -13 77 1 0 1
-67.4355 -16.2997 6450 11.1859 8.95726 205.117 24.5102 -13 77 1 0 1
-36.513 -22.4765 6800 24.7204 0.781044 204.124 25.8288 -13 77 1 0 1
-11.9103 7.66611 7150 5.544 27.2797 203.724 27.1512 -13 77 1 0 1
23.8349 45.0304 7500 36.587 1.39876 202.331 28.4809 -13 77 1 0 1
62.5047 26.7905 7850 7.26575 -1.45577 205.483 29.8051 -13 77 1 0 1
46.4312 53.4693 8200 -30.2983 14.2583 202.872 31.1259 -13 77 1 0 1
10.9192 37.6463 8550 -1.97447 -21.8119 204.447 32.4502 -13 77 1 0 1
46.2087 62.6488 4700 32.3118 -29.4563 201.072 17.7829 -13 78 1 0 1
50.3586 13.1066 5050 -16.2169 -10.9671 204.837 19.1133 -13 78 1 0 1
20.1922 5.02354 5400 -15.217 -10.3149 204.948 20.431 -13 78 1 0 1
11.0133 -27.261 5750 -2.61243 -24.2529 204.32 21.75 -13 78 1 0 1
-27.452 -58.4041 6100 -38.6951 3.95766 202.061 23.0791 -13 78 1 0 1
-61.3055 -33.3946 6450 -0.747279 3.41388 205.741 24.4038 -13 78 1 0 1
-35.8296 -50.3536 6800 30.2842 -4.63312 203.477 25.7232 -13 78 1 0 1
-7.62527 -24.7564 7150 -1.23619 23.9682 204.366 27.0463 -13 78 1 0 1
-0.0702872 18.8705 7500 20.4185 19.817 203.794 28.3701 -13 78 1 0 1
37.9448 31.1972 7850 14.7966 7.40699 205.104 29.6916 -13 78 1 0 1
28.7576 64.134 8200 -29.3303 15.9275 203.046 31.0137 -13 78 1 0 1
-4.49154 57.4155 8550 2.2506 -11.0041 205.464 32.3353 -13 78 1 0 1
51.625 -1.39204 4700 -13.716 -30.5119 186.481 18.1354 -13 79 1 0 1
7.30771 -15.1304 5050 -20.318 9.58804 188.121 19.4873 -13 79 1 0 1
-25.2911 -12.372 5400 -12.1196 -12.3454 188.666 20.8309 -13 79 1 0 1
-35.9339 -34.0412 5750 -9.45195 -3.46944 189.19 22.1712 -13 79 1 0 1
-59.5062 -4.55662 6100 1.74318 32.0564 186.718 23.5189 -13 79 1 0 1
-28.688 19.2862 6450 15.69 -7.30987 188.665 24.8676 -13 79 1 0 1
-0.711934 3.87175 6800 17.6246 0.284505 188.636 26.2101 -13 79 1 0 1
25.601 20.2934 7150 14.3362 8.3067 188.732 27.5524 -13 79 1 0 1
56.4563 1.29376 7500 4.41136 -29.0147 187.171 28.8994 -13 79 1 0 1
37.5213 -25.9027 7850 -9.12853 4.22785 189.191 30.245 -13 79 1 0 1
22.2175 -3.35833 8200 -15.9041 10.7341 188.484 31.5862 -13 79 1 0 1
-11.3906 -9.37171 8550 -17.8172 -9.66866 188.37 32.9301 -13 79 1 0 1
62.3233 72.5958 4700 24.2861 -45.1996 201.871 17.9108 -13 80 1 0 1
39.7247 14.0199 5050 -33.8938 -10.6862 205.236 19.2484 -13 80 1 0 1
-13.3025 -12.9911 5400 -16.2773 -32.445 205.103 20.5778 -13 80 1 0 1
-13.2783 -67.662 5750 -3.8573 -26.7959 206.523 21.9035 -13 80 1 0 1
-68.523 -79.9243 6100 -42.7477 29.2136 201.752 23.2375 -13 80 1 0 1
-81.1143 -30.7974 6450 17.4188 3.04767 207.538 24.5679 -13 80 1 0 1
-26.9731 -42.9921 6800 42.2357 8.11738 203.801 25.8951 -13 80 1 0 1
10.285 7.61884 7150 6.40346 35.3029 205.177 27.2285 -13 80 1 0 1
48.2132 45.173 7500 36.6041 -3.41577 205.02 28.5566 -13 80 1 0 1
83.7609 28.0469 7850 6.21995 6.79625 208.086 29.8762 -13 80 1 0 1
53.307 74.6037 8200 -49.0876 19.6262 201.47 31.2078 -13 80 1 0 1
-5.45766 48.8506 8550 -7.7857 -29.234 206.082 32.5458 -13 80 1 0 1
80.8062 -68.3417 4700 -41.9118 -33.2587 202.657 17.9217 -13 81 1 0 1
22.2486 -56.9198 5050 -8.62333 31.1397 207.095 19.2567 -13 81 1 0 1
6.69975 2.3184 5400 -27.1954 28.3643 205.884 20.585 -13 81 1 0 1
-51.7192 18.1864 5750 -31.5337 6.83452 207.102 21.9129 -13 81 1 0 1
-68.9505 72.0088 6100 26.4317 41.3448 203.775 23.2448 -13 81 1 0 1
-24.4839 88.1033 6450 0.431083 -12.1577 209.247 24.5704 -13 81 1 0 1
-48.4045 39.8375 6800 -1.50956 -45.649 204.564 25.8957 -13 81 1 0 1
-4.23151 -8.63605 7150 35.8961 -11.4118 206.189 27.2302 -13 81 1 0 1
32.5647 -49.2583 7500 -4.50952 -36.1525 206.41 28.5571 -13 81 1 0 1
12.8429 -87.7203 7850 4.66716 -12.3316 209.186 29.876 -13 81 1 0 1
65.7344 -73.9108 8200 32.0809 42.3352 202.759 31.206 -13 81 1 0 1
54.5546 -12.8832 8550 -28.6852 11.8402 207.291 32.5416 -13 81 1 0 1
-4.5408 80.9464 4700 48.6637 -1.25146 204.954 17.6803 -13 82 1 0 1
37.0632 43.3403 5050 -2.01222 -20.629 209.633 19.0082 -13 82 1 0 1
23.7564 21.2308 5400 -5.08333 -13.2471 210.177 20.318 -13 82 1 0 1
35.6187 -6.50941 5750 14.4406 -22.8759 208.911 21.6296 -13 82 1 0 1
26.4857 -64.9551 6100 -36.7697 -29.7662 205.275 22.9588 -13 82 1 0 1
-26.7615 -72.4551 6450 -8.78805 2.36237 210.459 24.2837 -13 82 1 0 1
-2.10951 -72.9901 6800 26.8851 11.3992 208.622 25.5954 -13 82 1 0 1
3.35783 -40.45 7150 -20.1981 17.2327 208.976 26.9107 -13 82 1 0 1
-30.4949 6.86939 7500 -1.02712 41.4632 206.532 28.2366 -13 82 1 0 1
-3.53658 56.482 7850 12.0057 18.8238 209.469 29.5611 -13 82 1 0 1
-27.3406 77.9746 8200 -32.7119 -5.58196 208.026 30.8768 -13 82 1 0 1
-46.1066 57.4201 8550 13.2837 -0.932897 210.234 32.1905 -13 82 1 0 1
26.9989 4.36082 4700 -31.3678 -23.7927 188.804 18.3378 -13 83 1 0 1
-39.5997 8.83355 5050 -34.3549 11.1796 189.451 19.6957 -13 83 1 0 1
-92.6626 -28.8165 5400 -0.418527 -49.698 186.351 21.0595 -13 83 1 0 1
-59.8435 -70.5387 5750 5.76815 8.02746 192.611 22.4135 -13 83 1 0 1
-61.7275 -17.8811 6100 17.5472 38.0039 188.268 23.7627 -13 83 1 0 1
1.45173 -1.98563 6450 36.4097 -12.2254 189.002 25.1224 -13 83 1 0 1
66.4593 15.0226 6800 18.4388 39.107 187.956 26.4838 -13 83 1 0 1
64.7503 66.6298 7150 5.18921 5.16625 192.726 27.833 -13 83 1 0 1
90.6345 19.8997 7500 -6.8128 -48.8081 186.463 29.1866 -13 83 1 0 1
32.2197 -11.647 7850 -34.2396 13.5526 189.317 30.5509 -13 83 1 0 1
-33.6899 -5.27072 8200 -31.2464 -22.7946 188.947 31.9085 -13 83 1 0 1
-62.0645 -56.0763 8550 -17.2149 -15.1286 191.499 33.2592 -13 83 1 0 1
66.6958 43.4249 4700 8.13864 -42.4977 201.559 17.8756 -13 84 1 0 1
33.5934 1.34517 5050 -30.1462 -0.828435 203.933 19.2082 -13 84 1 0 1
-15.3281 -9.07519 5400 -19.6406 -22.8203 203.941 20.5345 -13 84 1 0 1
-26.648 -52.5784 5750 -8.99736 -19.6682 205.013 21.8577 -13 84 1 0 1
-73.1035 -48.5193 6100 -26.7547 33.1544 201.701 23.1866 -13 84 1 0 1
-71.1391 -6.69998 6450 15.0784 -1.70858 205.592 24.5131 -13 84 1 0 1
-29.4301 -28.331 6800 35.8997 -2.33428 202.988 25.8379 -13 84 1 0 1
12.0372 4.32449 7150 13.1772 26.2871 204.043 27.167 -13 84 1 0 1
50.3954 23.8532 7500 27.0032 -12.1978 204.011 28.4915 -13 84 1 0 1
72.3979 1.77372 7850 5.39093 4.26238 206.037 29.8101 -13 84 1 0 1
57.9242 45.2012 8200 -34.1515 26.1439 201.615 31.137 -13 84 1 0 1
5.14307 38.386 8550 -13.7684 -20.6793 204.649 32.4686 -13 84 1 0 1
34.6115 51.8693 4700 23.0329 -50.7451 194.738 18.1128 -13 85 1 0 1
9.04591 -25.7132 5050 -28.8015 -28.8748 198.407 19.471 -13 85 1 0 1
3.6716 -80.3548 5400 29.5667 -23.5912 198.992 20.8096 -13 85 1 0 1
41.2523 -93.0862 5750 -4.69656 -9.90863 202.258 22.1378 -13 85 1 0 1
-28.3728 -98.8129 6100 -52.669 32.1795 192.922 23.4892 -13 85 1 0 1
-42.8031 -22.323 6450 23.5206 28.7644 199.118 24.849 -13 85 1 0 1
-13.7045 22.8915 6800 -2.33844 28.1105 200.581 26.1824 -13 85 1 0 1
-34.8711 65.0091 7150 -4.97793 27.4156 200.629 27.5114 -13 85 1 0 1
21.2908 107.634 7500 59.799 -8.90012 193.322 28.8652 -13 85 1 0 1
61.8325 54.9381 7850 -13.3047 -18.7157 201.249 30.2161 -13 85 1 0 1
18.4318 33.3211 8200 -23.4142 -23.4825 199.822 31.5461 -13 85 1 0 1
16.0473 -22.6914 8550 9.35568 -34.9687 199.294 32.8818 -13 85 1 0 1
-83.9388 -27.073 4700 -8.09159 35.8492 217.755 17.5482 -13 86 1 0 1
-63.8588 1.34528 5050 19.2823 -9.86297 219.77 18.8529 -13 86 1 0 1
-18.0453 -25.417 5400 41.055 -2.54182 216.97 20.1631 -13 86 1 0 1
31.6783 5.20555 5750 21.7874 23.3353 218.515 21.4769 -13 86 1 0 1
73.8805 4.99578 6100 20.8574 -27.8318 218.079 22.7841 -13 86 1 0 1
83.4331 -26.6759 6450 5.74122 4.05805 220.723 24.0862 -13 86 1 0 1
82.2733 24.4465 6800 -27.1932 41.6044 215.169 25.3983 -13 86 1 0 1
25.9162 35.9518 7150 -24.297 -19.1573 218.657 26.7153 -13 86 1 0 1
-10.6667 9.70265 7500 -27.6409 -2.36401 219.086 28.0207 -13 86 1 0 1
-53.4948 24.2799 7850 -29.4365 5.79677 218.788 29.3259 -13 86 1 0 1
-97.0913 -18.3716 8200 -1.56098 -54.4506 214.011 30.6463 -13 86 1 0 1
-68.735 -63.3138 8550 8.82207 4.65453 220.61 31.9611 -13 86 1 0 1
60.0336 29.1964 4700 11.0372 -43.6424 197.143 17.8869 -13 87 1 0 1
32.9784 -20.5762 5050 -22.1219 -6.90166 200.885 19.2259 -13 87 1 0 1
10.1965 -28.5012 5400 -4.45191 -7.46548 202.031 20.5467 -13 87 1 0 1
3.09281 -47.2603 5750 -12.0947 -14.2051 201.355 21.8663 -13 87 1 0 1
-48.4695 -47.6807 6100 -31.8031 27.6257 197.781 23.2019 -13 87 1 0 1
-57.0021 -0.477672 6450 9.52054 8.67378 201.807 24.5355 -13 87 1 0 1
-37.4985 -7.1699 6800 15.9415 -4.22579 201.544 25.8554 -13 87 1 0 1
-16.2819 10.3465 7150 8.24155 20.7714 200.979 27.1778 -13 87 1 0 1
20.7087 37.8573 7500 32.6988 -3.4113 199.527 28.5087 -13 87 1 0 1
52.2991 14.2756 7850 5.29925 -5.34202 202.077 29.8359 -13 87 1 0 1
44.7732 32.2954 8200 -18.8778 13.3909 200.889 31.1569 -13 87 1 0 1
18.9159 23.9772 8550 -3.18486 -17.4499 201.438 32.4801 -13 87 1 0 1
-31.4344 -43.4612 4700 -13.6327 20.4387 206.891 17.6646 -13 88 1 0 1
-21.8299 -15.5885 5050 18.7417 5.25526 207.434 18.9803 -13 88 1 0 1
12.3074 0.624263 5400 13.1711 21.7959 206.783 20.2975 -13 88 1 0 1
14.9762 37.8743 5750 2.43597 17.1769 207.621 21.6144 -13 88 1 0 1
46.128 43.6969 6100 23.8085 -18.4726 206.154 22.9316 -13 88 1 0 1
53.5183 14.3954 6450 -8.53242 -1.51522 208.165 24.2478 -13 88 1 0 1
24.7883 25.6851 6800 -25.4703 -0.70507 206.781 25.5626 -13 88 1 0 1
-1.14852 -2.53011 7150 -6.31615 -23.4946 206.92 26.8809 -13 88 1 0 1
-30.3257 -28.7838 7500 -27.8952 2.29575 206.456 28.2 -13 88 1 0 1
-60.944 -13.5265 7850 -9.36778 -1.37488 208.13 29.5161 -13 88 1 0 1
-53.547 -47.202 8200 26.3816 -21.9147 205.503 30.8345 -13 88 1 0 1
-17.4384 -41.6836 8550 4.04583 19.4147 207.399 32.1542 -13 88 1 0 1
21.364 16.124 4700 9.23535 -16.9838 192.996 17.8953 -13 89 1 0 1
16.4184 -8.13331 5050 -6.75914 -5.31657 193.771 19.2289 -13 89 1 0 1
11.9455 -11.6061 5400 0.700614 -0.0761134 193.961 20.5587 -13 89 1 0 1
11.1273 -15.339 5750 -3.29262 -6.01213 193.841 21.8883 -13 89 1 0 1
-8.71794 -23.2602 6100 -15.7541 4.78902 193.262 23.2208 -13 89 1 0 1
-20.0716 -7.51711 6450 1.20844 4.49463 193.906 24.5529 -13 89 1 0 1
-13.8129 -8.37222 6800 5.6887 -0.974309 193.876 25.8827 -13 89 1 0 1
-8.57735 -1.85565 7150 -0.467274 7.14831 193.83 27.2127 -13 89 1 0 1
-2.42298 13.4981 7500 9.83393 5.40521 193.637 28.5439 -13 89 1 0 1
11.1402 12.9407 7850 2.38651 -0.567505 193.947 29.8746 -13 89 1 0 1
5.5231 16.6418 8200 -7.76483 0.38638 193.806 31.2045 -13 89 1 0 1
-1.09224 10.3019 8550 1.65239 -4.23042 193.909 32.5346 -13 89 1 0 1
-36.8082 38.3044 4700 16.9132 16.2185 222.285 17.3846 -13 90 1 0 1
-14.8792 39.9417 5050 1.01595 -9.44334 223.315 18.6798 -13 90 1 0 1
-20.559 14.5775 5400 3.7575 -21.1421 222.483 19.975 -13 90 1 0 1
3.11117 -4.19895 5750 19.0887 -4.79154 222.648 21.2719 -13 90 1 0 1
22.8986 -25.0957 6100 -0.454581 -21.7584 222.455 22.5685 -13 90 1 0 1
15.2986 -49.2618 6450 3.75978 -8.61318 223.319 23.8636 -13 90 1 0 1
44.5387 -42.4988 6800 19.8873 23.2643 221.411 25.1615 -13 90 1 0 1
44.212 -13.1975 7150 -12.9375 2.62379 223.127 26.4595 -13 90 1 0 1
14.1214 -16.9174 7500 -23.4049 5.76391 222.213 27.756 -13 90 1 0 1
-8.33315 10.5437 7850 -8.60384 20.9748 222.364 29.0546 -13 90 1 0 1
-38.0059 26.9902 8200 -25.6975 -7.63056 221.903 30.3535 -13 90 1 0 1
-61.422 11.4007 8550 -6.79756 3.37389 223.388 31.6499 -13 90 1 0 1
6.06825 32.8664 4700 59.2701 33.1545 184.74 18.59 -13 91 1 0 1
114.123 28.4829 5050 44.4159 0.781108 191.749 19.9814 -13 91 1 0 1
125.284 122.805 5400 -63.587 58.7259 176.774 21.3871 -13 91 1 0 1
30.0459 98.6813 5750 -1.69458 -51.7397 189.898 22.7974 -13 91 1 0 1
17.1946 -17.253 6100 -46.9411 -53.4619 183.52 24.2 -13 91 1 0 1
-96.0889 -46.0886 6450 -50.6096 -9.8094 189.957 25.6028 -13 91 1 0 1
-103.023 -145.519 6800 69.9955 -53.3033 176.069 27.0157 -13 91 1 0 1
-11.0556 -116.312 7150 -7.33988 46.129 191.205 28.4246 -13 91 1 0 1
-31.139 -4.89227 7500 26.7925 65.5317 183.654 29.8226 -13 91 1 0 1
70.0441 54.6533 7850 50.8781 19.9165 189.092 31.2271 -13 91 1 0 1
72.3358 152.151 8200 -69.042 45.4212 178.637 32.6336 -13 91 1 0 1
-10.9057 126.509 8550 11.9922 -33.84 193.526 34.0273 -13 91 1 0 1
38.7849 -11.4394 4700 -10.2966 -21.9567 191.481 17.9619 -13 92 1 0 1
10.9142 -21.294 5050 -9.59907 7.09731 192.641 19.2993 -13 92 1 0 1
-1.33727 -8.84711 5400 -7.74185 2.9081 192.834 20.632 -13 92 1 0 1
-16.9925 -11.5426 5750 -10.4984 -1.24863 192.721 21.9643 -13 92 1 0 1
-34.1928 6.31859 6100 0.74924 19.3486 192.037 23.2998 -13 92 1 0 1
-19.5787 21.9002 6450 4.91234 -2.93619 192.926 24.6343 -13 92 1 0 1
-15.2321 6.64306 6800 6.65235 -9.99904 192.637 25.9668 -13 92 1 0 1
4.26916 2.45534 7150 11.6045 2.38027 192.647 27.3002 -13 92 1 0 1
22.4207 -7.06724 7500 2.65371 -13.8334 192.496 28.6341 -13 92 1 0 1
16.3939 -22.2963 7850 -0.867583 -0.936031 193.007 29.967 -13 92 1 0 1
21.6975 -10.8363 8200 -0.93967 12.3854 192.611 31.2992 -13 92 1 0 1
6.33473 -0.783217 8550 -11.0828 -1.33184 192.688 32.6325 -13 92 1 0 1
-71.4836 -1.72591 4700 23.291 34.3748 200.649 17.8641 -13 93 1 0 1
-12.6929 4.98194 5050 31.4608 -18.5701 201.618 19.2012 -13 93 1 0 1
48.3411 -1.24886 5400 31.6165 24.8391 200.917 20.538 -13 93 1 0 1
74.809 45.3411 5750 15.6608 10.2578 204.044 21.8683 -13 93 1 0 1
108.101 -0.749634 6100 -5.88117 -55.116 197.261 23.2079 -13 93 1 0 1
58.3593 -38.4848 6450 -24.299 13.8893 202.98 24.5514 -13 93 1 0 1
17.1346 -4.52564 6800 -32.8699 7.73053 202.099 25.8808 -13 93 1 0 1
-36.1069 -27.4824 7150 -30.556 -18.4827 201.765 27.2136 -13 93 1 0 1
-99.4474 -3.37282 7500 -18.9833 51.4469 197.426 28.5604 -13 93 1 0 1
-86.2862 52.9263 7850 5.70078 -1.46272 204.816 29.8986 -13 93 1 0 1
-81.5296 3.43841 8200 23.2318 -38.905 199.828 31.2291 -13 93 1 0 1
-20.3561 -4.68892 8550 32.4015 21.8294 201.142 32.5693 -13 93 1 0 1
30.1174 -19.6144 4700 -26.5649 -9.70325 189.623 18.081 -13 94 1 0 1
-8.20314 0.108274 5050 -12.4291 19.4134 190.33 19.4262 -13 94 1 0 1
-41.4573 13.2724 5400 -19.3674 -12.1465 190.353 20.7682 -13 94 1 0 1
-55.5042 -7.6665 5750 -3.5914 2.52104 191.671 22.1059 -13 94 1 0 1
-47.3384 26.9597 6100 23.3884 20.2813 189.205 23.4482 -13 94 1 0 1
-6.33524 19.7073 6450 11.499 -18.4574 190.484 24.7939 -13 94 1 0 1
19.6768 -5.22785 6800 20.0439 -0.849374 190.668 26.1348 -13 94 1 0 1
48.7515 4.35718 7150 13.5844 -1.72553 191.231 27.4732 -13 94 1 0 1
55.2117 -35.0824 7500 -20.3183 -28.5277 188.495 28.8189 -13 94 1 0 1
13.1502 -40.8699 7850 -9.58714 13.851 190.98 30.1657 -13 94 1 0 1
1.88641 -12.7788 8200 -12.6528 11.9181 190.931 31.5038 -13 94 1 0 1
-32.124 -7.8737 8550 -21.7079 2.04898 190.477 32.8437 -13 94 1 0 1
8.86022 15.6604 4700 27.5225 14.5235 185.753 18.1583 -13 95 1 0 1
59.4051 15.0067 5050 21.0535 3.14773 187.135 19.5117 -13 95 1 0 1
63.5756 65.4949 5400 -30.5561 31.7266 183.119 20.8719 -13 95 1 0 1
15.537 64.2267 5750 -0.934759 -19.4622 187.332 22.2308 -13 95 1 0 1
22.4827 11.1476 6100 -12.8484 -32.8347 185.012 23.5863 -13 95 1 0 1
-30.1735 -17.4924 6450 -29.1586 -7.46354 185.922 24.9466 -13 95 1 0 1
-48.4375 -67.5798 6800 23.1751 -33.7453 183.84 26.3079 -13 95 1 0 1
-7.93905 -82.6925 7150 -2.8276 5.97244 188.226 27.662 -13 95 1 0 1
-45.0301 -44.3611 7500 -10.4102 41.5057 183.417 29.0198 -13 95 1 0 1
-8.6895 8.88971 7850 30.4586 11.2977 185.52 30.3866 -13 95 1 0 1
22.2332 48.5721 8200 -8.54958 29.5614 185.811 31.7427 -13 95 1 0 1
-2.05261 79.8347 8550 3.4821 10.2807 188.029 33.0915 -13 95 1 0 1
4.31398 23.1611 4700 33.1888 -6.9834 179.904 18.2377 -13 96 1 0 1
39.8269 -17.0626 5050 10.4302 -17.266 181.959 19.6033 -13 96 1 0 1
70.4302 -7.03003 5400 7.44949 27.7729 180.801 20.9614 -13 96 1 0 1
56.8386 17.0728 5750 -6.62012 -10.8037 182.634 22.3175 -13 96 1 0 1
28.6112 -25.8055 6100 -33.0351 -14.5091 179.483 23.6822 -13 96 1 0 1
-24.2073 -6.96264 6450 -16.6438 16.986 181.522 25.0505 -13 96 1 0 1
-55.5801 -9.35476 6800 -8.13045 -20.9106 181.693 26.407 -13 96 1 0 1
-53.8242 -31.2362 7150 -3.76064 6.21982 182.929 27.7595 -13 96 1 0 1
-53.8652 17.4128 7500 22.0524 30.7032 179.128 29.1239 -13 96 1 0 1
-0.721788 23.5799 7850 18.393 -13.4157 181.652 30.4922 -13 96 1 0 1
27.7566 15.5788 8200 10.5164 9.46527 182.526 31.8461 -13 96 1 0 1
40.2072 32.6281 8550 11.505 0.493267 182.711 33.1969 -13 96 1 0 1
47.7249 8.81225 4700 -12.8878 -32.5627 188.729 18.1273 -13 97 1 0 1
-0.277104 -9.52864 5050 -25.8042 6.13947 190.109 19.4776 -13 97 1 0 1
-38.0588 -21.7195 5400 -7.59077 -22.975 190.419 20.8211 -13 97 1 0 1
-36.14 -50.6959 5750 -6.27999 -3.53133 191.815 22.1594 -13 97 1 0 1
-62.9794 -20.123 6100 -2.13934 35.6317 188.602 23.5045 -13 97 1 0 1
-29.9965 10.2647 6450 21.8316 -5.30035 190.631 24.8526 -13 97 1 0 1
9.30913 5.05631 6800 19.2818 10.4472 190.694 26.1944 -13 97 1 0 1
29.518 34.2476 7150 11.9697 11.8998 191.207 27.5342 -13 97 1 0 1
65.6956 17.3631 7500 10.0192 -32.7053 188.878 28.8797 -13 97 1 0 1
46.9946 -16.0609 7850 -14.0135 4.23721 191.391 30.2243 -13 97 1 0 1
17.8035 3.8781 8200 -22.9816 3.96332 190.529 31.5642 -13 97 1 0 1
-17.4687 -16.2937 8550 -16.7374 -15.4471 190.594 32.9067 -13 97 1 0 1
34.0173 27.124 4700 5.7042 -30.7665 186.819 18.1099 -13 98 1 0 1
7.28991 -9.48245 5050 -20.8314 -6.85247 188.148 19.4606 -13 98 1 0 1
-13.2808 -32.6196 5400 4.6292 -17.5823 188.547 20.8041 -13 98 1 0 1
-0.438292 -51.3364 5750 -3.53772 -6.20579 189.287 22.1443 -13 98 1 0 1
-35.7869 -43.9591 6100 -19.743 23.7535 186.886 23.4909 -13 98 1 0 1
-29.5964 -6.45142 6450 16.2127 6.16829 188.626 24.839 -13 98 1 0 1
-0.976333 4.43985 6800 9.6249 13.1583 188.719 26.1812 -13 98 1 0 1
1.7758 32.1966 7150 2.48998 14.1855 188.873 27.5224 -13 98 1 0 1
32.9668 41.3211 7500 22.365 -14.187 187.561 28.8675 -13 98 1 0 1
39.5759 13.5008 7850 -9.33484 -2.58733 189.174 30.2113 -13 98 1 0 1
10.9762 16.7301 8200 -19.0778 -6.20349 188.356 31.553 -13 98 1 0 1
-5.55924 -11.931 8550 -3.11671 -17.1893 188.614 32.8966 -13 98 1 0 1
-10.089 -95.9371 4700 -39.6729 18.1324 210.214 17.7634 -13 99 1 0 1
-20.3785 -47.8537 5050 24.7384 22.8086 212.039 19.0836 -13 99 1 0 1
22.0523 4.04806 5400 5.72072 45.8779 209.655 20.4103 -13 99 1 0 1
-2.38183 65.1535 5750 -11.8684 28.2817 212.49 21.7358 -13 99 1 0 1
33.6523 98.6032 6100 46.8021 -6.76716 209.42 23.0569 -13 99 1 0 1
63.2591 66.7147 6450 -13.8856 -6.03738 214.158 24.3742 -13 99 1 0 1
5.53716 60.6698 6800 -41.4405 -25.3843 209.12 25.6956 -13 99 1 0 1
-13.239 -5.78044 7150 8.14284 -38.9212 210.978 27.0261 -13 99 1 0 1
-32.6215 -57.9084 7500 -36.2657 -13.167 211.197 28.3475 -13 99 1 0 1
-77.3522 -59.7899 7850 -8.69563 -12.4983 214.152 29.661 -13 99 1 0 1
-34.8751 -104.408 8200 59.113 -8.76648 206.208 30.9902 -13 99 1 0 1
17.5801 -62.599 8550 -4.64122 33.3137 212.042 32.3245 -13 99 1 0 1
25.8327 20.517 4700 10.7715 -17.2437 189.748 17.9648 -13 100 1 0 1
21.3615 -4.11001 5050 -7.73224 -3.75148 190.64 19.3038 -13 100 1 0 1
10.8341 -4.99077 5400 -4.15971 -1.27198 190.784 20.6389 -13 100 1 0 1
6.12152 -14.1947 5750 -3.24798 -8.29643 190.626 21.9741 -13 100 1 0 1
-14.3166 -23.3151 6100 -15.8387 5.49852 190.096 23.312 -13 100 1 0 1
-25.4474 -7.90173 6450 1.31415 2.40936 190.814 24.6491 -13 100 1 0 1
-15.4695 -14.103 6800 10.2833 -2.31447 190.543 25.9846 -13 100 1 0 1
-4.34876 -4.89787 7150 0.718754 8.82247 190.629 27.3207 -13 100 1 0 1
2.77564 10.7119 7500 9.48222 4.32704 190.549 28.6569 -13 100 1 0 1
16.2463 10.2378 7850 3.20588 1.04399 190.804 29.9925 -13 100 1 0 1
10.1938 20.1498 8200 -10.8223 3.82835 190.488 31.3282 -13 100 1 0 1
-2.61012 14.5015 8550 -0.25591 -5.18502 190.763 32.6641 -13 100 1 0 1
