#BLTrackFile VirtualDetector/det22
#x y z Px Py Pz t PDGid EventID TrackID ParentID Weight
#mm mm mm MeV/c MeV/c MeV/c ns - - - - -
#BLTrackFile VirtualDetector/det22
#x y z Px Py Pz t PDGid EventID TrackID ParentID Weight
#mm mm mm MeV/c MeV/c MeV/c ns - - - - -
#BLTrackFile VirtualDetector/det22
#x y z Px Py Pz t PDGid EventID TrackID ParentID Weight
#mm mm mm MeV/c MeV/c MeV/c ns - - - - -
#BLTrackFile VirtualDetector/det22
#x y z Px Py Pz t PDGid EventID TrackID ParentID Weight
#mm mm mm MeV/c MeV/c MeV/c ns - - - - -
#BLTrackFile VirtualDetector/det22
#x y z Px Py Pz t PDGid EventID TrackID ParentID Weight
#mm mm mm MeV/c MeV/c MeV/c ns - - - - -
#BLTrackFile VirtualDetector/det22
#x y z Px Py Pz t PDGid EventID TrackID ParentID Weight
#mm mm mm MeV/c MeV/c MeV/c ns - - - - -
#BLTrackFile VirtualDetector/det22
#x y z Px Py Pz t PDGid EventID TrackID ParentID Weight
#mm mm mm MeV/c MeV/c MeV/c ns - - - - -
#BLTrackFile VirtualDetector/det22
#x y z Px Py Pz t PDGid EventID TrackID ParentID Weight
#mm mm mm MeV/c MeV/c MeV/c ns - - - - -
#BLTrackFile VirtualDetector/det22
#x y z Px Py Pz t PDGid EventID TrackID ParentID Weight
#mm mm mm MeV/c MeV/c MeV/c ns - - - - -
#BLTrackFile VirtualDetector/det22
#x y z Px Py Pz t PDGid EventID TrackID ParentID Weight
#mm mm mm MeV/c MeV/c MeV/c ns - - - - -
#BLTrackFile VirtualDetector/det22
#x y z Px Py Pz t PDGid EventID TrackID ParentID Weight
#mm mm mm MeV/c MeV/c MeV/c ns - - - - -
#BLTrackFile VirtualDetector/det22
#x y z Px Py Pz t PDGid EventID TrackID ParentID Weight
#mm mm mm MeV/c MeV/c MeV/c ns - - - - -
-93.1654 65.2192 92900 37.1214 43.9914 202.3 353.131 -13 1 1 0 1
-30.3511 69.0585 93250 12.37 -26.2918 208.313 354.467 -13 1 1 0 1
-16.1581 14.2773 93600 24.0002 -28.9285 206.944 355.792 -13 1 1 0 1
44.4675 -0.799987 93950 38.7869 -3.17223 206.698 357.12 -13 1 1 0 1
84.8107 -58.0094 94300 -13.4475 -55.5346 202.42 358.462 -13 1 1 0 1
42.709 -100.072 94650 -2.9209 2.34099 210.297 359.794 -13 1 1 0 1
72.526 -57.1968 95000 7.14241 49.4178 204.317 361.119 -13 1 1 0 1
27.9593 -9.86452 95350 -41.7471 1.84752 206.137 362.456 -13 1 1 0 1
-39.9759 16.1496 95700 -23.5178 41.5135 204.847 363.793 -13 1 1 0 1
-46.6585 81.649 96050 -10.1642 24.6558 208.633 365.124 -13 1 1 0 1
-108.02 65.6507 96400 -31.5065 -53.4979 200.958 366.463 -13 1 1 0 1
-91.0469 4.79904 96750 28.4013 3.20693 208.379 367.803 -13 1 1 0 1
24.7915 48.7624 92900 32.8697 -4.45645 198.082 351.752 -13 2 1 0 1
54.2847 25.3903 93250 1.48841 -3.40827 200.805 353.081 -13 2 1 0 1
35.3497 41.408 93600 -24.1237 6.05733 199.294 354.405 -13 2 1 0 1
12.1653 21.0879 93950 1.70682 -21.2056 199.71 355.732 -13 2 1 0 1
3.61536 -21.692 94300 -21.7008 -19.2987 198.729 357.063 -13 2 1 0 1
-36.4708 -31.5972 94650 -14.7429 -5.19892 200.231 358.392 -13 2 1 0 1
-29.3197 -61.682 95000 26.2579 -14.9724 198.552 359.719 -13 2 1 0 1
-0.855833 -55.5397 95350 -5.01563 10.8117 200.486 361.046 -13 2 1 0 1
-24.9543 -22.3014 95700 -4.95473 30.8406 198.396 362.375 -13 2 1 0 1
-1.08809 16.8936 96050 18.8457 13.018 199.53 363.707 -13 2 1 0 1
6.17097 47.1663 96400 -15.0745 16.4291 199.598 365.034 -13 2 1 0 1
-14.8139 58.9893 96750 3.35671 5.9872 200.723 366.357 -13 2 1 0 1
1.38986 25.8484 92900 15.7393 -28.2118 192.396 356.285 -13 3 1 0 1
-8.78664 -26.2669 93250 -12.9977 -25.8133 192.937 357.63 -13 3 1 0 1
11.4944 -72.1422 93600 37.4255 -8.85633 191.261 358.976 -13 3 1 0 1
51.2993 -58.2135 93950 -1.50231 1.9267 195.074 360.317 -13 3 1 0 1
10.4579 -64.3262 94300 -34.3305 12.1537 191.66 361.657 -13 3 1 0 1
-6.06748 -17.3428 94650 11.9997 25.7455 193.011 363.003 -13 3 1 0 1
-2.26604 31.1613 95000 -18.8399 22.264 192.897 364.345 -13 3 1 0 1
-39.8702 47.6931 95350 -10.2394 9.70184 194.579 365.683 -13 3 1 0 1
-13.5743 77.704 95700 37.0599 3.38347 191.507 367.024 -13 3 1 0 1
15.2972 49.4535 96050 -10.3945 -17.0622 194.064 368.365 -13 3 1 0 1
-12.0849 10.8129 96400 -3.09859 -30.3512 192.689 369.706 -13 3 1 0 1
12.7541 -30.3664 96750 15.8918 -17.0661 193.691 371.047 -13 3 1 0 1
-51.7276 -24.1676 92900 -23.8218 8.90002 195.073 356.965 -13 4 1 0 1
-72.2919 -7.51325 93250 -4.10443 -7.74608 196.528 358.296 -13 4 1 0 1
-48.3901 -54.0268 93600 40.6423 -20.1121 191.425 359.64 -13 4 1 0 1
8.53517 -33.0392 93950 11.9339 25.0061 194.762 360.991 -13 4 1 0 1
30.3886 -4.63304 94300 17.341 1.82622 195.949 362.324 -13 4 1 0 1
60.1947 -9.15323 94650 18.1109 6.5199 195.779 363.654 -13 4 1 0 1
68.8744 46.7189 95000 -27.3172 38.9113 190.892 365.003 -13 4 1 0 1
13.4688 56.3906 95350 -12.7058 -16.2719 195.637 366.352 -13 4 1 0 1
3.3109 24.6172 95700 -11.5757 -15.0412 195.806 367.683 -13 4 1 0 1
-35.0296 16.3391 96050 -28.4032 -2.59099 194.645 369.018 -13 4 1 0 1
-72.6927 -33.783 96400 8.3202 -47.1283 190.813 370.371 -13 4 1 0 1
-33.7231 -70.7334 96750 7.71431 3.63386 196.538 371.717 -13 4 1 0 1
-103.005 114.432 92900 77.5522 37.4924 187.414 362.55 -13 5 1 0 1
-4.69535 64.1155 93250 11.2478 -57.4084 197.792 363.951 -13 5 1 0 1
32.722 -24.4449 93600 49.8281 -26.2384 198.425 365.315 -13 5 1 0 1
120.399 -29.4285 93950 40.9029 -13.6075 201.707 366.67 -13 5 1 0 1
112.486 -137.632 94300 -79.4643 -57.2734 181.519 368.076 -13 5 1 0 1
3.16358 -104.463 94650 -6.27356 52.1558 199.46 369.49 -13 5 1 0 1
-2.79308 -10.7537 95000 -30.6229 46.1651 198.683 370.85 -13 5 1 0 1
-89.5251 27.4633 95350 -50.5343 20.8197 198.889 372.212 -13 5 1 0 1
-100.49 139.88 95700 69.5359 63.776 183.416 373.622 -13 5 1 0 1
0.203585 130.232 96050 1.54685 -36.7109 202.963 375.017 -13 5 1 0 1
-27.3354 48.8662 96400 4.70916 -58.8684 197.627 376.37 -13 5 1 0 1
43.2649 -18.1794 96750 52.4073 -25.8808 197.807 377.738 -13 5 1 0 1
28.3147 24.7533 92900 10.329 -18.5167 206.789 348.526 -13 6 1 0 1
22.7801 1.38199 93250 -9.88092 -3.48626 207.608 349.839 -13 6 1 0 1
6.9618 -0.908961 93600 -7.58049 -4.71146 207.681 351.151 -13 6 1 0 1
1.28733 -15.3137 93950 -2.86672 -10.4033 207.592 352.462 -13 6 1 0 1
-17.8491 -25.3983 94300 -16.7597 4.71593 207.142 353.774 -13 6 1 0 1
-30.5199 -13.2548 94650 0.468882 0.256068 207.872 355.086 -13 6 1 0 1
-17.4118 -24.1076 95000 15.7956 -3.99281 207.233 356.398 -13 6 1 0 1
-0.832637 -14.1718 95350 1.19536 10.1445 207.622 357.71 -13 6 1 0 1
1.91032 2.48759 95700 6.39991 7.81804 207.627 359.021 -13 6 1 0 1
15.3869 9.28285 96050 6.44816 4.65821 207.721 360.332 -13 6 1 0 1
12.4019 26.049 96400 -12.7569 9.19674 207.277 361.644 -13 6 1 0 1
-4.77249 27.0803 96750 -1.51441 -2.29022 207.855 362.956 -13 6 1 0 1
-32.9086 7.06861 92900 -35.8669 5.1796 196.447 360.767 -13 8 1 0 1
-82.5406 36.7219 93250 -29.1134 5.98051 197.538 362.106 -13 8 1 0 1
-123.159 -31.2276 93600 19.3894 -66.7188 187.29 363.476 -13 8 1 0 1
-49.3984 -66.1148 93950 25.6694 21.6754 196.916 364.848 -13 8 1 0 1
-12.673 -19.5781 94300 30.9539 15.1551 196.766 366.188 -13 8 1 0 1
50.2264 -31.3273 94650 39.4226 -11.1873 195.513 367.532 -13 8 1 0 1
117.892 21.2262 95000 2.31232 67.3742 188.043 368.907 -13 8 1 0 1
71.2863 78.2544 95350 -15.0347 -9.06044 198.989 370.269 -13 8 1 0 1
60.2718 26.0063 95700 -22.6421 -35.551 195.265 371.608 -13 8 1 0 1
-9.09604 16.7753 96050 -43.8803 14.821 194.318 372.96 -13 8 1 0 1
-91.6775 -10.5595 96400 -23.8069 -55.4846 190.419 374.331 -13 8 1 0 1
-83.4107 -80.375 96750 -1.24373 -6.63437 199.648 375.685 -13 8 1 0 1
15.7507 13.9677 92900 5.25076 -7.92289 192.43 353.868 -13 9 1 0 1
13.5502 4.3611 93250 -4.76174 0.568979 192.605 355.2 -13 9 1 0 1
1.40215 6.6647 93600 -7.45695 -2.66638 192.502 356.533 -13 9 1 0 1
-3.74595 -3.63941 93950 -0.0734953 -5.71519 192.58 357.865 -13 9 1 0 1
-9.56433 -9.9369 94300 -5.77718 0.467906 192.578 359.197 -13 9 1 0 1
-14.7802 -8.76823 94650 0.240908 -3.09904 192.64 360.529 -13 9 1 0 1
-3.70839 -18.6155 95000 12.0208 -1.43128 192.284 361.862 -13 9 1 0 1
8.47198 -10.8005 95350 0.169 4.39704 192.615 363.195 -13 9 1 0 1
4.68404 -5.75598 95700 -2.266 3.35529 192.623 364.527 -13 9 1 0 1
5.54712 2.732 96050 1.92556 5.87323 192.566 365.859 -13 9 1 0 1
-0.412785 15.1999 96400 -9.99759 3.65232 192.371 367.192 -13 9 1 0 1
-14.0603 13.2499 96750 -2.57774 -0.096419 192.648 368.524 -13 9 1 0 1
-48.7662 29.1517 92900 31.7701 15.7068 202.427 351.215 -13 10 1 0 1
-2.34423 12.0843 93250 15.7711 -23.7694 203.517 352.544 -13 10 1 0 1
34.8557 -11.5147 93600 27.5994 6.25647 203.549 353.869 -13 10 1 0 1
67.5412 8.95173 93950 15.7877 0.143578 204.899 355.19 -13 10 1 0 1
77.8988 -38.0555 94300 -21.8496 -40.1115 200.366 356.52 -13 10 1 0 1
30.0395 -54.0332 94650 -12.3921 14.7493 204.602 357.852 -13 10 1 0 1
18.598 -18.5958 95000 -15.2491 19.2274 204.036 359.173 -13 10 1 0 1
-23.2665 -11.8868 95350 -28.9102 -2.9003 203.442 360.496 -13 10 1 0 1
-66.8765 21.7968 95700 -4.4379 42.2827 201.061 361.83 -13 10 1 0 1
-48.887 65.1306 96050 1.08814 3.25295 205.478 363.157 -13 10 1 0 1
-69.2023 33.1944 96400 -2.17553 -37.793 201.99 364.481 -13 10 1 0 1
-35.0733 2.87098 96750 27.5772 6.29541 203.551 365.81 -13 10 1 0 1
-118.352 -92.6332 92900 -50.5164 65.973 172.237 366.249 -13 11 1 0 1
-90.7156 6.57649 93250 42.0453 5.71163 186.466 367.668 -13 11 1 0 1
-13.2529 10.2547 93600 35.5401 23.2483 186.458 369.036 -13 11 1 0 1
19.8372 83.8587 93950 19.944 41.3375 185.644 370.406 -13 11 1 0 1
128.251 83.3885 94300 50.8401 -69.9877 170.549 371.834 -13 11 1 0 1
100.263 -19.3646 94650 -38.6287 -3.86279 187.251 373.258 -13 11 1 0 1
30.6556 -9.22831 95000 -37.2436 -11.6717 187.208 374.619 -13 11 1 0 1
-13.7955 -73.9036 95350 -24.6894 -42.7578 184.749 375.989 -13 11 1 0 1
-128.627 -77.4433 95700 -54.1809 69.1007 169.881 377.424 -13 11 1 0 1
-109.317 27.4822 96050 32.2396 4.46344 188.443 378.848 -13 11 1 0 1
-51.8124 4.92537 96400 37.2692 -1.64642 187.559 380.203 -13 11 1 0 1
1.4192 56.5632 96750 26.7866 42.7961 184.448 381.571 -13 11 1 0 1
82.5696 -43.0621 92900 -28.2055 -42.5047 185.526 359.171 -13 12 1 0 1
21.7394 -51.3205 93250 -14.6969 21.586 190.631 360.532 -13 12 1 0 1
0.0949863 -9.81502 93600 -21.3104 14.4798 190.679 361.876 -13 12 1 0 1
-46.226 -8.91403 93950 -26.4889 0.144689 190.58 363.221 -13 12 1 0 1
-75.8689 40.1927 94300 14.6669 43.3278 186.895 364.578 -13 12 1 0 1
-31.5406 64.5489 94650 8.06962 -11.4497 191.901 365.93 -13 12 1 0 1
-31.8765 23.0999 95000 10.9261 -28.3593 189.996 367.272 -13 12 1 0 1
15.3597 2.97611 95350 30.4603 -0.182999 189.985 368.621 -13 12 1 0 1
55.8431 -33.7449 95700 -2.64583 -38.1973 188.564 369.974 -13 12 1 0 1
29.6658 -69.5662 96050 -1.8853 -1.2323 192.399 371.32 -13 12 1 0 1
52.8372 -40.4138 96400 4.97568 34.5004 189.228 372.662 -13 12 1 0 1
17.203 -5.17458 96750 -29.9333 0.85779 190.067 374.013 -13 12 1 0 1
19.4308 -7.40914 92900 5.62257 -16.4449 221.747 345.232 -13 13 1 0 1
19.0415 -27.5036 93250 2.83287 -6.0206 222.327 346.527 -13 13 1 0 1
35.739 -19.6235 93600 9.35819 17.6255 221.53 347.822 -13 13 1 0 1
32.8318 -0.441759 93950 -6.70628 0.0600926 222.326 349.117 -13 13 1 0 1
17.7687 -10.2983 94300 -14.5998 -4.26397 221.906 350.412 -13 13 1 0 1
-0.655678 -2.19361 94650 -7.57523 9.80008 222.082 351.707 -13 13 1 0 1
-16.4657 4.91848 95000 -11.6131 -4.56779 222.077 353.001 -13 13 1 0 1
-28.3615 -5.33988 95350 -6.33879 -1.41715 222.332 354.295 -13 13 1 0 1
-35.3096 10.5319 95700 4.23278 17.3331 221.71 355.59 -13 13 1 0 1
-23.0384 21.4637 96050 3.00311 -3.99723 222.371 356.884 -13 13 1 0 1
-21.6557 4.63086 96400 6.06967 -13.2067 221.952 358.178 -13 13 1 0 1
-4.74162 -1.60714 96750 11.1279 3.43137 222.122 359.473 -13 13 1 0 1
-27.8151 -20.2194 92900 14.854 25.9976 198.64 354.634 -13 14 1 0 1
20.9567 -5.3651 93250 32.3543 -0.837513 198.26 355.969 -13 14 1 0 1
65.501 33.2549 93600 0.498454 43.5863 196.098 357.312 -13 14 1 0 1
43.1862 76.333 93950 0.531782 2.92589 200.862 358.647 -13 14 1 0 1
71.6911 40.1007 94300 5.19549 -44.1833 195.896 359.982 -13 14 1 0 1
31.7599 -2.55466 94650 -32.3235 0.364924 198.266 361.326 -13 14 1 0 1
-20.6116 -15.3127 95000 -19.0564 -26.2342 198.25 362.662 -13 14 1 0 1
-31.1643 -64.2991 95350 -11.2201 -20.7083 199.499 363.995 -13 14 1 0 1
-88.412 -52.2087 95700 -28.5602 44.9253 193.702 365.342 -13 14 1 0 1
-77.2084 5.04399 96050 20.3895 0.957769 199.844 366.687 -13 14 1 0 1
-33.9481 -12.7393 96400 32.0529 -0.297725 198.31 368.019 -13 14 1 0 1
5.00658 24.9628 96750 15.9915 31.0507 197.825 369.356 -13 14 1 0 1
-7.15091 27.3134 92900 18.5434 22.715 193.705 354.892 -13 15 1 0 1
31.457 43.2892 93250 11.9612 7.11356 195.417 356.229 -13 15 1 0 1
14.471 68.5974 93600 -29.3806 5.24623 193.626 357.564 -13 15 1 0 1
-8.15899 49.528 93950 10.5855 -13.0515 195.19 358.899 -13 15 1 0 1
20.8532 12.1266 94300 3.74847 -32.997 193.077 360.239 -13 15 1 0 1
-5.80337 -32.2856 94650 -17.2034 -16.9494 194.418 361.581 -13 15 1 0 1
1.5798 -67.4102 95000 26.7616 -10.9032 193.769 362.918 -13 15 1 0 1
27.7025 -64.4736 95350 -7.81328 -0.912631 195.754 364.251 -13 15 1 0 1
-22.6429 -55.1582 95700 -30.9675 28.785 191.296 365.595 -13 15 1 0 1
-25.3938 4.03246 96050 14.9755 22.5569 194.033 366.944 -13 15 1 0 1
-20.4579 37.057 96400 -13.6116 12.4598 195.041 368.278 -13 15 1 0 1
-41.2755 52.1864 96750 -0.0703067 15.7401 195.279 369.609 -13 15 1 0 1
9.55765 7.1938 92900 -9.41371 -25.978 203.223 351.905 -13 16 1 0 1
-25.7837 -17.4565 93250 -21.2538 -10.1821 203.735 353.229 -13 16 1 0 1
-32.46 -56.572 93600 21.8083 -24.748 202.423 354.554 -13 16 1 0 1
0.214904 -65.7492 93950 -0.0479157 3.92175 205.056 355.876 -13 16 1 0 1
-26.4316 -46.0496 94300 -14.2059 26.1129 202.927 357.196 -13 16 1 0 1
-11.9916 -9.63071 94650 21.9358 10.3607 203.653 358.521 -13 16 1 0 1
17.3134 18.8011 95000 2.09053 25.5813 203.481 359.844 -13 16 1 0 1
5.60897 51.0583 95350 -0.507674 12.5276 204.71 361.164 -13 16 1 0 1
36.4975 54.7511 95700 24.3816 -17.9874 202.843 362.485 -13 16 1 0 1
39.8202 24.2345 96050 -15.0839 -4.03007 204.498 363.807 -13 16 1 0 1
1.37674 19.2032 96400 -22.8457 -15.2903 203.243 365.128 -13 16 1 0 1
-12.8006 -19.5212 96750 -2.02544 -21.043 204.001 366.452 -13 16 1 0 1
17.2324 -49.1219 92900 -4.83895 -20.1431 222.65 346.58 -13 17 1 0 1
11.9562 -69.2065 93250 12.9121 -7.57809 223.11 347.874 -13 17 1 0 1
62.6844 -50.2287 93600 29.0544 42.0583 217.691 349.185 -13 17 1 0 1
59.909 6.38717 93950 -15.9438 13.1548 222.655 350.497 -13 17 1 0 1
39.6102 7.36789 94300 -12.4543 -1.19043 223.262 351.791 -13 17 1 0 1
22.4029 24.987 94650 -11.8957 22.8312 222.125 353.086 -13 17 1 0 1
-24.8376 50.8035 95000 -43.4941 -8.0106 219.195 354.395 -13 17 1 0 1
-63.7165 17.5099 95350 -8.23433 -11.7118 223.153 355.703 -13 17 1 0 1
-63.5788 31.979 95700 13.7323 18.1878 222.448 356.997 -13 17 1 0 1
-45.6745 30.1545 96050 -0.898928 -20.3169 222.686 358.292 -13 17 1 0 1
-36.9837 -22.7322 96400 27.6233 -32.9836 219.434 359.6 -13 17 1 0 1
14.4275 -36.8023 96750 23.0477 3.06824 222.4 360.908 -13 17 1 0 1
21.5927 43.3737 92900 22.1056 -33.2698 200.273 351.583 -13 18 1 0 1
13.3159 -12.1211 93250 -17.2856 -22.2846 202.261 352.917 -13 18 1 0 1
10.7201 -48.3406 93600 18.6009 -14.7366 202.834 354.241 -13 18 1 0 1
35.7236 -59.1802 93950 -0.66423 -10.4925 203.947 355.56 -13 18 1 0 1
-9.64219 -76.3527 94300 -42.1145 12.0482 199.465 356.892 -13 18 1 0 1
-34.7484 -32.1301 94650 10.3722 18.9459 203.073 358.225 -13 18 1 0 1
-13.3139 -6.45108 95000 5.2023 17.7688 203.377 359.546 -13 18 1 0 1
-23.6779 25.3855 95350 -8.34241 21.243 202.939 360.866 -13 18 1 0 1
-1.09844 67.1855 95700 36.6805 10.5253 200.621 362.197 -13 18 1 0 1
37.0738 54.765 96050 -0.804281 -5.54924 204.141 363.523 -13 18 1 0 1
6.2709 51.0479 96400 -25.142 -13.5542 202.211 364.844 -13 18 1 0 1
-2.30616 12.9655 96750 11.2198 -21.376 202.786 366.169 -13 18 1 0 1
-11.8943 -5.36099 92900 -21.6544 -2.3542 204.208 351.938 -13 19 1 0 1
-42.2667 5.78187 93250 -15.139 2.7057 204.79 353.257 -13 19 1 0 1
-57.9001 -23.0612 93600 9.402 -29.0195 203.089 354.578 -13 19 1 0 1
-30.2103 -38.961 93950 7.29814 8.89163 205.044 355.899 -13 19 1 0 1
-23.4697 -10.8488 94300 12.2098 17.2145 204.28 357.217 -13 19 1 0 1
9.68118 -5.50298 94650 21.4069 -5.08147 204.185 358.537 -13 19 1 0 1
44.0952 9.84384 95000 8.7468 25.6599 203.57 359.859 -13 19 1 0 1
40.3678 38.9286 95350 1.72209 2.14889 205.348 361.178 -13 19 1 0 1
52.2884 13.4222 95700 -3.37312 -27.5371 203.484 362.497 -13 19 1 0 1
22.8948 -5.06836 96050 -19.8336 6.60674 204.3 363.819 -13 19 1 0 1
-13.6895 -0.196177 96400 -20.5943 -10.8371 204.044 365.139 -13 19 1 0 1
-35.0688 -27.2972 96750 -12.4657 -10.3909 204.725 366.459 -13 19 1 0 1
16.2124 42.8609 92900 24.1366 -22.1981 195.908 352.45 -13 20 1 0 1
19.4152 -1.48151 93250 -11.0006 -17.2602 197.576 353.785 -13 20 1 0 1
15.4314 -25.6556 93600 9.68709 -9.06005 198.19 355.111 -13 20 1 0 1
30.9526 -36.2096 93950 1.1685 -11.1494 198.317 356.436 -13 20 1 0 1
-1.37576 -59.4158 94300 -34.1848 2.18108 195.658 357.77 -13 20 1 0 1
-29.0728 -31.3295 94650 4.02254 12.7192 198.185 359.103 -13 20 1 0 1
-12.8611 -16.6911 95000 7.44501 10.8158 198.199 360.429 -13 20 1 0 1
-17.8597 7.0514 95350 -8.48304 16.0096 197.806 361.755 -13 20 1 0 1
-9.19661 43.9558 95700 23.9085 14.9458 196.622 363.087 -13 20 1 0 1
22.4276 44.4341 96050 2.44776 -1.47361 198.613 364.416 -13 20 1 0 1
0.436893 44.5814 96400 -19.8039 -9.35202 197.423 365.742 -13 20 1 0 1
-6.29173 17.4643 96750 10.1712 -13.2277 197.932 367.07 -13 20 1 0 1
-3.56862 -12.2624 92900 -1.46969 3.49331 197.586 352.153 -13 21 1 0 1
1.77075 -7.23978 93250 6.98267 1.61201 197.493 353.478 -13 21 1 0 1
13.8843 4.11613 93600 1.60044 11.9955 197.252 354.803 -13 21 1 0 1
8.87584 18.7507 93950 -0.605147 3.56424 197.59 356.129 -13 21 1 0 1
17.9574 14.9857 94300 5.19011 -9.55466 197.323 357.453 -13 21 1 0 1
13.6356 2.37149 94650 -6.49156 -1.28332 197.512 358.779 -13 21 1 0 1
1.2726 -0.0953558 95000 -5.77267 -5.49423 197.462 360.103 -13 21 1 0 1
-2.40816 -14.2954 95350 -2.24096 -8.407 197.431 361.429 -13 21 1 0 1
-19.7679 -19.6069 95700 -13.368 7.64901 197.022 362.755 -13 21 1 0 1
-28.1866 -4.07358 96050 0.703771 1.84437 197.613 364.081 -13 21 1 0 1
-20.9157 -12.6462 96400 9.59637 -4.59716 197.336 365.406 -13 21 1 0 1
-9.22098 -4.39279 96750 1.62451 11.0929 197.304 366.731 -13 21 1 0 1
52.9033 84.6765 92900 43.7722 -37.8567 196.642 352.719 -13 22 1 0 1
57.6328 16.1465 93250 -23.1014 -17.9449 202.883 354.066 -13 22 1 0 1
20.4255 -4.87983 93600 -13.0099 -18.6794 203.713 355.39 -13 22 1 0 1
18.3169 -47.9357 93950 -1.7255 -30.3923 202.708 356.714 -13 22 1 0 1
-36.6048 -86.4609 94300 -53.7352 10.0716 197.555 358.059 -13 22 1 0 1
-76.9224 -43.3767 94650 5.21823 9.36376 204.7 359.398 -13 22 1 0 1
-39.5806 -51.9851 95000 34.3933 3.1883 202.05 360.721 -13 22 1 0 1
-12.8478 -10.6184 95350 -2.79211 33.6367 202.183 362.051 -13 22 1 0 1
8.74446 47.447 95700 36.8942 19.0766 200.729 363.388 -13 22 1 0 1
61.2005 48.7797 96050 13.5713 4.67181 204.478 364.718 -13 22 1 0 1
38.2665 83.5746 96400 -41.6679 12.3117 200.323 366.047 -13 22 1 0 1
-2.32933 58.7248 96750 5.02397 -23.5696 203.559 367.378 -13 22 1 0 1
45.1285 -6.73814 92900 33.2846 -48.9991 194.82 359.306 -13 23 1 0 1
54.4073 -90.6482 93250 8.42046 -30.2748 201.187 360.662 -13 23 1 0 1
122.42 -74.1614 93600 32.7056 60.6233 191.621 362.02 -13 23 1 0 1
94.5324 -5.6098 93950 -36.1538 -5.79269 200.307 363.382 -13 23 1 0 1
13.0156 -25.7623 94300 -53.4032 14.3305 195.975 364.737 -13 23 1 0 1
-41.4081 42.6166 94650 -20.5967 39.5664 198.68 366.096 -13 23 1 0 1
-114.738 48.4946 95000 -39.3261 -46.8244 194.228 367.454 -13 23 1 0 1
-117.284 -12.2299 95350 11.9615 5.82396 203.191 368.8 -13 23 1 0 1
-72.3294 43.6317 95700 53.8464 23.7847 194.932 370.148 -13 23 1 0 1
5.48294 9.48379 96050 25.5178 -39.9221 198.037 371.51 -13 23 1 0 1
69.5367 -24.349 96400 42.9114 17.5434 198.279 372.859 -13 23 1 0 1
109.626 14.8528 96750 15.2665 -1.07196 203.05 374.194 -13 23 1 0 1
2.4133 7.12762 92900 -19.8138 -16.2561 211.01 350.654 -13 24 1 0 1
-38.4085 1.84224 93250 -25.358 -1.80268 211.036 351.967 -13 24 1 0 1
-63.4666 -37.6178 93600 10.3144 -38.5431 208.783 353.286 -13 24 1 0 1
-32.6723 -64.6732 93950 4.88886 3.80764 212.471 354.602 -13 24 1 0 1
-44.6263 -35.5387 94300 -0.692122 29.6663 210.48 355.913 -13 24 1 0 1
-14.3175 -10.5849 94650 27.7162 -0.871036 210.745 357.227 -13 24 1 0 1
32.1579 4.83222 95000 17.8529 27.9245 209.961 358.545 -13 24 1 0 1
37.73 46.713 95350 5.12893 13.7439 212.055 359.859 -13 24 1 0 1
67.311 34.561 95700 13.7191 -30.5184 209.911 361.172 -13 24 1 0 1
54.4551 4.60839 96050 -17.3643 4.93974 211.793 362.485 -13 24 1 0 1
12.5665 21.4899 96400 -33.5521 -2.46705 209.882 363.8 -13 24 1 0 1
-25.191 -9.72342 96750 -14.9069 -20.9739 210.998 365.118 -13 24 1 0 1
48.8297 -45.5927 92900 -12.8977 -34.2535 196.817 353.741 -13 25 1 0 1
18.8179 -69.1975 93250 -0.221047 2.09598 200.18 355.072 -13 25 1 0 1
44.9579 -40.466 93600 9.04275 34.1412 197.051 356.402 -13 25 1 0 1
19.0387 -0.642218 93950 -25.1418 6.25848 198.508 357.738 -13 25 1 0 1
-15.7352 20.3431 94300 -6.52191 22.6137 198.803 359.068 -13 25 1 0 1
-12.6339 53.1957 94650 -4.95187 12.8381 199.718 360.394 -13 25 1 0 1
-52.3644 47.3935 95000 -23.5749 -28.9858 196.674 361.727 -13 25 1 0 1
-48.6711 4.29719 95350 15.5513 -5.87653 199.5 363.061 -13 25 1 0 1
-19.1404 4.37549 95700 16.7527 -5.97855 199.4 364.386 -13 25 1 0 1
-4.01176 -23.615 96050 5.91315 -20.8813 199.012 365.712 -13 25 1 0 1
33.5754 -43.9334 96400 30.9167 10.8315 197.493 367.045 -13 25 1 0 1
55.3107 -14.2321 96750 -1.60636 4.85829 200.126 368.375 -13 25 1 0 1
-94.793 -14.4663 92900 0.921113 49.2932 187.49 359.183 -13 26 1 0 1
-46.9293 23.2657 93250 27.2538 -11.105 191.617 360.542 -13 26 1 0 1
4.02236 4.57431 93600 30.5139 7.31465 191.307 361.888 -13 26 1 0 1
44.1054 42.3926 93950 22.7464 18.4142 191.642 363.235 -13 26 1 0 1
102.819 13.4702 94300 13.4817 -53.4445 185.863 364.599 -13 26 1 0 1
72.4667 -41.255 94650 -17.4074 5.27857 193.008 365.959 -13 26 1 0 1
43.8421 -5.49379 95000 -27.7199 16.1845 191.188 367.301 -13 26 1 0 1
-10.2725 -23.1606 95350 -28.8703 -23.3803 190.271 368.651 -13 26 1 0 1
-83.3288 -18.2417 95700 -31.3614 42.3229 186.57 370.018 -13 26 1 0 1
-87.7086 43.7617 96050 1.3214 4.53949 193.806 371.375 -13 26 1 0 1
-88.3624 -1.90745 96400 21.1196 -37.9326 188.94 372.721 -13 26 1 0 1
-29.5536 -6.586 96750 27.2075 26.0143 190.174 374.077 -13 26 1 0 1
7.70957 -3.93387 92900 9.22441 -49.9262 210.877 353.028 -13 27 1 0 1
-15.7363 -76.4279 93250 -11.8279 -39.2644 212.991 354.358 -13 27 1 0 1
38.6821 -127.644 93600 68.2342 7.2051 205.764 355.699 -13 27 1 0 1
86.5906 -80.273 93950 -13.5245 11.9014 216.153 357.033 -13 27 1 0 1
22.8194 -75.5173 94300 -48.916 23.7372 209.978 358.356 -13 27 1 0 1
-1.25302 -3.36997 94650 10.4492 46.6662 211.565 359.692 -13 27 1 0 1
-21.1245 67.7229 95000 -44.5721 24.4374 210.862 361.024 -13 27 1 0 1
-81.383 74.6792 95350 -14.0766 11.7382 216.127 362.345 -13 27 1 0 1
-38.8924 121.07 95700 63.5909 9.48052 207.155 363.674 -13 27 1 0 1
13.5031 77.1263 96050 -10.5173 -35.2176 213.766 365.009 -13 27 1 0 1
-11.5463 11.279 96400 4.93339 -47.015 211.689 366.335 -13 27 1 0 1
33.0276 -44.3992 96750 28.9571 -28.0256 213.127 367.662 -13 27 1 0 1
-13.9905 -50.236 92900 -20.7675 1.03484 201.065 352.291 -13 28 1 0 1
-26.7717 -37.9064 93250 8.84006 1.54204 201.938 353.611 -13 28 1 0 1
8.62819 -31.3309 93600 22.0636 18.3459 200.09 354.937 -13 28 1 0 1
16.0622 8.88182 93950 -5.08998 18.4798 201.227 356.265 -13 28 1 0 1
25.0147 28.9462 94300 14.7883 0.787716 201.594 357.586 -13 28 1 0 1
39.1766 25.9782 94650 -0.630469 6.38458 202.036 358.905 -13 28 1 0 1
11.8668 45.5829 95000 -29.5525 0.118577 199.966 360.23 -13 28 1 0 1
-15.2936 18.7727 95350 -0.504769 -17.7088 201.36 361.557 -13 28 1 0 1
-19.4876 -2.81254 95700 -8.82767 -6.2773 201.847 362.877 -13 28 1 0 1
-38.3748 -9.97685 96050 -10.4115 -9.92187 201.625 364.197 -13 28 1 0 1
-31.6551 -47.7488 96400 25.7106 -19.608 199.535 365.525 -13 28 1 0 1
3.73417 -45.6449 96750 3.32775 10.4892 201.838 366.852 -13 28 1 0 1
-66.2467 78.9309 92900 31.0574 35.6342 217.487 348.386 -13 29 1 0 1
-24.4711 87.8824 93250 -1.19508 -14.0385 222.118 349.693 -13 29 1 0 1
-48.496 40.2715 93600 -2.29941 -46.3658 217.669 351.003 -13 29 1 0 1
-7.7536 -7.19293 93950 36.5006 -12.4097 219.2 352.319 -13 29 1 0 1
30.7161 -45.9141 94300 0.268663 -37.9364 219.307 353.63 -13 29 1 0 1
18.3007 -90.7832 94650 7.72885 -18.789 221.635 354.935 -13 29 1 0 1
78.6572 -82.8577 95000 41.4244 44.0984 214.183 356.254 -13 29 1 0 1
78.8629 -21.5924 95350 -25.3782 9.00954 220.929 357.575 -13 29 1 0 1
25.9024 -21.07 95700 -36.5887 13.7122 219.108 358.883 -13 29 1 0 1
-6.77479 30.2145 96050 -12.9715 38.6021 218.807 360.196 -13 29 1 0 1
-64.9724 63.3035 96400 -51.7523 -15.212 215.929 361.518 -13 29 1 0 1
-107.181 27.1958 96750 -6.32538 0.922622 222.473 362.831 -13 29 1 0 1
-29.5533 24.1553 92900 19.8078 3.95037 201.294 350.998 -13 30 1 0 1
-6.76578 6.11338 93250 4.62576 -18.2597 201.426 352.321 -13 30 1 0 1
14.4194 -19.7475 93600 22.387 -2.91195 201.042 353.645 -13 30 1 0 1
44.0837 -10.3602 93950 10.8685 0.15488 202.013 354.967 -13 30 1 0 1
44.6353 -37.9243 94300 -18.0187 -20.6886 200.436 356.291 -13 30 1 0 1
16.3796 -41.1109 94650 -2.41175 10.9793 201.993 357.615 -13 30 1 0 1
18.954 -11.5273 95000 -7.23572 19.8732 201.197 358.937 -13 30 1 0 1
-10.5499 2.9304 95350 -19.603 1.343 201.349 360.261 -13 30 1 0 1
-33.9862 25.6042 95700 1.02586 23.7653 200.902 361.585 -13 30 1 0 1
-23.3362 49.4914 96050 -3.43606 3.15321 202.252 362.907 -13 30 1 0 1
-48.8281 28.9578 96400 -9.17553 -29.1015 199.991 364.232 -13 30 1 0 1
-31.6545 -2.11379 96750 17.1796 -0.516189 201.574 365.558 -13 30 1 0 1
131.377 22.0031 92900 25.8168 -58.9028 185.084 364.656 -13 31 1 0 1
111.192 -38.464 93250 -14.3252 13.467 194.95 366.019 -13 31 1 0 1
66.714 31.6245 93600 -54.5568 29.1145 185.924 367.387 -13 31 1 0 1
-24.2401 1.85764 93950 -33.9407 -35.4401 189.695 368.772 -13 31 1 0 1
-98.7054 -7.03678 94300 -32.8549 37.6145 189.467 370.138 -13 31 1 0 1
-113.114 42.8222 94650 -7.31288 -6.81758 195.684 371.486 -13 31 1 0 1
-104.813 -42.0091 95000 48.7031 -53.6501 182.049 372.864 -13 31 1 0 1
-3.23864 -38.3915 95350 34.3881 34.2955 189.824 374.262 -13 31 1 0 1
59.5872 -9.01673 95700 33.9035 -15.3109 192.375 375.618 -13 31 1 0 1
99.3641 -42.9262 96050 24.5958 1.14531 194.386 376.961 -13 31 1 0 1
123.597 44.5735 96400 -37.8208 68.4193 179.668 378.35 -13 31 1 0 1
23.1496 63.5226 96750 -32.5217 -29.8735 190.898 379.753 -13 31 1 0 1
-11.4079 36.2998 92900 -2.50753 20.9463 192.601 358.261 -13 32 1 0 1
-7.38558 67.959 93250 -9.20686 14.1305 193.018 359.597 -13 32 1 0 1
-63.7531 58.2942 93600 -29.3863 -38.6392 187.573 360.951 -13 32 1 0 1
-53.0077 0.227923 93950 23.1143 -8.039 192.202 362.308 -13 32 1 0 1
-13.4657 -8.1455 94300 16.6871 -14.1958 192.511 363.647 -13 32 1 0 1
-0.453312 -49.6699 94650 9.07156 -26.5113 191.717 364.987 -13 32 1 0 1
61.6832 -66.8434 95000 42.895 27.3795 186.951 366.348 -13 32 1 0 1
78.2345 -12.6473 95350 -11.8958 5.97495 193.296 367.702 -13 32 1 0 1
39.8726 -26.9091 95700 -31.7272 0.0143058 191.138 369.043 -13 32 1 0 1
4.39625 13.8384 96050 -9.39447 33.0671 190.68 370.391 -13 32 1 0 1
-48.6228 51.6144 96400 -44.0444 -10.5284 188.387 371.75 -13 32 1 0 1
-88.59 14.9856 96750 -5.35802 -1.70038 193.672 373.1 -13 32 1 0 1
13.45 -11.059 92900 -12.0262 14.6201 201.614 353.259 -13 33 1 0 1
13.7369 23.648 93250 4.29762 23.2923 201.111 354.583 -13 33 1 0 1
-13.5421 61.2444 93600 -35.6128 4.52469 199.293 355.915 -13 33 1 0 1
-48.0169 45.1861 93950 0.767909 -3.1512 202.475 357.243 -13 33 1 0 1
-17.3031 50.881 94300 28.3868 -7.65731 200.355 358.566 -13 33 1 0 1
-0.507282 12.7458 94650 -7.10614 -25.5525 200.757 359.895 -13 33 1 0 1
5.37456 -33.2159 95000 22.9188 -19.634 200.24 361.225 -13 33 1 0 1
43.9813 -45.9506 95350 10.5122 -9.77323 201.992 362.552 -13 33 1 0 1
17.6842 -77.7495 95700 -39.7718 -5.72562 198.474 363.882 -13 33 1 0 1
-18.3947 -50.0648 96050 5.05112 19.0778 201.537 365.215 -13 33 1 0 1
-0.80074 -15.6026 96400 0.809063 24.8669 200.967 366.54 -13 33 1 0 1
-26.0866 20.1531 96750 -18.9175 19.8511 200.636 367.868 -13 33 1 0 1
-33.7595 -87.2358 92900 -45.1489 14.742 160.752 375.641 -13 34 1 0 1
-52.2985 -29.2483 93250 19.6759 11.9905 166.03 377.055 -13 34 1 0 1
-3.34156 -4.52078 93600 13.944 25.555 165.074 378.453 -13 34 1 0 1
-12.8456 52.3457 93950 -5.21635 25.8089 165.541 379.853 -13 34 1 0 1
42.6458 85.0949 94300 44.3973 -20.9483 160.272 381.27 -13 34 1 0 1
54.891 21.1438 94650 -21.0354 -11.8219 165.876 382.687 -13 34 1 0 1
7.90237 -1.16806 95000 -12.8195 -23.093 165.528 384.083 -13 34 1 0 1
15.3937 -55.8393 95350 2.90405 -26.9077 165.422 385.482 -13 34 1 0 1
-48.8981 -87.8289 95700 -47.746 25.4197 158.654 386.907 -13 34 1 0 1
-60.355 -15.8649 96050 21.8713 12.5391 165.715 388.332 -13 34 1 0 1
-14.6167 3.34704 96400 12.8609 19.8721 165.942 389.727 -13 34 1 0 1
-19.148 55.3509 96750 -1.59833 27.9758 165.263 391.123 -13 34 1 0 1
39.5608 18.8597 92900 3.61732 -22.3596 174.192 363.063 -13 35 1 0 1
18.3476 -2.64025 93250 -14.4113 3.22667 175.036 364.433 -13 35 1 0 1
-10.1981 -2.67387 93600 -10.7791 -10.3733 175.02 365.8 -13 35 1 0 1
-15.9462 -26.1391 93950 -3.31996 -7.90892 175.449 367.166 -13 35 1 0 1
-37.5121 -19.5764 94300 -7.86657 17.2606 174.631 368.533 -13 35 1 0 1
-26.749 -0.992411 94650 10.289 -4.11123 175.308 369.9 -13 35 1 0 1
1.66748 -10.1292 95000 16.9614 5.33136 174.756 371.268 -13 35 1 0 1
17.8428 13.566 95350 4.17141 9.91143 175.329 372.635 -13 35 1 0 1
35.3254 11.3008 95700 5.73809 -13.5154 175.043 374.001 -13 35 1 0 1
27.2107 -1.49244 96050 -6.88613 5.57471 175.435 375.366 -13 35 1 0 1
2.77074 13.8941 96400 -18.7535 -1.025 174.651 376.733 -13 35 1 0 1
-20.1542 -6.82936 96750 -6.50139 -9.77421 175.266 378.102 -13 35 1 0 1
58.2045 51.5966 92900 23.0158 -33.7284 193.242 354.05 -13 36 1 0 1
48.317 5.54213 93250 -19.8832 -4.30757 196.459 355.391 -13 36 1 0 1
10.1961 3.64197 93600 -19.5447 -11.1492 196.224 356.723 -13 36 1 0 1
-5.14758 -32.0945 93950 -6.30747 -22.1767 196.159 358.056 -13 36 1 0 1
-47.3869 -48.4596 94300 -31.7039 16.4874 194.25 359.395 -13 36 1 0 1
-64.8706 -15.8661 94650 5.11647 0.660563 197.442 360.73 -13 36 1 0 1
-34.7209 -37.6736 95000 31.2012 -5.70812 194.946 362.063 -13 36 1 0 1
0.447617 -10.52 95350 5.72885 24.0207 195.96 363.401 -13 36 1 0 1
23.8813 21.2222 95700 23.4414 3.22436 196.087 364.734 -13 36 1 0 1
53.8776 14.3837 96050 9.43161 4.49214 197.233 366.064 -13 36 1 0 1
42.4282 51.1514 96400 -30.1282 19.3987 194.232 367.4 -13 36 1 0 1
0.490282 42.1495 96750 -5.25352 -16.5808 196.742 368.737 -13 36 1 0 1
20.5939 8.67861 92900 7.80164 -10.522 194.347 352.907 -13 37 1 0 1
21.7944 -5.6508 93250 -1.22127 -0.593861 194.783 354.236 -13 37 1 0 1
18.5538 4.48423 93600 -6.25659 7.2858 194.551 355.565 -13 37 1 0 1
6.70074 4.0597 93950 -3.93945 -5.95507 194.657 356.895 -13 37 1 0 1
-3.71336 -5.89234 94300 -8.94534 -1.29614 194.578 358.224 -13 37 1 0 1
-15.9173 -2.38611 94650 -4.60049 0.0724121 194.734 359.553 -13 37 1 0 1
-17.4795 -14.0503 95000 6.40542 -9.14564 194.468 360.882 -13 37 1 0 1
-5.97272 -17.8244 95350 0.994433 2.75131 194.766 362.212 -13 37 1 0 1
-9.81284 -7.45329 95700 0.0133044 8.77942 194.59 363.541 -13 37 1 0 1
-1.2873 1.94317 96050 6.15319 1.8854 194.682 364.87 -13 37 1 0 1
4.52199 9.35194 96400 -1.80717 6.15279 194.683 366.199 -13 37 1 0 1
-1.0346 16.4694 96750 -0.1128 2.99806 194.765 367.527 -13 37 1 0 1
9.54202 45.6752 92900 28.185 19.3414 199.509 353.647 -13 38 1 0 1
52.8036 54.9953 93250 9.73237 9.42255 201.962 354.976 -13 38 1 0 1
20.3539 88.0752 93600 -44.2975 4.10308 197.467 356.31 -13 38 1 0 1
-15.0181 54.2607 93950 9.88026 -22.835 200.881 357.647 -13 38 1 0 1
8.28646 7.18529 94300 -1.6623 -34.3488 199.474 358.979 -13 38 1 0 1
-24.8055 -37.9667 94650 -19.9402 -22.2355 200.201 360.314 -13 38 1 0 1
-9.78019 -89.4823 95000 41.1301 -17.7285 197.399 361.653 -13 38 1 0 1
33.8065 -81.3189 95350 -5.5762 5.21531 202.272 362.986 -13 38 1 0 1
-16.283 -64.9855 95700 -31.798 32.0858 197.311 364.321 -13 38 1 0 1
-14.8266 -0.761091 96050 20.4313 28.1207 199.41 365.665 -13 38 1 0 1
-6.79896 49.9397 96400 -20.7404 24.7869 199.82 366.999 -13 38 1 0 1
-42.6743 72.6651 96750 -4.14868 16.0717 201.735 368.326 -13 38 1 0 1
-32.2573 3.1144 92900 -11.2024 13.1141 180.84 361.009 -13 39 1 0 1
-38.0197 23.8803 93250 -4.22083 0.372625 181.611 362.363 -13 39 1 0 1
-44.9717 -4.77104 93600 10.6417 -22.8029 179.909 363.721 -13 39 1 0 1
-9.78052 -12.4783 93950 14.8677 10.2573 180.76 365.081 -13 39 1 0 1
19.4899 -4.85363 94300 13.8077 -9.37468 180.892 366.437 -13 39 1 0 1
33.6407 -27.6196 94650 8.98752 -5.57968 181.352 367.792 -13 39 1 0 1
56.7606 -3.09418 95000 -1.05366 28.3175 179.437 369.152 -13 39 1 0 1
29.0028 17.0077 95350 -13.2285 -8.66889 180.971 370.513 -13 39 1 0 1
0.00375254 -1.23051 95700 -19.8926 0.909889 180.566 371.87 -13 39 1 0 1
-29.247 20.6316 96050 -14.2714 10.7576 180.78 373.229 -13 39 1 0 1
-63.9798 1.87511 96400 -5.81315 -30.7813 178.94 374.592 -13 39 1 0 1
-45.6524 -26.6686 96750 7.62742 6.9688 181.367 375.953 -13 39 1 0 1
-6.79244 27.5668 92900 31.3253 7.0213 178.689 360.64 -13 40 1 0 1
38.0308 6.21175 93250 13.1154 -11.409 180.715 362.006 -13 40 1 0 1
55.8918 20.1783 93600 -3.4237 20.7807 180.324 363.363 -13 40 1 0 1
41.6424 30.0814 93950 1.36234 -12.3634 181.123 364.718 -13 40 1 0 1
34.0745 -19.7164 94300 -25.039 -25.4078 178.01 366.085 -13 40 1 0 1
-20.0426 -22.5693 94650 -18.8149 8.3787 180.377 367.455 -13 40 1 0 1
-39.5647 -33.6127 95000 3.31714 -16.4634 180.771 368.811 -13 40 1 0 1
-32.4613 -44.6346 95350 -8.42604 5.85789 181.259 370.164 -13 40 1 0 1
-52.4158 1.95505 95700 9.48583 36.7649 177.535 371.532 -13 40 1 0 1
-5.74376 29.286 96050 19.9587 -3.24045 180.42 372.904 -13 40 1 0 1
13.5503 33.9937 96400 -0.0993494 8.60899 181.345 374.258 -13 40 1 0 1
16.3369 45.3043 96750 12.1699 2.57004 181.123 375.61 -13 40 1 0 1
-16.717 48.9677 92900 38.1054 0.669447 202.713 349.706 -13 41 1 0 1
21.8251 16.7774 93250 5.98442 -21.7098 205.031 351.034 -13 41 1 0 1
35.8896 -1.94043 93600 12.1077 1.07349 205.906 352.349 -13 41 1 0 1
54.2186 -1.29278 93950 10.9704 -10.9487 205.681 353.663 -13 41 1 0 1
47.4606 -50.824 94300 -31.5272 -29.7786 201.653 354.992 -13 41 1 0 1
-2.68601 -55.1149 94650 -10.5195 11.0915 205.697 356.321 -13 41 1 0 1
-0.616876 -38.0077 95000 2.44471 11.5663 205.925 357.635 -13 41 1 0 1
-18.3005 -22.9325 95350 -22.0811 7.38546 204.946 358.951 -13 41 1 0 1
-50.0316 19.306 95700 2.6367 40.2359 202.284 360.28 -13 41 1 0 1
-22.6722 59.1986 96050 7.53835 6.8948 206.011 361.607 -13 41 1 0 1
-40.3375 51.5038 96400 -14.1075 -19.9955 204.807 362.923 -13 41 1 0 1
-30.8661 28.2206 96750 20.3994 1.26589 205.249 364.24 -13 41 1 0 1
-11.3775 0.491606 92900 -27.594 7.36657 188.738 359.806 -13 42 1 0 1
-44.5768 34.0724 93250 -16.997 13.9276 189.618 361.154 -13 42 1 0 1
-86.116 7.69115 93600 -5.73315 -41.9975 186.122 362.508 -13 42 1 0 1
-55.9201 -28.6915 93950 16.1913 9.25326 189.974 363.861 -13 42 1 0 1
-22.7453 2.9006 94300 28.3863 8.15587 188.588 365.208 -13 42 1 0 1
23.9151 -20.1645 94650 22.3925 -19.2884 188.585 366.558 -13 42 1 0 1
78.1933 -10.6118 95000 18.992 36.2198 186.455 367.916 -13 42 1 0 1
72.0066 32.005 95350 -4.9643 -4.00094 190.781 369.265 -13 42 1 0 1
56.43 -11.9656 95700 -28.4426 -25.3556 187.046 370.614 -13 42 1 0 1
-2.32134 -3.48614 96050 -25.0741 21.921 187.959 371.972 -13 42 1 0 1
-58.0723 4.74259 96400 -26.6388 -23.9865 187.491 373.328 -13 42 1 0 1
-76.6315 -35.0823 96750 -9.52833 -1.3104 190.645 374.675 -13 42 1 0 1
48.0465 -37.1163 92900 -18.3749 -32.5746 198.689 352.225 -13 43 1 0 1
9.54173 -53.658 93250 -7.76552 5.69743 201.949 353.555 -13 43 1 0 1
16.9427 -34.9744 93600 3.75207 17.6401 201.373 354.875 -13 43 1 0 1
-1.31411 -14.0812 93950 -20.0771 5.29746 201.11 356.198 -13 43 1 0 1
-31.0272 13.4052 94300 -2.26375 27.7589 200.251 357.525 -13 43 1 0 1
-16.5484 44.5475 94650 3.11483 7.0999 202.03 358.85 -13 43 1 0 1
-34.6972 38.4016 95000 -12.3233 -18.3267 200.969 360.171 -13 43 1 0 1
-27.0454 14.298 95350 15.1852 -1.81939 201.599 361.493 -13 43 1 0 1
4.76056 8.29393 95700 15.365 -14.376 201.081 362.817 -13 43 1 0 1
11.1266 -22.4831 96050 0.532164 -15.0244 201.619 364.14 -13 43 1 0 1
31.5052 -32.5218 96400 17.1799 9.33639 201.231 365.461 -13 43 1 0 1
38.9187 -15.8463 96750 -5.62831 -1.04488 202.098 366.782 -13 43 1 0 1
17.8353 22.0725 92900 19.2578 35.9644 203.696 357.782 -13 44 1 0 1
69.3878 63.4997 93250 22.4624 29.4242 204.416 359.115 -13 44 1 0 1
26.3904 140.172 93600 -75.5078 17.6719 192.724 360.484 -13 44 1 0 1
-43.6916 94.9535 93950 9.96173 -30.2518 205.285 361.848 -13 44 1 0 1
-1.12966 42.0112 94300 13.5476 -44.7991 202.401 363.184 -13 44 1 0 1
-32.1873 -30.9755 94650 -30.1591 -40.0281 201.605 364.53 -13 44 1 0 1
-16.5864 -121.098 95000 61.1056 -35.3947 195.371 365.899 -13 44 1 0 1
57.9174 -117.155 95350 -0.176977 4.87975 207.684 367.249 -13 44 1 0 1
-7.90582 -107.773 95700 -50.9303 36.5726 198.053 368.59 -13 44 1 0 1
-13.9342 -21.1168 96050 30.5075 42.192 201.111 369.951 -13 44 1 0 1
5.63366 62.71 96400 -28.3192 47.2431 200.306 371.305 -13 44 1 0 1
-54.6887 106.45 96750 -13.2054 23.9459 205.934 372.647 -13 44 1 0 1
-1.71983 12.4231 92900 5.61409 0.572297 191.03 354.448 -13 45 1 0 1
3.694 9.01731 93250 -0.749099 -1.67891 191.104 355.782 -13 45 1 0 1
-0.402354 5.87646 93600 -1.4692 -3.11139 191.082 357.116 -13 45 1 0 1
3.22374 0.756434 93950 4.1646 -2.3902 191.053 358.451 -13 45 1 0 1
6.85124 -9.05286 94300 -3.14369 -7.16417 190.953 359.786 -13 45 1 0 1
-0.792415 -15.9978 94650 -0.870328 -2.15177 191.099 361.12 -13 45 1 0 1
7.81493 -17.063 95000 6.94988 4.1212 190.942 362.455 -13 45 1 0 1
8.85071 -9.35253 95350 -4.87896 0.738116 191.05 363.789 -13 45 1 0 1
-5.02095 -5.45546 95700 -6.85983 7.63155 190.838 365.125 -13 45 1 0 1
-7.51007 10.3437 96050 -0.1627 6.6268 190.998 366.46 -13 45 1 0 1
-17.6033 13.9262 96400 -7.83104 -5.06918 190.885 367.795 -13 45 1 0 1
-21.6949 6.69381 96750 1.61123 2.53476 191.09 369.13 -13 45 1 0 1
14.5349 -5.75375 92900 -20.9766 15.8953 214.262 350.686 -13 46 1 0 1
1.15812 36.047 93250 -5.35533 29.2342 213.816 351.997 -13 46 1 0 1
-44.1197 64.7766 93600 -42.7206 -10.4362 211.345 353.317 -13 46 1 0 1
-75.7309 34.3289 93950 1.79233 -2.40848 215.851 354.63 -13 46 1 0 1
-43.5715 55.2357 94300 37.7883 5.15992 212.476 355.94 -13 46 1 0 1
-6.87848 22.4681 94650 3.15963 -32.1046 213.448 357.257 -13 46 1 0 1
13.2695 -27.2184 95000 30.7642 -18.1631 212.895 358.573 -13 46 1 0 1
61.2199 -34.6784 95350 19.4862 -9.47124 214.782 359.886 -13 46 1 0 1
50.5778 -82.0425 95700 -40.3033 -26.5117 210.413 361.204 -13 46 1 0 1
1.92692 -74.8918 96050 -1.38406 18.8414 215.044 362.523 -13 46 1 0 1
17.8073 -33.6727 96400 0.427995 33.9335 213.188 363.834 -13 46 1 0 1
-16.7886 6.51977 96750 -30.5047 17.5822 212.982 365.15 -13 46 1 0 1
-22.3507 -46.5298 92900 -19.5042 1.82572 197.679 353.804 -13 47 1 0 1
-34.3372 -36.1689 93250 8.04268 -2.21399 198.472 355.129 -13 47 1 0 1
4.7774 -39.0833 93600 28.1509 14.515 196.106 356.461 -13 47 1 0 1
21.1359 2.56186 93950 -2.94873 19.7937 197.637 357.797 -13 47 1 0 1
30.4728 22.0036 94300 13.0594 -0.422544 198.217 359.122 -13 47 1 0 1
43.7584 19.8802 94650 1.06505 8.43541 198.465 360.446 -13 47 1 0 1
18.0932 47.5436 95000 -31.7398 5.39934 196.021 361.779 -13 47 1 0 1
-15.9083 23.5849 95350 -3.05433 -17.7863 197.826 363.113 -13 47 1 0 1
-21.6814 2.96871 95700 -8.0989 -5.02653 198.418 364.438 -13 47 1 0 1
-40.7076 -3.32008 96050 -12.1565 -9.92797 198.026 365.763 -13 47 1 0 1
-38.4491 -45.9342 96400 25.106 -24.2877 195.552 367.098 -13 47 1 0 1
0.944093 -48.1282 96750 5.4364 10.3592 198.303 368.432 -13 47 1 0 1
18.0678 27.8172 92900 -2.91356 -24.5058 208.326 350.279 -13 48 1 0 1
-11.7354 3.86546 93250 -24.8718 -7.04237 208.184 351.595 -13 48 1 0 1
-39.0033 -31.2644 93600 4.90097 -32.535 207.186 352.915 -13 48 1 0 1
-16.8334 -61.8518 93950 2.38592 -5.78173 209.689 354.231 -13 48 1 0 1
-42.0092 -51.1789 94300 -16.6144 24.1743 207.722 355.545 -13 48 1 0 1
-32.3945 -21.2068 94650 20.7498 2.21467 208.742 356.86 -13 48 1 0 1
11.0656 -12.4235 95000 22.3461 20.5457 207.575 358.179 -13 48 1 0 1
22.3061 28.678 95350 2.46164 19.2327 208.885 359.496 -13 48 1 0 1
48.1098 37.0394 95700 19.7369 -14.5392 208.345 360.81 -13 48 1 0 1
54.2801 18.2189 96050 -7.56365 5.3811 209.577 362.121 -13 48 1 0 1
18.7966 40.3281 96400 -35.1875 2.04162 206.8 363.439 -13 48 1 0 1
-18.9543 12.4327 96750 -8.52056 -20.3884 208.616 364.76 -13 48 1 0 1
-15.6181 27.1016 92900 12.618 5.36695 201.502 350.575 -13 49 1 0 1
-1.80456 21.5501 93250 -0.877924 -6.99285 201.845 351.894 -13 49 1 0 1
-6.0244 5.70531 93600 2.68637 -10.9166 201.655 353.213 -13 49 1 0 1
9.21764 -4.98909 93950 10.4858 -3.89839 201.658 354.533 -13 49 1 0 1
16.5543 -23.0744 94300 -6.77886 -13.8588 201.378 355.853 -13 49 1 0 1
3.60203 -34.171 94650 0.578006 -1.91614 201.958 357.173 -13 49 1 0 1
20.9335 -27.632 95000 10.4884 13.8204 201.222 358.493 -13 49 1 0 1
16.5853 -8.43158 95350 -10.8232 2.95872 201.656 359.813 -13 49 1 0 1
-4.59492 -0.736419 95700 -9.18321 11.6287 201.424 361.134 -13 49 1 0 1
-8.78688 22.2228 96050 -2.63196 11.305 201.634 362.454 -13 49 1 0 1
-30.8458 27.0547 96400 -16.3701 -11.27 200.988 363.776 -13 49 1 0 1
-38.5501 9.24772 96750 3.3627 0.956253 201.938 365.097 -13 49 1 0 1
-8.57763 28.3661 92900 43.1982 -21.1196 212.671 348.929 -13 50 1 0 1
26.2305 -33.356 93250 11.6237 -37.785 214.425 350.255 -13 50 1 0 1
80.4521 -56.2405 93600 43.3656 23.2871 212.41 351.577 -13 50 1 0 1
108.393 -18.1713 93950 0.323089 -4.74004 217.987 352.891 -13 50 1 0 1
73.0331 -69.9001 94300 -54.3669 -26.2217 209.518 354.215 -13 50 1 0 1
4.22438 -45.255 94650 -15.884 35.6566 214.517 355.549 -13 50 1 0 1
-24.7532 1.43969 95000 -29.9573 12.3525 215.618 356.863 -13 50 1 0 1
-75.4461 2.06133 95350 -30.2957 7.73188 215.786 358.174 -13 50 1 0 1
-92.9208 69.5876 95700 31.3823 55.3649 208.545 359.507 -13 50 1 0 1
-33.8679 94.0626 96050 9.31088 -14.5485 217.354 360.834 -13 50 1 0 1
-45.4758 47.147 96400 2.42671 -41.1021 214.116 362.146 -13 50 1 0 1
-0.519213 9.92293 96750 39.9906 -6.13565 214.253 363.465 -13 50 1 0 1
-0.381222 9.18695 92900 15.5261 5.82639 192.188 354.16 -13 51 1 0 1
25.1889 4.61366 93250 10.8114 -1.96765 192.589 355.495 -13 51 1 0 1
34.6882 22.8572 93600 -6.9027 16.8652 192.039 356.83 -13 51 1 0 1
19.9498 31.4552 93950 0.798533 -5.90152 192.81 358.164 -13 51 1 0 1
25.85 4.10439 94300 -6.47858 -20.8902 191.658 359.5 -13 51 1 0 1
-2.0448 -12.6558 94650 -15.0722 -1.00039 192.31 360.838 -13 51 1 0 1
-16.2667 -26.3916 95000 2.92061 -13.0063 192.441 362.172 -13 51 1 0 1
-9.97647 -39.9657 95350 -5.64424 -3.00819 192.796 363.505 -13 51 1 0 1
-38.0876 -24.0754 95700 -11.15 25.3091 190.909 364.843 -13 51 1 0 1
-26.6064 9.22407 96050 12.1508 4.88109 192.457 366.183 -13 51 1 0 1
-12.0301 12.7277 96400 4.2419 3.72218 192.82 367.516 -13 51 1 0 1
-6.76585 27.319 96750 6.22254 12.1167 192.421 368.848 -13 51 1 0 1
52.5018 -36.314 92900 -13.3054 -20.065 177.317 363.097 -13 52 1 0 1
29.1516 -35.992 93250 2.10247 16.131 178.203 364.459 -13 52 1 0 1
25.325 15.9345 93600 -22.2376 25.4607 175.722 365.832 -13 52 1 0 1
-26.3291 23.3465 93950 -18.2819 -4.09312 177.961 367.206 -13 52 1 0 1
-38.3725 41.7406 94300 10.9607 15.2323 177.958 368.567 -13 52 1 0 1
-23.3236 41.6732 94650 -6.90137 -11.5447 178.438 369.926 -13 52 1 0 1
-35.2027 -7.56098 95000 14.149 -32.0029 175.49 371.299 -13 52 1 0 1
14.3083 -29.9544 95350 19.8259 -0.0655625 177.843 372.674 -13 52 1 0 1
23.9206 -48.9074 95700 -12.828 -12.0845 178.074 374.035 -13 52 1 0 1
9.82323 -48.4263 96050 8.85631 6.67686 178.6 375.394 -13 52 1 0 1
36.4015 -9.73593 96400 -1.85065 33.3033 175.808 376.764 -13 52 1 0 1
-3.01081 25.5919 96750 -20.9628 5.40215 177.63 378.138 -13 52 1 0 1
-11.9965 14.3502 92900 15.7729 15.5834 179.004 360.505 -13 53 1 0 1
22.645 19.0183 93250 12.247 -0.838348 179.953 361.865 -13 53 1 0 1
26.5677 36.6167 93600 -11.6651 11.5097 179.626 363.222 -13 53 1 0 1
12.9595 35.6923 93950 6.10554 -7.89253 180.095 364.577 -13 53 1 0 1
28.0808 0.218647 94300 -6.12944 -26.4689 178.314 365.94 -13 53 1 0 1
-6.24806 -24.4322 94650 -15.7355 -3.48231 179.65 367.305 -13 53 1 0 1
-12.1236 -42.725 95000 11.4797 -9.83654 179.737 368.661 -13 53 1 0 1
-0.712496 -45.6368 95350 -8.50514 0.909653 180.169 370.016 -13 53 1 0 1
-35.6463 -21.7471 95700 -10.0626 29.9447 177.584 371.382 -13 53 1 0 1
-15.747 19.9172 96050 14.9934 8.31558 179.555 372.749 -13 53 1 0 1
-8.12658 34.5368 96400 -7.14233 5.5319 180.145 374.105 -13 53 1 0 1
-14.0715 41.5124 96750 7.54279 7.25251 180.068 375.459 -13 53 1 0 1
28.58 5.27717 92900 -16.7609 -15.235 204.28 351.694 -13 54 1 0 1
-6.37569 7.26639 93250 -20.0985 10.4769 204.279 353.015 -13 54 1 0 1
-44.2215 1.32671 93600 -15.0982 -22.8908 203.695 354.337 -13 54 1 0 1
-47.5372 -29.1657 93950 -1.92668 -3.08646 205.5 355.656 -13 54 1 0 1
-54.9716 -4.37497 94300 6.92775 25.161 203.869 356.974 -13 54 1 0 1
-26.3608 6.95021 94650 16.1581 -11.5338 204.571 358.294 -13 54 1 0 1
8.40521 -10.2322 95000 25.0816 3.24303 203.97 359.616 -13 54 1 0 1
37.8406 10.6962 95350 13.1052 8.41724 204.941 360.936 -13 54 1 0 1
58.4588 -7.82477 95700 -0.7209 -26.3152 203.839 362.255 -13 54 1 0 1
40.5775 -26.0343 96050 -6.66616 8.25933 205.258 363.573 -13 54 1 0 1
26.5736 4.61586 96400 -20.0767 16.8528 203.854 364.893 -13 54 1 0 1
-12.9909 4.66907 96750 -20.1613 -7.74505 204.394 366.215 -13 54 1 0 1
-79.4145 -69.136 92900 -10.7144 61.0589 188.269 367.37 -13 55 1 0 1
-17.974 -2.20947 93250 52.0496 7.60101 191.106 368.75 -13 55 1 0 1
56.3705 49.3631 93600 7.76132 55.7189 190.062 370.125 -13 55 1 0 1
35.9802 120.225 93950 7.00293 19.7541 197.102 371.481 -13 55 1 0 1
112.933 87.1968 94300 31.4788 -71.5283 182.157 372.861 -13 55 1 0 1
62.3953 -0.975684 94650 -51.397 -5.50114 191.354 374.262 -13 55 1 0 1
-21.8569 -26.8811 95000 -27.3857 -41.8878 191.791 375.63 -13 55 1 0 1
-32.8422 -107.483 95350 -14.9634 -36.0849 194.326 376.99 -13 55 1 0 1
-133.489 -92.8813 95700 -46.5374 76.0551 177.026 378.397 -13 55 1 0 1
-94.482 7.56776 96050 47.2911 2.5356 192.472 379.812 -13 55 1 0 1
-9.38271 7.98974 96400 40.8572 25.1804 192.315 381.175 -13 55 1 0 1
27.674 85.7215 96750 21.3039 44.0124 192.087 382.54 -13 55 1 0 1
-55.2215 79.1052 92900 27.4785 34.9863 197.641 355.854 -13 56 1 0 1
-13.932 91.3253 93250 -3.92392 -9.10365 202.343 357.186 -13 56 1 0 1
-49.9718 46.8161 93600 -8.54909 -46.631 196.96 358.524 -13 56 1 0 1
-8.73479 -7.64907 93950 36.2383 -12.4829 198.927 359.871 -13 56 1 0 1
30.5434 -51.2051 94300 -4.44059 -37.601 199.016 361.21 -13 56 1 0 1
9.82632 -94.4549 94650 5.76451 -15.4363 201.914 362.541 -13 56 1 0 1
73.5098 -82.5836 95000 37.6219 46.2497 193.614 363.89 -13 56 1 0 1
61.6688 -13.9619 95350 -31.5866 10.6081 199.827 365.243 -13 56 1 0 1
4.46646 2.89065 95700 -24.8204 25.7837 199.399 366.58 -13 56 1 0 1
-10.2175 62.414 96050 -9.2094 33.8959 199.518 367.918 -13 56 1 0 1
-80.8506 81.1335 96400 -50.9164 -34.3936 193.043 369.275 -13 56 1 0 1
-99.2078 19.0434 96750 14.7927 -4.56853 201.993 370.624 -13 56 1 0 1
85.3162 90.619 92900 25.0571 -85.0517 147.033 391.05 -13 57 1 0 1
-22.9954 -27.7675 93250 -69.2109 -15.7188 156.343 392.601 -13 57 1 0 1
-80.4934 -143.817 93600 55.2535 -61.0735 150.657 394.114 -13 57 1 0 1
13.6736 -133.245 93950 -12.7436 28.9028 168.768 395.577 -13 57 1 0 1
-44.0551 -33.5673 94300 8.17894 68.303 157.316 397.03 -13 57 1 0 1
63.433 40.362 94650 54.445 15.4409 162.104 398.509 -13 57 1 0 1
75.9893 150.447 95000 -70.6167 41.548 150.889 399.996 -13 57 1 0 1
-10.6807 94.5131 95350 17.7775 -45.4911 164.606 401.473 -13 57 1 0 1
12.6038 -24.3807 95700 -34.5213 -54.467 159.129 402.934 -13 57 1 0 1
-98.015 -61.6808 96050 -39.3116 -12.2398 166.689 404.387 -13 57 1 0 1
-66.3146 -156.231 96400 81.5935 -17.1834 150.092 405.86 -13 57 1 0 1
1.05168 -55.133 96750 -27.5651 59.21 158.792 407.364 -13 57 1 0 1
57.1865 0.349323 92900 -27.918 -35.9213 200.188 355.169 -13 58 1 0 1
-8.24099 -8.16084 93250 -34.2166 13.6387 201.961 356.51 -13 58 1 0 1
-61.2391 -19.0258 93600 -16.4238 -32.0814 202.104 357.842 -13 58 1 0 1
-65.4598 -59.2877 93950 -9.23735 -3.28396 205.058 359.166 -13 58 1 0 1
-92.2881 -12.0404 94300 6.09142 50.4107 198.914 360.501 -13 58 1 0 1
-41.9571 22.0452 94650 29.3568 -11.5804 202.852 361.841 -13 58 1 0 1
8.2217 5.19242 95000 30.2557 7.28892 202.92 363.17 -13 58 1 0 1
46.2718 37.2093 95350 22.5856 14.8801 203.503 364.497 -13 58 1 0 1
95.5506 8.51846 95700 10.4974 -48.8189 199.127 365.835 -13 58 1 0 1
69.8901 -37.0815 96050 -15.2165 6.08542 204.637 367.169 -13 58 1 0 1
43.8704 -0.392811 96400 -28.678 19.5082 202.341 368.494 -13 58 1 0 1
-10.7493 -9.61132 96750 -29.4183 -18.3841 202.34 369.826 -13 58 1 0 1
27.1237 -6.85641 92900 33.0287 -50.1206 198.489 359.658 -13 59 1 0 1
35.1485 -96.6636 93250 7.45809 -40.0631 203.323 361.014 -13 59 1 0 1
118.168 -101.681 93600 53.1951 57.2316 192.083 362.381 -13 59 1 0 1
110.766 -20.1891 93950 -35.206 1.82895 204.348 363.747 -13 59 1 0 1
27.6263 -34.8842 94300 -56.0319 15.739 199.032 365.098 -13 59 1 0 1
-25.4214 40.4097 94650 -17.1418 48.2784 200.939 366.457 -13 59 1 0 1
-103.636 69.9995 95000 -55.1726 -35.6906 196.68 367.819 -13 59 1 0 1
-130.351 8.77428 95350 6.28624 1.88915 207.263 369.163 -13 59 1 0 1
-83.7924 64.7069 95700 60.3452 23.9183 196.945 370.509 -13 59 1 0 1
-5.3845 22.73 96050 19.3484 -47.793 200.854 371.873 -13 59 1 0 1
52.0675 -35.5775 96400 50.9596 -0.250798 201.008 373.224 -13 59 1 0 1
113.97 -10.1849 96750 23.6617 -2.94761 205.992 374.56 -13 59 1 0 1
-14.5106 28.4925 92900 42.8384 27.4891 197.119 355.275 -13 60 1 0 1
60.8126 28.1592 93250 31.6535 -3.81301 201.073 356.623 -13 60 1 0 1
80.8133 71.9701 93600 -22.4536 38.9789 198.553 357.959 -13 60 1 0 1
44.4367 84.9274 93950 5.68242 -17.482 202.753 359.29 -13 60 1 0 1
65.9445 12.8389 94300 -14.4028 -57.1768 194.86 360.64 -13 60 1 0 1
-4.78903 -34.7731 94650 -40.2199 -4.7261 199.517 362.001 -13 60 1 0 1
-39.9487 -70.3552 95000 8.37771 -32.8601 200.741 363.334 -13 60 1 0 1
-24.6975 -101.343 95350 -15.259 -6.20842 202.918 364.659 -13 60 1 0 1
-93.6526 -57.659 95700 -23.9033 66.5592 190.907 366.021 -13 60 1 0 1
-53.8569 23.8272 96050 37.1191 11.538 199.84 367.393 -13 60 1 0 1
-10.731 41.283 96400 9.97071 18.5421 202.494 368.721 -13 60 1 0 1
-1.07764 82.0509 96750 17.7848 27.2002 200.975 370.046 -13 60 1 0 1
0.894232 12.8256 92900 9.09945 1.2339 198.544 351.396 -13 61 1 0 1
11.7599 8.46868 93250 2.25532 -1.45751 198.738 352.719 -13 61 1 0 1
10.1712 12.2507 93600 -4.26336 2.65651 198.693 354.042 -13 61 1 0 1
7.23927 10.2143 93950 2.9507 -4.02979 198.694 355.364 -13 61 1 0 1
11.2428 -4.54947 94300 -3.8724 -11.1686 198.405 356.688 -13 61 1 0 1
-1.59812 -14.891 94650 -5.15829 -2.65508 198.672 358.012 -13 61 1 0 1
0.713783 -21.104 95000 6.72324 -1.58191 198.636 359.334 -13 61 1 0 1
4.83803 -20.0593 95350 -4.61993 -0.540079 198.702 360.657 -13 61 1 0 1
-13.3974 -14.199 95700 -9.84395 12.1531 198.14 361.981 -13 61 1 0 1
-14.2839 6.88033 96050 3.18874 7.00802 198.607 363.306 -13 61 1 0 1
-16.3254 11.6454 96400 -4.01279 -1.432 198.711 364.629 -13 61 1 0 1
-18.8863 12.6572 96750 1.66955 6.3469 198.648 365.951 -13 61 1 0 1
-21.6734 15.4027 92900 33.6944 18.9547 191.306 356.173 -13 62 1 0 1
38.716 6.68776 93250 26.3968 -10.6488 193.086 357.523 -13 62 1 0 1
73.786 32.661 93600 -1.51093 35.3101 191.947 358.866 -13 62 1 0 1
55.4257 59.8126 93950 3.00056 -8.61613 194.96 360.204 -13 62 1 0 1
65.9961 1.92763 94300 -17.6259 -44.4362 189.228 361.554 -13 62 1 0 1
3.03958 -25.0505 94650 -31.4003 6.52427 192.52 362.913 -13 62 1 0 1
-36.7657 -37.1462 95000 -7.02806 -23.259 193.655 364.252 -13 62 1 0 1
-40.1572 -68.2932 95350 -14.6365 -6.04526 194.53 365.586 -13 62 1 0 1
-89.4032 -25.322 95700 -8.30423 55.1608 187.032 366.945 -13 62 1 0 1
-47.1264 30.4933 96050 27.2511 -0.517346 193.261 368.308 -13 62 1 0 1
-11.1202 24.8303 96400 15.6897 5.22411 194.472 369.643 -13 62 1 0 1
13.0867 52.2346 96750 20.012 18.9451 193.218 370.978 -13 62 1 0 1
28.8656 -91.4828 92900 -44.3593 -4.47971 205.478 353.378 -13 63 1 0 1
-4.97927 -57.0168 93250 11.0727 26.9828 208.227 354.703 -13 63 1 0 1
16.1654 -0.160439 93600 -6.7557 40.5293 206.206 356.031 -13 63 1 0 1
-23.7432 45.9189 93950 -21.755 20.892 208.085 357.358 -13 63 1 0 1
-10.3446 91.7189 94300 39.6531 15.5016 205.904 358.683 -13 63 1 0 1
27.8952 81.3567 94650 -7.85535 -7.73561 209.971 360.003 -13 63 1 0 1
-19.7041 57.9507 95000 -27.5458 -35.8813 205.336 361.327 -13 63 1 0 1
-12.6247 -5.66898 95350 21.4957 -28.6772 207.183 362.659 -13 63 1 0 1
-6.28554 -55.2577 95700 -22.3329 -24.2311 207.662 363.982 -13 63 1 0 1
-40.9769 -75.1018 96050 -2.86629 -14.2965 209.754 365.299 -13 63 1 0 1
9.92276 -97.7636 96400 51.3439 13.6341 203.438 366.628 -13 63 1 0 1
38.6199 -44.382 96750 -15.2113 25.0689 208.205 367.962 -13 63 1 0 1
-39.2517 15.9472 92900 10.9827 15.1186 187.412 356.682 -13 64 1 0 1
-15.8823 16.4083 93250 6.24342 -11.378 187.893 358.026 -13 64 1 0 1
0.921703 -5.66218 93600 16.538 -4.63561 187.556 359.369 -13 64 1 0 1
28.7031 2.84987 93950 12.8006 3.85897 187.866 360.712 -13 64 1 0 1
45.0686 -19.1023 94300 -5.46897 -23.0094 186.85 362.057 -13 64 1 0 1
24.5608 -34.8991 94650 -3.17248 5.25532 188.241 363.401 -13 64 1 0 1
25.3886 -10.1547 95000 -7.4789 16.8087 187.441 364.744 -13 64 1 0 1
-3.40096 -2.70362 95350 -17.3699 -4.8377 187.476 366.089 -13 64 1 0 1
-34.6034 9.31008 95700 -7.7536 21.2037 186.983 367.435 -13 64 1 0 1
-32.0431 37.2975 96050 -2.93467 3.67961 188.282 368.779 -13 64 1 0 1
-50.0314 14.8167 96400 -1.01679 -26.0766 186.525 370.124 -13 64 1 0 1
-25.8088 -5.87689 96750 15.4556 6.0897 187.607 371.471 -13 64 1 0 1
14.067 1.27286 92900 2.5053 -21.9873 191.728 354.48 -13 65 1 0 1
-0.988762 -27.4947 93250 -7.52451 -10.2052 192.584 355.817 -13 65 1 0 1
11.3561 -42.1097 93600 18.0764 1.7322 192.145 357.151 -13 65 1 0 1
24.0286 -29.2148 93950 -5.8766 2.11275 192.9 358.485 -13 65 1 0 1
-2.08615 -25.6808 94300 -16.0739 11.4819 191.988 359.821 -13 65 1 0 1
-6.61426 2.09788 94650 5.71942 12.7077 192.498 361.157 -13 65 1 0 1
-9.12975 21.137 95000 -10.4995 5.03295 192.65 362.49 -13 65 1 0 1
-22.9413 22.1125 95350 -1.08984 3.47687 192.967 363.823 -13 65 1 0 1
-5.98167 33.5957 95700 17.8197 -0.742564 192.175 365.157 -13 65 1 0 1
6.89499 16.9961 96050 -4.41938 -9.55663 192.714 366.491 -13 65 1 0 1
-1.29517 -1.40894 96400 1.56106 -11.4441 192.655 367.825 -13 65 1 0 1
10.0388 -15.4141 96750 5.24794 -6.50853 192.82 369.157 -13 65 1 0 1
-11.1478 4.41089 92900 -3.62023 1.54308 208.402 348.829 -13 66 1 0 1
-16.0751 6.97189 93250 -4.05688 -1.5956 208.394 350.138 -13 66 1 0 1
-19.4522 -6.69735 93600 5.42371 -11.4107 208.056 351.448 -13 66 1 0 1
-5.07408 -12.5496 93950 6.12888 2.55461 208.333 352.759 -13 66 1 0 1
1.11847 -9.71783 94300 2.73893 -0.521726 208.421 354.068 -13 66 1 0 1
7.5742 -13.784 94650 6.82022 -2.66481 208.31 355.377 -13 66 1 0 1
23.6934 -6.45765 95000 6.04204 13.086 207.94 356.688 -13 66 1 0 1
20.8077 8.05487 95350 -3.41079 0.319115 208.411 357.999 -13 66 1 0 1
14.7217 0.280244 95700 -7.2357 -4.90073 208.256 359.308 -13 66 1 0 1
0.620206 3.95683 96050 -8.20696 6.84082 208.165 360.619 -13 66 1 0 1
-18.6992 6.66571 96400 -11.8669 -7.8925 207.951 361.93 -13 66 1 0 1
-28.5609 -6.98369 96750 -4.13178 -1.34491 208.394 363.24 -13 66 1 0 1
8.34858 -18.686 92900 -0.510779 -38.1958 205.679 352.371 -13 67 1 0 1
-16.2721 -69.02 93250 -7.46233 -25.7793 207.467 353.696 -13 67 1 0 1
30.8406 -101.301 93600 52.5418 11.2977 202.175 355.03 -13 67 1 0 1
64.1982 -56.6482 93950 -13.0133 12.789 208.399 356.362 -13 67 1 0 1
16.8121 -45.69 94300 -31.2175 20.3505 205.85 357.684 -13 67 1 0 1
4.71118 9.16371 94650 8.01745 34.5692 206.164 359.011 -13 67 1 0 1
-17.275 62.8592 95000 -39.1487 14.0831 205.017 360.341 -13 67 1 0 1
-64.6868 57.992 95350 -7.33939 3.67135 209.035 361.664 -13 67 1 0 1
-31.1727 85.191 95700 43.8692 3.60398 204.513 362.986 -13 67 1 0 1
3.17263 49.7323 96050 -8.95568 -27.7821 207.149 364.313 -13 67 1 0 1
-10.7585 -5.13864 96400 10.7873 -35.1908 205.933 365.639 -13 67 1 0 1
29.565 -41.6035 96750 20.6772 -16.848 207.489 366.964 -13 67 1 0 1
105.758 85.1502 92900 49.6834 -54.6361 198.976 353.332 -13 68 1 0 1
104.821 7.63972 93250 -26.1911 -6.02113 210.529 354.683 -13 68 1 0 1
47.7378 24.5679 93600 -43.5394 -1.84373 207.716 356.007 -13 68 1 0 1
0.146572 -25.2643 93950 -17.7458 -42.6754 207.144 357.34 -13 68 1 0 1
-70.4266 -64.6246 94300 -57.1059 18.3647 203.584 358.687 -13 68 1 0 1
-116.383 -18.5753 94650 -6.24716 1.36656 212.141 360.019 -13 68 1 0 1
-89.6527 -71.3411 95000 51.5544 -31.2516 203.495 361.35 -13 68 1 0 1
-20.9084 -48.063 95350 13.3914 39.9358 208.016 362.692 -13 68 1 0 1
11.4575 16.4657 95700 39.3923 22.0344 207.383 364.026 -13 68 1 0 1
77.901 20.1948 96050 32.3645 6.19823 209.664 365.354 -13 68 1 0 1
88.376 86.3572 96400 -39.3384 49.2068 202.672 366.694 -13 68 1 0 1
25.0565 97.3015 96750 -5.74303 -20.6124 211.157 368.03 -13 68 1 0 1
28.8422 43.7817 92900 -7.23604 -45.7107 203.175 357.45 -13 69 1 0 1
-29.9017 -2.08416 93250 -45.1864 -15.0324 202.865 358.792 -13 69 1 0 1
-71.2947 -74.2565 93600 21.0795 -58.4995 198.885 360.148 -13 69 1 0 1
-18.2937 -117.374 93950 4.00559 -1.95824 208.332 361.489 -13 69 1 0 1
-63.9422 -87.15 94300 -25.0716 48.6613 201.061 362.821 -13 69 1 0 1
-33.3273 -24.9806 94650 43.3603 11.3995 203.499 364.165 -13 69 1 0 1
37.038 16.7186 95000 18.512 49.0268 201.682 365.513 -13 69 1 0 1
28.8751 88.8545 95350 1.28325 28.1497 206.465 366.852 -13 69 1 0 1
87.6807 91.1765 95700 41.18 -41.4799 200.014 368.191 -13 69 1 0 1
82.9523 32.7045 96050 -30.9093 -1.58602 206.068 369.53 -13 69 1 0 1
6.36368 35.5237 96400 -48.6547 -23.5846 201.242 370.872 -13 69 1 0 1
-31.6189 -37.161 96750 -9.81419 -40.7915 204.112 372.22 -13 69 1 0 1
35.5361 -19.3765 92900 -13.2845 -7.79056 207.997 349.814 -13 70 1 0 1
19.5772 -9.4828 93250 -1.84628 16.6207 207.895 351.126 -13 70 1 0 1
4.43247 23.3161 93600 -22.3503 12.5917 206.982 352.442 -13 70 1 0 1
-28.3201 23.1327 93950 -10.6867 -1.02923 208.29 353.758 -13 70 1 0 1
-27.0564 37.1206 94300 13.6929 9.16043 207.914 355.069 -13 70 1 0 1
-13.3338 31.8967 94650 -4.3386 -11.1051 208.225 356.38 -13 70 1 0 1
-21.8639 -0.573792 95000 6.8592 -24.7988 206.973 357.695 -13 70 1 0 1
5.6778 -23.8687 95350 14.6564 -6.74374 207.941 359.011 -13 70 1 0 1
7.84754 -41.9879 95700 -13.1606 -9.23594 207.946 360.323 -13 70 1 0 1
-5.61252 -43.892 96050 5.2151 0.61362 208.5 361.634 -13 70 1 0 1
21.3634 -31.4937 96400 14.6067 21.476 206.943 362.948 -13 70 1 0 1
15.5471 2.39882 96750 -12.8788 12.2282 207.809 364.265 -13 70 1 0 1
14.2803 27.4202 92900 41.9634 26.9277 194.195 360.936 -13 71 1 0 1
90.9232 35.1074 93250 32.58 9.51355 197.6 362.289 -13 71 1 0 1
85.8524 113.186 93600 -56.7641 42.9014 187.444 363.659 -13 71 1 0 1
10.9405 96.1999 93950 0.973351 -34.7983 197.449 365.029 -13 71 1 0 1
23.9881 15.8737 94300 -17.5039 -50.5531 193.225 366.386 -13 71 1 0 1
-49.8114 -33.3898 94650 -43.0704 -18.4451 194.943 367.751 -13 71 1 0 1
-63.9609 -114.952 95000 46.532 -47.933 189.037 369.124 -13 71 1 0 1
3.09037 -123.48 95350 -4.65523 13.959 199.953 370.481 -13 71 1 0 1
-50.9913 -68.3676 95700 -17.963 59.7348 190.544 371.839 -13 71 1 0 1
-3.52363 12.9593 96050 44.6633 24.6544 193.895 373.215 -13 71 1 0 1
32.0611 83.651 96400 -22.759 47.0472 193.563 374.577 -13 71 1 0 1
-14.3783 123.966 96750 2.90402 13.2251 200.036 375.922 -13 71 1 0 1
122.338 9.03537 92900 2.60713 -68.3957 174.888 362.298 -13 72 1 0 1
59.5982 -47.2387 93250 -29.8063 13.6459 184.922 363.694 -13 72 1 0 1
10.1715 -14.1637 93600 -31.4015 3.10919 185.135 365.053 -13 72 1 0 1
-41.8861 -44.2171 93950 -29.6449 -18.5812 184.517 366.414 -13 72 1 0 1
-113.149 -7.66534 94300 -12.0603 60.7332 177.304 367.803 -13 72 1 0 1
-72.0965 50.831 94650 19.9177 -9.25192 186.517 369.184 -13 72 1 0 1
-38.9581 7.07316 95000 31.011 -18.2292 184.328 370.541 -13 72 1 0 1
23.8327 23.0491 95350 32.1275 19.9288 183.961 371.907 -13 72 1 0 1
94.5116 1.72881 95700 17.9648 -49.7993 180.189 373.287 -13 72 1 0 1
74.493 -55.3236 96050 -8.69662 2.77601 187.583 374.655 -13 72 1 0 1
64.6918 -7.91219 96400 -23.7717 31.8114 183.559 376.011 -13 72 1 0 1
-0.552473 -6.35105 96750 -33.3168 -19.3601 183.81 377.379 -13 72 1 0 1
9.73758 34.1246 92900 27.9328 -5.17066 211.712 346.572 -13 73 1 0 1
35.1197 11.0004 93250 4.62555 -9.3371 213.355 347.882 -13 73 1 0 1
36.9498 15.4485 93600 -4.81307 8.93952 213.367 349.185 -13 73 1 0 1
31.0283 14.2475 93950 2.64732 -11.9617 213.257 350.489 -13 73 1 0 1
25.5635 -21.4854 94300 -19.4596 -22.0784 211.572 351.799 -13 73 1 0 1
-10.0471 -31.3229 94650 -13.3053 1.3605 213.19 353.11 -13 73 1 0 1
-13.199 -38.225 95000 7.92522 -5.50197 213.391 354.414 -13 73 1 0 1
-10.3509 -38.7996 95350 -10.8518 2.57432 213.318 355.717 -13 73 1 0 1
-38.9045 -14.0944 95700 -8.87669 30.7101 211.203 357.028 -13 73 1 0 1
-26.2794 22.758 96050 10.4527 9.02087 213.162 358.34 -13 73 1 0 1
-24.118 26.8632 96400 -3.9421 -2.53994 213.558 359.643 -13 73 1 0 1
-21.6983 29.5542 96750 9.0795 10.1256 213.176 360.946 -13 73 1 0 1
32.5626 33.1943 92900 4.77675 -22.5821 194.305 354.308 -13 74 1 0 1
11.6106 9.72193 93250 -20.3093 -1.06215 194.612 355.642 -13 74 1 0 1
-23.3085 -6.3545 93600 -9.24828 -22.564 194.146 356.978 -13 74 1 0 1
-18.8702 -39.6599 93950 0.288357 -10.45 195.392 358.312 -13 74 1 0 1
-41.4965 -36.9459 94300 -14.0961 17.9209 194.338 359.644 -13 74 1 0 1
-36.3035 -15.3539 94650 13.4779 -3.0071 195.183 360.975 -13 74 1 0 1
1.89352 -21.6939 95000 24.7962 9.99711 193.836 362.311 -13 74 1 0 1
21.5002 11.7995 95350 3.30528 16.1496 194.976 363.647 -13 74 1 0 1
40.026 19.1604 95700 11.7858 -10.4675 195.035 364.977 -13 74 1 0 1
43.0127 7.98662 96050 -3.94979 7.25891 195.497 366.306 -13 74 1 0 1
15.7508 33.3886 96400 -29.18 5.12061 193.416 367.642 -13 74 1 0 1
-19.7867 12.4015 96750 -8.04142 -14.7688 194.948 368.98 -13 74 1 0 1
2.26498 -9.32634 92900 -4.01145 -8.65648 183.871 357.888 -13 75 1 0 1
-8.0014 -17.3768 93250 -1.7399 -3.19584 184.083 359.235 -13 75 1 0 1
3.84491 -22.4647 93600 11.4722 3.79633 183.722 360.582 -13 75 1 0 1
10.8761 -8.16106 93950 -2.98337 5.2789 184.019 361.93 -13 75 1 0 1
5.00974 -1.38303 94300 -1.02749 3.63796 184.08 363.277 -13 75 1 0 1
8.00723 5.43532 94650 2.13537 4.42638 184.053 364.623 -13 75 1 0 1
2.13231 15.6394 95000 -9.01499 1.62906 183.891 365.97 -13 75 1 0 1
-7.69106 8.53005 95350 -0.18937 -4.19216 184.071 367.317 -13 75 1 0 1
-6.79057 4.19829 95700 -0.303552 -1.33445 184.114 368.664 -13 75 1 0 1
-11.4396 1.01625 96050 -4.25573 -3.42587 184.038 370.01 -13 75 1 0 1
-12.5347 -13.7218 96400 6.97127 -8.11599 183.808 371.358 -13 75 1 0 1
-0.506367 -14.8757 96750 1.14401 3.43676 184.083 372.705 -13 75 1 0 1
-5.15391 -27.3874 92900 -4.2327 31.7229 197.2 356.643 -13 76 1 0 1
25.4611 18.7842 93250 25.1982 22.7702 196.872 357.982 -13 76 1 0 1
26.3919 81.2066 93600 -35.5488 30.9553 194.139 359.331 -13 76 1 0 1
-22.6661 89.4182 93950 1.00064 -2.34863 199.764 360.67 -13 76 1 0 1
24.524 72.6646 94300 30.0896 -33.9874 194.555 362.008 -13 76 1 0 1
15.2887 8.8997 94650 -27.2034 -24.8251 196.356 363.357 -13 76 1 0 1
-9.46222 -46.0846 95000 13.4274 -34.981 196.235 364.701 -13 76 1 0 1
24.9587 -84.4622 95350 3.37219 -18.9644 198.849 366.037 -13 76 1 0 1
-34.8881 -103.586 95700 -53.0078 24.6766 191.032 367.389 -13 76 1 0 1
-55.635 -37.3641 96050 21.3552 21.3093 197.489 368.746 -13 76 1 0 1
-13.9068 -5.2069 96400 12.6892 27.8512 197.422 370.082 -13 76 1 0 1
-23.2716 50.1944 96750 -7.19593 34.3043 196.681 371.421 -13 76 1 0 1
-15.5666 16.9357 92900 34.1358 16.9327 202.06 351.608 -13 77 1 0 1
41.001 9.23425 93250 25.9299 -8.43407 203.806 352.94 -13 77 1 0 1
70.9668 36.0816 93600 -3.44231 34.4097 202.693 354.265 -13 77 1 0 1
53.5697 61.1562 93950 3.85627 -7.91402 205.433 355.586 -13 77 1 0 1
67.9596 7.0388 94300 -12.9921 -46.3494 199.908 356.919 -13 77 1 0 1
12.4691 -26.2904 94650 -31.0038 2.89886 203.25 358.259 -13 77 1 0 1
-23.9101 -36.8308 95000 -8.0899 -19.5856 204.527 359.581 -13 77 1 0 1
-31.8345 -66.485 95350 -16.7911 -10.254 204.678 360.899 -13 77 1 0 1
-87.705 -35.25 95700 -19.5676 52.9697 197.716 362.241 -13 77 1 0 1
-63.8543 25.8753 96050 21.9713 4.53444 204.394 363.584 -13 77 1 0 1
-35.1709 15.6035 96400 17.5761 -3.33736 204.842 364.902 -13 77 1 0 1
-5.98716 37.588 96750 20.1045 24.0307 203.221 366.223 -13 77 1 0 1
-23.2252 -3.76619 92900 -8.34041 -0.92589 205.604 350.493 -13 78 1 0 1
-34.9689 -4.84207 93250 -5.56546 -7.61503 205.559 351.806 -13 78 1 0 1
-25.8165 -34.3059 93600 22.5696 -15.1094 203.975 353.125 -13 78 1 0 1
7.04769 -30.7575 93950 7.45795 9.28289 205.431 354.445 -13 78 1 0 1
9.6982 -21.0294 94300 0.321029 3.40708 205.747 355.758 -13 78 1 0 1
19.9015 -15.8511 94650 12.5998 4.96963 205.329 357.071 -13 78 1 0 1
36.1808 13.1478 95000 -5.22544 25.6528 204.103 358.391 -13 78 1 0 1
13.718 33.417 95350 -7.88604 -0.137273 205.624 359.71 -13 78 1 0 1
13.9668 26.1575 95700 1.03871 -8.03646 205.616 361.022 -13 78 1 0 1
0.930919 20.2034 96050 -15.6193 1.77856 205.174 362.336 -13 78 1 0 1
-32.3399 6.16634 96400 -12.8621 -23.6904 204.002 363.657 -13 78 1 0 1
-31.5422 -26.4627 96750 1.46841 -7.49555 205.634 364.976 -13 78 1 0 1
3.61293 26.0682 92900 37.2485 -7.26594 185.622 357.848 -13 79 1 0 1
43.5994 -16.7054 93250 12.3727 -19.4326 188.056 359.205 -13 79 1 0 1
77.1458 -7.05304 93600 9.21903 29.9999 186.845 360.553 -13 79 1 0 1
65.432 19.3 93950 -5.84287 -11.3908 189.029 361.899 -13 79 1 0 1
37.8776 -29.2568 94300 -36.3395 -19.6249 184.906 363.255 -13 79 1 0 1
-21.796 -13.3278 94650 -19.6893 18.7157 187.505 364.617 -13 79 1 0 1
-55.9536 -12.5535 95000 -10.6452 -20.1898 188.082 365.963 -13 79 1 0 1
-60.2417 -35.4064 95350 -7.77731 5.35075 189.227 367.304 -13 79 1 0 1
-67.7821 18.9647 95700 21.7346 39.0878 184.108 368.662 -13 79 1 0 1
-9.97793 33.6512 96050 20.8088 -13.5226 187.83 370.024 -13 79 1 0 1
18.7355 20.4041 96400 12.677 4.93423 188.973 371.367 -13 79 1 0 1
39.6097 35.5481 96750 17.3027 2.80499 188.65 372.708 -13 79 1 0 1
90.4333 53.6226 92900 42.0988 -38.6815 200.296 352.722 -13 80 1 0 1
103.992 -3.18343 93250 -7.66519 -0.674051 208.154 354.056 -13 80 1 0 1
71.718 38.3217 93600 -42.006 22.1285 202.813 355.384 -13 80 1 0 1
12.0393 14.4583 93950 -18.9321 -35.0755 204.447 356.721 -13 80 1 0 1
-38.9163 -28.4239 94300 -43.0028 1.36365 203.804 358.057 -13 80 1 0 1
-90.6029 -5.61183 94650 -20.6219 -0.645051 207.271 359.384 -13 80 1 0 1
-93.6285 -65.0246 95000 36.8016 -45.2272 199.968 360.722 -13 80 1 0 1
-30.565 -70.5116 95350 11.4889 25.5048 206.409 362.062 -13 80 1 0 1
-19.8594 -14.6746 95700 21.3529 31.2157 204.834 363.389 -13 80 1 0 1
37.5145 5.02162 96050 35.7402 4.62135 205.155 364.719 -13 80 1 0 1
71.4766 57.3081 96400 -14.6336 48.1146 202.134 366.056 -13 80 1 0 1
31.9932 92.6721 96750 -2.26431 -1.72674 208.277 367.385 -13 80 1 0 1
3.56348 7.10794 92900 -12.057 30.4265 207.036 354.171 -13 81 1 0 1
10.0183 60.8952 93250 1.88813 31.9783 207.145 355.495 -13 81 1 0 1
-43.502 97.042 93600 -54.2529 -13.0179 202.045 356.833 -13 81 1 0 1
-77.7181 52.8718 93950 11.8838 -8.6046 209.093 358.165 -13 81 1 0 1
-26.5526 53.9761 94300 39.6731 -15.1846 205.257 359.488 -13 81 1 0 1
-1.58314 -5.27378 94650 -3.45903 -40.7797 205.573 360.821 -13 81 1 0 1
29.6541 -64.9413 95000 45.267 -12.9809 204.249 362.158 -13 81 1 0 1
83.9305 -59.0679 95350 10.1004 -7.91311 209.214 363.484 -13 81 1 0 1
42.9242 -102.416 95700 -58.6625 -9.58506 201.003 364.819 -13 81 1 0 1
-11.9965 -57.6948 96050 3.04289 36.5419 206.375 366.163 -13 81 1 0 1
-9.1155 2.96163 96400 -17.8074 32.2951 206.337 367.491 -13 81 1 0 1
-60.0207 36.9979 96750 -28.1422 22.4804 206.489 368.819 -13 81 1 0 1
7.24751 42.5522 92900 30.1406 11.7864 208.159 348.884 -13 82 1 0 1
46.4113 39.9911 93250 9.48684 2.04233 210.436 350.2 -13 82 1 0 1
30.2623 62.7349 93600 -28.82 8.87456 208.49 351.513 -13 82 1 0 1
5.20818 46.6778 93950 6.60336 -17.3945 209.837 352.827 -13 82 1 0 1
20.6298 4.42465 94300 -5.06785 -32.5276 208.072 354.144 -13 82 1 0 1
-11.979 -31.0366 94650 -19.4109 -14.1194 209.288 355.464 -13 82 1 0 1
-10.911 -65.0401 95000 23.6684 -16.6933 208.66 356.779 -13 82 1 0 1
14.3399 -70.2823 95350 -6.62136 -1.33574 210.552 358.09 -13 82 1 0 1
-31.4317 -57.4553 95700 -29.6966 31.1531 206.217 359.412 -13 82 1 0 1
-32.6309 -3.04822 96050 16.3064 19.7945 209.093 360.737 -13 82 1 0 1
-18.0443 23.2544 96400 -3.6969 14.8104 210.106 362.049 -13 82 1 0 1
-29.4806 47.9549 96750 0.0946107 20.7564 209.635 363.359 -13 82 1 0 1
121.95 -17.5108 92900 -32.4939 -64.2 178.947 363.086 -13 83 1 0 1
24.7987 -34.1631 93250 -38.6049 31.3216 186.355 364.488 -13 83 1 0 1
-50.8182 -3.80906 93600 -40.9926 -17.8435 187.619 365.86 -13 83 1 0 1
-96.2806 -51.8214 93950 -25.1023 -8.42005 191.046 367.216 -13 83 1 0 1
-136.133 24.1475 94300 24.5813 70.7978 177.716 368.607 -13 83 1 0 1
-45.1946 51.2124 94650 33.3883 -31.568 187.319 370.009 -13 83 1 0 1
20.8971 0.932255 95000 45.7799 -0.411238 187.36 371.38 -13 83 1 0 1
89.0989 36.0346 95350 35.1392 10.8582 189.333 372.744 -13 83 1 0 1
139.497 -39.3632 95700 -23.4714 -73.7443 176.665 374.143 -13 83 1 0 1
51.1521 -70.7779 96050 -27.2556 30.4798 188.488 375.546 -13 83 1 0 1
2.45188 -8.81935 96400 -42.041 16.0354 187.55 376.912 -13 83 1 0 1
-77.5409 -26.0302 96750 -43.3961 -9.291 187.697 378.281 -13 83 1 0 1
72.6903 21.2774 92900 33.8913 -34.5838 200.389 352.267 -13 84 1 0 1
88.5725 -30.916 93250 3.84974 -4.74445 206.066 353.599 -13 84 1 0 1
91.5521 14.3767 93600 -21.7136 40.6398 200.941 354.927 -13 84 1 0 1
37.8454 24.8021 93950 -22.473 -23.1082 203.621 356.261 -13 84 1 0 1
-9.69643 -12.6088 94300 -38.2995 -3.00624 202.546 357.594 -13 84 1 0 1
-62.2417 10.1515 94650 -25.2383 8.81076 204.416 358.924 -13 84 1 0 1
-94.3638 -30.723 95000 8.57412 -47.5438 200.416 360.258 -13 84 1 0 1
-57.2272 -62.0031 95350 8.30044 12.0787 205.635 361.589 -13 84 1 0 1
-51.6096 -11.4167 95700 19.8618 35.1627 202.163 362.916 -13 84 1 0 1
4.80646 5.18805 96050 33.1396 -7.14028 203.35 364.25 -13 84 1 0 1
52.7907 23.8623 96400 11.3857 33.4029 203.114 365.58 -13 84 1 0 1
50.393 65.5118 96750 7.15139 7.38328 205.9 366.902 -13 84 1 0 1
58.6588 78.2467 92900 35.0563 -53.7481 192.128 356.524 -13 85 1 0 1
38.3895 -4.88378 93250 -34.0435 -23.0189 198.348 357.891 -13 85 1 0 1
3.84673 -47.0303 93600 4.07628 -28.7963 200.462 359.226 -13 85 1 0 1
20.813 -87.5798 93950 -4.99222 -24.4574 201.017 360.553 -13 85 1 0 1
-54.9724 -104.617 94300 -58.1584 34.435 190.952 361.915 -13 85 1 0 1
-73.0459 -28.5267 94650 23.4539 19.5111 200.25 363.277 -13 85 1 0 1
-26.3305 -9.00599 95000 21.4007 20.1548 200.416 364.608 -13 85 1 0 1
-17.8687 44.1589 95350 0.8819 36.5547 199.233 365.942 -13 85 1 0 1
40.2233 92.1969 95700 58.1593 -8.59935 193.841 367.299 -13 85 1 0 1
85.1075 46.752 96050 -5.51511 -9.16037 202.279 368.645 -13 85 1 0 1
42.3038 57.7778 96400 -39.5758 -4.03166 198.616 369.975 -13 85 1 0 1
10.0654 8.93391 96750 1.54622 -37.9478 198.969 371.315 -13 85 1 0 1
79.9536 30.2842 92900 -6.15959 -46.1413 215.879 349.02 -13 86 1 0 1
33.3938 -1.25602 93250 -35.2119 7.48556 217.887 350.336 -13 86 1 0 1
-24.8301 -1.69843 93600 -30.9933 -22.6101 217.483 351.65 -13 86 1 0 1
-50.6167 -47.3431 93950 -15.977 -19.5981 219.389 352.959 -13 86 1 0 1
-96.2819 -30.0617 94300 -19.3823 43.7603 215.593 354.272 -13 86 1 0 1
-84.8601 11.6723 94650 14.6307 -7.0895 220.242 355.582 -13 86 1 0 1
-47.8075 -27.1933 95000 41.3929 -18.0319 216.176 356.893 -13 86 1 0 1
10.489 -9.45449 95350 24.8639 24.5862 218.055 358.21 -13 86 1 0 1
54.6501 2.88878 95700 26.0083 -16.6994 218.668 359.517 -13 86 1 0 1
78.033 -22.2084 96050 13.8073 2.33269 220.397 360.819 -13 86 1 0 1
87.2812 30.4554 96400 -23.5775 47.3703 214.408 362.133 -13 86 1 0 1
32.8311 52.3575 96750 -21.0114 -13.8548 219.402 363.451 -13 86 1 0 1
66.3605 39.3957 92900 31.8573 -40.1637 195.616 352.242 -13 87 1 0 1
67.9952 -20.9702 93250 -9.89276 -10.0764 201.728 353.584 -13 87 1 0 1
57.0878 -6.74989 93600 -12.2214 14.8949 201.302 354.905 -13 87 1 0 1
29.7259 -13.9517 93950 -15.281 -22.0505 200.434 356.228 -13 87 1 0 1
-24.106 -43.1542 94300 -42.8582 8.55377 197.443 357.569 -13 87 1 0 1
-64.8488 -5.2097 94650 -8.81556 11.4712 201.704 358.905 -13 87 1 0 1
-69.0939 -26.1142 95000 13.7486 -23.6002 200.369 360.228 -13 87 1 0 1
-42.2913 -28.4142 95350 4.53284 19.5961 201.219 361.553 -13 87 1 0 1
-23.1345 21.725 95700 30.5102 22.7866 198.604 362.887 -13 87 1 0 1
30.3133 22.3798 96050 21.1846 -6.26015 201.012 364.221 -13 87 1 0 1
47.2452 40.5028 96400 -7.76586 21.1028 200.968 365.545 -13 87 1 0 1
33.1023 51.9372 96750 5.9013 -7.29545 202.004 366.865 -13 87 1 0 1
39.7726 51.3667 92900 46.6264 -10.4413 202.797 350.52 -13 88 1 0 1
82.7638 14.0212 93250 8.82856 -6.77392 208.052 351.849 -13 88 1 0 1
75.6088 46.7956 93600 -27.5575 26.0128 204.874 353.169 -13 88 1 0 1
36.0132 39.6374 93950 -5.20998 -27.0262 206.524 354.492 -13 88 1 0 1
16.9216 -19.6583 94300 -33.2119 -28.1026 203.757 355.823 -13 88 1 0 1
-45.1324 -28.6736 94650 -27.9853 -0.618933 206.461 357.155 -13 88 1 0 1
-59.779 -67.0508 95000 20.6224 -32.2528 204.803 358.478 -13 88 1 0 1
-29.1398 -80.5717 95350 -5.76265 9.6732 208.045 359.797 -13 88 1 0 1
-59.9187 -30.3272 95700 -2.28989 49.6067 202.345 361.128 -13 88 1 0 1
-17.0946 20.7681 96050 31.558 8.94138 205.752 362.466 -13 88 1 0 1
13.1357 46.4767 96400 -1.35898 23.2563 207.043 363.785 -13 88 1 0 1
6.52208 76.7575 96750 10.959 14.4528 207.559 365.1 -13 88 1 0 1
-8.47741 2.6517 92900 3.20983 3.42638 193.907 353.337 -13 89 1 0 1
-1.36871 2.83533 93250 3.09399 -2.16341 193.927 354.667 -13 89 1 0 1
4.65691 1.63903 93600 3.38173 2.18843 193.922 355.996 -13 89 1 0 1
9.37533 6.70129 93950 3.57634 1.2093 193.927 357.326 -13 89 1 0 1
16.6936 -1.60621 94300 -0.115541 -9.91221 193.71 358.656 -13 89 1 0 1
9.36107 -11.616 94650 -2.86499 -0.563255 193.942 359.987 -13 89 1 0 1
9.00906 -8.54632 95000 -0.347904 3.00434 193.94 361.316 -13 89 1 0 1
3.42124 -8.93486 95350 -5.66095 -3.61445 193.848 362.646 -13 89 1 0 1
-13.8047 -8.2859 95700 -9.59773 8.83553 193.525 363.978 -13 89 1 0 1
-18.9033 8.52316 96050 -0.875136 4.47621 193.91 365.309 -13 89 1 0 1
-24.2702 3.50019 96400 -0.5671 -8.34886 193.783 366.639 -13 89 1 0 1
-18.7727 -0.347376 96750 3.19925 6.08043 193.842 367.969 -13 89 1 0 1
33.0272 5.97313 92900 1.55469 -7.02889 223.405 345.665 -13 90 1 0 1
30.846 5.67609 93250 -2.1526 10.5677 223.261 346.957 -13 90 1 0 1
12.8453 30.6256 93600 -24.0979 9.75394 222.004 348.254 -13 90 1 0 1
-15.8112 24.7201 93950 -7.21404 -7.05281 223.293 349.55 -13 90 1 0 1
-16.4594 21.7984 94300 3.79823 -0.412346 223.488 350.842 -13 90 1 0 1
-18.4111 14.198 94650 -8.23775 -9.81897 223.153 352.134 -13 90 1 0 1
-24.937 -15.8484 95000 9.69394 -23.9157 222.026 353.431 -13 90 1 0 1
-1.23691 -35.3705 95350 8.75489 -4.83855 223.297 354.728 -13 90 1 0 1
-8.63111 -40.4734 95700 -13.3808 3.30422 223.096 356.021 -13 90 1 0 1
-14.0065 -30.8211 96050 8.71521 2.54375 223.337 357.313 -13 90 1 0 1
10.9326 -21.1488 96400 14.4316 17.1353 222.396 358.609 -13 90 1 0 1
12.0818 8.23178 96750 -5.86908 14.5583 222.969 359.905 -13 90 1 0 1
25.9383 16.4778 92900 22.11 -23.7048 190.273 354.689 -13 92 1 0 1
33.2304 -28.0325 93250 -0.428331 -14.1522 192.495 356.032 -13 92 1 0 1
51.0623 -25.4396 93600 9.6249 18.0561 191.927 357.367 -13 92 1 0 1
44.4719 -8.51876 93950 -9.7447 -7.92255 192.606 358.702 -13 92 1 0 1
8.06621 -30.7319 94300 -30.7633 0.600747 190.546 360.044 -13 92 1 0 1
-25.2655 -2.05893 94650 -7.31889 16.1504 192.198 361.387 -13 92 1 0 1
-43.087 2.30534 95000 -7.8346 -11.9144 192.487 362.722 -13 92 1 0 1
-45.8 -9.04162 95350 -1.99433 7.27025 192.867 364.054 -13 92 1 0 1
-35.4406 27.471 95700 23.4037 19.2613 190.62 365.395 -13 92 1 0 1
3.87193 24.479 96050 10.4158 -11.8712 192.367 366.736 -13 92 1 0 1
16.3584 12.8878 96400 5.99152 0.606888 192.921 368.069 -13 92 1 0 1
28.8397 15.57 96750 10.7422 -2.96438 192.693 369.401 -13 92 1 0 1
72.0882 2.69408 92900 29.8843 -38.5004 199.026 353.987 -13 93 1 0 1
84.6456 -53.1436 93250 7.90547 -7.09454 204.631 355.321 -13 93 1 0 1
105.993 -3.13517 93600 -12.1377 52.7229 197.635 356.658 -13 93 1 0 1
49.3793 25.7463 93950 -28.8917 -18.4445 202.019 358.003 -13 93 1 0 1
-5.94371 -5.29927 94300 -39.1102 1.81542 201.131 359.339 -13 93 1 0 1
-57.8841 26.8268 94650 -26.8682 15.1828 202.569 360.673 -13 93 1 0 1
-106.475 -9.408 95000 -3.92589 -54.0223 197.618 362.016 -13 93 1 0 1
-73.9827 -54.9951 95350 12.1213 9.09035 204.346 363.354 -13 93 1 0 1
-58.1471 -5.34767 95700 26.5575 31.9417 200.652 364.684 -13 93 1 0 1
3.26584 -0.804122 96050 33.5008 -15.7329 201.536 366.022 -13 93 1 0 1
62.3831 7.26436 96400 22.5173 34.0761 200.795 367.359 -13 93 1 0 1
69.915 55.5421 96750 7.57625 7.3088 204.636 368.687 -13 93 1 0 1
-34.9146 55.546 92900 45.221 10.1691 186.038 357.37 -13 94 1 0 1
20.5859 19.7544 93250 10.0279 -27.4997 189.478 358.733 -13 94 1 0 1
46.5801 -5.49523 93600 19.05 4.72498 190.718 360.075 -13 94 1 0 1
71.9047 3.88834 93950 12.9511 -9.98575 191.027 361.412 -13 94 1 0 1
63.2192 -59.6156 94300 -40.1219 -34.8837 184.207 362.776 -13 94 1 0 1
-4.31362 -54.5819 94650 -13.3099 20.893 190.118 364.142 -13 94 1 0 1
-15.6723 -25.718 95000 -9.11737 8.97167 191.298 365.48 -13 94 1 0 1
-46.7054 -18.8661 95350 -24.7391 7.39464 189.979 366.819 -13 94 1 0 1
-72.4948 43.5678 95700 20.5519 47.9486 184.492 368.185 -13 94 1 0 1
-16.6508 71.5269 96050 12.0521 -8.00535 191.179 369.546 -13 94 1 0 1
-22.4598 45.1699 96400 -1.45462 -21.5488 190.505 370.884 -13 94 1 0 1
7.82096 23.726 96750 28.9841 -2.44095 189.506 372.227 -13 94 1 0 1
50.548 51.3164 92900 41.7791 -15.1074 183.033 359.667 -13 95 1 0 1
83.1628 9.21016 93250 1.39492 -3.27351 188.314 361.026 -13 95 1 0 1
61.6533 44.1516 93600 -33.4705 17.5672 184.515 362.378 -13 95 1 0 1
15.8709 19.6089 93950 -6.87989 -30.6897 185.703 363.737 -13 95 1 0 1
-18.5826 -32.5177 94300 -36.9412 -8.81102 184.479 365.1 -13 95 1 0 1
-71.3831 -18.8539 94650 -16.4882 -0.294744 187.624 366.457 -13 95 1 0 1
-65.6332 -65.7848 95000 34.8389 -27.5829 183.031 367.815 -13 95 1 0 1
-14.9395 -54.321 95350 2.29082 24.7182 186.705 369.177 -13 95 1 0 1
-10.8211 1.55912 95700 19.9268 27.2284 185.301 370.534 -13 95 1 0 1
42.3864 19.2057 96050 25.4329 5.6342 186.538 371.891 -13 95 1 0 1
52.0545 67.878 96400 -27.7714 30.7519 183.733 373.25 -13 95 1 0 1
7.17612 72.6274 96750 0.363131 -12.2658 187.948 374.606 -13 95 1 0 1
16.8413 -10.1197 92900 -20.6588 -4.51998 181.852 360.534 -13 96 1 0 1
-12.7567 9.42643 93250 -10.5096 14.9086 182.167 361.89 -13 96 1 0 1
-43.6189 12.6082 93600 -13.7998 -16.7606 181.786 363.246 -13 96 1 0 1
-44.9367 -10.044 93950 2.70587 2.91937 183.034 364.598 -13 96 1 0 1
-30.243 15.4635 94300 20.0199 10.8535 181.656 365.952 -13 96 1 0 1
2.98612 1.30147 94650 10.7279 -16.517 182.015 367.309 -13 96 1 0 1
34.0371 -12.143 95000 18.2091 9.85871 181.903 368.665 -13 96 1 0 1
49.0851 7.26866 95350 4.15263 -1.88206 183.021 370.017 -13 96 1 0 1
42.2491 -25.5576 95700 -21.8755 -18.5204 180.82 371.374 -13 96 1 0 1
1.86798 -17.8918 96050 -11.0276 16.5637 181.993 372.734 -13 96 1 0 1
-23.5353 1.75345 96400 -17.052 -2.74002 182.261 374.088 -13 96 1 0 1
-47.8469 -10.5523 96750 -12.1868 1.80823 182.663 375.441 -13 96 1 0 1
-49.7834 16.6256 92900 29.6656 26.827 187.742 357.553 -13 97 1 0 1
10.73 12.986 93250 24.7456 -16.802 189.611 358.91 -13 97 1 0 1
53.8786 13.9521 93600 15.1067 22.9767 189.976 360.255 -13 97 1 0 1
63.1707 44.7804 93950 10.9563 -0.849027 191.641 361.595 -13 97 1 0 1
82.6913 -10.4111 94300 -16.4604 -47.5024 185.255 362.953 -13 97 1 0 1
22.0663 -37.1842 94650 -25.2372 12.1255 189.902 364.317 -13 97 1 0 1
-13.4402 -23.8427 95000 -16.5855 -5.95691 191.145 365.659 -13 97 1 0 1
-40.6991 -46.0355 95350 -22.1408 -8.24903 190.496 366.998 -13 97 1 0 1
-92.4129 -3.96433 95700 -5.19179 53.9428 184.147 368.364 -13 97 1 0 1
-52.8891 47.6209 96050 18.5921 -3.68775 191.017 369.728 -13 97 1 0 1
-32.612 22.4686 96400 15.701 -12.9181 190.876 371.067 -13 97 1 0 1
6.37451 31.0835 96750 26.102 15.6407 189.528 372.41 -13 97 1 0 1
-40.5393 -16.735 92900 1.47767 25.4643 187.701 357.132 -13 98 1 0 1
-10.6394 5.18494 93250 19.8188 -1.69058 188.379 358.479 -13 98 1 0 1
20.7361 15.438 93600 8.38914 17.6155 188.418 359.822 -13 98 1 0 1
23.7477 43.5041 93950 7.3486 8.14671 189.108 361.164 -13 98 1 0 1
57.019 24.4651 94300 10.379 -32.3205 186.359 362.512 -13 98 1 0 1
36.9319 -13.0061 94650 -16.4279 -0.803081 188.711 363.863 -13 98 1 0 1
10.6145 -9.39341 95000 -13.0967 -4.55908 188.918 365.204 -13 98 1 0 1
-6.76873 -33.4228 95350 -11.7981 -16.2047 188.362 366.545 -13 98 1 0 1
-54.5854 -33.2561 95700 -25.4283 27.5986 185.672 367.899 -13 98 1 0 1
-58.4137 11.3985 96050 6.86683 4.57673 189.246 369.251 -13 98 1 0 1
-43.7539 -6.15286 96400 16.3768 -10.8301 188.406 370.591 -13 98 1 0 1
-15.4547 8.18221 96750 11.1762 21.2823 187.895 371.935 -13 98 1 0 1
-3.01487 -8.07402 92900 -15.3272 -38.3679 210.686 352.731 -13 99 1 0 1
-50.5813 -49.3575 93250 -24.6371 -24.5927 211.858 354.054 -13 99 1 0 1
-29.6668 -113.505 93600 56.1536 -25.1065 205.699 355.39 -13 99 1 0 1
30.6469 -97.79 93950 -2.74553 16.3788 214.056 356.72 -13 99 1 0 1
-10.5105 -66.596 94300 -23.9257 36.2166 210.265 358.037 -13 99 1 0 1
4.47719 -6.26387 94650 29.3339 29.481 210.633 359.363 -13 99 1 0 1
23.5581 59.5452 95000 -22.6585 42.1255 209.303 360.694 -13 99 1 0 1
-21.5605 93.9986 95350 -6.85772 13.1737 214.185 362.014 -13 99 1 0 1
26.0395 105.688 95700 46.9738 -21.3746 208.404 363.335 -13 99 1 0 1
40.6057 53.3423 96050 -25.4649 -19.3235 212.306 364.66 -13 99 1 0 1
-12.2954 14.243 96400 -19.2563 -40.9236 209.881 365.985 -13 99 1 0 1
-4.16306 -51.5973 96750 8.68423 -33.3099 211.922 367.311 -13 99 1 0 1
19.3949 19.0773 92900 18.7494 -10.0923 189.645 354.726 -13 100 1 0 1
33.1538 -4.7928 93250 1.93046 -5.41396 190.75 356.065 -13 100 1 0 1
35.4416 6.6477 93600 -5.517 12.391 190.354 357.401 -13 100 1 0 1
21.4959 8.7571 93950 -3.76623 -9.89276 190.542 358.738 -13 100 1 0 1
5.81465 -15.3618 94300 -18.1505 -7.47335 189.824 360.077 -13 100 1 0 1
-21.9552 -9.58166 94650 -9.24057 3.94114 190.572 361.416 -13 100 1 0 1
-28.7292 -21.2359 95000 5.97403 -12.1198 190.357 362.753 -13 100 1 0 1
-17.8741 -26.3915 95350 -2.02769 5.44258 190.748 364.089 -13 100 1 0 1
-24.5947 -1.20365 95700 5.47126 19.017 189.808 365.428 -13 100 1 0 1
-1.26095 13.6944 96050 11.3161 0.0943363 190.501 366.767 -13 100 1 0 1
8.10087 20.521 96400 -2.20316 6.74906 190.704 368.103 -13 100 1 0 1
5.05522 27.7521 96750 4.83642 2.12751 190.763 369.438 -13 100 1 0 1
