#BLTrackFile VirtualDetector/det23
#x y z Px Py Pz t PDGid EventID TrackID ParentID Weight
#mm mm mm MeV/c MeV/c MeV/c ns - - - - -
#BLTrackFile VirtualDetector/det23
#x y z Px Py Pz t PDGid EventID TrackID ParentID Weight
#mm mm mm MeV/c MeV/c MeV/c ns - - - - -
#BLTrackFile VirtualDetector/det23
#x y z Px Py Pz t PDGid EventID TrackID ParentID Weight
#mm mm mm MeV/c MeV/c MeV/c ns - - - - -
#BLTrackFile VirtualDetector/det23
#x y z Px Py Pz t PDGid EventID TrackID ParentID Weight
#mm mm mm MeV/c MeV/c MeV/c ns - - - - -
#BLTrackFile VirtualDetector/det23
#x y z Px Py Pz t PDGid EventID TrackID ParentID Weight
#mm mm mm MeV/c MeV/c MeV/c ns - - - - -
#BLTrackFile VirtualDetector/det23
#x y z Px Py Pz t PDGid EventID TrackID ParentID Weight
#mm mm mm MeV/c MeV/c MeV/c ns - - - - -
#BLTrackFile VirtualDetector/det23
#x y z Px Py Pz t PDGid EventID TrackID ParentID Weight
#mm mm mm MeV/c MeV/c MeV/c ns - - - - -
#BLTrackFile VirtualDetector/det23
#x y z Px Py Pz t PDGid EventID TrackID ParentID Weight
#mm mm mm MeV/c MeV/c MeV/c ns - - - - -
#BLTrackFile VirtualDetector/det23
#x y z Px Py Pz t PDGid EventID TrackID ParentID Weight
#mm mm mm MeV/c MeV/c MeV/c ns - - - - -
#BLTrackFile VirtualDetector/det23
#x y z Px Py Pz t PDGid EventID TrackID ParentID Weight
#mm mm mm MeV/c MeV/c MeV/c ns - - - - -
#BLTrackFile VirtualDetector/det23
#x y z Px Py Pz t PDGid EventID TrackID ParentID Weight
#mm mm mm MeV/c MeV/c MeV/c ns - - - - -
#BLTrackFile VirtualDetector/det23
#x y z Px Py Pz t PDGid EventID TrackID ParentID Weight
#mm mm mm MeV/c MeV/c MeV/c ns - - - - -
-26.0136 27.0085 97100 48.9821 -5.27957 204.479 369.136 -13 1 1 0 1
28.99 -25.7755 97450 22.0726 -36.722 205.92 370.476 -13 1 1 0 1
95.2479 -38.6434 97800 40.5296 34.9115 203.414 371.815 -13 1 1 0 1
115.238 11.2651 98150 1.08681 -3.69328 210.295 373.143 -13 1 1 0 1
91.153 -51.1565 98500 -49.2875 -38.6056 200.796 374.481 -13 1 1 0 1
11.9641 -38.0397 98850 -25.3243 34.8234 205.876 375.831 -13 1 1 0 1
-36.3883 2.90649 99200 -37.357 -0.270735 206.986 377.161 -13 1 1 0 1
-88.9662 -17.3468 99550 -29.8866 -0.359518 208.196 378.485 -13 1 1 0 1
-116.773 53.1477 99900 27.2671 63.8007 198.557 379.835 -13 1 1 0 1
-48.8633 82.198 100250 17.1761 -21.044 208.569 381.183 -13 1 1 0 1
-35.3108 26.9681 100600 21.9001 -33.2956 206.52 382.508 -13 1 1 0 1
27.1457 11.2595 100950 42.6068 3.23447 205.945 383.839 -13 1 1 0 1
26.5747 57.7694 97100 29.9005 -22.0786 197.371 367.688 -13 2 1 0 1
33.8801 13.1582 97450 -13.3187 -14.0301 199.906 369.022 -13 2 1 0 1
13.7051 -4.89757 97800 -4.29377 -12.7774 200.387 370.345 -13 2 1 0 1
18.7621 -30.8041 98150 2.03075 -18.5441 199.972 371.669 -13 2 1 0 1
-12.872 -60.7953 98500 -35.6494 0.433666 197.65 373.001 -13 2 1 0 1
-44.2288 -37.9853 98850 2.09061 6.41194 200.727 374.331 -13 2 1 0 1
-18.7384 -39.4552 99200 21.8902 5.94596 199.555 375.655 -13 2 1 0 1
-6.53919 -9.98397 99550 -6.43706 20.5656 199.681 376.981 -13 2 1 0 1
-1.98121 30.0939 99900 19.8018 17.8419 199.064 378.311 -13 2 1 0 1
30.7985 39.9062 100250 7.84898 5.54086 200.61 379.637 -13 2 1 0 1
10.6179 59.4993 100600 -28.5456 2.06625 198.79 380.963 -13 2 1 0 1
-12.8476 38.8605 100950 6.07037 -12.7526 200.343 382.29 -13 2 1 0 1
3.06814 -66.9369 97100 -28.3062 -10.5313 192.738 372.387 -13 3 1 0 1
-24.2909 -58.7795 97450 7.30165 4.01278 194.912 373.722 -13 3 1 0 1
17.0675 -42.5899 97800 22.4749 27.3689 191.848 375.062 -13 3 1 0 1
12.9268 9.26865 98150 -14.6611 20.6192 193.442 376.407 -13 3 1 0 1
11.803 42.8274 98500 17.0776 11.5699 193.996 377.743 -13 3 1 0 1
33.8813 49.3809 98850 -1.46929 7.68706 194.933 379.074 -13 3 1 0 1
-7.09866 61.6878 99200 -34.9832 -13.1913 191.474 380.415 -13 3 1 0 1
-25.9906 15.9824 99550 9.20388 -20.5124 193.79 381.76 -13 3 1 0 1
-18.0493 -13.1669 99900 -6.89753 -12.9316 194.539 383.094 -13 3 1 0 1
-37.443 -31.6444 100250 -7.00934 -15.5385 194.344 384.425 -13 3 1 0 1
-9.44221 -69.5717 100600 38.7099 -6.15004 191.112 385.769 -13 3 1 0 1
27.6439 -43.41 100950 -3.17448 15.4463 194.452 387.113 -13 3 1 0 1
-43.8425 -38.404 97100 1.77382 30.5493 194.329 373.05 -13 4 1 0 1
-3.64908 -12.1291 97450 32.5542 -0.523838 194.01 374.391 -13 4 1 0 1
50.8101 18.3361 97800 11.3127 40.3769 192.203 375.742 -13 4 1 0 1
40.2435 71.2356 98150 1.88424 12.0004 196.348 377.085 -13 4 1 0 1
77.4095 48.2366 98500 14.2777 -41.7288 191.716 378.427 -13 4 1 0 1
48.6277 3.10421 98850 -28.5324 1.74249 194.636 379.774 -13 4 1 0 1
-7.14538 1.37849 99200 -27.3708 -20.2928 193.75 381.118 -13 4 1 0 1
-28.4953 -50.8576 99550 -11.2086 -25.5948 194.729 382.461 -13 4 1 0 1
-85.4645 -49.945 99900 -31.1697 38.3617 190.413 383.812 -13 4 1 0 1
-83.6766 2.45027 100250 14.6532 -1.19884 196.173 385.16 -13 4 1 0 1
-42.6078 -25.8204 100600 36.7328 -6.48452 193.155 386.5 -13 4 1 0 1
4.21956 10.6971 100950 15.2184 32.3061 193.455 387.848 -13 4 1 0 1
73.6015 -117.128 97100 -45.2842 -63.0855 191.085 379.125 -13 5 1 0 1
-2.48826 -142.283 97450 0.535649 9.38578 206.048 380.486 -13 5 1 0 1
58.1841 -92.5839 97800 27.2671 63.8534 194.225 381.839 -13 5 1 0 1
13.6136 -2.77464 98150 -51.4546 26.9794 197.911 383.217 -13 5 1 0 1
-40.0533 73.5016 98500 13.0783 57.7795 197.572 384.583 -13 5 1 0 1
3.21492 132.29 98850 -0.970281 20.0251 205.286 385.928 -13 5 1 0 1
-80.0018 122.925 99200 -54.4666 -59.6599 189.785 387.295 -13 5 1 0 1
-62.6383 22.8573 99550 47.6531 -23.8581 199.259 388.682 -13 5 1 0 1
8.74635 -27.6177 99900 15.177 -48.2215 199.971 390.038 -13 5 1 0 1
-2.95484 -106.553 100250 2.02987 -40.7418 202.188 391.384 -13 5 1 0 1
88.4641 -131.716 100600 70.1994 48.1093 187.888 392.767 -13 5 1 0 1
97.4065 -36.4672 100950 -38.0781 17.887 201.927 394.152 -13 5 1 0 1
5.0187 21.9832 97100 7.75118 -7.62137 207.588 364.266 -13 6 1 0 1
4.2195 8.65425 97450 -6.8322 -5.18053 207.696 365.577 -13 6 1 0 1
-5.29592 -3.45886 97800 0.132077 -10.1244 207.626 366.888 -13 6 1 0 1
2.53759 -15.7461 98150 3.72386 -5.43391 207.768 368.199 -13 6 1 0 1
-3.98191 -24.6689 98500 -10.2833 -1.15394 207.615 369.51 -13 6 1 0 1
-11.8423 -21.6488 98850 3.24961 -0.557438 207.847 370.82 -13 6 1 0 1
5.44436 -21.2109 99200 12.5788 7.34981 207.362 372.132 -13 6 1 0 1
10.7226 -4.80535 99550 -3.78514 6.73947 207.729 373.443 -13 6 1 0 1
5.58995 3.8772 99900 -0.358569 5.19204 207.808 374.753 -13 6 1 0 1
7.43717 13.5599 100250 -0.495119 7.48106 207.738 376.064 -13 6 1 0 1
-7.57273 24.2195 100600 -15.8045 -1.34526 207.267 377.376 -13 6 1 0 1
-22.2337 14.106 100950 -1.10234 -2.40145 207.856 378.687 -13 6 1 0 1
-106.665 -27.0198 97100 9.95748 56.4407 191.364 377.033 -13 8 1 0 1
-37.3488 7.19518 97450 42.7346 -16.6469 194.426 378.397 -13 8 1 0 1
45.3658 2.77895 97800 39.8094 31.8777 193.142 379.759 -13 8 1 0 1
77.7358 69.8517 98150 19.403 20.9818 197.707 381.112 -13 8 1 0 1
136.543 23.2351 98500 5.77577 -70.5874 186.786 382.48 -13 8 1 0 1
77.1713 -33.7389 98850 -35.1474 15.6994 196.018 383.855 -13 8 1 0 1
10.002 1.11838 99200 -45.8747 -2.43574 194.408 385.207 -13 8 1 0 1
-52.808 -47.3083 99550 -32.7717 -29.052 194.902 386.564 -13 8 1 0 1
-135.336 -18.5831 99900 -23.1374 68.3711 186.266 387.944 -13 8 1 0 1
-104.126 51.7112 100250 19.0041 -8.97835 198.653 389.312 -13 8 1 0 1
-67.7864 -5.92475 100600 42.4644 -28.5215 193.102 390.661 -13 8 1 0 1
11.7636 13.8094 100950 38.0111 31.9381 193.494 392.024 -13 8 1 0 1
-7.54281 19.4074 97100 9.54242 1.5382 192.423 369.857 -13 9 1 0 1
1.78462 12.4778 97450 -1.01083 -5.1865 192.593 371.189 -13 9 1 0 1
-0.657549 2.32323 97800 2.17682 -5.90279 192.562 372.521 -13 9 1 0 1
9.53339 -3.59055 98150 6.50146 -2.85917 192.534 373.854 -13 9 1 0 1
12.493 -18.0151 98500 -6.88572 -9.69645 192.298 375.187 -13 9 1 0 1
0.455228 -23.9736 98850 -0.251228 -0.112103 192.665 376.52 -13 9 1 0 1
11.4986 -18.9829 99200 6.3983 8.67358 192.363 377.852 -13 9 1 0 1
7.27161 -6.57813 99550 -8.13246 2.02312 192.483 379.185 -13 9 1 0 1
-8.34822 2.0981 99900 -4.73258 10.6504 192.312 380.518 -13 9 1 0 1
-7.70184 19.6299 100250 -0.978419 6.74333 192.545 381.852 -13 9 1 0 1
-23.3356 20.2298 100600 -10.4296 -9.73006 192.136 383.185 -13 9 1 0 1
-25.2929 6.22447 100950 4.55272 0.924503 192.609 384.519 -13 9 1 0 1
18.4937 4.85393 97100 29.0869 -18.8238 202.565 367.139 -13 10 1 0 1
43.949 -38.9463 97450 13.3332 -18.0153 204.281 368.466 -13 10 1 0 1
85.6902 -22.9699 97800 15.6496 39.213 201.123 369.795 -13 10 1 0 1
72.8521 16.7517 98150 -12.0926 -5.99527 205.063 371.122 -13 10 1 0 1
42.1801 -19.5048 98500 -33.8081 -16.3385 202.047 372.449 -13 10 1 0 1
-10.1244 -3.53459 98850 -21.6946 21.1056 203.266 373.78 -13 10 1 0 1
-53.8224 3.48297 99200 -22.6761 -20.5402 203.217 375.106 -13 10 1 0 1
-70.5136 -28.1704 99550 -9.6146 -0.910658 205.28 376.427 -13 10 1 0 1
-81.6072 17.9189 99900 17.3547 41.456 200.533 377.757 -13 10 1 0 1
-33.6669 36.836 100250 18.4087 -14.9759 204.132 379.089 -13 10 1 0 1
-5.6369 7.78602 100600 22.5598 -7.80691 204.116 380.411 -13 10 1 0 1
33.5712 18.1969 100950 23.9044 8.17184 203.948 381.733 -13 10 1 0 1
113.812 72.3646 97100 58.7151 -57.6105 172.638 382.998 -13 11 1 0 1
117.005 -25.837 97450 -20.0343 -6.97715 190.053 384.406 -13 11 1 0 1
76.2064 9.1161 97800 -37.7428 16.7248 186.724 385.758 -13 11 1 0 1
14.5838 -27.6237 98150 -25.6717 -42.2597 184.73 387.127 -13 11 1 0 1
-83.6477 -63.0878 98500 -60.838 35.451 177.798 388.535 -13 11 1 0 1
-117.432 15.921 98850 2.5103 9.35541 190.988 389.921 -13 11 1 0 1
-97.5575 -30.6902 99200 38.1043 -31.5107 184.731 391.276 -13 11 1 0 1
-29.0085 -8.63031 99550 21.7605 40.9551 185.525 392.649 -13 11 1 0 1
46.2948 46.6604 99900 57.07 -9.65541 182.264 394.037 -13 11 1 0 1
105.469 -4.71633 100250 15.0206 -9.51059 190.405 395.41 -13 11 1 0 1
107.489 49.5746 100600 -35.5705 42.3276 183.067 396.771 -13 11 1 0 1
37.8799 41.6273 100950 -16.2284 -37.0743 186.902 398.145 -13 11 1 0 1
-31.6933 17.6386 97100 -10.9862 31.4042 189.514 375.363 -13 12 1 0 1
-25.1566 64.7093 97450 -2.55756 14.949 191.813 376.708 -13 12 1 0 1
-66.5474 54.9176 97800 -21.3102 -34.0702 188.169 378.056 -13 12 1 0 1
-49.9852 11.7617 98150 24.854 0.388088 190.8 379.406 -13 12 1 0 1
5.04075 9.20088 98500 27.5963 -20.6365 189.301 380.756 -13 12 1 0 1
23.3558 -45.2681 98850 6.7021 -26.6057 190.446 382.107 -13 12 1 0 1
73.7562 -54.6584 99200 31.6527 28.6029 187.623 383.46 -13 12 1 0 1
78.0495 -12.6964 99550 -13.879 -3.86786 191.872 384.808 -13 12 1 0 1
26.9297 -39.0446 99900 -42.7359 1.59963 187.599 386.161 -13 12 1 0 1
-20.1039 10.3302 100250 -11.444 32.7815 189.253 387.522 -13 12 1 0 1
-67.883 34.9579 100600 -32.9224 -17.6342 188.753 388.875 -13 12 1 0 1
-91.9292 3.89034 100950 -2.98272 6.96457 192.263 390.219 -13 12 1 0 1
13.1032 -1.95903 97100 9.68148 -7.51429 222.089 360.767 -13 13 1 0 1
22.5629 -14.5572 97450 7.01693 -3.3262 222.291 362.061 -13 13 1 0 1
36.6849 -1.16922 97800 2.75635 19.126 221.586 363.357 -13 13 1 0 1
29.2028 15.9858 98150 -3.70457 -1.08259 222.394 364.652 -13 13 1 0 1
25.0365 0.913054 98500 -8.23005 -12.6986 221.912 365.946 -13 13 1 0 1
6.38663 -3.97071 98850 -11.071 4.3292 222.109 367.241 -13 13 1 0 1
-10.8055 -3.21452 99200 -9.31808 -7.25597 222.113 368.535 -13 13 1 0 1
-19.7678 -17.3957 99550 -6.96504 -5.74294 222.244 369.829 -13 13 1 0 1
-37.4083 -8.1669 99900 -7.36953 18.2494 221.555 371.124 -13 13 1 0 1
-34.7061 10.6548 100250 2.97283 -0.241589 222.407 372.419 -13 13 1 0 1
-29.132 -4.15827 100600 9.93186 -11.5341 221.906 373.713 -13 13 1 0 1
-11.066 -3.85873 100950 8.92049 9.61359 222.04 375.008 -13 13 1 0 1
65.9839 46.956 97100 42.232 -23.0736 195.035 370.704 -13 14 1 0 1
94.404 1.50838 97450 1.95466 -1.81313 200.867 372.043 -13 14 1 0 1
75.0503 44.9563 97800 -37.001 26.3918 195.675 373.379 -13 14 1 0 1
19.5345 28.4273 98150 -13.1828 -31.6491 197.937 374.723 -13 14 1 0 1
-17.8273 -21.7317 98500 -37.341 -9.99241 197.13 376.066 -13 14 1 0 1
-73.4513 -11.3462 98850 -23.3729 -0.985621 199.518 377.403 -13 14 1 0 1
-81.2619 -65.879 99200 31.8335 -40.6983 194.126 378.747 -13 14 1 0 1
-26.5984 -72.7302 99550 5.81876 20.7095 199.729 380.091 -13 14 1 0 1
-28.679 -18.5266 99900 14.0566 35.0151 197.309 381.427 -13 14 1 0 1
24.6549 9.34335 100250 33.2934 5.70997 198.024 382.768 -13 14 1 0 1
55.6539 56.0177 100600 -13.5235 40.32 196.331 384.11 -13 14 1 0 1
21.4423 86.9337 100950 0.527135 0.465116 200.883 385.444 -13 14 1 0 1
9.26929 81.2891 97100 48.6808 -9.13798 189.548 370.96 -13 15 1 0 1
45.0845 31.8002 97450 -6.79348 -20.5124 194.717 372.313 -13 15 1 0 1
28.3474 10.3582 97800 -4.87524 -11.5307 195.512 373.644 -13 15 1 0 1
37.6815 -18.4525 98150 9.35192 -23.8915 194.225 374.976 -13 15 1 0 1
10.8519 -75.1643 98500 -45.4679 -16.472 189.85 376.33 -13 15 1 0 1
-43.8935 -58.7142 98850 -4.09356 9.84154 195.622 377.679 -13 15 1 0 1
-19.8876 -55.2409 99200 22.1437 9.04159 194.447 379.01 -13 15 1 0 1
-15.521 -20.7086 99550 -15.7962 22.7256 193.948 380.346 -13 15 1 0 1
-24.2852 38.9923 99900 22.4789 34.1741 191.595 381.696 -13 15 1 0 1
23.9782 62.4695 100250 11.8799 5.6358 195.471 383.04 -13 15 1 0 1
-0.475341 77.0456 100600 -31.2655 -5.68992 193.318 384.375 -13 15 1 0 1
-15.7465 46.4012 100950 16.1672 -13.7152 194.762 385.712 -13 15 1 0 1
-38.3645 -36.3466 97100 -22.5585 8.84596 203.657 367.772 -13 16 1 0 1
-52.7542 -18.562 97450 2.95563 -2.66159 205.055 369.09 -13 16 1 0 1
-25.3264 -39.2097 97800 30.3801 -4.10154 202.789 370.411 -13 16 1 0 1
8.03206 -14.1319 98150 6.07549 20.9078 203.934 371.736 -13 16 1 0 1
25.6182 8.84057 98500 16.7567 1.03797 204.405 373.054 -13 16 1 0 1
48.7446 3.81187 98850 10.7958 4.92192 204.75 374.371 -13 16 1 0 1
46.8089 40.2083 99200 -23.0681 23.8226 202.395 375.694 -13 16 1 0 1
9.64221 41.1915 99550 -7.13208 -13.7187 204.51 377.017 -13 16 1 0 1
4.28135 14.4797 99900 -9.52818 -14.1792 204.381 378.335 -13 16 1 0 1
-25.6451 4.95893 100250 -21.5433 -3.46767 203.929 379.654 -13 16 1 0 1
-49.9119 -30.239 100600 6.56306 -32.8617 202.337 380.98 -13 16 1 0 1
-26.2553 -56.1898 100950 2.26021 1.15498 205.078 382.302 -13 16 1 0 1
28.9542 -47.4452 97100 -4.66167 -12.8195 223.196 362.202 -13 17 1 0 1
29.2081 -54.6713 97450 16.0069 3.98422 223.003 363.495 -13 17 1 0 1
65.9054 -13.8601 97800 7.31537 48.3679 218.196 364.805 -13 17 1 0 1
40.6954 36.2636 98150 -17.8327 9.0737 222.715 366.116 -13 17 1 0 1
31.508 35.6849 98500 -0.790215 -5.80902 223.536 367.409 -13 17 1 0 1
18.1854 38.2018 98850 -18.56 11.6715 222.535 368.702 -13 17 1 0 1
-34.7687 40.0173 99200 -36.7177 -24.9351 219.163 370.01 -13 17 1 0 1
-56.142 -8.51921 99550 -1.25742 -18.008 222.883 371.318 -13 17 1 0 1
-63.9639 -5.54082 99900 -1.48632 16.2551 223.016 372.612 -13 17 1 0 1
-56.9408 -1.01371 100250 4.25128 -17.2902 222.902 373.905 -13 17 1 0 1
-27.855 -44.9072 100600 40.2063 -18.2483 219.21 375.213 -13 17 1 0 1
23.8836 -33.9229 100950 16.4275 14.945 222.507 376.521 -13 17 1 0 1
2.69523 -27.5534 97100 -14.731 -21.2296 202.577 367.494 -13 18 1 0 1
-26.1451 -45.1383 97450 -6.89277 -9.16533 203.896 368.815 -13 18 1 0 1
-0.763719 -64.7214 97800 31.9262 2.10239 201.696 370.138 -13 18 1 0 1
22.9743 -38.3065 98150 -6.88966 13.3241 203.667 371.462 -13 18 1 0 1
1.9347 -16.5991 98500 -7.24562 18.2476 203.272 372.781 -13 18 1 0 1
12.0956 13.5064 98850 10.9518 16.4156 203.263 374.102 -13 18 1 0 1
4.97623 47.1925 99200 -23.2966 12.8115 202.48 375.425 -13 18 1 0 1
-23.7371 45.9331 99550 -1.19759 -1.60881 204.208 376.745 -13 18 1 0 1
-1.15114 45.2094 99900 19.322 -10.1488 203.049 378.063 -13 18 1 0 1
2.66909 17.7314 100250 -12.5316 -14.3877 203.325 379.384 -13 18 1 0 1
-12.3898 -15.2095 100600 5.37229 -22.9933 202.849 380.706 -13 18 1 0 1
8.07588 -39.3197 100950 6.09982 -9.38016 203.912 382.026 -13 18 1 0 1
-64.8593 -8.6 97100 -6.71415 32.139 202.725 367.782 -13 19 1 0 1
-47.7473 21.8706 97450 11.1594 -3.46724 205.034 369.104 -13 19 1 0 1
-27.9915 0.000572032 97800 19.8048 -10.3114 204.15 370.422 -13 19 1 0 1
7.42465 10.4866 98150 19.5348 14.533 203.919 371.743 -13 19 1 0 1
50.0059 8.16298 98500 20.3071 -24.7342 202.858 373.069 -13 19 1 0 1
58.2323 -28.3409 98850 3.16956 -4.7871 205.287 374.39 -13 19 1 0 1
66.2005 -0.0214418 99200 -9.35367 28.9274 203.104 375.71 -13 19 1 0 1
32.7928 11.2029 99550 -17.3244 -15.0117 204.084 377.033 -13 19 1 0 1
-6.8322 -12.8223 99900 -31.0419 1.75855 203 378.359 -13 19 1 0 1
-46.2115 12.7616 100250 -18.4122 11.9182 204.193 379.684 -13 19 1 0 1
-77.5168 -9.7588 100600 -2.8048 -34.8772 202.365 381.009 -13 19 1 0 1
-60.3756 -36.3132 100950 4.49259 10.1193 205.069 382.331 -13 19 1 0 1
6.86457 -10.7157 97100 -4.00782 -18.6327 197.717 368.398 -13 20 1 0 1
-10.3554 -31.5741 97450 -5.3888 -8.99525 198.357 369.725 -13 20 1 0 1
7.5708 -45.787 97800 21.9702 2.94815 197.393 371.052 -13 20 1 0 1
23.2778 -27.4206 98150 -5.29486 6.39705 198.46 372.379 -13 20 1 0 1
3.32613 -18.8729 98500 -10.9628 10.7077 198.042 373.704 -13 20 1 0 1
3.13185 4.64089 98850 5.99422 12.7576 198.133 375.03 -13 20 1 0 1
-2.1643 27.4811 99200 -14.7804 7.3049 197.948 376.356 -13 20 1 0 1
-21.3023 26.431 99550 -2.02578 0.352837 198.623 377.681 -13 20 1 0 1
-7.36787 32.4598 99900 14.7392 -1.99228 198.076 379.005 -13 20 1 0 1
0.311808 17.009 100250 -6.653 -9.70728 198.285 380.33 -13 20 1 0 1
-9.44078 -6.0472 100600 3.43208 -15.7883 197.976 381.656 -13 20 1 0 1
5.87231 -22.2062 100950 5.93995 -5.45929 198.47 382.981 -13 20 1 0 1
3.43476 15.9222 97100 15.8414 5.26219 196.917 368.059 -13 21 1 0 1
26.6238 12.3153 97450 7.88736 -0.171246 197.465 369.386 -13 21 1 0 1
26.5105 28.843 97800 -11.5926 11.4237 196.951 370.712 -13 21 1 0 1
11.7275 28.704 98150 2.21389 -7.74853 197.458 372.038 -13 21 1 0 1
18.9263 2.65312 98500 -5.0422 -19.7068 196.573 373.366 -13 21 1 0 1
-4.95516 -15.9871 98850 -13.0601 -4.46112 197.14 374.696 -13 21 1 0 1
-10.9419 -32.9648 99200 8.74575 -10.9442 197.126 376.022 -13 21 1 0 1
-0.22121 -40.4792 99550 -5.10726 -1.75802 197.549 377.348 -13 21 1 0 1
-28.6469 -28.4346 99900 -14.4596 22.2306 195.835 378.678 -13 21 1 0 1
-23.5081 5.54799 100250 10.5327 8.62749 197.153 380.01 -13 21 1 0 1
-13.7418 15.032 100600 -0.198037 4.89654 197.562 381.335 -13 21 1 0 1
-15.1665 27.7492 100950 3.3976 11.8982 197.235 382.66 -13 21 1 0 1
13.0524 9.85401 97100 -5.87899 -33.152 202.197 368.706 -13 22 1 0 1
-24.0835 -26.5657 97450 -22.9049 -15.4529 203.11 370.036 -13 22 1 0 1
-24.718 -71.6503 97800 29.2625 -23.407 201.527 371.365 -13 22 1 0 1
12.9762 -75.6222 98150 -2.05786 4.08545 204.93 372.689 -13 22 1 0 1
-23.9201 -57.3226 98500 -22.1232 29.0217 201.706 374.014 -13 22 1 0 1
-14.1786 -10.0301 98850 22.9421 16.7573 203.003 375.343 -13 22 1 0 1
11.9625 27.3784 99200 -3.64233 27.8011 203.054 376.669 -13 22 1 0 1
-7.35636 60.1081 99550 -2.13595 14.611 204.448 377.991 -13 22 1 0 1
30.3906 71.6445 99900 33.8552 -16.3071 201.507 379.317 -13 22 1 0 1
42.3285 34.4666 100250 -15.9264 -9.13139 204.157 380.643 -13 22 1 0 1
1.60804 20.3874 100600 -21.3886 -20.8538 202.793 381.967 -13 22 1 0 1
-5.54932 -25.0224 100950 2.25328 -24.7278 203.472 383.293 -13 22 1 0 1
108.446 -55.3197 97100 -42.5263 -50.0487 192.744 375.547 -13 23 1 0 1
29.2459 -53.382 97450 -21.3232 35.2703 199.412 376.91 -13 23 1 0 1
-12.5605 4.74681 97800 -39.2957 14.6911 199.258 378.254 -13 23 1 0 1
-78.7386 -3.63066 98150 -34.2576 -0.550417 200.723 379.594 -13 23 1 0 1
-107.87 63.4299 98500 28.0177 57.8433 193.217 380.951 -13 23 1 0 1
-43.5759 85.0748 98850 11.3486 -22.9434 202.011 382.304 -13 23 1 0 1
-36.9654 21.3137 99200 22.2525 -39.651 198.485 383.643 -13 23 1 0 1
32.6667 -3.89742 99550 43.141 -1.93395 198.995 384.991 -13 23 1 0 1
80.9477 -58.434 99900 -10.112 -53.901 196.102 386.344 -13 23 1 0 1
41.5234 -101.157 100250 -1.1019 2.15239 203.612 387.684 -13 23 1 0 1
74.2775 -54.1817 100600 5.40954 52.794 196.589 389.022 -13 23 1 0 1
21.9646 -1.52261 100950 -43.777 3.86507 198.828 390.375 -13 23 1 0 1
-60.2187 -12.9657 97100 -18.5736 21.4532 210.659 366.431 -13 24 1 0 1
-67.3667 12.7834 97450 -0.943387 -4.08788 212.52 367.74 -13 24 1 0 1
-55.921 -25.9721 97800 27.545 -25.9718 209.163 369.055 -13 24 1 0 1
-7.71968 -24.4482 98150 18.7446 17.8688 210.978 370.374 -13 24 1 0 1
22.6635 -6.58002 98500 20.1417 -3.79172 211.571 371.685 -13 24 1 0 1
50.5228 -21.9414 98850 18.7638 -2.43621 211.718 372.994 -13 24 1 0 1
76.775 16.1915 99200 -5.94122 41.5834 208.37 374.314 -13 24 1 0 1
44.4752 44.9716 99550 -12.0372 -7.93694 212.072 375.632 -13 24 1 0 1
31.7546 14.2819 99900 -16.7668 -19.5287 210.998 376.942 -13 24 1 0 1
-9.6414 10.9305 100250 -28.0863 8.45468 210.528 378.256 -13 24 1 0 1
-58.1894 -5.75013 100600 -17.1629 -34.1874 209.091 379.577 -13 24 1 0 1
-60.179 -48.109 100950 -4.37528 -5.62986 212.442 380.892 -13 24 1 0 1
38.0878 -27.6377 97100 -20.2522 -6.00047 199.074 369.699 -13 25 1 0 1
16.0584 -7.98022 97450 -2.00794 22.247 198.942 371.025 -13 25 1 0 1
-5.39506 31.6004 97800 -28.1626 10.8022 197.906 372.358 -13 25 1 0 1
-44.0299 26.4243 98150 -10.5786 -0.427992 199.912 373.687 -13 25 1 0 1
-36.3169 48.2334 98500 22.2531 11.5111 198.618 375.012 -13 25 1 0 1
-12.148 35.8282 98850 -2.85787 -17.5145 199.404 376.339 -13 25 1 0 1
-14.7933 -6.27397 99200 13.7701 -25.3917 198.097 377.67 -13 25 1 0 1
23.4212 -27.1965 99550 18.042 -7.18051 199.248 379.001 -13 25 1 0 1
23.7289 -57.0451 99900 -21.7889 -15.8277 198.372 380.329 -13 25 1 0 1
-2.3344 -56.0912 100250 3.99247 6.87701 200.034 381.655 -13 25 1 0 1
23.2134 -30.3839 100600 8.515 27.9285 198.051 382.983 -13 25 1 0 1
2.4661 8.18661 100950 -20.3608 13.2418 198.713 384.315 -13 25 1 0 1
39.4088 22.1204 97100 44.1162 -15.8632 188.11 375.441 -13 26 1 0 1
84.159 -27.2759 97450 17.1805 -11.9772 192.729 376.797 -13 26 1 0 1
110.588 20.6033 97800 -15.0321 50.6011 186.539 378.153 -13 26 1 0 1
55.5785 42.3063 98150 -18.3113 -24.2275 191.471 379.513 -13 26 1 0 1
12.5415 -13.9493 98500 -41.8544 -15.7531 188.635 380.871 -13 26 1 0 1
-57.3807 4.33193 98850 -31.0162 12.4927 190.959 382.231 -13 26 1 0 1
-100.082 -36.7291 99200 7.05988 -49.8441 187.214 383.591 -13 26 1 0 1
-61.1197 -70.4167 99550 5.50408 13.9751 193.281 384.943 -13 26 1 0 1
-58.4914 -7.42107 99900 23.8118 40.9766 187.982 386.298 -13 26 1 0 1
12.1288 10.2961 100250 36.5037 -9.3857 190.165 387.661 -13 26 1 0 1
64.7308 34.0831 100600 6.95142 38.0227 189.972 389.015 -13 26 1 0 1
53.5165 76.5876 100950 6.35597 2.5208 193.744 390.358 -13 26 1 0 1
23.5402 -109.172 97100 -47.735 -28.9826 209.591 368.992 -13 27 1 0 1
-28.0303 -107.766 97450 6.3614 6.6438 216.708 370.312 -13 27 1 0 1
30.4661 -82.0025 97800 37.4449 44.7107 208.916 371.636 -13 27 1 0 1
24.1189 -5.12059 98150 -28.5304 32.7689 212.507 372.973 -13 27 1 0 1
3.12072 50.6726 98500 14.8718 33.6852 213.755 374.293 -13 27 1 0 1
34.299 87.2773 98850 2.48016 23.0384 215.662 375.605 -13 27 1 0 1
-27.7672 114.803 99200 -62.485 -19.5452 206.786 376.938 -13 27 1 0 1
-62.2711 51.6793 99550 16.6864 -25.2933 214.776 378.274 -13 27 1 0 1
-23.8732 21.9023 99900 17.1175 -25.893 214.671 379.585 -13 27 1 0 1
-28.5923 -31.4402 100250 -10.5969 -38.0939 213.269 380.9 -13 27 1 0 1
6.50208 -96.89 100600 57.2709 -16.5492 208.55 382.236 -13 27 1 0 1
66.8867 -79.9046 100950 3.51587 6.27819 216.784 383.561 -13 27 1 0 1
-4.06437 -24.3487 97100 -1.10645 16.4208 201.466 368.172 -13 28 1 0 1
16.1348 -2.3765 97450 18.948 10.5236 200.972 369.495 -13 28 1 0 1
31.8471 36.925 97800 -12.3275 28.8708 199.685 370.824 -13 28 1 0 1
4.26094 59.5069 98150 -2.23456 3.06576 202.102 372.15 -13 28 1 0 1
30.3796 48.9965 98500 17.296 -23.115 200.065 373.474 -13 28 1 0 1
21.818 13.1494 98850 -19.2903 -9.36091 200.997 374.801 -13 28 1 0 1
-8.4597 -10.0355 99200 -6.40797 -23.0578 200.716 376.127 -13 28 1 0 1
-1.91305 -46.8415 99550 -0.00907089 -18.0892 201.327 377.452 -13 28 1 0 1
-39.3382 -60.0057 99900 -32.392 16.4055 198.85 378.782 -13 28 1 0 1
-55.0887 -24.6283 100250 9.13287 5.58498 201.854 380.111 -13 28 1 0 1
-23.5612 -28.3854 100600 23.8616 6.04687 200.633 381.434 -13 28 1 0 1
-5.89517 6.53037 100950 0.0218866 26.1985 200.433 382.761 -13 28 1 0 1
-79.3133 75.0711 97100 51.4449 28.0834 214.709 364.146 -13 29 1 0 1
-15.3474 54.3133 97450 12.6701 -35.9093 219.283 365.47 -13 29 1 0 1
7.56161 -1.45144 97800 31.1025 -23.5981 219.114 366.782 -13 29 1 0 1
66.9685 -12.5723 98150 35.893 -9.09217 219.463 368.094 -13 29 1 0 1
88.0387 -79.2035 98500 -30.4986 -56.0771 213.214 369.422 -13 29 1 0 1
32.9359 -107.938 98850 -5.08761 9.73923 222.293 370.742 -13 29 1 0 1
59.4913 -62.5694 99200 7.85264 49.1297 216.932 372.053 -13 29 1 0 1
18.2395 -12.69 99550 -43.3866 9.2884 218.097 373.373 -13 29 1 0 1
-43.1159 26.2168 99900 -16.3114 47.8525 216.747 374.696 -13 29 1 0 1
-40.1338 91.1432 100250 -7.8274 25.8347 220.922 376.012 -13 29 1 0 1
-102.206 81.6242 100600 -40.2128 -50.6965 212.951 377.335 -13 29 1 0 1
-96.8865 19.5567 100950 27.6515 -1.35291 220.836 378.658 -13 29 1 0 1
-1.13532 -1.61733 97100 16.3739 -8.48312 201.463 366.881 -13 30 1 0 1
16.0223 -27.0347 97450 10.2526 -14.0185 201.558 368.203 -13 30 1 0 1
51.5839 -23.9034 97800 19.0261 23.9211 199.983 369.53 -13 30 1 0 1
54.5107 8.66386 98150 -4.32363 0.947492 202.257 370.855 -13 30 1 0 1
40.8365 -14.1939 98500 -19.3937 -14.6452 200.84 372.177 -13 30 1 0 1
8.19829 -7.76549 98850 -12.3874 15.4993 201.33 373.501 -13 30 1 0 1
-20.4469 8.43011 99200 -20.4239 -5.24817 201.203 374.825 -13 30 1 0 1
-43.6238 -10.2974 99550 -10.7969 -4.07787 201.976 376.147 -13 30 1 0 1
-57.5149 15.7445 99900 7.04226 27.4174 200.315 377.471 -13 30 1 0 1
-33.6369 31.7009 100250 6.3363 -8.88252 202.011 378.795 -13 30 1 0 1
-24.7907 2.13482 100600 14.7023 -16.8853 201.063 380.118 -13 30 1 0 1
8.52002 -0.95579 100950 18.1487 6.58671 201.382 381.442 -13 30 1 0 1
-25.9099 23.8936 97100 -30.376 -0.797286 193.568 381.102 -13 31 1 0 1
-78.53 44.2614 97450 -35.3202 3.45424 192.698 382.446 -13 31 1 0 1
-129.611 -36.9648 97800 22.4251 -75.5711 179.383 383.843 -13 31 1 0 1
-41.1523 -77.249 98150 29.3058 22.1912 192.46 385.241 -13 31 1 0 1
-5.12508 -34.0528 98500 26.0643 12.8174 193.774 386.585 -13 31 1 0 1
54.6237 -44.1739 98850 41.8493 -8.24075 191.24 387.932 -13 31 1 0 1
128.079 24.4388 99200 -4.34509 77.4193 179.943 389.333 -13 31 1 0 1
59.9791 84.8168 99550 -23.4144 -12.3316 194.144 390.722 -13 31 1 0 1
39.6332 38.773 99900 -21.3177 -26.1552 193.012 392.063 -13 31 1 0 1
-25.7872 36.358 100250 -45.6459 12.2853 190.152 393.416 -13 31 1 0 1
-114.56 -13.313 100600 -14.132 -71.9365 181.708 394.815 -13 31 1 0 1
-75.3826 -89.6368 100950 12.7147 -0.394895 195.526 396.194 -13 31 1 0 1
-66.4484 56.6043 97100 39.9737 21.3531 188.379 374.447 -13 32 1 0 1
-11.1135 31.8319 97450 9.12312 -32.1409 190.851 375.804 -13 32 1 0 1
20.0608 -19.1257 97800 33.905 -10.2072 190.491 377.156 -13 32 1 0 1
74.4632 -9.90424 98150 23.0347 -2.00872 192.369 378.503 -13 32 1 0 1
80.5417 -68.6191 98500 -34.8989 -40.2247 186.291 379.862 -13 32 1 0 1
20.4775 -70.6731 98850 -6.49323 22.9039 192.286 381.221 -13 32 1 0 1
18.4973 -16.7405 99200 -16.4182 29.8009 190.743 382.567 -13 32 1 0 1
-37.1496 3.21129 99550 -33.7803 3.69923 190.75 383.918 -13 32 1 0 1
-71.637 57.5701 99900 16.0053 46.2176 187.479 385.279 -13 32 1 0 1
-29.471 88.3855 100250 0.971617 -5.81995 193.664 386.63 -13 32 1 0 1
-57.85 43.7936 100600 -3.50905 -44.1541 188.623 387.978 -13 32 1 0 1
-11.6115 -0.540479 100950 35.9072 -2.95451 190.375 389.337 -13 32 1 0 1
-19.5408 72.1364 97100 34.7263 23.8493 198.071 369.205 -13 33 1 0 1
26.673 74.0919 97450 2.02534 -3.27638 202.464 370.537 -13 33 1 0 1
-7.65458 66.3899 97800 -26.2639 -20.7406 199.717 371.863 -13 33 1 0 1
-5.63406 21.4835 98150 22.2843 -20.5395 200.22 373.194 -13 33 1 0 1
19.8306 -29.6971 98500 -9.21794 -36.7259 198.93 374.531 -13 33 1 0 1
-14.0144 -70.09 98850 -8.50097 -16.8319 201.621 375.864 -13 33 1 0 1
24.7316 -91.0585 99200 41.4586 12.1627 197.838 377.197 -13 33 1 0 1
44.2344 -52.2187 99550 -18.2605 10.7157 201.391 378.531 -13 33 1 0 1
-7.70956 -29.4549 99900 -25.1341 31.6315 198.43 379.866 -13 33 1 0 1
-8.49487 33.0266 100250 8.16742 30.8602 199.969 381.206 -13 33 1 0 1
-37.4372 71.8682 100600 -38.3045 -0.448884 198.845 382.541 -13 33 1 0 1
-70.7377 54.762 100950 3.78986 4.64785 202.412 383.869 -13 33 1 0 1
49.6792 90.2287 97100 50.4573 -25.7473 157.76 392.553 -13 34 1 0 1
63.4482 15.9318 97450 -21.8132 -12.571 165.72 393.982 -13 34 1 0 1
16.6232 -0.787802 97800 -14.5908 -18.4331 165.965 395.377 -13 34 1 0 1
18.16 -51.9419 98150 1.40387 -27.7721 165.299 396.773 -13 34 1 0 1
-47.3395 -87.5027 98500 -48.608 23.3178 158.716 398.199 -13 34 1 0 1
-61.6544 -18.9325 98850 21.1075 10.9999 165.923 399.623 -13 34 1 0 1
-12.1901 -3.813 99200 17.1003 19.3509 165.621 401.018 -13 34 1 0 1
-11.3675 48.9054 99550 -1.46159 26.489 165.509 402.415 -13 34 1 0 1
47.1568 79.8686 99900 42.8555 -22.1407 160.531 403.833 -13 34 1 0 1
57.0557 19.2439 100250 -20.723 -8.4978 166.119 405.247 -13 34 1 0 1
5.84936 5.30664 100600 -18.5189 -20.8537 165.286 406.644 -13 34 1 0 1
3.49477 -49.3476 100950 0.59694 -25.249 165.708 408.042 -13 34 1 0 1
-37.1759 -1.82568 97100 -3.05117 14.7977 175.007 379.467 -13 35 1 0 1
-27.2002 11.2644 97450 4.64982 -5.28487 175.517 380.832 -13 35 1 0 1
-11.4901 -8.08294 97800 15.8931 -4.84638 174.871 382.199 -13 35 1 0 1
15.0223 5.30331 98150 10.044 9.6276 175.106 383.567 -13 35 1 0 1
38.865 -0.953027 98500 5.64274 -17.7124 174.672 384.934 -13 35 1 0 1
31.7594 -21.2776 98850 -1.9212 2.20849 175.634 386.3 -13 35 1 0 1
27.89 1.30676 99200 -11.2722 12.9934 174.814 387.666 -13 35 1 0 1
-0.675328 -1.91923 99550 -12.4603 -10.6202 174.894 389.035 -13 35 1 0 1
-32.4638 -3.39391 99900 -13.2463 15.4928 174.472 390.405 -13 35 1 0 1
-38.0822 23.0043 100250 -2.87554 2.2147 175.621 391.772 -13 35 1 0 1
-45.7215 -2.42384 100600 8.16094 -21.1416 174.19 393.14 -13 35 1 0 1
-15.9226 -8.78836 100950 11.7234 11.783 174.87 394.51 -13 35 1 0 1
-1.3887 13.4339 97100 -7.05742 -14.2297 196.87 370.066 -13 36 1 0 1
-27.2933 0.369286 97450 -17.7018 -6.76685 196.598 371.395 -13 36 1 0 1
-39.3752 -37.2715 97800 15.7329 -27.2181 194.992 372.73 -13 36 1 0 1
-6.08841 -51.5296 98150 5.49906 3.96851 197.393 374.064 -13 36 1 0 1
-17.1246 -36.2353 98500 -5.93356 16.1879 196.756 375.39 -13 36 1 0 1
-0.987715 -16.6829 98850 19.6449 3.7445 196.495 376.719 -13 36 1 0 1
31.8489 8.71787 99200 4.87979 27.6979 195.497 378.054 -13 36 1 0 1
18.8235 41.9745 99550 -3.74 7.51124 197.331 379.386 -13 36 1 0 1
34.3121 37.1554 99900 10.107 -15.9082 196.608 380.713 -13 36 1 0 1
24.2077 19.1857 100250 -16.7154 2.20635 196.789 382.041 -13 36 1 0 1
-17.1019 14.6187 100600 -21.4687 -18.8747 195.43 383.376 -13 36 1 0 1
-28.2965 -24.1787 100950 -1.96479 -14.5092 196.966 384.709 -13 36 1 0 1
10.0001 17.9479 97100 8.95933 -5.20759 194.512 368.856 -13 37 1 0 1
14.0144 7.45273 97450 -2.88094 -1.66916 194.76 370.186 -13 37 1 0 1
5.11662 7.73359 97800 -5.70484 -2.05887 194.694 371.514 -13 37 1 0 1
2.52711 -1.18636 98150 1.64716 -6.14229 194.684 372.843 -13 37 1 0 1
-1.4898 -13.1375 98500 -7.78728 -4.21803 194.587 374.172 -13 37 1 0 1
-12.2107 -14.6042 98850 -1.50306 -2.03283 194.772 375.501 -13 37 1 0 1
-2.63789 -21.8111 99200 11.0121 -0.246177 194.476 376.83 -13 37 1 0 1
6.03766 -13.9097 99550 -2.57366 4.08726 194.728 378.16 -13 37 1 0 1
-2.81388 -5.03553 99900 -3.01603 8.18276 194.593 379.489 -13 37 1 0 1
0.560115 8.56516 100250 2.82617 6.34351 194.664 380.818 -13 37 1 0 1
-5.91589 18.6621 100600 -9.80933 1.17934 194.537 382.147 -13 37 1 0 1
-16.2364 15.4027 100950 0.0426582 0.999345 194.786 383.476 -13 37 1 0 1
11.0756 100.953 97100 54.6069 -12.2492 194.526 369.671 -13 38 1 0 1
45.4461 45.2872 97450 -13.4734 -23.6525 200.578 371.02 -13 38 1 0 1
15.7352 11.5152 97800 -7.41725 -24.7242 200.764 372.348 -13 38 1 0 1
31.6083 -33.4946 98150 13.1116 -29.2236 199.866 373.678 -13 38 1 0 1
1.16599 -93.3154 98500 -51.6399 -14.7204 195.164 375.027 -13 38 1 0 1
-53.8401 -74.1113 98850 0.657862 8.21046 202.249 376.369 -13 38 1 0 1
-12.5609 -69.9715 99200 33.4396 17.4171 198.874 377.698 -13 38 1 0 1
-3.46953 -18.0118 99550 -17.67 30.0895 199.386 379.034 -13 38 1 0 1
-10.9346 45.7724 99900 24.5071 34.2666 197.984 380.377 -13 38 1 0 1
37.1726 72.4417 100250 10.877 12.1439 201.759 381.712 -13 38 1 0 1
-1.89436 98.526 100600 -46.8661 -6.42795 196.811 383.047 -13 38 1 0 1
-31.0105 55.5493 100950 15.6142 -19.9423 200.826 384.386 -13 38 1 0 1
-26.88 6.51278 97100 22.6074 14.0578 179.7 377.312 -13 39 1 0 1
17.8255 -3.60842 97450 19.241 -12.8376 180.182 378.676 -13 39 1 0 1
56.8718 7.38773 97800 9.35838 27.2019 179.369 380.04 -13 39 1 0 1
50.4198 38.5368 98150 1.11936 -2.78771 181.636 381.398 -13 39 1 0 1
53.9573 -3.58216 98500 -16.324 -30.2457 178.38 382.762 -13 39 1 0 1
3.80737 -14.507 98850 -21.5035 11.1823 180.037 384.131 -13 39 1 0 1
-33.3015 -14.6497 99200 -12.0666 -17.2017 180.442 385.491 -13 39 1 0 1
-41.2616 -43.2328 99550 -9.58223 -4.17048 181.36 386.847 -13 39 1 0 1
-69.9266 -6.17484 99900 2.60383 39.0793 177.389 388.215 -13 39 1 0 1
-29.368 24.6895 100250 19.1643 -7.39368 180.496 389.586 -13 39 1 0 1
1.81348 12.1299 100600 15.5318 3.85593 180.955 390.943 -13 39 1 0 1
24.3736 34.6053 100950 14.5964 11.1131 180.732 392.299 -13 39 1 0 1
55.296 15.9858 97100 7.38718 -36.2897 177.732 376.977 -13 40 1 0 1
28.0829 -24.5745 97450 -16.3537 -1.25327 180.807 378.346 -13 40 1 0 1
10.0441 -21.8006 97800 -5.44647 -0.833755 181.466 379.699 -13 40 1 0 1
-2.70919 -33.1934 98150 -12.3017 -9.3063 180.893 381.051 -13 40 1 0 1
-45.8436 -24.3878 98500 -17.5482 27.0778 178.659 382.416 -13 40 1 0 1
-38.8177 15.1694 98850 10.0327 3.4931 181.239 383.779 -13 40 1 0 1
-24.0131 6.35399 99200 10.0775 -4.74797 181.208 385.132 -13 40 1 0 1
-4.16829 16.9495 99550 10.7577 12.4505 180.803 386.486 -13 40 1 0 1
33.1209 21.9578 99900 19.4962 -16.8466 179.712 387.847 -13 40 1 0 1
38.7079 -9.59359 100250 -3.84462 -4.13417 181.462 389.205 -13 40 1 0 1
30.3234 2.38951 100600 -10.722 8.52037 181.032 390.558 -13 40 1 0 1
8.04263 -5.08012 100950 -9.51558 -12.6469 180.859 391.912 -13 40 1 0 1
18.9303 21.5233 97100 27.4458 -23.4729 203.078 365.567 -13 41 1 0 1
33.2865 -26.1428 97450 2.00735 -19.7496 205.307 366.893 -13 41 1 0 1
57.1489 -30.4447 97800 16.5061 17.7469 204.835 368.211 -13 41 1 0 1
60.3898 -11.2458 98150 -6.0532 -8.00401 206.02 369.527 -13 41 1 0 1
26.7136 -43.0834 98500 -37.2755 -8.80174 202.677 370.852 -13 41 1 0 1
-17.6728 -19.9169 98850 -10.3988 19.813 205.047 372.18 -13 41 1 0 1
-35.1381 -5.14261 99200 -11.0313 -4.09875 205.928 373.495 -13 41 1 0 1
-50.9244 -10.4545 99550 -11.5416 7.50341 205.804 374.809 -13 41 1 0 1
-54.5837 35.275 99900 21.9898 33.0192 202.413 376.135 -13 41 1 0 1
-11.5274 48.5231 100250 11.0941 -8.9752 205.77 377.461 -13 41 1 0 1
-8.98477 29.4124 100600 2.22114 -12.5424 205.871 378.775 -13 41 1 0 1
11.8408 18.8857 100950 20.4645 -1.995 205.237 380.09 -13 41 1 0 1
-86.7578 19.6703 97100 23.666 43.9849 184.237 376.034 -13 42 1 0 1
-21.0316 32.7985 97450 24.9426 -20.3282 188.156 377.401 -13 42 1 0 1
24.7567 8.62655 97800 27.1176 6.6298 188.835 378.751 -13 42 1 0 1
63.2862 36.5733 98150 23.4503 6.68469 189.324 380.098 -13 42 1 0 1
103.652 -18.9689 98500 -10.8291 -57.2427 181.78 381.47 -13 42 1 0 1
44.3137 -57.1397 98850 -20.8726 13.6758 189.249 382.843 -13 42 1 0 1
17.2311 -21.7282 99200 -21.7818 12.6594 189.218 384.188 -13 42 1 0 1
-32.5071 -31.8665 99550 -31.9983 -11.5139 187.834 385.538 -13 42 1 0 1
-97.4223 7.96394 99900 -9.07293 56.8959 181.985 386.915 -13 42 1 0 1
-63.8079 66.3585 100250 11.5021 -2.14829 190.529 388.283 -13 42 1 0 1
-60.8944 26.1262 100600 13.6457 -30.9414 187.868 389.629 -13 42 1 0 1
-7.96041 16.8569 100950 33.3508 15.5339 187.309 390.984 -13 42 1 0 1
14.4371 -26.1902 97100 -21.3188 1.87044 201.043 368.103 -13 43 1 0 1
-4.25577 -2.21713 97450 -1.36979 17.3917 201.425 369.427 -13 43 1 0 1
-18.1008 20.1012 97800 -16.0982 3.04295 201.514 370.748 -13 43 1 0 1
-37.19 17.8459 98150 -4.13328 4.83989 202.079 372.068 -13 43 1 0 1
-21.8354 40.2805 98500 23.9935 7.57726 200.607 373.391 -13 43 1 0 1
4.71692 25.3283 98850 1.48194 -14.6022 201.645 374.715 -13 43 1 0 1
6.39044 1.6544 99200 7.43276 -11.4945 201.715 376.035 -13 43 1 0 1
27.0314 -11.1058 99550 11.7281 -9.3452 201.622 377.356 -13 43 1 0 1
23.4387 -43.7934 99900 -22.2084 -17.1619 200.221 378.681 -13 43 1 0 1
-8.32288 -44.0156 100250 -3.51558 6.441 202.046 380.005 -13 43 1 0 1
2.73936 -31.3199 100600 6.8067 13.0896 201.64 381.325 -13 43 1 0 1
-8.75153 -9.20816 100950 -16.2249 10.9803 201.228 382.646 -13 43 1 0 1
14.1821 148.613 97100 76.4385 -17.1924 192.401 374.01 -13 44 1 0 1
54.7545 68.9573 97450 -26.9349 -34.4076 203.094 375.382 -13 44 1 0 1
2.2142 8.00311 97800 -9.5281 -48.5994 201.752 376.727 -13 44 1 0 1
32.906 -68.0767 98150 19.9257 -42.3405 202.403 378.075 -13 44 1 0 1
-17.6109 -142.665 98500 -75.7687 -6.37124 193.327 379.446 -13 44 1 0 1
-79.7485 -97.1684 98850 13.9622 15.3366 206.704 380.803 -13 44 1 0 1
-9.09056 -78.1967 99200 45.4524 36.3751 199.418 382.145 -13 44 1 0 1
-1.69072 8.75985 99550 -21.1059 48.0552 201.002 383.503 -13 44 1 0 1
13.3093 92.8777 99900 50.1411 30.086 199.342 384.86 -13 44 1 0 1
78.5753 100.662 100250 5.57064 10.653 207.394 386.198 -13 44 1 0 1
8.28964 130.878 100600 -71.6 -17.1157 194.261 387.553 -13 44 1 0 1
-32.4923 48.5547 100950 20.7281 -43.5913 202.057 388.923 -13 44 1 0 1
-7.78752 18.105 97100 14.5756 1.88645 190.547 370.466 -13 45 1 0 1
9.58559 6.74524 97450 3.48727 -7.54261 190.933 371.803 -13 45 1 0 1
16.5989 2.37606 97800 3.86045 3.02596 191.05 373.138 -13 45 1 0 1
22.2697 5.41252 98150 4.55278 -3.59613 191.025 374.472 -13 45 1 0 1
22.7026 -16.7599 98500 -11.0751 -14.5107 190.24 375.809 -13 45 1 0 1
0.283436 -22.385 98850 -5.6705 3.32585 191 377.147 -13 45 1 0 1
-0.323312 -17.8222 99200 1.33898 2.60737 191.091 378.481 -13 45 1 0 1
-6.78474 -14.9073 99550 -9.18687 0.779254 190.891 379.816 -13 45 1 0 1
-25.5513 1.90348 99900 -2.46841 18.6671 190.183 381.154 -13 45 1 0 1
-15.1444 23.5177 100250 3.69185 3.34624 191.048 382.492 -13 45 1 0 1
-20.9743 18.9376 100600 -3.83254 -8.70158 190.877 383.827 -13 45 1 0 1
-14.5504 11.5527 100950 8.52952 3.6388 190.888 385.162 -13 45 1 0 1
-37.8247 60.4155 97100 19.1025 40.1916 211.236 366.472 -13 46 1 0 1
0.0163747 92.3146 97450 2.38769 8.05222 215.709 367.787 -13 46 1 0 1
-43.5863 85.1031 97800 -33.9197 -31.7897 210.807 369.102 -13 46 1 0 1
-40.4313 33.6121 98150 28.4685 -14.2368 213.513 370.423 -13 46 1 0 1
11.0161 2.70491 98500 19.1713 -36.105 211.966 371.743 -13 46 1 0 1
9.5746 -58.682 98850 -1.36617 -32.6336 213.387 373.063 -13 46 1 0 1
57.2915 -87.3365 99200 47.7148 15.5111 209.961 374.387 -13 46 1 0 1
85.3184 -51.6553 99550 -11.0211 0.0656665 215.591 375.703 -13 46 1 0 1
27.8811 -69.602 99900 -52.7196 8.30724 209.171 377.026 -13 46 1 0 1
-16.101 -12.039 100250 -3.17722 40.5618 212.004 378.359 -13 46 1 0 1
-43.2683 36.4411 100600 -34.7982 8.9517 212.861 379.678 -13 46 1 0 1
-89.2916 37.093 100950 -16.477 15.244 214.702 380.99 -13 46 1 0 1
-4.41366 -26.5755 97100 -0.0435379 15.7939 198.018 369.757 -13 47 1 0 1
17.9795 -6.4752 97450 20.6039 9.1116 197.366 371.085 -13 47 1 0 1
38.5743 34.9676 97800 -10.8896 32.3111 195.699 372.422 -13 47 1 0 1
9.04273 61.3577 98150 -3.39045 2.66474 198.601 373.755 -13 47 1 0 1
33.2292 48.2085 98500 14.7979 -24.2683 196.603 375.083 -13 47 1 0 1
19.9549 13.2366 98850 -21.3956 -7.60816 197.345 376.416 -13 47 1 0 1
-14.6995 -10.8583 99200 -7.42658 -25.6698 196.842 377.749 -13 47 1 0 1
-7.44338 -50.8582 99550 -0.110304 -17.4481 197.88 379.081 -13 47 1 0 1
-45.731 -59.2498 99900 -30.2493 20.4878 195.259 380.416 -13 47 1 0 1
-55.1673 -21.2148 100250 12.2831 4.56487 198.215 381.75 -13 47 1 0 1
-19.3378 -24.3148 100600 24.5036 8.28822 196.956 383.08 -13 47 1 0 1
-1.18987 14.0891 100950 1.44424 26.4447 196.874 384.414 -13 47 1 0 1
-36.5242 -2.54603 97100 -12.1364 4.48293 209.383 366.071 -13 48 1 0 1
-50.1415 2.83778 97450 -7.4338 -8.08005 209.495 367.38 -13 48 1 0 1
-43.5143 -36.9311 97800 26.2578 -24.7925 206.651 368.698 -13 48 1 0 1
-0.0759653 -38.7844 98150 12.5141 11.8257 209.075 370.018 -13 48 1 0 1
9.31045 -24.7363 98500 4.77762 4.06217 209.689 371.327 -13 48 1 0 1
27.0061 -22.4951 98850 18.1498 3.14938 208.972 372.636 -13 48 1 0 1
53.7116 12.6293 99200 -2.46385 35.7713 206.696 373.956 -13 48 1 0 1
28.1917 43.4852 99550 -9.61932 0.44548 209.562 375.274 -13 48 1 0 1
27.9727 29.8201 99900 -1.44244 -14.2282 209.295 376.583 -13 48 1 0 1
6.63369 21.6889 100250 -21.347 4.92107 208.636 377.894 -13 48 1 0 1
-38.592 10.0956 100600 -20.7728 -27.6375 206.914 379.215 -13 48 1 0 1
-44.9536 -31.7124 100950 -1.4566 -10.9448 209.492 380.533 -13 48 1 0 1
-19.3596 23.9263 97100 20.6095 4.06364 200.873 366.418 -13 49 1 0 1
5.37266 8.45446 97450 5.98106 -13.6561 201.417 367.741 -13 49 1 0 1
20.7235 -4.7646 97800 12.311 2.03868 201.582 369.061 -13 49 1 0 1
37.047 2.0428 98150 8.41757 -2.88244 201.772 370.381 -13 49 1 0 1
39.0036 -27.3758 98500 -15.5158 -21.7687 200.191 371.705 -13 49 1 0 1
9.68086 -35.4271 98850 -6.44647 6.75634 201.752 373.029 -13 49 1 0 1
9.0744 -19.5634 99200 -2.51632 10.4324 201.683 374.348 -13 49 1 0 1
-8.88472 -11.896 99550 -16.0245 0.530405 201.331 375.668 -13 49 1 0 1
-35.1835 9.33667 99900 -3.74549 25.1411 200.362 376.993 -13 49 1 0 1
-25.1096 37.933 100250 1.32607 4.96563 201.903 378.317 -13 49 1 0 1
-39.733 26.0046 100600 -6.40008 -19.2841 200.944 379.637 -13 49 1 0 1
-27.5424 8.03169 100950 13.72 3.64197 201.469 380.959 -13 49 1 0 1
54.0293 -29.9042 97100 9.68741 -46.9554 212.703 364.79 -13 50 1 0 1
43.4895 -85.4396 97450 4.75198 -15.6942 217.422 366.106 -13 50 1 0 1
90.9802 -64.0242 97800 25.522 49.0234 210.918 367.425 -13 50 1 0 1
73.105 -9.06522 98150 -28.7171 1.39985 216.135 368.748 -13 50 1 0 1
16.6338 -16.672 98500 -38.1843 10.8869 214.394 370.063 -13 50 1 0 1
-21.123 29.5335 98850 -16.5307 31.5254 215.114 371.381 -13 50 1 0 1
-75.7644 43.2203 99200 -38.2459 -27.0034 212.954 372.701 -13 50 1 0 1
-97.4349 1.43623 99550 -0.65192 0.177994 218.038 374.013 -13 50 1 0 1
-77.2565 45.2006 99900 38.3678 29.2515 212.635 375.327 -13 50 1 0 1
-21.6421 35.0186 100250 16.147 -29.3593 215.45 376.647 -13 50 1 0 1
10.3947 -8.92349 100600 32.4507 -12.157 215.268 377.961 -13 50 1 0 1
60.516 -3.98475 100950 26.8332 -0.0724668 216.382 379.272 -13 50 1 0 1
28.5513 35.9643 97100 25.0049 -13.985 190.763 370.189 -13 51 1 0 1
42.7799 4.99413 97450 -2.89898 -5.8999 192.79 371.528 -13 51 1 0 1
31.5677 13.3341 97800 -12.14 5.5324 192.44 372.861 -13 51 1 0 1
16.3849 1.33245 98150 -2.49998 -15.8496 192.234 374.195 -13 51 1 0 1
-4.93743 -28.1458 98500 -24.2531 -5.68042 191.287 375.534 -13 51 1 0 1
-36.2437 -18.6005 98850 -7.45321 2.26105 192.745 376.872 -13 51 1 0 1
-30.9988 -35.4143 99200 16.25 -10.3929 191.936 378.206 -13 51 1 0 1
-11.7792 -28.888 99550 -2.13114 11.8906 192.524 379.541 -13 51 1 0 1
-15.5543 3.18532 99900 9.18039 19.7396 191.67 380.879 -13 51 1 0 1
12.6607 18.9525 100250 12.8363 3.56535 192.442 382.216 -13 51 1 0 1
15.0288 37.3123 100600 -12.751 10.4177 192.198 383.551 -13 51 1 0 1
-0.641125 39.0106 100950 3.69722 -2.5126 192.851 384.884 -13 51 1 0 1
-14.4518 50.2301 97100 13.111 14.0251 177.912 379.501 -13 52 1 0 1
2.24083 56.8055 97450 -7.88002 0.199356 178.771 380.86 -13 52 1 0 1
-37.9636 33.6244 97800 -13.0264 -32.2642 175.529 382.231 -13 52 1 0 1
-13.3161 -12.3451 98150 21.7334 -8.88718 177.397 383.606 -13 52 1 0 1
7.84569 -38.9721 98500 -6.16896 -17.771 177.953 384.97 -13 52 1 0 1
-5.79012 -60.3251 98850 6.04934 -9.23471 178.604 386.33 -13 52 1 0 1
45.0535 -53.1228 99200 25.988 31.1576 174.284 387.706 -13 52 1 0 1
34.7898 0.174486 99550 -20.8005 8.97912 177.505 389.085 -13 52 1 0 1
2.28842 18.1715 99900 -6.56406 16.6899 178.044 390.449 -13 52 1 0 1
2.76627 52.5177 100250 -5.86493 17.7673 177.964 391.811 -13 52 1 0 1
-52.9586 58.3091 100600 -33.0673 -29.1544 173.429 393.192 -13 52 1 0 1
-54.6296 3.20134 100950 16.3054 -6.99503 178.063 394.572 -13 52 1 0 1
29.9261 40.0239 97100 24.6688 -22.5045 177.254 376.826 -13 53 1 0 1
32.5139 -5.2065 97450 -10.2587 -10.8345 179.754 378.193 -13 53 1 0 1
22.4266 -13.7618 97800 -0.517722 -1.90151 180.361 379.548 -13 53 1 0 1
21.6729 -25.4017 98150 -3.60841 -13.055 179.862 380.902 -13 53 1 0 1
-15.7915 -45.3298 98500 -29.9246 8.46166 177.671 382.268 -13 53 1 0 1
-36.9301 -11.5817 98850 3.86642 9.54907 180.077 383.633 -13 53 1 0 1
-24.7206 -9.23888 99200 8.16721 0.578323 180.186 384.987 -13 53 1 0 1
-18.3965 6.54287 99550 -0.751325 14.7423 179.767 386.342 -13 53 1 0 1
3.25941 36.6924 99900 24.9937 3.70465 178.593 387.704 -13 53 1 0 1
30.8844 20.7066 100250 1.35659 -5.56558 180.281 389.065 -13 53 1 0 1
18.8881 23.5228 100600 -12.3996 -0.430429 179.945 390.419 -13 53 1 0 1
9.45891 6.3424 100950 3.09932 -13.185 179.863 391.775 -13 53 1 0 1
-41.8438 15.7786 97100 -6.01003 21.9825 204.265 367.534 -13 54 1 0 1
-38.5338 40.0939 97450 -3.66368 1.08849 205.497 368.851 -13 54 1 0 1
-53.3741 12.3616 97800 2.76107 -29.7 203.356 370.171 -13 54 1 0 1
-23.3973 -9.49274 98150 19.8168 4.8613 204.517 371.494 -13 54 1 0 1
9.33673 -6.87243 98500 16.739 -10.6392 204.573 372.813 -13 54 1 0 1
26.7442 -33.9085 98850 12.1527 -12.8057 204.773 374.131 -13 54 1 0 1
63.6149 -22.4347 99200 15.575 30.1778 202.707 375.455 -13 54 1 0 1
56.6383 10.6142 99550 -9.84323 -2.65811 205.279 376.777 -13 54 1 0 1
32.0458 -13.0152 99900 -25.5819 -9.65475 203.706 378.097 -13 54 1 0 1
-6.7893 3.73713 100250 -17.2069 19.2303 203.906 379.42 -13 54 1 0 1
-47.4589 12.8148 100600 -24.1635 -16.8929 203.407 380.745 -13 54 1 0 1
-66.555 -14.7094 100950 -7.829 0.351519 205.383 382.065 -13 54 1 0 1
136.315 86.5622 97100 54.0083 -70.5679 177.177 383.955 -13 55 1 0 1
115.595 -11.8941 97450 -36.5442 -0.263871 194.815 385.361 -13 55 1 0 1
40.3972 12.7578 97800 -49.776 -5.28361 191.789 386.719 -13 55 1 0 1
-18.8224 -52.2825 98150 -25.2521 -46.1184 191.113 388.087 -13 55 1 0 1
-119.529 -69.9082 98500 -56.0264 52.9437 182.61 389.487 -13 55 1 0 1
-127.532 12.516 98850 17.036 -0.152978 197.48 390.865 -13 55 1 0 1
-75.2826 -36.9952 99200 54.3192 -18.6786 189.708 392.221 -13 55 1 0 1
2.80082 8.15604 99550 26.4328 45.7518 191.041 393.597 -13 55 1 0 1
85.8606 45.9137 99900 53.9194 -27.2886 188.777 394.975 -13 55 1 0 1
124.828 -11.7084 100250 6.60422 -0.796722 198.102 396.332 -13 55 1 0 1
104.87 57.0314 100600 -52.4264 41.667 186.558 397.694 -13 55 1 0 1
15.6415 34.5888 100950 -24.8447 -43.5316 191.772 399.078 -13 55 1 0 1
-48.9294 42.0016 97100 44.7146 2.05397 197.579 371.96 -13 56 1 0 1
0.748769 -6.07218 97450 12.7189 -39.9245 198.205 373.307 -13 56 1 0 1
56.7529 -49.2081 97800 47.9286 9.55509 196.603 374.657 -13 56 1 0 1
103.982 -14.2441 98150 11.3608 -0.413604 202.267 375.995 -13 56 1 0 1
86.1524 -70.896 98500 -47.2227 -33.7918 194.085 377.34 -13 56 1 0 1
18.1648 -52.9355 98850 -11.3606 35.223 199.177 378.694 -13 56 1 0 1
-7.78699 7.22447 99200 -33.1627 20.5454 198.794 380.035 -13 56 1 0 1
-70.7067 9.70694 99550 -32.2326 3.52872 199.974 381.374 -13 56 1 0 1
-90.6793 74.2616 99900 31.1618 50.3142 193.749 382.727 -13 56 1 0 1
-32.5366 91.0116 100250 4.44686 -18.8533 201.658 384.074 -13 56 1 0 1
-45.1208 31.5215 100600 9.56576 -44.5521 197.395 385.412 -13 56 1 0 1
13.4206 -6.48728 100950 40.1194 -5.1172 198.508 386.759 -13 56 1 0 1
7.50248 93.0842 97100 66.5931 43.7901 152.08 408.881 -13 57 1 0 1
127.509 81.8252 97450 18.8841 0.381538 170.657 410.35 -13 57 1 0 1
60.298 140.876 97800 -78.2913 -6.25966 152.682 411.799 -13 57 1 0 1
18.8237 15.0032 98150 31.6926 -66.5835 155.057 413.31 -13 57 1 0 1
-27.8843 -147.323 98500 -94.6793 -18.9979 141.97 414.891 -13 57 1 0 1
-127.276 -65.8286 98850 12.2021 18.5145 170.261 416.402 -13 57 1 0 1
-52.6528 -67.858 99200 47.8059 19.9974 163.693 417.81 -13 57 1 0 1
-34.6726 33.3099 99550 -15.5237 57.905 160.893 419.253 -13 57 1 0 1
52.1635 144.751 99900 89.3342 -15.7017 145.786 420.783 -13 57 1 0 1
100.431 34.261 100250 -29.8631 -22.6589 167.557 422.282 -13 57 1 0 1
30.298 6.16442 100600 -24.2522 -28.6982 167.538 423.686 -13 57 1 0 1
30.4995 -75.5551 100950 2.70275 -45.1651 165.63 425.097 -13 57 1 0 1
-68.7079 -2.91452 97100 -23.8134 34.9689 200.886 371.162 -13 58 1 0 1
-74.3546 44.9608 97450 -3.26748 4.74806 205.212 372.49 -13 58 1 0 1
-85.255 4.30895 97800 13.2051 -40.4901 200.826 373.817 -13 58 1 0 1
-35.2548 -13.7327 98150 27.3746 17.1834 202.732 375.151 -13 58 1 0 1
19.4083 6.10081 98500 35.1205 -11.0645 201.963 376.484 -13 58 1 0 1
58.7234 -33.3391 98850 20.2665 -16.004 203.662 377.814 -13 58 1 0 1
101.712 -3.8878 99200 6.1039 47.6228 199.599 379.149 -13 58 1 0 1
73.5906 33.8099 99550 -14.7338 -12.5118 204.381 380.481 -13 58 1 0 1
40.1313 -12.789 99900 -37.9756 -20.1318 200.743 381.814 -13 58 1 0 1
-24.8155 2.79344 100250 -31.0898 20.9742 201.838 383.154 -13 58 1 0 1
-82.101 -5.81862 100600 -21.0558 -36.8818 200.852 384.49 -13 58 1 0 1
-87.0361 -48.7599 100950 -6.56463 2.91917 205.167 385.817 -13 58 1 0 1
109.483 -85.3037 97100 -52.3127 -49.6676 194.416 375.916 -13 59 1 0 1
28.3384 -74.5384 97450 -12.949 40.2382 203.013 377.279 -13 59 1 0 1
4.8551 1.62904 97800 -36.2797 33.6808 201.371 378.624 -13 59 1 0 1
-72.335 17.461 98150 -41.3304 7.16551 203.08 379.969 -13 59 1 0 1
-96.3069 91.9802 98500 37.4888 56.3027 196.025 381.327 -13 59 1 0 1
-30.3016 108.035 98850 3.63177 -21.7204 206.194 382.675 -13 59 1 0 1
-49.5185 40.5088 99200 7.66656 -54.0322 200.057 384.015 -13 59 1 0 1
16.3727 -12.05 99550 47.2929 -12.5931 201.509 385.368 -13 59 1 0 1
61.5362 -74.2179 99900 -14.9198 -52.877 199.956 386.719 -13 59 1 0 1
21.3887 -118.284 100250 2.73697 -5.6688 207.272 388.053 -13 59 1 0 1
79.0191 -83.4902 100600 27.0254 58.6605 197.053 389.397 -13 59 1 0 1
42.0959 -8.02963 100950 -45.2914 14.005 201.876 390.757 -13 59 1 0 1
88.2413 83.0678 97100 53.3655 -51.5562 189.581 371.418 -13 60 1 0 1
93.0626 -3.36488 97450 -22.5461 -14.4692 201.815 372.788 -13 60 1 0 1
54.2949 1.5791 97800 -25.2341 0.110716 202.015 374.112 -13 60 1 0 1
23.58 -35.8998 98150 -14.5525 -37.5366 199.565 375.442 -13 60 1 0 1
-52.8821 -78.6607 98500 -62.552 17.9268 192.906 376.808 -13 60 1 0 1
-101.474 -20.0163 98850 -1.37193 12.0242 203.225 378.163 -13 60 1 0 1
-79.6889 -47.5141 99200 34.5186 -18.956 199.74 379.489 -13 60 1 0 1
-35.3161 -22.9762 99550 6.9522 37.1423 200.048 380.824 -13 60 1 0 1
3.65717 45.6283 99900 48.9289 19.3395 196.67 382.177 -13 60 1 0 1
74.2339 34.619 100250 23.2056 -3.65602 202.226 383.523 -13 60 1 0 1
74.6189 75.8176 100600 -33.071 30.0762 198.617 384.855 -13 60 1 0 1
30.4292 70.1068 100950 1.80485 -24.9872 202.038 386.188 -13 60 1 0 1
-0.175752 26.5802 97100 19.1541 0.0720305 197.831 367.277 -13 61 1 0 1
19.6058 12.3604 97450 2.69931 -6.77831 198.622 368.603 -13 61 1 0 1
19.5075 11.6267 97800 -2.59731 2.55959 198.723 369.926 -13 61 1 0 1
19.4032 7.95313 98150 4.50654 -7.84428 198.55 371.248 -13 61 1 0 1
18.3733 -18.7117 98500 -13.2159 -16.0316 197.668 372.575 -13 61 1 0 1
-7.14418 -26.4946 98850 -7.35932 0.652071 198.619 373.902 -13 61 1 0 1
-4.10178 -29.7456 99200 8.03749 -0.110012 198.594 375.224 -13 61 1 0 1
-2.35958 -24.5204 99550 -8.7262 3.01715 198.542 376.547 -13 61 1 0 1
-23.741 -5.63388 99900 -5.13777 21.1238 197.564 377.874 -13 61 1 0 1
-13.435 21.4479 100250 6.29691 7.16431 198.528 379.202 -13 61 1 0 1
-18.1544 26.0562 100600 -7.80177 -3.63578 198.57 380.525 -13 61 1 0 1
-19.8233 22.1398 100950 6.62086 4.60124 198.593 381.848 -13 61 1 0 1
81.5931 40.9682 97100 31.3033 -45.0051 187.316 372.34 -13 62 1 0 1
75.9053 -22.536 97450 -13.9136 -5.10637 194.61 373.698 -13 62 1 0 1
52.9445 -0.405132 97800 -21.5372 13.4785 193.513 375.032 -13 62 1 0 1
14.2177 -17.2137 98150 -18.6486 -25.4534 192.606 376.372 -13 62 1 0 1
-47.6789 -39.7994 98500 -41.1139 19.2966 189.816 377.728 -13 62 1 0 1
-78.5 6.8447 98850 -4.29513 7.63565 194.977 379.076 -13 62 1 0 1
-74.582 -25.977 99200 22.4701 -27.2588 191.95 380.414 -13 62 1 0 1
-31.0184 -22.7737 99550 12.4479 24.2811 193.257 381.757 -13 62 1 0 1
5.12787 21.4157 99900 34.6524 8.36023 191.891 383.104 -13 62 1 0 1
55.0063 5.37529 100250 18.9483 -6.1121 194.155 384.447 -13 62 1 0 1
70.2688 38.8935 100600 -15.7045 31.8841 191.91 385.787 -13 62 1 0 1
34.966 50.2652 100950 -4.64128 -15.0867 194.534 387.127 -13 62 1 0 1
9.7194 -4.93876 97100 -4.52903 29.6355 208.112 369.282 -13 63 1 0 1
29.6783 42.7959 97450 13.4679 30.3373 207.624 370.603 -13 63 1 0 1
-2.49727 99.564 97800 -52.9807 12.6001 203.085 371.94 -13 63 1 0 1
-53.5582 79.1437 98150 3.91534 -8.64129 210.046 373.27 -13 63 1 0 1
-6.96603 69.781 98500 35.5169 -24.0753 205.836 374.591 -13 63 1 0 1
1.16918 8.6485 98850 -17.4371 -35.5062 206.506 375.922 -13 63 1 0 1
1.49418 -56.7184 99200 30.7255 -31.8094 205.556 377.255 -13 63 1 0 1
52.1398 -79.9393 99550 10.3535 -15.1503 209.458 378.58 -13 63 1 0 1
3.80051 -113.748 99900 -58.7187 5.79072 201.812 379.914 -13 63 1 0 1
-36.5339 -61.0638 100250 13.9311 28.3148 207.879 381.254 -13 63 1 0 1
-5.06861 -13.6582 100600 4.54408 36.0108 207.104 382.578 -13 63 1 0 1
-32.5114 41.2829 100950 -20.0917 32.7201 206.725 383.906 -13 63 1 0 1
7.04476 2.88462 97100 18.9819 -7.04074 187.25 372.816 -13 64 1 0 1
28.4694 -22.274 97450 10.4823 -10.1444 187.776 374.161 -13 64 1 0 1
57.248 -6.84264 97800 6.57718 27.4484 186.214 375.509 -13 64 1 0 1
43.0336 20.2829 98150 -7.47123 -4.5985 188.137 376.855 -13 64 1 0 1
26.4632 -6.14452 98500 -19.0198 -12.369 186.97 378.2 -13 64 1 0 1
-9.15308 1.05268 98850 -15.3267 11.2881 187.377 379.547 -13 64 1 0 1
-40.256 -2.56192 99200 -10.6527 -19.1282 187.064 380.893 -13 64 1 0 1
-41.2994 -28.5824 99550 -2.5754 -0.962886 188.321 382.236 -13 64 1 0 1
-49.5958 0.161935 99900 8.08358 25.3792 186.449 383.582 -13 64 1 0 1
-17.9374 13.5017 100250 14.2412 -8.69547 187.601 384.929 -13 64 1 0 1
8.50791 2.50623 100600 14.6963 4.72782 187.708 386.273 -13 64 1 0 1
26.0898 21.4831 100950 9.69783 7.46151 187.944 387.615 -13 64 1 0 1
2.48921 -29.8203 97100 -13.3605 -2.74135 192.519 370.491 -13 65 1 0 1
-8.72029 -22.123 97450 3.91814 4.40433 192.911 371.823 -13 65 1 0 1
6.18707 -10.3752 97800 5.76168 12.4985 192.51 373.156 -13 65 1 0 1
1.28595 10.4773 98150 -5.18113 8.65641 192.738 374.49 -13 65 1 0 1
6.52806 23.6227 98500 10.7176 1.55568 192.697 375.823 -13 65 1 0 1
16.4119 18.6894 98850 -1.98245 -0.45494 192.991 377.155 -13 65 1 0 1
1.17348 18.5416 99200 -11.0572 -6.48903 192.575 378.487 -13 65 1 0 1
-3.21232 -0.966792 99550 3.28015 -10.5114 192.687 379.821 -13 65 1 0 1
-8.47032 -17.1361 99900 -10.7815 -3.63466 192.666 381.154 -13 65 1 0 1
-23.3659 -15.9907 100250 -3.0863 -2.29291 192.963 382.486 -13 65 1 0 1
-13.0965 -28.8119 100600 14.7094 -3.11492 192.415 383.819 -13 65 1 0 1
0.137859 -16.8902 100950 -2.63421 10.0578 192.721 385.153 -13 65 1 0 1
-31.7548 9.33749 97100 7.43286 15.4935 207.73 364.552 -13 66 1 0 1
-12.9872 16.537 97450 7.40718 -5.31507 208.24 365.863 -13 66 1 0 1
-2.57232 6.10399 97800 8.60432 -3.11213 208.238 367.173 -13 66 1 0 1
14.3665 9.91588 98150 11.9468 3.06709 208.074 368.484 -13 66 1 0 1
34.8744 -4.65885 98500 3.7971 -20.9028 207.354 369.797 -13 66 1 0 1
26.9618 -27.3668 98850 -2.17527 -2.53654 208.412 371.11 -13 66 1 0 1
32.4652 -15.3007 99200 -0.227827 14.4935 207.935 372.42 -13 66 1 0 1
17.6651 -6.92508 99550 -12.7402 -6.11588 207.96 373.732 -13 66 1 0 1
-12.493 -11.556 99900 -19.7651 9.9506 207.261 375.046 -13 66 1 0 1
-30.0916 13.8921 100250 -7.09162 10.424 208.058 376.361 -13 66 1 0 1
-48.499 6.39145 100600 -6.17497 -18.5788 207.518 377.673 -13 66 1 0 1
-43.6681 -8.56512 100950 3.48024 7.29911 208.282 378.984 -13 66 1 0 1
19.3089 -84.8809 97100 -35.7718 -17.2999 205.388 368.288 -13 67 1 0 1
-15.9837 -77.4877 97450 7.95954 8.84242 208.858 369.607 -13 67 1 0 1
27.1701 -48.1783 97800 21.3738 37.7765 204.644 370.932 -13 67 1 0 1
14.0232 10.8221 98150 -21.4368 23.4178 206.773 372.262 -13 67 1 0 1
5.10263 50.826 98500 16.7808 19.8169 207.578 373.581 -13 67 1 0 1
29.2357 67.9505 98850 -2.09096 11.9572 208.844 374.895 -13 67 1 0 1
-20.9537 79.5526 99200 -43.7715 -19.8089 203.604 376.222 -13 67 1 0 1
-41.9682 26.1192 99550 12.8256 -21.9122 207.65 377.553 -13 67 1 0 1
-21.5858 -0.893658 99900 3.23733 -17.1051 208.471 378.867 -13 67 1 0 1
-32.5102 -33.127 100250 -6.893 -24.9197 207.592 380.182 -13 67 1 0 1
0.0828514 -79.9794 100600 46.4785 -8.80219 203.778 381.512 -13 67 1 0 1
45.9964 -57.5675 100950 0.0337398 11.2997 208.891 382.839 -13 67 1 0 1
39.6496 41.3655 97100 -4.67821 -44.6031 207.446 369.353 -13 68 1 0 1
-11.6434 -1.55468 97450 -40.8079 -10.6866 208.004 370.685 -13 68 1 0 1
-55.3957 -53.3043 97800 6.60673 -48.3277 206.557 372.019 -13 68 1 0 1
-25.5029 -99.541 98150 -0.703331 -9.68314 212.016 373.343 -13 68 1 0 1
-73.3185 -78.0669 98500 -27.632 45.8288 205.381 374.668 -13 68 1 0 1
-53.3191 -21.0338 98850 34.8328 6.60221 209.256 376 -13 68 1 0 1
10.4787 -4.55277 99200 29.7402 30.531 207.914 377.329 -13 68 1 0 1
26.3185 56.5966 99550 7.53632 31.0575 209.818 378.655 -13 68 1 0 1
80.3641 68.215 99900 39.3785 -30.6961 206.282 379.983 -13 68 1 0 1
91.1159 23.323 100250 -14.6978 1.94687 211.72 381.305 -13 68 1 0 1
37.8754 50.4577 100600 -49.7695 1.61024 206.314 382.631 -13 68 1 0 1
-15.3615 4.92404 100950 -13.6127 -36.1417 208.695 383.966 -13 68 1 0 1
-88.25 -61.5065 97100 -42.4911 26.6179 202.257 373.558 -13 69 1 0 1
-108.462 -19.6463 97450 7.2294 -6.2725 208.16 374.885 -13 69 1 0 1
-57.2253 -67.0145 97800 59.2981 -13.4966 199.308 376.226 -13 69 1 0 1
13.5508 -20.9113 98150 16.605 41.8666 203.454 377.581 -13 69 1 0 1
58.5462 21.6019 98500 37.7729 -4.03376 204.888 378.914 -13 69 1 0 1
104.009 2.97635 98850 19.9914 8.13536 207.259 380.237 -13 69 1 0 1
96.5616 78.2916 99200 -51.2451 47.4853 196.319 381.589 -13 69 1 0 1
14.8169 70.6955 99550 -17.12 -34.3303 204.818 382.948 -13 69 1 0 1
-8.85598 14.6139 99900 -27.7202 -21.9117 205.362 384.277 -13 69 1 0 1
-71.0674 5.18906 100250 -40.0024 -7.52945 204.365 385.608 -13 69 1 0 1
-104.79 -74.1744 100600 30.5711 -65.1244 195.567 386.971 -13 69 1 0 1
-35.9134 -105.259 100950 10.6908 16.6333 207.44 388.323 -13 69 1 0 1
5.65471 22.5551 97100 4.97819 12.1684 208.151 365.576 -13 70 1 0 1
16.5466 38.9452 97450 -0.355791 11.9043 208.226 366.887 -13 70 1 0 1
-14.0642 54.332 97800 -29.7231 -7.21749 206.311 368.205 -13 70 1 0 1
-32.7301 27.9982 98150 6.71656 -9.31916 208.25 369.521 -13 70 1 0 1
-10.9414 17.7166 98500 12.739 -12.1659 207.821 370.833 -13 70 1 0 1
-8.68107 -12.4194 98850 -4.39992 -20.5881 207.501 372.147 -13 70 1 0 1
9.24434 -46.3201 99200 27.9587 -8.72362 206.5 373.466 -13 70 1 0 1
41.1154 -42.1822 99550 3.38315 -1.95415 208.53 374.781 -13 70 1 0 1
15.2965 -56.609 99900 -30.3791 1.39461 206.337 376.097 -13 70 1 0 1
-8.52989 -28.4624 100250 4.22349 19.6148 207.599 377.415 -13 70 1 0 1
-4.30695 4.64924 100600 -9.04579 18.707 207.529 378.73 -13 70 1 0 1
-31.1833 25.5698 100950 -14.08 13.7204 207.638 380.046 -13 70 1 0 1
66.289 112.178 97100 50.7331 -54.4229 186.178 377.292 -13 71 1 0 1
52.1929 17.0544 97450 -41.9155 -24.3099 194.551 378.679 -13 71 1 0 1
-6.22499 -33.984 97800 -6.49514 -42.777 195.77 380.034 -13 71 1 0 1
12.347 -100.147 98150 -0.478975 -34.0763 197.577 381.379 -13 71 1 0 1
-72.3429 -125.305 98500 -66.1778 40.592 184.853 382.761 -13 71 1 0 1
-85.7505 -38.1204 98850 33.3063 17.4956 196.933 384.143 -13 71 1 0 1
-14.9123 -15.4302 99200 32.3887 31.6502 195.313 385.493 -13 71 1 0 1
-2.63284 61.1247 99550 1.04189 44.4879 195.494 386.847 -13 71 1 0 1
69.3076 107.789 99900 64.4122 -22.4429 188.535 388.222 -13 71 1 0 1
104.351 45.8117 100250 -16.372 -7.0209 199.702 389.583 -13 71 1 0 1
38.7439 59.1819 100600 -51.3754 -11.4022 193.465 390.93 -13 71 1 0 1
-3.66344 -11.2056 100950 -2.9219 -47.4267 194.783 392.293 -13 71 1 0 1
-71.0665 0.969897 97100 -24.6284 39.0021 182.053 378.753 -13 72 1 0 1
-71.9705 58.8613 97450 -2.02477 6.21269 187.692 380.115 -13 72 1 0 1
-88.73 14.4835 97800 11.5551 -43.2156 182.4 381.474 -13 72 1 0 1
-28.8653 -5.24304 98150 32.3909 18.8184 184.032 382.844 -13 72 1 0 1
43.0312 5.1147 98500 34.8944 -26.4093 182.636 384.217 -13 72 1 0 1
69.1277 -54.3962 98850 12.3924 -16.1569 186.698 385.581 -13 72 1 0 1
109.888 -16.2023 99200 0.0295812 51.8852 180.496 386.949 -13 72 1 0 1
58.793 18.2953 99550 -27.8723 -19.3285 184.717 388.322 -13 72 1 0 1
-9.51256 -15.9996 99900 -45.4665 8.41983 182.024 389.696 -13 72 1 0 1
-64.3834 37.7057 100250 -22.6385 23.2061 184.986 391.07 -13 72 1 0 1
-121.017 5.57608 100600 -6.65127 -55.7681 179.211 392.447 -13 72 1 0 1
-80.1361 -37.5571 100950 18.7222 18.9788 185.904 393.82 -13 72 1 0 1
16.5943 40.3434 97100 31.3241 -11.0428 211.011 362.259 -13 73 1 0 1
40.5743 8.84166 97450 1.9471 -11.8716 213.27 363.571 -13 73 1 0 1
40.5064 10.6828 97800 -4.42527 7.81151 213.42 364.874 -13 73 1 0 1
34.7783 6.95264 98150 1.35286 -14.6548 213.102 366.178 -13 73 1 0 1
21.4067 -31.6389 98500 -26.3482 -19.7578 211.055 367.491 -13 73 1 0 1
-19.1132 -34.7011 98850 -13.0065 3.79341 213.179 368.803 -13 73 1 0 1
-20.3067 -41.3725 99200 9.97095 -5.83261 213.297 370.107 -13 73 1 0 1
-15.7422 -38.9298 99550 -11.0012 6.49586 213.227 371.41 -13 73 1 0 1
-40.4235 -6.31056 99900 -2.71331 33.6708 210.921 372.723 -13 73 1 0 1
-19.4484 29.8318 100250 12.8073 8.27177 213.064 374.036 -13 73 1 0 1
-18.1123 36.3262 100600 -7.15745 -0.978888 213.487 375.34 -13 73 1 0 1
-18.1582 37.4642 100950 10.7377 7.55282 213.205 376.643 -13 73 1 0 1
-33.1845 5.26625 97100 -5.46187 6.66081 195.482 370.309 -13 74 1 0 1
-37.9869 10.1606 97450 -4.61311 -7.34914 195.479 371.636 -13 74 1 0 1
-32.7552 -24.3427 97800 20.673 -19.6942 193.577 372.971 -13 74 1 0 1
5.70592 -24.8666 98150 12.3031 9.40726 195.058 374.308 -13 74 1 0 1
18.8374 -19.7287 98500 3.69903 -4.16071 195.592 375.636 -13 74 1 0 1
27.9635 -25.3162 98850 11.5519 1.97126 195.32 376.964 -13 74 1 0 1
47.7536 6.48677 99200 -4.69833 29.6942 193.348 378.3 -13 74 1 0 1
19.1511 28.9241 99550 -12.1667 -3.46136 195.262 379.637 -13 74 1 0 1
6.79898 18.949 99900 -7.06683 -3.54214 195.512 380.965 -13 74 1 0 1
-12.9353 23.86 100250 -16.6741 5.34834 194.886 382.294 -13 74 1 0 1
-50.342 4.83257 100600 -10.5701 -30.2621 193.028 383.633 -13 74 1 0 1
-40.5014 -30.8123 100950 5.33242 -2.3221 195.585 384.97 -13 74 1 0 1
-1.93322 -6.05574 97100 1.56132 5.84518 184.019 374.051 -13 75 1 0 1
8.85916 0.630241 97450 7.57348 2.8716 183.94 375.398 -13 75 1 0 1
15.1602 16.9567 97800 -5.66644 11.3305 183.682 376.747 -13 75 1 0 1
3.42139 24.5195 98150 0.352466 -0.613649 184.117 378.094 -13 75 1 0 1
14.5708 14.1371 98500 3.66902 -12.5643 183.653 379.442 -13 75 1 0 1
4.13531 -3.21905 98850 -9.16043 -4.17785 183.843 380.791 -13 75 1 0 1
-4.69789 -16.3267 99200 3.06407 -9.21351 183.863 382.139 -13 75 1 0 1
2.84976 -27.5318 99550 -1.75351 -4.88579 184.046 383.486 -13 75 1 0 1
-19.5721 -26.6768 99900 -14.2015 12.966 183.112 384.836 -13 75 1 0 1
-21.1915 -1.50681 100250 6.61732 5.78878 183.909 386.186 -13 75 1 0 1
-11.4641 3.94078 100600 2.51561 3.70429 184.064 387.533 -13 75 1 0 1
-11.6758 16.7055 100950 0.624524 10.441 183.821 388.88 -13 75 1 0 1
28.2904 103.794 97100 60.2962 -2.84188 190.443 372.783 -13 76 1 0 1
78.4385 60.0821 97450 -6.50649 -11.1848 199.361 374.136 -13 76 1 0 1
32.2001 60.9473 97800 -36.4957 -12.7715 196.003 375.471 -13 76 1 0 1
14.0561 4.44213 98150 10.7416 -38.7861 195.684 376.816 -13 76 1 0 1
-6.51401 -69.0525 98500 -45.3804 -24.9055 192.957 378.174 -13 76 1 0 1
-71.1224 -70.4908 98850 -12.1143 -4.82812 199.354 379.521 -13 76 1 0 1
-31.8056 -104.209 99200 52.2335 -2.37628 192.816 380.864 -13 76 1 0 1
7.40409 -56.9778 99550 -13.7931 32.3461 196.661 382.215 -13 76 1 0 1
-12.9556 11.9944 99900 13.7047 42.906 194.637 383.566 -13 76 1 0 1
38.9615 58.0752 100250 23.0137 20.7858 197.359 384.914 -13 76 1 0 1
14.3039 111.777 100600 -52.0384 13.3145 192.424 386.264 -13 76 1 0 1
-33.7828 85.399 100950 10.999 -15.7041 198.858 387.61 -13 76 1 0 1
61.8031 48.5289 97100 43.6907 -30.0098 198.673 367.567 -13 77 1 0 1
85.8777 -7.87568 97450 -0.705746 -9.71835 205.391 368.904 -13 77 1 0 1
77.2064 19.7277 97800 -21.7526 24.6788 202.973 370.224 -13 77 1 0 1
38.0496 13.4175 98150 -13.2251 -27.4738 203.348 371.55 -13 77 1 0 1
-5.84152 -35.3321 98500 -44.0913 -9.06879 200.634 372.888 -13 77 1 0 1
-64.4473 -15.8946 98850 -21.102 7.60275 204.395 374.223 -13 77 1 0 1
-77.5148 -49.5732 99200 18.2396 -33.3148 202.084 375.548 -13 77 1 0 1
-44.4056 -59.897 99550 0.520133 17.5553 204.87 376.872 -13 77 1 0 1
-46.9075 -1.35839 99900 19.5304 40.2213 200.702 378.205 -13 77 1 0 1
10.8919 24.5417 100250 30.6475 -0.385764 203.325 379.542 -13 77 1 0 1
39.5622 48.9203 100600 -4.31788 26.4063 203.874 380.865 -13 77 1 0 1
28.1972 73.3249 100950 9.80785 2.59686 205.371 382.183 -13 77 1 0 1
-40.0214 -17.2802 97100 -1.80394 16.3714 205.115 366.29 -13 78 1 0 1
-25.5211 -5.49933 97450 12.9962 -6.00791 205.277 367.606 -13 78 1 0 1
6.24826 -13.2068 97800 21.9772 7.92791 204.445 368.924 -13 78 1 0 1
27.7598 13.3129 98150 8.48188 12.5171 205.219 370.244 -13 78 1 0 1
49.8024 7.4858 98500 8.33002 -20.0866 204.623 371.56 -13 78 1 0 1
45.6668 -12.689 98850 -3.46714 4.06008 205.706 372.876 -13 78 1 0 1
33.1376 12.9251 99200 -19.3499 14.2725 204.366 374.194 -13 78 1 0 1
0.156545 6.80802 99550 -13.9258 -13.8673 204.835 375.514 -13 78 1 0 1
-28.2173 -2.63228 99900 -17.4638 9.12998 204.83 376.832 -13 78 1 0 1
-46.8083 15.9888 100250 -10.66 1.6827 205.492 378.148 -13 78 1 0 1
-60.279 -15.0775 100600 8.94324 -30.2522 203.343 379.469 -13 78 1 0 1
-31.6537 -31.4427 100950 9.64137 9.9935 205.307 380.79 -13 78 1 0 1
74.3878 -5.37488 97100 -2.70959 -43.0759 184.481 374.066 -13 79 1 0 1
36.173 -39.9749 97450 -15.327 6.50145 188.729 375.423 -13 79 1 0 1
18.2247 -16.7791 97800 -13.6775 10.2063 188.692 376.765 -13 79 1 0 1
-14.4639 -21.5623 98150 -20.9687 -8.59854 188.102 378.108 -13 79 1 0 1
-59.4822 -2.10932 98500 -11.2493 33.7924 186.085 379.462 -13 79 1 0 1
-46.4355 36.794 98850 5.94482 0.284421 189.369 380.811 -13 79 1 0 1
-43.4784 10.0965 99200 11.0178 -21.0684 187.965 382.153 -13 79 1 0 1
-7.42773 3.73789 99550 20.1371 10.2656 188.109 383.499 -13 79 1 0 1
34.5302 2.42361 99900 17.2248 -20.0184 187.613 384.847 -13 79 1 0 1
41.0641 -31.1254 100250 2.91541 -5.97241 189.346 386.192 -13 79 1 0 1
54.3159 -8.80952 100600 -3.43252 25.7567 187.672 387.534 -13 79 1 0 1
24.8722 7.65502 100950 -16.6049 -8.52473 188.541 388.88 -13 79 1 0 1
62.8875 56.4894 97100 11.0406 -44.1882 203.255 368.71 -13 80 1 0 1
28.5683 9.5059 97450 -35.2084 -4.67067 205.246 370.043 -13 80 1 0 1
-26.6698 -14.283 97800 -17.3439 -33.7203 204.815 371.374 -13 80 1 0 1
-28.1249 -67.5907 98150 -5.39374 -21.8391 207.078 372.699 -13 80 1 0 1
-77.6501 -65.1275 98500 -31.7249 35.653 202.755 374.028 -13 80 1 0 1
-75.2829 -18.5659 98850 20.6568 -0.836713 207.268 375.356 -13 80 1 0 1
-20.487 -33.6406 99200 41.3652 7.19307 204.021 376.683 -13 80 1 0 1
19.6154 13.3964 99550 11.1065 31.5189 205.598 378.015 -13 80 1 0 1
61.4347 36.286 99900 31.6437 -14.3721 205.376 379.34 -13 80 1 0 1
84.5991 11.7467 100250 2.37793 6.63331 208.177 380.658 -13 80 1 0 1
56.5333 59.0774 100600 -45.3032 22.6705 202.042 381.988 -13 80 1 0 1
-4.32828 39.2971 100950 -13.9712 -27.2159 206.037 383.325 -13 80 1 0 1
-47.4199 110.944 97100 55.461 35.477 198.999 370.168 -13 81 1 0 1
21.6304 102.912 97450 1.15544 -17.434 208.878 371.512 -13 81 1 0 1
-13.7333 66.759 97800 -17.9545 -37.6754 205.41 372.835 -13 81 1 0 1
12.5387 8.23082 98150 35.8182 -26.9956 204.752 374.169 -13 81 1 0 1
41.1229 -67.4297 98500 -23.7372 -52.5633 201.517 375.518 -13 81 1 0 1
-12.353 -111.622 98850 -7.09079 -13.1683 209.073 376.855 -13 81 1 0 1
43.5759 -114.596 99200 48.2817 33.2772 201.238 378.188 -13 81 1 0 1
47.0951 -49.394 99550 -34.4132 19.159 205.874 379.53 -13 81 1 0 1
-19.03 -4.55774 99900 -21.3704 48.4387 202.811 380.873 -13 81 1 0 1
-9.65019 74.7994 100250 5.77677 38.1318 206.029 382.217 -13 81 1 0 1
-66.6855 109.567 100600 -57.3249 -20.8901 200.531 383.56 -13 81 1 0 1
-95.802 59.9826 100950 18.2504 -2.95829 208.791 384.896 -13 81 1 0 1
16.2327 79.4215 97100 48.4783 -5.48251 204.933 364.686 -13 82 1 0 1
55.6322 42.355 97450 -2.379 -13.7724 210.196 366.013 -13 82 1 0 1
32.8203 37.8406 97800 -19.4193 -6.02423 209.677 367.323 -13 82 1 0 1
24.89 6.96981 98150 8.50776 -27.128 208.733 368.636 -13 82 1 0 1
12.8913 -50.7136 98500 -34.3992 -27.1405 206.053 369.963 -13 82 1 0 1
-40.0596 -60.2566 98850 -13.5836 -2.86507 210.202 371.287 -13 82 1 0 1
-20.2394 -80.3334 99200 33.088 -3.53482 208.016 372.601 -13 82 1 0 1
2.1112 -58.0093 99550 -13.4322 17.0018 209.543 373.916 -13 82 1 0 1
-30.1827 -11.9708 99900 -3.91992 41.4726 206.5 375.241 -13 82 1 0 1
-1.60322 39.1133 100250 18.8152 19.3462 208.925 376.567 -13 82 1 0 1
-8.93793 71.534 100600 -27.1551 9.61003 208.682 377.882 -13 82 1 0 1
-33.3489 70.3206 100950 8.30743 4.10734 210.456 379.194 -13 82 1 0 1
-137.203 52.602 97100 22.5826 77.065 175.359 379.69 -13 83 1 0 1
-50.6243 91.4376 97450 21.7594 -25.8332 189.892 381.094 -13 83 1 0 1
-24.7295 26.7335 97800 30.6941 -29.2266 188.158 382.453 -13 83 1 0 1
55.9203 23.45 98150 49.0515 6.73281 186.409 383.822 -13 83 1 0 1
128.142 -53.153 98500 -14.0659 -78.5319 175.598 385.237 -13 83 1 0 1
52.8068 -107.367 98850 -16.0396 15.09 191.611 386.636 -13 83 1 0 1
53.1386 -47.4017 99200 -14.8891 41.5869 187.746 387.989 -13 83 1 0 1
-20.6118 -23.1726 99550 -51.1123 -6.03881 185.879 389.359 -13 83 1 0 1
-107.243 36.8043 99900 -5.34383 72.5728 178.618 390.767 -13 83 1 0 1
-61.1001 110.666 100250 7.84138 1.85407 192.704 392.153 -13 83 1 0 1
-89.0025 60.3049 100600 -0.777165 -54.0197 185.152 393.51 -13 83 1 0 1
-23.5219 17.0337 100950 49.6664 8.62942 186.168 394.887 -13 83 1 0 1
85.1245 31.5092 97100 7.3629 -46.3744 200.738 368.232 -13 84 1 0 1
51.9708 -9.94962 97450 -26.0574 5.29634 204.435 369.566 -13 84 1 0 1
4.79486 2.40418 97800 -29.1775 -7.29088 203.951 370.891 -13 84 1 0 1
-28.0011 -32.6809 98150 -16.9015 -21.0117 204.386 372.216 -13 84 1 0 1
-77.1379 -28.1403 98500 -24.1299 33.4468 201.989 373.546 -13 84 1 0 1
-77.9312 11.826 98850 6.96659 -3.53245 206.009 374.87 -13 84 1 0 1
-52.6805 -26.4199 99200 33.7432 -20.5522 202.336 376.196 -13 84 1 0 1
0.0122283 -13.4249 99550 19.3816 22.7654 203.977 377.527 -13 84 1 0 1
38.7372 5.65405 99900 24.5843 -9.15053 204.481 378.85 -13 84 1 0 1
64.8955 -14.7649 100250 13.2284 1.03423 205.73 380.169 -13 84 1 0 1
73.2285 31.1812 100600 -21.4861 38.4964 201.388 381.497 -13 84 1 0 1
24.2133 46.3459 100950 -15.7709 -13.7939 205.09 382.828 -13 84 1 0 1
-18.1762 -52.283 97100 -41.5886 -15.3365 197.652 372.661 -13 85 1 0 1
-73.6779 -45.8529 97450 -13.4581 -3.08399 202.09 373.996 -13 85 1 0 1
-49.5126 -84.357 97800 44.5786 -14.6422 197.052 375.331 -13 85 1 0 1
-3.28537 -54.6502 98150 -2.69129 29.9093 200.323 376.671 -13 85 1 0 1
-5.82523 3.38059 98500 18.0522 31.1806 199.331 378.007 -13 85 1 0 1
44.9279 29.4336 98850 26.4645 11.8961 200.472 379.343 -13 85 1 0 1
47.0994 81.9241 99200 -34.2647 29.8345 197.4 380.681 -13 85 1 0 1
1.82074 82.3078 99550 2.55774 -13.516 202.094 382.015 -13 85 1 0 1
30.7076 40.8554 99900 6.40455 -38.8894 198.69 383.347 -13 85 1 0 1
-5.34468 -7.1842 100250 -32.1085 -15.2357 199.419 384.687 -13 85 1 0 1
-33.7086 -56.6114 100600 12.9947 -36.3873 198.842 386.025 -13 85 1 0 1
-4.56434 -88.3158 100950 -3.09077 -7.35833 202.404 387.355 -13 85 1 0 1
11.534 25.0817 97100 -16.7181 -12.2465 219.867 364.752 -13 86 1 0 1
-25.3383 25.8591 97450 -29.4155 4.93429 218.818 366.054 -13 86 1 0 1
-73.8073 -5.17095 97800 -11.6698 -46.0482 215.672 367.37 -13 86 1 0 1
-59.3041 -53.7765 98150 6.02959 -5.62126 220.687 368.681 -13 86 1 0 1
-66.5404 -29.6501 98500 2.53373 29.6283 218.83 369.981 -13 86 1 0 1
-36.3263 -13.6226 98850 26.1758 -12.4053 218.933 371.284 -13 86 1 0 1
21.0861 -24.9223 99200 39.5851 16.1832 216.661 372.598 -13 86 1 0 1
55.9224 17.5313 99550 13.1166 17.8353 219.729 373.909 -13 86 1 0 1
81.8887 3.96114 99900 5.63866 -31.2312 218.549 375.212 -13 86 1 0 1
68.5369 -17.4237 100250 -8.06822 13.3421 220.29 376.512 -13 86 1 0 1
40.996 28.2083 100600 -38.3417 23.5625 216.207 377.823 -13 86 1 0 1
-18.2283 21.9765 100950 -25.7482 -15.5722 218.782 379.139 -13 86 1 0 1
51.8326 9.63852 97100 -5.07247 -37.3663 198.675 368.196 -13 87 1 0 1
13.646 -21.3306 97450 -22.2145 0.0331613 200.998 369.53 -13 87 1 0 1
-10.3195 -28.2732 97800 -4.10741 -11.0029 201.881 370.851 -13 87 1 0 1
-15.1248 -45.4188 98150 -11.2458 -6.8898 201.791 372.17 -13 87 1 0 1
-53.8919 -28.5323 98500 -16.0449 32.114 199.01 373.5 -13 87 1 0 1
-43.1232 10.7844 98850 13.7559 3.263 201.727 374.829 -13 87 1 0 1
-21.5383 3.85871 99200 14.0796 -1.57666 201.725 376.149 -13 87 1 0 1
-0.818654 19.2357 99550 11.8005 14.866 201.329 377.471 -13 87 1 0 1
36.5575 26.2493 99900 23.4074 -16.2701 200.203 378.797 -13 87 1 0 1
48.7339 -3.20224 100250 -1.2503 -3.85835 202.181 380.122 -13 87 1 0 1
39.7295 13.7653 100600 -15.5904 12.714 201.219 381.442 -13 87 1 0 1
13.0431 7.8828 100950 -9.60265 -14.9174 201.442 382.764 -13 87 1 0 1
67.8534 66.8569 97100 36.9208 -41.7999 200.747 366.436 -13 88 1 0 1
67.2159 3.65876 97450 -19.9878 -11.4851 207.071 367.774 -13 88 1 0 1
33.0515 1.76873 97800 -19.758 -5.78361 207.33 369.089 -13 88 1 0 1
13.6963 -31.5404 98150 -9.14296 -29.1384 206.1 370.407 -13 88 1 0 1
-40.2277 -64.1494 98500 -47.7228 10.8673 202.52 371.743 -13 88 1 0 1
-79.3028 -26.474 98850 -2.05358 6.34699 208.243 373.072 -13 88 1 0 1
-57.1761 -50.1633 99200 32.3218 -13.2439 205.401 374.389 -13 88 1 0 1
-20.6341 -28.5102 99550 3.14433 28.6992 206.34 375.712 -13 88 1 0 1
-2.17146 24.6191 99900 30.4731 21.7141 204.963 377.039 -13 88 1 0 1
49.1598 31.1685 100250 20.5727 3.67182 207.3 378.364 -13 88 1 0 1
48.4956 68.4611 100600 -28.4877 24.4626 204.939 379.685 -13 88 1 0 1
12.2816 68.3861 100950 2.28025 -13.5767 207.895 381.005 -13 88 1 0 1
-3.69626 15.0463 97100 15.6931 3.11755 193.303 369.301 -13 89 1 0 1
17.5001 5.86606 97450 6.6957 -5.29607 193.776 370.634 -13 89 1 0 1
25.4414 11.5352 97800 -0.977397 9.28312 193.739 371.965 -13 89 1 0 1
21.9889 16.9228 98150 2.8754 -4.89038 193.881 373.295 -13 89 1 0 1
24.4925 -8.02862 98500 -9.44612 -17.6657 192.927 374.628 -13 89 1 0 1
-0.75361 -18.6905 98850 -10.0345 1.41393 193.699 375.963 -13 89 1 0 1
-7.35943 -22.2162 99200 2.11643 -4.26557 193.906 377.293 -13 89 1 0 1
-8.26778 -26.5353 99550 -7.86772 -0.895243 193.802 378.622 -13 89 1 0 1
-31.6428 -10.0464 99900 -6.73942 22.0051 192.594 379.958 -13 89 1 0 1
-21.2309 17.3526 100250 7.38605 4.3363 193.775 381.293 -13 89 1 0 1
-18.2021 16.2689 100600 -0.280532 -3.51554 193.932 382.622 -13 89 1 0 1
-12.2073 18.5125 100950 7.5924 7.69156 193.663 383.952 -13 89 1 0 1
16.1378 25.4136 97100 11.7865 5.0312 223.153 361.199 -13 90 1 0 1
29.64 30.147 97450 1.04659 8.78653 223.346 362.491 -13 90 1 0 1
6.78783 49.7351 97800 -28.4078 2.75688 221.691 363.789 -13 90 1 0 1
-17.5124 34.0504 98150 1.36327 -10.7472 223.259 365.086 -13 90 1 0 1
-5.09768 19.2242 98500 6.69231 -13.4366 223.017 366.38 -13 90 1 0 1
-11.0279 -4.60733 98850 -9.63174 -16.2612 222.721 367.674 -13 90 1 0 1
-8.24962 -37.4265 99200 18.9725 -18.3602 221.956 368.973 -13 90 1 0 1
18.605 -48.7024 99550 4.25034 -5.44268 223.415 370.269 -13 90 1 0 1
-4.82513 -57.2764 99900 -27.1933 6.75447 221.758 371.565 -13 90 1 0 1
-20.965 -32.9578 100250 7.57236 12.3235 223.053 372.863 -13 90 1 0 1
-2.13336 -13.7333 100600 7.27781 18.0898 222.669 374.158 -13 90 1 0 1
-9.66337 15.9045 100950 -9.12813 18.9352 222.531 375.455 -13 90 1 0 1
42.2336 -15.5151 97100 -8.4765 -25.5767 191.125 370.74 -13 92 1 0 1
15.1445 -31.3217 97450 -7.81204 5.02672 192.791 372.079 -13 92 1 0 1
11.0234 -15.7526 97800 -4.27824 9.67251 192.725 373.411 -13 92 1 0 1
-7.16912 -9.95281 98150 -13.6771 -0.841476 192.528 374.744 -13 92 1 0 1
-30.2999 6.34578 98500 -2.95422 19.7248 191.981 376.081 -13 92 1 0 1
-20.4254 27.0941 98850 2.5288 0.976076 192.996 377.415 -13 92 1 0 1
-25.2836 13.5963 99200 0.974328 -14.2758 192.484 378.748 -13 92 1 0 1
-8.51506 1.84775 99550 12.1214 1.72008 192.626 380.082 -13 92 1 0 1
12.6739 -2.90357 99900 7.06848 -10.9452 192.575 381.416 -13 92 1 0 1
13.6879 -20.8181 100250 1.27083 -5.29599 192.938 382.749 -13 92 1 0 1
25.9874 -15.3302 100600 4.92062 12.681 192.535 384.081 -13 92 1 0 1
17.6295 -1.13791 100950 -8.74202 -0.666541 192.816 385.414 -13 92 1 0 1
95.8644 13.9195 97100 -4.03557 -48.1463 199.129 370.02 -13 93 1 0 1
50.9119 -17.7819 97450 -26.4857 13.9262 202.71 371.357 -13 93 1 0 1
-0.7081 7.48843 97800 -35.8206 -3.26873 201.725 372.689 -13 93 1 0 1
-45.0077 -25.9962 98150 -21.5711 -18.0889 202.964 374.02 -13 93 1 0 1
-91.3329 -6.76588 98500 -12.6514 41.4943 200.262 375.353 -13 93 1 0 1
-76.4016 31.4283 98850 8.48577 -8.88446 204.538 376.681 -13 93 1 0 1
-53.507 -17.1196 99200 34.0658 -27.2314 200.212 378.013 -13 93 1 0 1
8.55445 -12.0137 99550 27.0845 18.8363 202.234 379.351 -13 93 1 0 1
53.8407 -9.11935 99900 19.09 -21.7243 202.856 380.678 -13 93 1 0 1
67.1811 -38.8915 100250 10.9978 0.445705 204.611 381.998 -13 93 1 0 1
83.1714 11.7528 100600 -16.4621 46.2589 198.937 383.333 -13 93 1 0 1
28.3558 37.449 100950 -24.5375 -11.7738 203.091 384.672 -13 93 1 0 1
57.4778 -16.7461 97100 4.34313 -43.82 186.6 373.587 -13 94 1 0 1
32.0841 -65.6065 97450 -5.8922 -6.63667 191.52 374.941 -13 94 1 0 1
53.4457 -47.6393 97800 9.96781 28.8757 189.276 376.281 -13 94 1 0 1
29.6605 -17.0832 98150 -25.4708 -2.41282 190.011 377.627 -13 94 1 0 1
-25.1523 -7.31433 98500 -22.9281 26.3434 188.518 378.978 -13 94 1 0 1
-32.8457 42.5995 98850 -2.12821 16.9804 190.96 380.327 -13 94 1 0 1
-63.4441 37.4163 99200 -15.5688 -27.0558 189.168 381.669 -13 94 1 0 1
-52.548 6.10961 99550 15.6776 4.5504 191.03 383.012 -13 94 1 0 1
-10.0354 21.7863 99900 29.6651 -5.32447 189.342 384.357 -13 94 1 0 1
19.3514 -14.9103 100250 7.53941 -21.2823 190.392 385.704 -13 94 1 0 1
51.3681 -25.3054 100600 19.4444 16.4435 190.027 387.046 -13 94 1 0 1
58.4105 -1.09219 100950 -3.34603 -3.91351 191.657 388.385 -13 94 1 0 1
29.6532 32.0211 97100 1.80001 -33.6053 185.317 375.958 -13 95 1 0 1
-7.87462 -6.23178 97450 -27.7263 -8.73353 186.091 377.315 -13 95 1 0 1
-34.1876 -47.3971 97800 12.0489 -30.4211 185.484 378.671 -13 95 1 0 1
-4.15113 -71.3936 98150 -0.26919 -2.38586 188.333 380.02 -13 95 1 0 1
-40.0391 -53.9723 98500 -17.9836 30.3652 185.012 381.371 -13 95 1 0 1
-21.326 -10.4175 98850 25.511 7.35404 186.467 382.727 -13 95 1 0 1
19.7262 16.4792 99200 6.73553 27.4649 186.213 384.08 -13 95 1 0 1
9.66432 56.5926 99550 0.314418 14.0208 187.825 385.429 -13 95 1 0 1
47.6022 56.7608 99900 24.1422 -24.7373 185.149 386.78 -13 95 1 0 1
41.8271 17.5731 100250 -20.205 -3.01392 187.237 388.132 -13 95 1 0 1
-5.11768 9.62022 100600 -21.7606 -19.6985 186.047 389.484 -13 95 1 0 1
-16.0281 -36.9771 100950 -2.79656 -21.1694 187.134 390.836 -13 95 1 0 1
-54.8995 31.647 97100 20.4478 29.5156 179.522 376.803 -13 96 1 0 1
-8.41461 38.4204 97450 11.5269 -13.0056 182.251 378.168 -13 96 1 0 1
5.76971 16.5795 97800 10.68 -5.67616 182.678 379.52 -13 96 1 0 1
34.2257 18.3917 98150 19.7834 -0.511253 182.005 380.872 -13 96 1 0 1
62.3681 -25.5941 98500 -10.3198 -38.8638 178.607 382.241 -13 96 1 0 1
20.5126 -53.682 98850 -10.4732 5.15444 182.705 383.608 -13 96 1 0 1
20.6513 -32.5269 99200 -2.44394 15.3076 182.42 384.959 -13 96 1 0 1
-7.96186 -22.7184 99550 -23.9492 -2.90397 181.482 386.313 -13 96 1 0 1
-56.1675 8.08192 99900 -7.20032 38.8756 178.758 387.684 -13 96 1 0 1
-34.6569 54.5804 100250 6.00035 5.02519 182.911 389.05 -13 96 1 0 1
-48.7215 35.9818 100600 -3.84672 -24.0806 181.447 390.403 -13 96 1 0 1
-22.2192 16.5271 100950 22.8198 7.20132 181.507 391.761 -13 96 1 0 1
72.9886 17.9815 97100 25.9707 -41.528 185.601 373.774 -13 97 1 0 1
69.9621 -40.6659 97450 -5.24845 -5.62837 191.801 375.131 -13 97 1 0 1
69.4568 -9.02885 97800 -13.2201 28.6248 189.348 376.472 -13 97 1 0 1
26.248 -3.23194 98150 -22.8215 -19.1907 189.626 377.819 -13 97 1 0 1
-33.1018 -22.1773 98500 -36.1212 16.3558 187.816 379.176 -13 97 1 0 1
-64.697 22.1979 98850 -9.80547 11.2117 191.377 380.527 -13 97 1 0 1
-82.6977 -8.61139 99200 8.71247 -35.7026 188.405 381.872 -13 97 1 0 1
-44.9271 -25.9092 99550 14.3436 16.8572 190.675 383.22 -13 97 1 0 1
-10.0596 13.4429 99900 31.8403 9.22516 189.072 384.568 -13 97 1 0 1
38.7226 -4.7687 100250 20.077 -12.0107 190.525 385.917 -13 97 1 0 1
70.3213 16.7073 100600 0.0435266 32.4392 189.195 387.262 -13 97 1 0 1
49.1678 42.1248 100950 -4.11282 -8.45668 191.725 388.605 -13 97 1 0 1
29.8175 34.4353 97100 34.3879 -8.98188 186.062 373.29 -13 98 1 0 1
62.6713 1.15601 97450 6.79249 -6.24967 189.201 374.641 -13 98 1 0 1
61.8512 28.9292 97800 -18.3853 22.3078 187.207 375.985 -13 98 1 0 1
28.6788 25.48 98150 -5.6851 -20.6131 188.215 377.332 -13 98 1 0 1
5.69977 -20.4848 98500 -29.2933 -15.0353 186.542 378.685 -13 98 1 0 1
-44.1338 -15.082 98850 -18.5208 3.54901 188.485 380.037 -13 98 1 0 1
-55.2363 -45.6351 99200 16.5232 -25.4612 186.979 381.384 -13 98 1 0 1
-26.0073 -52.3983 99550 -1.25943 12.5991 189.003 382.729 -13 98 1 0 1
-34.9834 -6.28842 99900 10.9997 31.7787 186.417 384.079 -13 98 1 0 1
10.1007 18.1137 100250 23.4117 1.34641 187.969 385.433 -13 98 1 0 1
30.7897 42.6369 100600 -8.01595 21.3038 188.054 386.778 -13 98 1 0 1
14.1912 59.3791 100950 5.53497 0.269279 189.345 388.119 -13 98 1 0 1
-40.0463 -89.7637 97100 -45.4939 4.38479 209.778 368.634 -13 99 1 0 1
-72.0245 -64.024 97450 9.91416 0.505328 214.47 369.949 -13 99 1 0 1
-13.7074 -73.247 97800 49.8893 16.3251 208.183 371.272 -13 99 1 0 1
19.8051 -11.1716 98150 -3.78615 38.2301 211.234 372.605 -13 99 1 0 1
35.0144 36.6994 98500 28.1948 12.7792 212.456 373.922 -13 99 1 0 1
74.2327 43.534 98850 12.1164 15.3108 213.81 375.232 -13 99 1 0 1
41.898 96.6394 99200 -55.8801 18.6473 206.459 376.562 -13 99 1 0 1
-17.2333 68.144 99550 -2.04722 -28.1729 212.833 377.894 -13 99 1 0 1
-8.46399 24.9936 99900 -4.25516 -26.8515 212.971 379.206 -13 99 1 0 1
-43.3265 -9.13336 100250 -28.723 -21.7667 211.653 380.52 -13 99 1 0 1
-52.1073 -78.6235 100600 35.0408 -44.5168 207.09 381.855 -13 99 1 0 1
3.63815 -98.2195 100950 5.37263 4.43413 214.586 383.18 -13 99 1 0 1
26.5216 17.4813 97100 8.97882 -17.2261 189.845 370.776 -13 100 1 0 1
20.5116 -5.4314 97450 -7.55498 -2.73415 190.667 372.115 -13 100 1 0 1
10.1459 -4.74608 97800 -4.56751 -0.590717 190.781 373.45 -13 100 1 0 1
4.24792 -13.1024 98150 -3.80089 -7.63867 190.646 374.785 -13 100 1 0 1
-15.3762 -20.1523 98500 -14.1593 6.22295 190.209 376.122 -13 100 1 0 1
-24.5018 -5.38725 98850 1.32639 1.82411 190.823 377.459 -13 100 1 0 1
-15.4022 -12.6115 99200 9.90132 -3.18357 190.553 378.795 -13 100 1 0 1
-3.54919 -4.95413 99550 1.56593 8.04576 190.66 380.13 -13 100 1 0 1
3.85285 8.38197 99900 8.42037 3.09323 190.625 381.466 -13 100 1 0 1
15.4648 7.29585 100250 3.00363 1.00776 190.81 382.802 -13 100 1 0 1
10.754 17.3414 100600 -9.74001 4.60889 190.532 384.137 -13 100 1 0 1
-2.07091 13.4642 100950 -1.13492 -4.51458 190.78 385.473 -13 100 1 0 1
