#BLTrackFile VirtualDetector/det2
#x y z Px Py Pz t PDGid EventID TrackID ParentID Weight
#mm mm mm MeV/c MeV/c MeV/c ns - - - - -
91.6822 -24.8287 8900 7.33468 -52.7445 192.781 34.226 -13 1 1 0 1
2.79428 -6.17564 8900 -1.62008 -18.8185 199.107 33.789 -13 2 1 0 1
8.04656 -30.2035 8900 -7.52116 -29.0773 197.733 34.0173 -13 3 1 0 1
-51.3902 -31.5966 8900 -26.0083 7.54485 198.159 34.1106 -13 4 1 0 1
-125.2 76.7542 8900 59.0768 54.7642 183.06 34.9202 -13 5 1 0 1
-12.0978 -3.39295 8900 5.83581 4.50287 199.864 33.6143 -13 6 1 0 1
-30.0501 -1.12304 8900 40.1155 52.5368 188.762 35.3173 -13 7 1 0 1
-123.215 -19.7828 8900 -9.78067 57.9727 191.164 34.5249 -13 8 1 0 1
14.1483 14.8543 8900 19.3723 -9.5837 198.829 33.6335 -13 9 1 0 1
-17.1847 19.4741 8900 -8.25746 7.26774 199.698 33.8537 -13 10 1 0 1
-38.9628 133.361 8900 74.6038 31.4444 182.882 34.5378 -13 11 1 0 1
-41.9418 18.6847 8900 -12.0219 30.2065 197.34 34.0516 -13 12 1 0 1
-10.3927 17.6365 8900 12.5416 -2.58911 199.59 33.6299 -13 13 1 0 1
-45.3466 -31.1936 8900 -24.9573 5.79286 198.353 34.0463 -13 14 1 0 1
24.6569 1.45333 8900 7.84422 -36.2073 196.539 33.9378 -13 15 1 0 1
3.69351 15.9 8900 24.3465 16.922 197.791 33.7978 -13 16 1 0 1
-6.20414 39.5087 8900 1.02502 12.7314 199.592 33.9139 -13 17 1 0 1
0.918382 1.92633 8900 5.10649 19.0578 199.025 33.7543 -13 18 1 0 1
26.0851 35.8622 8900 42.1058 -5.93443 195.428 33.8483 -13 19 1 0 1
12.2197 -7.26919 8900 0.690098 -22.1634 198.767 33.7742 -13 20 1 0 1
3.99553 20.2668 8900 16.9784 5.46638 199.203 33.608 -13 21 1 0 1
-15.3133 -54.1429 8900 -31.3335 -9.71355 197.292 34.0494 -13 22 1 0 1
-120.351 47.07 8900 20.6194 65.2687 187.923 34.4912 -13 23 1 0 1
-41.915 -32.9588 8900 -32.492 7.78043 197.19 34.1059 -13 24 1 0 1
41.7599 -23.3696 8900 5.70069 -36.4612 196.566 33.9606 -13 25 1 0 1
77.4034 43.9432 8900 47.572 -33.8137 191.295 34.1812 -13 26 1 0 1
-27.0453 100.699 8900 45.162 34.5053 191.755 34.3282 -13 27 1 0 1
11.3164 26.7766 8900 20.2693 13.3544 198.522 33.7524 -13 28 1 0 1
-72.3054 18.5034 8900 -11.1684 36.2078 196.378 34.1775 -13 29 1 0 1
18.8533 31.4292 8900 6.76263 -8.1877 199.718 33.7147 -13 30 1 0 1
128.659 -1.05616 8900 -20.0237 -57.3094 190.565 34.9069 -13 31 1 0 1
65.3379 -39.2489 8900 1.35614 -44.2506 195.039 34.1501 -13 32 1 0 1
-7.79669 25.3099 8900 2.10803 23.5117 198.603 33.8755 -13 33 1 0 1
7.17341 40.2415 8900 36.5316 21.2516 195.484 33.9795 -13 34 1 0 1
27.379 26.4373 8900 33.0645 -9.58777 197.015 33.7463 -13 35 1 0 1
18.4524 16.675 8900 28.348 3.64645 197.948 33.778 -13 36 1 0 1
21.9401 13.4778 8900 13.3817 -11.8372 199.201 33.6258 -13 37 1 0 1
3.96123 37.0969 8900 18.9448 22.7836 197.793 33.8948 -13 38 1 0 1
30.1978 25.6548 8900 37.5885 -12.9008 196.012 33.8355 -13 39 1 0 1
10.9352 -1.03666 8900 -10.0362 -15.4621 199.149 33.7836 -13 40 1 0 1
-2.27542 25.8318 8900 29.4174 -7.26723 197.692 33.6978 -13 41 1 0 1
-54.2198 0.93967 8900 -20.3828 23.7468 197.537 34.0794 -13 42 1 0 1
-23.7029 13.4875 8900 -1.50236 24.2605 198.518 33.7579 -13 43 1 0 1
20.2339 127.899 8900 65.7138 4.23455 188.849 34.4681 -13 44 1 0 1
8.07927 22.6233 8900 22.621 -7.17912 198.587 33.6253 -13 45 1 0 1
-69.7848 48.057 8900 12.0804 48.4263 193.673 34.1335 -13 46 1 0 1
-5.65703 -8.43832 8900 -4.90764 -20.3213 198.905 33.9089 -13 47 1 0 1
-20.0846 -10.6899 8900 -18.0229 -8.01024 199.026 33.9618 -13 48 1 0 1
26.3868 16.6977 8900 3.8841 -14.5321 199.434 33.6818 -13 49 1 0 1
-61.1301 35.8447 8900 1.25765 35.8998 196.748 34.0373 -13 50 1 0 1
8.57911 12.9153 8900 5.71517 -15.7861 199.295 33.6951 -13 51 1 0 1
30.9847 -25.7124 8900 9.54819 -26.8958 197.954 33.9356 -13 52 1 0 1
22.0099 9.00297 8900 5.70623 -25.7414 198.255 33.7584 -13 53 1 0 1
22.0793 19.9771 8900 36.6843 -11.3975 196.277 33.8463 -13 54 1 0 1
-9.87344 137.658 8900 79.7749 -26.4179 181.489 35.0084 -13 55 1 0 1
69.3584 -52.885 8900 -6.28641 -46.0045 194.536 34.2465 -13 56 1 0 1
-81.0787 114.489 8900 90.0559 23.9857 176.96 35.0577 -13 57 1 0 1
94.9856 41.2009 8900 42.2779 -49.9001 189.005 34.2273 -13 58 1 0 1
-120.054 81.9939 8900 47.3402 61.4056 184.36 34.6534 -13 59 1 0 1
-35.115 -69.6009 8900 -47.1863 6.03109 194.261 34.2443 -13 60 1 0 1
12.9146 24.96 8900 20.8453 -12.3699 198.526 33.6376 -13 61 1 0 1
36.255 45.1061 8900 47.495 -10.8154 193.978 33.9285 -13 62 1 0 1
-21.9542 80.0813 8900 34.5782 33.3008 194.154 34.1399 -13 63 1 0 1
5.39121 27.0809 8900 3.94768 -5.17112 199.895 33.706 -13 64 1 0 1
-0.123936 14.8098 8900 12.0334 11.5486 199.304 33.6343 -13 65 1 0 1
-5.68283 15.1931 8900 21.4615 7.4335 198.706 33.6264 -13 66 1 0 1
-4.81206 52.4022 8900 19.6875 27.0349 197.185 34.0003 -13 67 1 0 1
-68.0513 -62.2735 8900 -39.8085 20.4077 194.933 34.3308 -13 68 1 0 1
-89.2149 -82.5878 8900 -36.4807 42.5624 191.984 34.5524 -13 69 1 0 1
-2.31604 14.6393 8900 -5.78469 11.8082 199.568 33.7882 -13 70 1 0 1
58.0993 135.366 8900 78.1908 -23.0115 182.639 34.612 -13 71 1 0 1
-77.1723 -21.9042 8900 -28.9734 32.5514 195.195 34.2541 -13 72 1 0 1
5.56928 13.9019 8900 9.19931 -3.0987 199.764 33.5996 -13 73 1 0 1
15.4193 7.29407 8900 25.2408 -0.284394 198.401 33.7503 -13 74 1 0 1
1.75438 9.00583 8900 12.4629 5.57943 199.533 33.6053 -13 75 1 0 1
7.34452 67.7256 8900 39.6561 22.4483 194.74 34.0698 -13 76 1 0 1
-19.6524 -24.5737 8900 -26.0134 -3.43004 198.272 33.9614 -13 77 1 0 1
0.14482 5.80029 8900 -5.8595 -17.0746 199.184 33.8441 -13 78 1 0 1
5.89882 2.62891 8900 -16.5192 -5.06125 199.253 33.862 -13 79 1 0 1
-53.3485 -28.6537 8900 -26.7691 9.02198 197.996 34.134 -13 80 1 0 1
-44.3365 59.3875 8900 14.9559 43.6586 194.603 34.2229 -13 81 1 0 1
15.9581 -0.000213853 8900 6.18658 -28.9336 197.8 33.8543 -13 82 1 0 1
-95.0533 -11.8202 8900 -22.4035 44.2873 193.745 34.3466 -13 83 1 0 1
-46.9754 -6.28797 8900 -19.3629 12.8047 198.649 33.9978 -13 84 1 0 1
-21.528 -88.8769 8900 -50.7216 -1.86831 193.453 34.31 -13 85 1 0 1
48.6289 17.8166 8900 34.186 -13.1847 196.616 33.963 -13 86 1 0 1
-3.11306 -17.5133 8900 -22.591 -8.03627 198.558 33.8829 -13 87 1 0 1
14.0956 31.9456 8900 32.0205 9.16028 197.208 33.7812 -13 88 1 0 1
11.7615 11.5021 8900 6.38948 -11.9678 199.54 33.6418 -13 89 1 0 1
-4.85738 0.935011 8900 16.9978 -3.41854 199.247 33.6801 -13 90 1 0 1
65.561 85.2758 8900 27.5393 -73.6669 183.889 35.2343 -13 91 1 0 1
11.899 0.553683 8900 -7.53961 -3.23811 199.832 33.6963 -13 92 1 0 1
75.4523 9.34495 8900 29.936 -36.5558 194.339 34.089 -13 93 1 0 1
-22.4186 12.8343 8900 -8.84359 21.0943 198.688 33.8482 -13 94 1 0 1
52.1433 70.7272 8900 49.8116 -16.2923 193.012 33.9697 -13 95 1 0 1
42.6813 25.0169 8900 35.5453 -28.7215 194.71 33.8873 -13 96 1 0 1
-18.4653 -2.65075 8900 -20.9179 2.60695 198.887 33.9426 -13 97 1 0 1
4.52035 3.17119 8900 -7.85691 -18.1325 199.022 33.8428 -13 98 1 0 1
28.6117 98.2174 8900 56.3086 4.91659 191.847 34.1993 -13 99 1 0 1
16.8376 21.7879 8900 10.4143 -14.4295 199.207 33.6546 -13 100 1 0 1
