#BLTrackFile VirtualDetector/det28
#x y z Px Py Pz t PDGid EventID TrackID ParentID Weight
#mm mm mm MeV/c MeV/c MeV/c ns - - - - -
#BLTrackFile VirtualDetector/det28
#x y z Px Py Pz t PDGid EventID TrackID ParentID Weight
#mm mm mm MeV/c MeV/c MeV/c ns - - - - -
#BLTrackFile VirtualDetector/det28
#x y z Px Py Pz t PDGid EventID TrackID ParentID Weight
#mm mm mm MeV/c MeV/c MeV/c ns - - - - -
#BLTrackFile VirtualDetector/det28
#x y z Px Py Pz t PDGid EventID TrackID ParentID Weight
#mm mm mm MeV/c MeV/c MeV/c ns - - - - -
#BLTrackFile VirtualDetector/det28
#x y z Px Py Pz t PDGid EventID TrackID ParentID Weight
#mm mm mm MeV/c MeV/c MeV/c ns - - - - -
#BLTrackFile VirtualDetector/det28
#x y z Px Py Pz t PDGid EventID TrackID ParentID Weight
#mm mm mm MeV/c MeV/c MeV/c ns - - - - -
#BLTrackFile VirtualDetector/det28
#x y z Px Py Pz t PDGid EventID TrackID ParentID Weight
#mm mm mm MeV/c MeV/c MeV/c ns - - - - -
#BLTrackFile VirtualDetector/det28
#x y z Px Py Pz t PDGid EventID TrackID ParentID Weight
#mm mm mm MeV/c MeV/c MeV/c ns - - - - -
#BLTrackFile VirtualDetector/det28
#x y z Px Py Pz t PDGid EventID TrackID ParentID Weight
#mm mm mm MeV/c MeV/c MeV/c ns - - - - -
#BLTrackFile VirtualDetector/det28
#x y z Px Py Pz t PDGid EventID TrackID ParentID Weight
#mm mm mm MeV/c MeV/c MeV/c ns - - - - -
#BLTrackFile VirtualDetector/det28
#x y z Px Py Pz t PDGid EventID TrackID ParentID Weight
#mm mm mm MeV/c MeV/c MeV/c ns - - - - -
#BLTrackFile VirtualDetector/det28
#x y z Px Py Pz t PDGid EventID TrackID ParentID Weight
#mm mm mm MeV/c MeV/c MeV/c ns - - - - -
-64.6115 50.4055 118100 52.0101 17.2206 203.071 448.942 -13 1 1 0 1
3.22242 14.8444 118450 20.7494 -38.7807 205.682 450.287 -13 1 1 0 1
56.401 -23.5792 118800 41.9806 7.91587 205.948 451.62 -13 1 1 0 1
104.37 3.293 119150 21.253 -3.26411 209.23 452.944 -13 1 1 0 1
106.311 -69.0098 119500 -44.0254 -53.4621 198.603 454.291 -13 1 1 0 1
28.1259 -74.686 119850 -18.1971 29.6654 207.433 455.643 -13 1 1 0 1
6.88783 -19.9913 120200 -25.7217 24.9195 207.261 456.968 -13 1 1 0 1
-54.4547 -10.1297 120550 -40.9995 2.55444 206.281 458.296 -13 1 1 0 1
-101.101 55.535 120900 14.0692 64.3941 199.737 459.648 -13 1 1 0 1
-50.8003 102.433 121250 7.23875 -5.84783 210.126 460.989 -13 1 1 0 1
-71.7144 53.6553 121600 -0.464097 -49.4404 204.438 462.315 -13 1 1 0 1
-20.0243 10.9877 121950 44.0906 0.448052 205.658 463.652 -13 1 1 0 1
31.7847 59.3574 118100 35.2948 -14.7228 197.166 447.182 -13 2 1 0 1
52.6807 22.1065 118450 -6.45894 -8.36752 200.563 448.514 -13 2 1 0 1
28.8174 24.4329 118800 -18.836 -2.58036 199.939 449.837 -13 2 1 0 1
14.6994 -2.37577 119150 1.11318 -23.0526 199.511 451.163 -13 2 1 0 1
-7.82603 -42.9421 119500 -31.3298 -10.2007 198.12 452.496 -13 2 1 0 1
-47.7266 -36.3541 119850 -8.141 -0.342557 200.676 453.825 -13 2 1 0 1
-30.563 -58.0135 120200 28.1811 -7.90272 198.697 455.151 -13 2 1 0 1
-4.36993 -39.7923 120550 -5.07475 17.7897 199.987 456.479 -13 2 1 0 1
-14.5054 1.18736 120900 8.11636 27.0304 198.848 457.808 -13 2 1 0 1
17.8381 28.4717 121250 16.3567 10.4232 199.902 459.138 -13 2 1 0 1
13.8751 58.964 121600 -23.7022 13.5104 198.98 460.465 -13 2 1 0 1
-12.5563 57.4746 121950 4.37733 -3.42954 200.764 461.79 -13 2 1 0 1
8.87882 -36.2619 118100 -12.6431 14.7371 194.122 452.862 -13 3 1 0 1
16.8652 -2.65856 118450 16.1292 19.8844 193.403 454.198 -13 3 1 0 1
19.6006 49.7052 118800 -24.852 27.0831 191.597 455.544 -13 3 1 0 1
-22.4538 62.8266 119150 -5.30927 1.75447 195.011 456.885 -13 3 1 0 1
7.15361 64.0775 119500 26.41 -15.2187 192.695 458.22 -13 3 1 0 1
11.1047 23.6536 119850 -17.8682 -17.8457 193.45 459.56 -13 3 1 0 1
-12.3014 -19.5727 120200 6.04644 -30.3566 192.62 460.902 -13 3 1 0 1
16.5468 -55.9858 120550 8.40299 -16.0293 194.25 462.243 -13 3 1 0 1
-17.7514 -79.7868 120900 -38.3942 8.34232 191.094 463.585 -13 3 1 0 1
-40.8859 -42.8811 121250 12.4957 11.8788 194.328 464.928 -13 3 1 0 1
-4.05038 -22.9038 121600 16.0391 22.8271 193.086 466.266 -13 3 1 0 1
-9.82432 24.9592 121950 -10.4907 26.1807 193.042 467.608 -13 3 1 0 1
52.9343 32.5485 118100 38.7296 -12.1708 192.49 453.712 -13 4 1 0 1
90.5292 -0.328866 118450 10.9615 0.634144 196.418 455.054 -13 4 1 0 1
82.2503 54.3344 118800 -37.5443 35.2256 189.869 456.403 -13 4 1 0 1
20.2602 46.0053 119150 -12.3906 -29.4259 194.116 457.758 -13 4 1 0 1
-6.9995 -6.76137 119500 -30.6957 -16.8095 193.587 459.104 -13 4 1 0 1
-64.1995 -7.02921 119850 -28.0216 -2.96034 194.696 460.447 -13 4 1 0 1
-80.7821 -66.7128 120200 29.5592 -44.9719 189.221 461.803 -13 4 1 0 1
-24.1788 -80.8375 120550 5.71951 16.9351 195.911 463.156 -13 4 1 0 1
-33.6845 -29.9955 120900 7.74354 36.7254 193.111 464.497 -13 4 1 0 1
16.947 3.47972 121250 34.6551 6.42675 193.542 465.845 -13 4 1 0 1
54.057 51.6024 121600 -10.4807 42.2318 191.852 467.196 -13 4 1 0 1
19.7262 88.2711 121950 -0.505022 3.49968 196.693 468.539 -13 4 1 0 1
-59.5516 154.547 118100 80.1428 37.7671 186.268 461.19 -13 5 1 0 1
29.3701 116.912 118450 -7.03809 -36.5616 202.876 462.577 -13 5 1 0 1
-9.8162 45.7925 118800 -4.53051 -54.2603 198.948 463.925 -13 5 1 0 1
44.9833 -28.7945 119150 44.1728 -36.1655 198.206 465.287 -13 5 1 0 1
48.145 -134.246 119500 -62.6111 -51.7838 189.587 466.678 -13 5 1 0 1
-37.5861 -138.239 119850 0.859643 11.0925 205.964 468.046 -13 5 1 0 1
28.5052 -104.983 120200 39.5645 52.0259 195.635 469.394 -13 5 1 0 1
5.22896 -13.566 120550 -45.4962 36.953 197.761 470.765 -13 5 1 0 1
-35.1882 79.7986 120900 25.5833 61.1968 195.309 472.141 -13 5 1 0 1
26.0845 135.367 121250 5.90176 20.2824 205.18 473.495 -13 5 1 0 1
-56.9501 143.163 121600 -66.2702 -48.0975 189.314 474.863 -13 5 1 0 1
-58.0635 43.2439 121950 45.3706 -29.978 198.967 476.251 -13 5 1 0 1
41.0011 20.5656 118100 19.4659 -23.0785 205.669 443.057 -13 6 1 0 1
46.1824 -12.922 118450 -2.28697 -5.21001 207.796 444.374 -13 6 1 0 1
43.4977 2.11881 118800 -8.74814 15.171 207.135 445.685 -13 6 1 0 1
23.3452 3.44434 119150 -9.29402 -12.8589 207.267 446.998 -13 6 1 0 1
-3.08892 -18.9422 119500 -24.2857 -2.70798 206.432 448.315 -13 6 1 0 1
-33.2379 -6.2496 119850 -11.0685 5.30888 207.511 449.631 -13 6 1 0 1
-42.5843 -22.0908 120200 6.44827 -18.3872 206.958 450.944 -13 6 1 0 1
-28.2378 -31.7285 120550 -0.0236385 7.03255 207.755 452.256 -13 6 1 0 1
-31.5115 -2.15797 120900 8.50065 22.9306 206.43 453.571 -13 6 1 0 1
-3.46796 13.6182 121250 15.3419 -0.838486 207.305 454.888 -13 6 1 0 1
12.36 20.4405 121600 1.60756 10.0224 207.626 456.199 -13 6 1 0 1
12.7001 33.7389 121950 6.64703 4.56647 207.717 457.51 -13 6 1 0 1
131.822 45.528 118100 17.5252 -69.6943 186.39 458.605 -13 8 1 0 1
82.4968 -19.9562 118450 -37.1153 11.0698 195.973 459.98 -13 8 1 0 1
9.2907 6.88509 118800 -46.598 -8.14837 194.082 461.335 -13 8 1 0 1
-46.4019 -48.4986 119150 -26.5028 -32.0034 195.394 462.691 -13 8 1 0 1
-123.858 -34.4865 119500 -29.4901 57.7076 188.96 464.06 -13 8 1 0 1
-106.036 28.8039 119850 18.1166 -9.02402 198.736 465.417 -13 8 1 0 1
-58.6684 -25.8903 120200 50.1696 -21.3922 192.174 466.77 -13 8 1 0 1
20.2437 5.17405 120550 31.4671 33.7143 194.368 468.135 -13 8 1 0 1
91.8827 14.1869 120900 34.0755 -36.1379 193.49 469.492 -13 8 1 0 1
106.609 -36.3697 121250 4.75674 3.34322 199.679 470.833 -13 8 1 0 1
98.2563 33.472 121600 -41.5151 47.5329 189.533 472.19 -13 8 1 0 1
11.4986 32.5192 121950 -32.2028 -30.8018 194.73 473.562 -13 8 1 0 1
-11.2158 19.4255 118100 11.9732 2.45822 192.278 449.844 -13 9 1 0 1
2.2057 10.4352 118450 1.02339 -7.40723 192.52 451.178 -13 9 1 0 1
5.56503 -0.373551 118800 5.32987 -3.12426 192.567 452.51 -13 9 1 0 1
17.3293 -1.57332 119150 6.62896 -2.40648 192.537 453.842 -13 9 1 0 1
19.8735 -19.6611 119500 -9.04858 -12.5783 192.042 455.176 -13 9 1 0 1
3.08922 -25.536 119850 -2.02047 2.21041 192.642 456.51 -13 9 1 0 1
9.55985 -17.1791 120200 2.88277 8.44419 192.459 457.842 -13 9 1 0 1
0.934235 -7.55989 120550 -9.90598 1.22037 192.407 459.175 -13 9 1 0 1
-16.8643 4.82284 120900 -3.58236 14.5036 192.086 460.51 -13 9 1 0 1
-12.4545 24.3256 121250 -0.0758315 5.16013 192.597 461.844 -13 9 1 0 1
-26.3814 20.0381 121600 -7.80234 -12.1595 192.123 463.177 -13 9 1 0 1
-22.5988 5.89019 121950 7.40875 1.80366 192.515 464.51 -13 9 1 0 1
-44.6189 31.1867 118100 33.7476 12.4251 202.337 446.504 -13 10 1 0 1
1.49148 9.29977 118450 15.0446 -25.0689 203.418 447.833 -13 10 1 0 1
39.1663 -14.3287 118800 28.0793 7.37598 203.447 449.159 -13 10 1 0 1
70.9442 6.63929 119150 14.4836 -1.01418 204.994 450.48 -13 10 1 0 1
76.598 -41.935 119500 -25.4784 -38.8852 200.181 451.811 -13 10 1 0 1
25.8475 -53.7361 119850 -12.7473 16.5488 204.444 453.144 -13 10 1 0 1
13.2475 -18.0675 120200 -15.6758 17.9992 204.117 454.465 -13 10 1 0 1
-28.3433 -11.764 120550 -28.722 -1.4446 203.486 455.788 -13 10 1 0 1
-69.1985 26.1697 120900 -0.602056 43.7765 200.79 457.122 -13 10 1 0 1
-46.04 67.7985 121250 2.47794 1.61414 205.487 458.45 -13 10 1 0 1
-64.9679 35.4825 121600 -2.06054 -36.9217 202.154 459.774 -13 10 1 0 1
-30.5307 5.23544 121950 28.5533 5.0211 203.453 461.102 -13 10 1 0 1
9.48643 33.9896 118100 62.8761 3.22928 180.574 465.753 -13 11 1 0 1
94.8819 -17.9383 118450 31.7028 -21.3741 187.374 467.145 -13 11 1 0 1
142.434 36.5993 118800 -15.73 64.7836 179.239 468.528 -13 11 1 0 1
76.7745 63.3703 119150 -16.3231 -33.3218 187.601 469.91 -13 11 1 0 1
29.1041 -25.3617 119500 -56.9819 -29.9427 180.076 471.303 -13 11 1 0 1
-74.1198 -5.37637 119850 -41.6468 17.8989 185.785 472.703 -13 11 1 0 1
-127.208 -57.3313 120200 14.4131 -61.2393 180.591 474.086 -13 11 1 0 1
-72.8836 -88.608 120550 4.70369 25.0746 189.526 475.458 -13 11 1 0 1
-64.2445 4.44987 120900 39.4189 51.7571 179.829 476.845 -13 11 1 0 1
38.8598 19.7859 121250 46.9104 -12.5837 184.965 478.246 -13 11 1 0 1
97.8719 61.444 121600 -5.42913 52.4268 183.829 479.622 -13 11 1 0 1
64.4681 101.461 121950 5.38606 -10.1685 190.889 480.98 -13 11 1 0 1
-3.13372 33.7617 118100 44.2608 -16.4542 186.529 456.556 -13 12 1 0 1
35.299 -30.3819 118450 9.12869 -32.3272 189.458 457.921 -13 12 1 0 1
84.8661 -42.7079 118800 29.9576 28.8807 187.86 459.275 -13 12 1 0 1
92.2031 -3.60391 119150 -7.5439 -8.32794 192.085 460.622 -13 12 1 0 1
46.7394 -52.6644 119500 -50.4082 -13.8716 185.174 461.983 -13 12 1 0 1
-19.0418 -13.2553 119850 -15.245 32.8915 188.967 463.354 -13 12 1 0 1
-60.418 13.6763 120200 -27.0694 -12.3704 190.098 464.703 -13 12 1 0 1
-87.3513 -9.9016 120550 -11.2509 6.93482 191.959 466.044 -13 12 1 0 1
-77.9796 56.1678 120900 41.7772 38.1886 183.9 467.408 -13 12 1 0 1
-5.64757 48.0685 121250 16.0233 -27.5882 189.75 468.779 -13 12 1 0 1
20.8587 8.38411 121600 22.0639 -7.61166 190.993 470.125 -13 12 1 0 1
63.0498 12.3668 121950 24.7299 -3.82734 190.779 471.467 -13 12 1 0 1
32.1734 76.0346 118100 53.2883 -18.3301 215.171 438.738 -13 13 1 0 1
69.5065 25.6882 118450 -1.01661 -17.9658 221.699 440.056 -13 13 1 0 1
56.8541 26.5559 118800 -15.3439 5.35505 221.833 441.35 -13 13 1 0 1
44.0209 8.20877 119150 2.20622 -28.4612 220.588 442.647 -13 13 1 0 1
21.1184 -52.8996 119500 -43.1046 -29.038 216.271 443.965 -13 13 1 0 1
-41.2646 -57.4133 119850 -20.0522 2.47621 221.508 445.281 -13 13 1 0 1
-36.4057 -75.6263 120200 24.5998 -11.6259 220.758 446.579 -13 13 1 0 1
-19.3083 -67.4539 120550 -14.6022 14.5333 221.472 447.876 -13 13 1 0 1
-54.2997 -15.1568 120900 -3.50547 52.0543 216.223 449.192 -13 13 1 0 1
-20.0444 40.972 121250 23.6846 16.254 220.565 450.51 -13 13 1 0 1
-14.5757 63.0316 121600 -14.7779 8.68246 221.767 451.808 -13 13 1 0 1
-23.8258 71.8444 121950 13.7103 11.7103 221.696 453.102 -13 13 1 0 1
83.0541 60.383 118100 38.0508 -39.2089 193.313 450.893 -13 14 1 0 1
87.0006 2.35292 118450 -15.2395 -2.37262 200.293 452.238 -13 14 1 0 1
46.1383 26.1722 118800 -35.8861 5.89441 197.566 453.571 -13 14 1 0 1
2.1169 -9.23114 119150 -13.8429 -32.882 197.692 454.911 -13 14 1 0 1
-50.8154 -43.292 119500 -41.8798 10.9247 196.168 456.256 -13 14 1 0 1
-89.221 -10.7558 119850 -7.86119 -0.141871 200.732 457.592 -13 14 1 0 1
-72.5253 -57.7659 120200 39.483 -28.0246 194.963 458.93 -13 14 1 0 1
-15.2637 -43.2471 120550 10.1949 29.1637 198.496 460.276 -13 14 1 0 1
7.04423 6.76984 120900 27.2651 17.2198 198.281 461.612 -13 14 1 0 1
57.7856 10.681 121250 24.969 4.61222 199.275 462.945 -13 14 1 0 1
68.7019 63.8469 121600 -28.6894 38.8576 194.993 464.288 -13 14 1 0 1
17.7065 75.1306 121950 -5.45915 -14.2121 200.308 465.628 -13 14 1 0 1
20.0492 53.7816 118100 32.2784 -29.0852 191.035 451.209 -13 15 1 0 1
24.5704 -6.94691 118450 -13.7603 -23.699 193.988 452.559 -13 15 1 0 1
23.8663 -39.3981 118800 15.9016 -9.45753 195.038 453.893 -13 15 1 0 1
44.9979 -48.4131 119150 -0.162068 -13.2454 195.465 455.223 -13 15 1 0 1
-1.72947 -76.7567 119500 -45.7052 6.31013 190.403 456.571 -13 15 1 0 1
-36.1714 -32.0783 119850 6.54211 20.4348 194.735 457.921 -13 15 1 0 1
-21.0322 -7.02369 120200 2.31563 13.5161 195.433 459.252 -13 15 1 0 1
-33.5152 19.5149 120550 -9.59452 20.0594 194.648 460.583 -13 15 1 0 1
-12.0675 67.977 120900 38.5504 14.6866 191.521 461.93 -13 15 1 0 1
32.605 54.4248 121250 1.02264 -9.21299 195.694 463.272 -13 15 1 0 1
7.94512 44.4336 121600 -18.2245 -14.0295 194.559 464.603 -13 15 1 0 1
8.24934 9.17169 121950 14.0697 -19.6014 194.422 465.938 -13 15 1 0 1
-11.0404 -10.444 118100 -18.1335 -12.7037 203.896 447.349 -13 16 1 0 1
-43.4205 -16.5994 118450 -14.6281 -6.77348 204.46 448.668 -13 16 1 0 1
-39.9326 -53.7172 118800 26.5954 -21.9728 202.172 449.992 -13 16 1 0 1
-2.45749 -52.6162 119150 3.33933 12.0233 204.715 451.316 -13 16 1 0 1
-11.0922 -26.4268 119500 -0.178821 19.7825 204.138 452.634 -13 16 1 0 1
12.3228 -4.55761 119850 21.117 7.61573 203.862 453.954 -13 16 1 0 1
34.8901 29.3489 120200 -6.34444 28.8464 202.957 455.278 -13 16 1 0 1
12.8681 54.3497 120550 -2.49262 3.15042 205.055 456.599 -13 16 1 0 1
33.045 42.7191 120900 11.9544 -21.2195 203.643 457.916 -13 16 1 0 1
20.183 16.2414 121250 -20.2683 -3.21875 204.065 459.236 -13 16 1 0 1
-18.1245 0.951864 121600 -15.0556 -22.9833 203.246 460.56 -13 16 1 0 1
-21.6978 -37.2424 121950 -2.28234 -15.0775 204.527 461.881 -13 16 1 0 1
27.8916 106.849 118100 53.5244 -15.7406 216.542 440.473 -13 17 1 0 1
57.2269 60.2495 118450 -15.9161 -16.5741 222.43 441.787 -13 17 1 0 1
11.3154 40.1512 118800 -27.8082 -26.5065 220.289 443.093 -13 17 1 0 1
5.97947 -15.9488 119150 10.0171 -36.6746 220.358 444.403 -13 17 1 0 1
-14.9318 -72.0501 119500 -41.8414 -19.3621 218.809 445.717 -13 17 1 0 1
-64.1077 -75.7788 119850 -6.98365 -8.89508 223.327 447.023 -13 17 1 0 1
-20.0218 -105.388 120200 55.7307 0.292824 216.557 448.335 -13 17 1 0 1
21.0675 -63.7741 120550 -9.83027 28.8949 221.521 449.652 -13 17 1 0 1
-3.7189 -14.91 120900 -2.26626 37.9812 220.353 450.959 -13 17 1 0 1
23.3738 35.8317 121250 20.5151 29.3855 220.723 452.269 -13 17 1 0 1
8.26195 92.8869 121600 -45.0383 24.1139 217.7 453.584 -13 17 1 0 1
-42.0603 94.0365 121950 -0.541523 0.224657 223.613 454.893 -13 17 1 0 1
18.2723 23.3324 118100 9.65703 -33.1399 201.281 446.968 -13 18 1 0 1
-1.08417 -23.6658 118450 -17.1534 -19.248 202.585 448.298 -13 18 1 0 1
2.62271 -59.4458 118800 24.3872 -13.1694 202.33 449.623 -13 18 1 0 1
30.4521 -61.3503 119150 -2.86399 -3.23454 204.174 450.943 -13 18 1 0 1
-11.3419 -63.8046 119500 -33.239 17.8292 200.706 452.27 -13 18 1 0 1
-23.5777 -19.1388 119850 13.2348 19.0275 202.9 453.599 -13 18 1 0 1
-6.63093 11.196 120200 -2.20011 18.8958 203.331 454.921 -13 18 1 0 1
-22.5458 37.4896 120550 -5.75532 16.502 203.47 456.241 -13 18 1 0 1
4.88707 67.0937 120900 34.9884 1.55755 201.194 457.567 -13 18 1 0 1
33.5432 45.6022 121250 -5.80002 -8.65126 203.954 458.892 -13 18 1 0 1
3.44165 33.9801 121600 -19.0466 -16.803 202.634 460.212 -13 18 1 0 1
0.486761 -3.62959 121950 8.89379 -20.6526 202.978 461.536 -13 18 1 0 1
-36.1124 -6.26129 118100 -18.7651 13.4609 204.066 447.373 -13 19 1 0 1
-50.5391 17.199 118450 -6.49997 1.93217 205.256 448.691 -13 19 1 0 1
-56.8418 -11.9699 118800 12.382 -26.7806 203.238 450.01 -13 19 1 0 1
-23.4597 -22.108 119150 13.9764 11.944 204.544 451.332 -13 19 1 0 1
1.20403 -2.02974 119500 19.2451 2.36127 204.451 452.651 -13 19 1 0 1
30.7971 -15.1696 119850 17.2428 -7.48419 204.506 453.97 -13 19 1 0 1
60.9163 5.35849 120200 4.37935 30.4565 203.05 455.293 -13 19 1 0 1
46.6262 32.0017 120550 -5.17915 -4.6956 205.249 456.613 -13 19 1 0 1
38.8172 1.43058 120900 -16.6819 -20.782 203.632 457.932 -13 19 1 0 1
-0.647631 -1.64737 121250 -21.9547 10.6249 203.915 459.255 -13 19 1 0 1
-39.8068 -4.42061 121600 -17.0817 -20.1873 203.659 460.578 -13 19 1 0 1
-51.2501 -34.0073 121950 -8.83735 -3.63081 205.146 461.897 -13 19 1 0 1
9.41495 2.53363 118100 1.8471 -21.5155 197.457 448.059 -13 20 1 0 1
-5.95992 -25.9073 118450 -8.46592 -11.9492 198.094 449.388 -13 20 1 0 1
6.47222 -46.2956 118800 21.2594 -2.12365 197.482 450.715 -13 20 1 0 1
25.337 -35.4059 119150 -3.78461 2.71839 198.58 452.041 -13 20 1 0 1
0.107962 -32.3887 119500 -17.591 11.0228 197.547 453.367 -13 20 1 0 1
-5.09168 -4.50617 119850 7.43264 13.7774 198.017 454.695 -13 20 1 0 1
-3.03527 19.3725 120200 -9.80253 10.5293 198.113 456.021 -13 20 1 0 1
-20.4717 26.9823 120550 -3.68266 5.10325 198.535 457.346 -13 20 1 0 1
-4.67899 40.6378 120900 19.3797 0.288505 197.687 458.672 -13 20 1 0 1
9.1163 25.6839 121250 -5.88738 -8.407 198.369 459.998 -13 20 1 0 1
-6.76493 7.16549 121600 -3.67063 -15.7578 197.975 461.323 -13 20 1 0 1
2.69514 -15.0988 121950 6.97641 -9.27312 198.296 462.649 -13 20 1 0 1
-0.511137 5.65217 118100 10.4929 6.62185 197.234 447.671 -13 21 1 0 1
19.1969 6.80061 118450 9.15775 0.902769 197.409 448.997 -13 21 1 0 1
24.3204 23.8171 118800 -7.99839 13.267 197.015 450.323 -13 21 1 0 1
11.3236 29.8242 119150 1.53504 -3.88341 197.579 451.649 -13 21 1 0 1
21.5413 9.79878 119500 -0.510628 -18.5252 196.753 452.976 -13 21 1 0 1
3.09254 -9.83983 119850 -12.3372 -4.01885 197.197 454.305 -13 21 1 0 1
-7.04404 -23.2763 120200 3.49666 -10.3851 197.319 455.63 -13 21 1 0 1
-0.999871 -35.2149 120550 -4.4693 -5.13318 197.506 456.956 -13 21 1 0 1
-28.8175 -29.4598 120900 -16.3217 18.9317 196.036 458.285 -13 21 1 0 1
-28.9189 1.31885 121250 8.06233 6.85792 197.34 459.616 -13 21 1 0 1
-17.884 4.6312 121600 4.51458 2.07421 197.561 460.94 -13 21 1 0 1
-13.6457 18.0712 121950 3.08926 13.3321 197.149 462.265 -13 21 1 0 1
33.0789 40.7301 118100 10.6917 -40.5876 200.639 448.418 -13 22 1 0 1
4.16928 -11.9608 118450 -27.5092 -17.2527 202.394 449.755 -13 22 1 0 1
-14.8743 -53.8127 118800 14.3614 -27.1133 202.673 451.082 -13 22 1 0 1
11.3453 -77.7661 119150 -2.33114 -9.78614 204.735 452.404 -13 22 1 0 1
-38.5175 -76.7109 119500 -36.7077 28.4733 199.648 453.736 -13 22 1 0 1
-43.4114 -23.3327 119850 20.9607 14.7983 203.37 455.071 -13 22 1 0 1
-5.80972 -0.668382 120200 13.2317 22.2014 203.346 456.395 -13 22 1 0 1
-6.38422 42.0186 120550 -0.944973 25.0654 203.442 457.718 -13 22 1 0 1
33.3354 70.9707 120900 40.0559 -8.26974 200.86 459.05 -13 22 1 0 1
60.8374 40.4231 121250 -7.18638 -4.52051 204.806 460.376 -13 22 1 0 1
21.3631 47.0071 121600 -33.2935 -7.90985 202.106 461.7 -13 22 1 0 1
-3.66472 5.17208 121950 1.22421 -28.2757 203.019 463.029 -13 22 1 0 1
-70.6656 65.7185 118100 14.4379 54.7273 195.604 456.654 -13 23 1 0 1
-26.2294 110.523 118450 1.50496 2.87084 203.602 457.997 -13 23 1 0 1
-71.1086 75.9988 118800 -19.5142 -51.0665 196.152 459.336 -13 23 1 0 1
-32.1008 15.0287 119150 44.0068 -8.29223 198.643 460.69 -13 23 1 0 1
38.0081 -24.2378 119500 17.0315 -47.9569 197.166 462.044 -13 23 1 0 1
30.1925 -96.948 119850 4.39382 -28.1395 201.626 463.389 -13 23 1 0 1
99.4666 -92.6098 120200 42.3074 50.9921 192.547 464.745 -13 23 1 0 1
85.9529 -23.0432 120550 -35.6862 1.92268 200.467 466.103 -13 23 1 0 1
4.94633 -23.5758 120900 -46.9341 26.1399 196.414 467.455 -13 23 1 0 1
-32.3171 54.9109 121250 -12.8806 43.1595 198.584 468.813 -13 23 1 0 1
-107.245 74.4535 121600 -50.0323 -40.4128 193.205 470.176 -13 23 1 0 1
-121.335 13.6169 121950 14.6339 4.89441 203.043 471.524 -13 23 1 0 1
46.9516 23.29 118100 -10.1023 -36.4684 209.167 445.758 -13 24 1 0 1
1.05753 -2.94814 118450 -32.2158 0.488224 210.107 447.079 -13 24 1 0 1
-41.777 -25.768 118800 -8.63881 -31.7718 209.997 448.398 -13 24 1 0 1
-37.6377 -64.5983 119150 -6.14151 -9.784 212.249 449.711 -13 24 1 0 1
-74.0775 -42.531 119500 -15.4077 39.5919 208.274 451.028 -13 24 1 0 1
-54.6658 -2.03486 119850 23.142 -1.72467 211.292 452.348 -13 24 1 0 1
-9.09786 -11.1124 120200 30.4724 7.70761 210.226 453.664 -13 24 1 0 1
22.6862 24.1525 120550 14.3391 22.5049 210.881 454.98 -13 24 1 0 1
64.9205 28.499 120900 25.0251 -24.5037 209.658 456.297 -13 24 1 0 1
73.7279 -3.2444 121250 -3.06289 3.04391 212.519 457.609 -13 24 1 0 1
51.9073 32.4986 121600 -33.0899 20.4383 208.975 458.925 -13 24 1 0 1
2.42153 21.523 121950 -17.2113 -21.4839 210.773 460.245 -13 24 1 0 1
32.8033 -23.3847 118100 -18.4375 -1.56326 199.336 449.637 -13 25 1 0 1
15.468 -0.463981 118450 -0.937632 22.4514 198.928 450.963 -13 25 1 0 1
-8.02163 38.2702 118800 -29.9803 8.77264 197.741 452.296 -13 25 1 0 1
-45.5244 29.8159 119150 -7.90464 -1.21594 200.033 453.626 -13 25 1 0 1
-32.8087 48.1035 119500 23.4519 7.48674 198.674 454.95 -13 25 1 0 1
-10.1431 30.1195 119850 -3.53663 -19.4132 199.218 456.278 -13 25 1 0 1
-9.95264 -12.9895 120200 16.4168 -23.7151 198.104 457.609 -13 25 1 0 1
28.778 -31.141 120550 16.3343 -7.354 199.39 458.939 -13 25 1 0 1
23.3482 -61.3076 120900 -25.6374 -13.7658 198.067 460.268 -13 25 1 0 1
-5.01321 -54.4222 121250 4.12842 9.87238 199.907 461.595 -13 25 1 0 1
18.0106 -26.0488 121600 5.97197 27.2715 198.237 462.923 -13 25 1 0 1
-4.67725 11.2984 121950 -20.1666 14.3251 198.659 464.255 -13 25 1 0 1
27.1355 7.48142 118100 -25.1124 -22.019 190.967 456.682 -13 26 1 0 1
-29.1616 8.55902 118450 -30.4202 9.5582 191.225 458.031 -13 26 1 0 1
-77.655 -21.6968 118800 -3.82947 -42.5403 189.102 459.384 -13 26 1 0 1
-54.1711 -61.5829 119150 3.87095 3.75602 193.79 460.731 -13 26 1 0 1
-60.2078 -18.8478 119500 11.8781 34.5386 190.394 462.073 -13 26 1 0 1
-8.7981 -1.96978 119850 31.0987 -11.1716 191.028 463.423 -13 26 1 0 1
49.7418 6.10567 120200 21.5065 30.2735 190.276 464.775 -13 26 1 0 1
57.4283 52.7164 120550 6.79966 8.13915 193.575 466.119 -13 26 1 0 1
83.8804 16.839 120900 -2.49876 -42.4172 189.152 467.465 -13 26 1 0 1
39.376 -12.4174 121250 -26.7243 12.1966 191.627 468.817 -13 26 1 0 1
-15.2312 2.81777 121600 -31.6136 -12.0707 190.889 470.165 -13 26 1 0 1
-50.5534 -37.8009 121950 -17.9652 -15.7668 192.386 471.511 -13 26 1 0 1
10.2294 -51.7051 118100 -17.8894 -46.0021 211.214 448.8 -13 27 1 0 1
-32.9668 -99.0346 118450 -8.16145 -24.9877 215.306 450.122 -13 27 1 0 1
29.4582 -130.164 118800 67.0918 19.6016 205.334 451.459 -13 27 1 0 1
64.8289 -64.544 119150 -21.469 25.1719 214.367 452.799 -13 27 1 0 1
12.9475 -29.9937 119500 -24.1729 34.7359 212.736 454.119 -13 27 1 0 1
15.9747 36.8573 119850 11.5138 41.8133 212.525 455.443 -13 27 1 0 1
-21.0968 100.831 120200 -58.3083 11.8716 208.583 456.779 -13 27 1 0 1
-79.365 80.8247 120550 -1.60982 -3.17909 216.875 458.104 -13 27 1 0 1
-30.9176 95.5098 120900 50.8175 -8.60808 210.692 459.421 -13 27 1 0 1
-0.398946 40.3954 121250 -13.8161 -39.5578 212.819 460.748 -13 27 1 0 1
-7.45868 -32.4442 121600 24.686 -41.74 211.414 462.078 -13 27 1 0 1
47.4318 -68.9514 121950 21.3465 -19.1065 215.005 463.401 -13 27 1 0 1
-13.6641 -41.9909 118100 -11.6496 13.9326 201.321 447.827 -13 28 1 0 1
-5.43842 -18.6999 118450 17.7125 7.8376 201.209 449.149 -13 28 1 0 1
23.3859 9.54241 118800 3.58897 27.5179 200.225 450.477 -13 28 1 0 1
10.4874 44.9013 119150 -3.06337 12.1558 201.75 451.802 -13 28 1 0 1
34.9082 48.4406 119500 20.5044 -15.9903 200.459 453.125 -13 28 1 0 1
37.3147 21.2935 119850 -13.0639 -3.23065 201.69 454.449 -13 28 1 0 1
3.35698 17.2195 120200 -19.9434 -13.89 200.672 455.773 -13 28 1 0 1
-7.86413 -20.1002 120550 -0.937832 -21.4321 200.997 457.099 -13 28 1 0 1
-35.481 -40.9742 120900 -26.6444 6.99809 200.253 458.426 -13 28 1 0 1
-57.2383 -21.5269 121250 -0.228646 -1.31369 202.135 459.749 -13 28 1 0 1
-33.7563 -44.55 121600 29.374 -7.20067 199.864 461.074 -13 28 1 0 1
-2.87143 -21.1905 121950 1.86429 22.747 200.846 462.403 -13 28 1 0 1
59.3382 0.71619 118100 -16.5478 -12.5583 221.594 443.094 -13 29 1 0 1
31.9974 13.2475 118450 -15.2128 26.5292 220.455 444.393 -13 29 1 0 1
-19.1058 49.2346 118800 -47.9526 -1.61138 217.333 445.708 -13 29 1 0 1
-67.6843 20.2304 119150 -13.5168 -10.4616 221.909 447.02 -13 29 1 0 1
-70.5306 40.635 119500 16.8934 22.5839 220.772 448.317 -13 29 1 0 1
-46.9511 39.2237 119850 0.100438 -22.7914 221.396 449.616 -13 29 1 0 1
-37.8532 -20.004 120200 29.6994 -37.5714 217.352 450.929 -13 29 1 0 1
21.2563 -39.7097 120550 28.1094 -0.697911 220.783 452.244 -13 29 1 0 1
35.9855 -61.886 120900 -12.4644 -20.3633 221.282 453.543 -13 29 1 0 1
23.3761 -72.3098 121250 12.1583 3.9058 222.2 454.838 -13 29 1 0 1
62.6936 -32.991 121600 11.6658 49.1494 216.758 456.15 -13 29 1 0 1
35.118 22.0421 121950 -25.8775 12.879 220.681 457.466 -13 29 1 0 1
-28.1183 24.4863 118100 20.4613 2.77104 201.25 446.215 -13 30 1 0 1
-5.4636 4.63186 118450 4.50888 -18.757 201.384 447.538 -13 30 1 0 1
16.3604 -21.0898 118800 22.7933 -2.19797 201.006 448.863 -13 30 1 0 1
45.6896 -11.0207 119150 10.304 -0.111307 202.044 450.185 -13 30 1 0 1
44.5309 -39.0749 119500 -19.2787 -20.2998 200.36 451.509 -13 30 1 0 1
15.1843 -40.7376 119850 -2.64182 11.7558 201.947 452.833 -13 30 1 0 1
16.8914 -10.8948 120200 -7.74622 19.3279 201.232 454.155 -13 30 1 0 1
-12.797 3.04102 120550 -19.5551 1.71641 201.352 455.479 -13 30 1 0 1
-35.2752 27.2169 120900 2.38891 24.376 200.818 456.804 -13 30 1 0 1
-22.7612 50.4937 121250 -2.95584 2.44018 202.27 458.126 -13 30 1 0 1
-47.5737 29.4042 121600 -8.81351 -28.9781 200.026 459.451 -13 30 1 0 1
-29.8021 -1.55842 121950 17.6707 -0.847326 201.532 460.777 -13 30 1 0 1
127.474 28.1695 118100 29.8209 -55.6725 185.483 463.337 -13 31 1 0 1
113.92 -32.767 118450 -13.0681 11.9572 195.139 464.698 -13 31 1 0 1
69.0833 36.14 118800 -55.4317 28.4353 185.773 466.067 -13 31 1 0 1
-20.7881 3.8784 119150 -31.8761 -37.3638 189.686 467.452 -13 31 1 0 1
-94.0127 -12.0148 119500 -35.8618 33.1952 189.749 468.818 -13 31 1 0 1
-115.057 35.7544 119850 -9.05991 -6.40435 195.627 470.164 -13 31 1 0 1
-105.457 -49.2019 120200 50.8819 -52.7041 181.731 471.544 -13 31 1 0 1
-4.19718 -41.9149 120550 31.8176 36.25 189.912 472.942 -13 31 1 0 1
55.2598 -6.00608 120900 35.1636 -10.3986 192.479 474.298 -13 31 1 0 1
100.185 -35.2865 121250 26.2319 2.22253 194.164 475.641 -13 31 1 0 1
121.652 53.5507 121600 -41.1109 66.931 179.508 477.032 -13 31 1 0 1
21.0502 68.0391 121950 -29.6623 -31.3286 191.132 478.434 -13 31 1 0 1
64.4908 -47.3964 118100 -6.97853 -41.5777 189.113 455.475 -13 32 1 0 1
35.9681 -81.3194 118450 2.30171 2.36758 193.727 456.82 -13 32 1 0 1
67.0391 -36.4324 118800 2.78567 46.8799 187.977 458.171 -13 32 1 0 1
20.2105 9.5435 119150 -33.4069 1.3608 190.848 459.531 -13 32 1 0 1
-27.1182 29.3278 119500 -9.83475 26.8669 191.631 460.877 -13 32 1 0 1
-27.572 69.0025 119850 -10.014 12.3111 193.104 462.216 -13 32 1 0 1
-79.0631 44.5637 120200 -19.2228 -46.8635 187.017 463.571 -13 32 1 0 1
-52.4114 -12.7564 120550 25.7758 -3.29522 192.005 464.931 -13 32 1 0 1
-12.0726 -12.763 120900 17.9542 -9.5178 192.686 466.27 -13 32 1 0 1
7.42739 -47.0313 121250 13.3832 -21.7979 192.059 467.608 -13 32 1 0 1
66.8655 -49.4525 121600 33.1786 34.082 187.826 468.965 -13 32 1 0 1
69.2132 6.22174 121950 -13.3222 6.44347 193.189 470.318 -13 32 1 0 1
-15.4209 68.4753 118100 32.9516 23.6534 198.398 449.075 -13 33 1 0 1
29.5566 72.8936 118450 2.67766 -0.692161 202.483 450.406 -13 33 1 0 1
-6.24783 70.9136 118800 -29.7672 -18.3454 199.461 451.733 -13 33 1 0 1
-9.56722 26.1715 119150 20.8763 -20.7767 200.349 453.065 -13 33 1 0 1
16.7995 -23.3801 119500 -6.86756 -36.0604 199.147 454.401 -13 33 1 0 1
-15.2465 -65.487 119850 -9.60221 -18.5994 201.418 455.733 -13 33 1 0 1
21.6332 -91.6072 120200 42.479 8.35066 197.821 457.067 -13 33 1 0 1
45.4962 -56.2188 120550 -16.1633 9.83184 201.617 458.4 -13 33 1 0 1
-6.41592 -36.0995 120900 -27.2054 30.5158 198.333 459.735 -13 33 1 0 1
-8.89392 26.6009 121250 9.36593 31.2154 199.863 461.076 -13 33 1 0 1
-33.3094 68.3786 121600 -36.5223 3.61621 199.149 462.41 -13 33 1 0 1
-68.5906 57.045 121950 1.62778 6.37318 202.396 463.737 -13 33 1 0 1
-46.5208 -36.08 118100 -28.8923 16.5121 164.287 476.835 -13 34 1 0 1
-60.3813 3.77311 118450 4.54136 1.99668 167.55 478.23 -13 34 1 0 1
-37.3038 -19.6004 118800 24.0236 -7.12949 165.74 479.618 -13 34 1 0 1
-1.38468 10.0124 119150 9.05066 24.1816 165.623 481.013 -13 34 1 0 1
46.9431 32.7625 119500 29.0978 -17.7072 164.126 482.415 -13 34 1 0 1
62.047 -9.85048 119850 -2.472 -3.31506 167.572 483.811 -13 34 1 0 1
47.0557 16.4877 120200 -21.4403 12.475 165.778 485.199 -13 34 1 0 1
9.46042 -6.63443 120550 -10.2745 -24.9237 165.442 486.594 -13 34 1 0 1
-43.4439 -34.9868 120900 -33.7454 16.0037 163.41 488 -13 34 1 0 1
-67.4225 11.1291 121250 -0.946068 5.50033 167.531 489.4 -13 34 1 0 1
-59.5625 -19.7834 121600 21.1242 -18.7243 165.23 490.789 -13 34 1 0 1
-18.5741 -2.29462 121950 9.83382 26.3622 165.245 492.186 -13 34 1 0 1
22.4784 15.2574 118100 -2.32489 -15.3973 174.968 461.56 -13 35 1 0 1
-0.138857 4.26582 118450 -14.3767 2.62144 175.05 462.927 -13 35 1 0 1
-25.9902 -7.9463 118800 -3.62387 -17.3251 174.765 464.295 -13 35 1 0 1
-16.5463 -29.1131 119150 1.72254 -1.98805 175.64 465.661 -13 35 1 0 1
-25.518 -17.9482 119500 -1.51942 13.0418 175.168 467.026 -13 35 1 0 1
-9.49961 -8.13634 119850 12.5463 -4.37099 175.156 468.391 -13 35 1 0 1
21.0835 -4.50003 120200 11.4468 14.6752 174.671 469.76 -13 35 1 0 1
22.3749 21.0401 120550 -0.522619 4.82746 175.592 471.127 -13 35 1 0 1
29.7748 11.6931 120900 -0.449116 -12.5057 175.213 472.491 -13 35 1 0 1
12.9248 5.09996 121250 -11.2425 6.73493 175.17 473.856 -13 35 1 0 1
-18.4083 8.46991 121600 -15.4636 -11.8428 174.576 475.225 -13 35 1 0 1
-28.2705 -18.0742 121950 -2.64612 -5.99493 175.537 476.592 -13 35 1 0 1
-19.741 1.33435 118100 -11.4274 -3.94914 197.14 450.091 -13 36 1 0 1
-40.2371 0.263856 118450 -11.4853 -6.38332 197.073 451.418 -13 36 1 0 1
-40.543 -37.3683 118800 21.8303 -23.6872 194.866 452.752 -13 36 1 0 1
-1.8171 -40.8629 119150 8.31904 10.0384 197.08 454.087 -13 36 1 0 1
0.411033 -24.0232 119500 2.31959 8.83883 197.299 455.413 -13 36 1 0 1
19.0567 -15.8709 119850 17.5872 3.43476 196.696 456.739 -13 36 1 0 1
43.9333 16.5136 120200 -3.66719 30.396 195.124 458.075 -13 36 1 0 1
19.4745 42.6428 120550 -7.07074 0.0432524 197.384 459.407 -13 36 1 0 1
23.8605 29.7474 120900 1.29168 -14.116 197.002 460.733 -13 36 1 0 1
4.58761 18.2524 121250 -19.5075 2.18774 196.533 462.061 -13 36 1 0 1
-35.5298 2.22127 121600 -13.7743 -26.8013 195.199 463.397 -13 36 1 0 1
-33.6824 -36.033 121950 0.667098 -8.69616 197.318 464.73 -13 36 1 0 1
10.055 17.9558 118100 9.04235 -5.08914 194.512 448.628 -13 37 1 0 1
14.2943 7.57411 118450 -2.76344 -1.59186 194.762 449.958 -13 37 1 0 1
5.37105 8.17162 118800 -5.9116 -1.89112 194.69 451.286 -13 37 1 0 1
2.49635 -0.743679 119150 1.63627 -6.20907 194.683 452.615 -13 37 1 0 1
-1.38059 -12.8743 119500 -7.73308 -4.38917 194.585 453.944 -13 37 1 0 1
-12.2521 -14.5833 119850 -1.66231 -2.12036 194.77 455.273 -13 37 1 0 1
-2.82875 -22.0816 120200 11.0893 -0.455347 194.472 456.602 -13 37 1 0 1
6.04539 -14.3674 120550 -2.55836 4.0417 194.73 457.932 -13 37 1 0 1
-3.04103 -5.46407 120900 -3.18625 8.33982 194.584 459.261 -13 37 1 0 1
0.34963 8.41474 121250 2.96336 6.40886 194.661 460.59 -13 37 1 0 1
-5.86608 18.6653 121600 -9.73018 1.34699 194.541 461.92 -13 37 1 0 1
-16.2183 15.7009 121950 0.0279891 1.13957 194.785 463.249 -13 37 1 0 1
14.3799 99.4355 118100 53.4792 -15.8534 194.581 449.632 -13 38 1 0 1
44.7348 40.7455 118450 -15.0196 -24.234 200.4 450.981 -13 38 1 0 1
15.5971 5.56632 118800 -5.61462 -24.9049 200.801 452.31 -13 38 1 0 1
32.3242 -38.4748 119150 11.7217 -28.8004 200.015 453.639 -13 38 1 0 1
-2.28566 -95.5328 119500 -53.0698 -11.098 195.022 454.988 -13 38 1 0 1
-55.5083 -71.181 119850 2.29017 9.80604 202.167 456.331 -13 38 1 0 1
-14.3398 -64.9425 120200 31.9277 17.7386 199.095 457.659 -13 38 1 0 1
-6.06251 -13.0312 120550 -16.5362 30.7502 199.384 458.995 -13 38 1 0 1
-8.41434 50.732 120900 27.8989 31.8459 197.941 460.337 -13 38 1 0 1
40.9516 72.0806 121250 10.0286 10.165 201.914 461.672 -13 38 1 0 1
1.69792 96.534 121600 -46.3204 -6.48295 196.94 463.007 -13 38 1 0 1
-27.1422 52.7692 121950 15.1541 -21.5583 200.695 464.346 -13 38 1 0 1
1.54807 5.62593 118100 -14.3505 -3.61479 181.058 458.971 -13 39 1 0 1
-24.2601 16.3433 118450 -13.901 6.17378 181.024 460.326 -13 39 1 0 1
-51.6324 -4.71532 118800 -0.595224 -26.9678 179.648 461.686 -13 39 1 0 1
-29.2142 -27.6397 119150 8.54341 5.04596 181.391 463.045 -13 39 1 0 1
-16.6646 -7.6181 119500 12.1322 8.2017 181.071 464.399 -13 39 1 0 1
11.1006 -14.978 119850 15.5456 -9.48473 180.747 465.755 -13 39 1 0 1
48.1761 -4.33699 120200 10.6803 24.8828 179.633 467.116 -13 39 1 0 1
40.2806 25.5763 120550 -4.24786 -1.21819 181.608 468.474 -13 39 1 0 1
33.1785 1.34828 120900 -13.7154 -14.7821 180.539 469.829 -13 39 1 0 1
-1.32996 5.08704 121250 -16.7324 12.4234 180.463 471.188 -13 39 1 0 1
-41.7561 4.71314 121600 -16.6163 -20.2797 179.76 472.55 -13 39 1 0 1
-47.8377 -26.9484 121950 -2.72155 -1.63132 181.634 473.908 -13 39 1 0 1
-40.1336 10.246 118100 16.1422 25.8166 178.979 458.476 -13 40 1 0 1
4.83203 19.7611 118450 17.8085 -7.46837 180.521 459.842 -13 40 1 0 1
28.4171 24.091 118800 3.72667 12.9304 181.051 461.197 -13 40 1 0 1
32.087 39.451 119150 10.5607 -0.859908 181.241 462.55 -13 40 1 0 1
57.2706 -0.86267 119500 -5.72236 -37.0448 177.639 463.917 -13 40 1 0 1
14.9194 -31.3234 119850 -18.5054 3.01019 180.58 465.287 -13 40 1 0 1
-4.19542 -30.3668 120200 -3.52337 -4.73439 181.455 466.64 -13 40 1 0 1
-15.4279 -42.8152 120550 -15.3654 -5.94319 180.802 467.993 -13 40 1 0 1
-61.9156 -15.2855 120900 -10.7826 39.6081 176.849 469.365 -13 40 1 0 1
-36.741 32.5263 121250 14.8875 2.98108 180.915 470.737 -13 40 1 0 1
-24.2539 25.1943 121600 4.86832 -5.18102 181.411 472.089 -13 40 1 0 1
-5.89585 33.2403 121950 15.9865 12.61 180.405 473.443 -13 40 1 0 1
-24.2311 54.1988 118100 33.5501 11.7576 203.178 444.556 -13 41 1 0 1
14.9344 39.1811 118450 4.53687 -14.4882 205.706 445.88 -13 41 1 0 1
12.5326 21.2951 118800 0.298083 -9.312 206.055 447.194 -13 41 1 0 1
28.5029 6.30413 119150 16.3729 -11.8779 205.271 448.508 -13 41 1 0 1
38.1841 -38.8149 119500 -18.3439 -31.973 202.945 449.834 -13 41 1 0 1
0.454872 -59.6013 119850 -7.81022 -0.824147 206.116 451.158 -13 41 1 0 1
17.3205 -54.2571 120200 15.8533 14.262 205.16 452.473 -13 41 1 0 1
11.9805 -30.8982 120550 -19.8994 6.02842 205.214 453.79 -13 41 1 0 1
-28.3307 -4.55532 120900 -12.8548 32.1376 203.34 455.115 -13 41 1 0 1
-21.0659 42.2908 121250 4.39083 17.2254 205.498 456.44 -13 41 1 0 1
-44.1799 50.9226 121600 -21.8634 -13.6268 204.65 457.758 -13 41 1 0 1
-50.9323 31.2179 121950 11.1181 4.48557 205.916 459.074 -13 41 1 0 1
102.662 -4.92628 118100 -2.27826 -56.1677 182.424 457.408 -13 42 1 0 1
52.9595 -47.9348 118450 -20.4462 11.9187 189.416 458.777 -13 42 1 0 1
21.9826 -11.5732 118800 -25.3804 12.8089 188.76 460.124 -13 42 1 0 1
-28.2302 -24.4122 119150 -28.1924 -13.7558 188.294 461.475 -13 42 1 0 1
-86.2166 2.39394 119500 -11.7999 46.1922 184.839 462.839 -13 42 1 0 1
-64.494 50.4098 119850 8.29306 -3.90624 190.669 464.195 -13 42 1 0 1
-55.8664 7.46731 120200 20.4591 -29.1667 187.535 465.542 -13 42 1 0 1
-0.00798386 2.36782 120550 29.029 14.7573 188.091 466.898 -13 42 1 0 1
56.5303 -4.12192 120900 19.7929 -30.7047 187.361 468.254 -13 42 1 0 1
59.8813 -48.5565 121250 3.86178 -4.62102 190.794 469.602 -13 42 1 0 1
76.3428 -9.31752 121600 -9.17901 39.0613 186.624 470.951 -13 42 1 0 1
26.8312 13.1331 121950 -26.365 -12.6324 188.637 472.307 -13 42 1 0 1
29.6249 -39.5946 118100 -25.4802 -12.318 200.189 447.744 -13 43 1 0 1
-1.81037 -27.9065 118450 -3.69453 15.1148 201.58 449.069 -13 43 1 0 1
-5.79855 -3.75711 118800 -8.01245 10.8404 201.73 450.39 -13 43 1 0 1
-26.6143 6.57087 119150 -12.2677 7.34747 201.674 451.71 -13 43 1 0 1
-28.2104 37.1444 119500 17.5293 18.5301 200.564 453.034 -13 43 1 0 1
-0.912657 40.8281 119850 2.7294 -6.49884 202.057 454.357 -13 43 1 0 1
-10.0765 23.4435 120200 -3.04803 -15.9298 201.528 455.677 -13 43 1 0 1
5.25548 1.93131 120550 15.22 -8.4604 201.429 456.999 -13 43 1 0 1
18.4573 -25.4153 120900 -8.0001 -20.0305 201.026 458.322 -13 43 1 0 1
-1.69622 -42.271 121250 -3.13474 -3.86095 202.119 459.644 -13 43 1 0 1
16.2187 -41.0138 121600 14.8508 12.3147 201.257 460.964 -13 43 1 0 1
14.4002 -17.9436 121950 -13.6775 7.06012 201.593 462.286 -13 43 1 0 1
-9.1297 -19.2201 118100 -12.0605 -42.995 202.887 455.015 -13 44 1 0 1
-55.401 -72.3641 118450 -19.4506 -32.3823 204.28 456.352 -13 44 1 0 1
-4.30564 -140.687 118800 76.2436 -6.50737 193.137 457.719 -13 44 1 0 1
59.7928 -86.333 119150 -11.9578 27.802 205.527 459.083 -13 44 1 0 1
13.1546 -46.2124 119500 -20.9977 36.3325 203.461 460.413 -13 44 1 0 1
28.8157 22.1779 119850 23.52 40.419 202.412 461.753 -13 44 1 0 1
9.63825 105.919 120200 -57.326 30.4718 197.339 463.113 -13 44 1 0 1
-61.5875 99.387 120550 -4.36484 -5.0308 207.637 464.458 -13 44 1 0 1
-11.876 100.756 120900 45.3685 -20.7185 201.668 465.786 -13 44 1 0 1
0.0894095 36.3272 121250 -26.1727 -36.8443 202.768 467.128 -13 44 1 0 1
-23.0811 -45.4559 121600 22.8383 -50.8324 200.13 468.48 -13 44 1 0 1
35.4867 -91.5658 121950 17.0673 -18.5378 206.21 469.823 -13 44 1 0 1
0.558365 17.3454 118100 16.7537 -3.75799 190.341 450.593 -13 45 1 0 1
16.6758 -1.58641 118450 3.26923 -8.85028 190.881 451.931 -13 45 1 0 1
26.7404 -2.57182 118800 4.48624 7.80339 190.902 453.266 -13 45 1 0 1
27.987 4.36661 119150 0.961896 -4.88045 191.049 454.6 -13 45 1 0 1
20.077 -18.8079 119500 -15.6712 -11.7656 190.106 455.938 -13 45 1 0 1
-5.98116 -17.1857 119850 -6.95822 6.18816 190.887 457.277 -13 45 1 0 1
-11.9187 -13.9972 120200 -0.7993 -2.07117 191.101 458.611 -13 45 1 0 1
-16.7113 -15.8501 120550 -7.41377 2.03157 190.959 459.946 -13 45 1 0 1
-29.6707 6.11269 120900 3.04795 19.8195 190.059 461.284 -13 45 1 0 1
-11.8253 23.2318 121250 6.10147 -0.168252 191.016 462.622 -13 45 1 0 1
-11.6423 17.4462 121600 -0.87066 -5.63858 191.029 463.957 -13 45 1 0 1
-3.63932 14.117 121950 9.10074 2.7752 190.877 465.291 -13 45 1 0 1
44.3318 -43.0892 118100 -34.5763 -4.47288 213.04 445.885 -13 46 1 0 1
9.81204 -11.5729 118450 -5.31646 31.7008 213.467 447.199 -13 46 1 0 1
-17.7376 34.6495 118800 -34.471 12.1723 212.756 448.516 -13 46 1 0 1
-63.5268 32.1248 119150 -15.7696 4.77662 215.244 449.828 -13 46 1 0 1
-52.8847 71.1877 119500 35.2492 22.7525 211.758 451.141 -13 46 1 0 1
-11.6212 61.6076 119850 0.388063 -21.417 214.808 452.456 -13 46 1 0 1
-19.6161 14.2311 120200 8.88079 -34.1593 212.969 453.768 -13 46 1 0 1
21.0848 -19.9861 120550 27.4985 -13.9154 213.663 455.084 -13 46 1 0 1
33.7308 -64.7062 120900 -21.6063 -30.9909 212.542 456.4 -13 46 1 0 1
0.728402 -82.875 121250 1.48379 -1.07155 215.866 457.709 -13 46 1 0 1
39.5162 -64.7313 121600 24.5878 34.4437 211.685 459.022 -13 46 1 0 1
28.5862 -13.6018 121950 -26.1516 16.3125 213.662 460.341 -13 46 1 0 1
0.105523 -15.7135 118100 6.55513 15.4789 197.936 449.72 -13 47 1 0 1
28.4999 0.326143 118450 20.5376 8.5924 197.397 451.048 -13 47 1 0 1
43.6157 44.2974 118800 -16.632 32.1 195.331 452.386 -13 47 1 0 1
9.35824 64.1221 119150 -2.78667 -2.27918 198.616 453.719 -13 47 1 0 1
31.2975 42.6547 119500 10.1415 -27.0488 196.537 455.048 -13 47 1 0 1
10.6745 6.80632 119850 -23.5852 -8.81204 197.047 456.383 -13 47 1 0 1
-20.8518 -23.7372 120200 -1.0525 -28.2296 196.63 457.717 -13 47 1 0 1
-6.63027 -60.6068 120550 -0.578909 -14.1138 198.146 459.048 -13 47 1 0 1
-47.4767 -61.7065 120900 -29.472 25.5941 194.776 460.384 -13 47 1 0 1
-50.4954 -17.7966 121250 16.4516 7.02305 197.842 461.722 -13 47 1 0 1
-13.6412 -12.4462 121600 19.8763 13.1153 197.216 463.052 -13 47 1 0 1
-2.18183 27.7056 121950 1.71299 25.8941 196.946 464.385 -13 47 1 0 1
57.3998 43.7871 118100 9.95269 -38.5658 205.968 445.267 -13 48 1 0 1
30.7292 3.14004 118450 -27.2423 -3.5594 207.977 446.591 -13 48 1 0 1
-11.4834 -9.76044 118800 -15.9668 -21.4902 208.068 447.909 -13 48 1 0 1
-19.0814 -48.8845 119150 -7.13834 -18.9244 208.807 449.225 -13 48 1 0 1
-61.6027 -50.2838 119500 -28.2559 26.7829 206.14 450.546 -13 48 1 0 1
-66.6188 -13.217 119850 11.9163 -0.139372 209.445 451.865 -13 48 1 0 1
-29.4712 -31.7447 120200 33.5309 -2.19297 207.075 453.182 -13 48 1 0 1
7.15988 -2.00774 120550 9.88834 24.9823 208.056 454.503 -13 48 1 0 1
37.2943 21.999 120900 24.9769 -4.32379 208.247 455.82 -13 48 1 0 1
62.7221 8.927 121250 7.93127 4.8896 209.577 457.132 -13 48 1 0 1
50.9396 48.6113 121600 -31.667 24.1633 205.968 458.452 -13 48 1 0 1
4.75177 44.2693 121950 -9.83422 -17.0924 208.855 459.774 -13 48 1 0 1
-12.7754 28.4293 118100 12.5538 4.78442 201.522 445.674 -13 49 1 0 1
0.222643 23.0603 118450 -1.67473 -5.97389 201.874 446.993 -13 49 1 0 1
-7.12021 8.56354 118800 0.183686 -11.5628 201.638 448.312 -13 49 1 0 1
5.90103 -4.70754 119150 10.1603 -4.86038 201.655 449.632 -13 49 1 0 1
12.8698 -22.4144 119500 -6.49146 -12.9317 201.45 450.952 -13 49 1 0 1
0.680745 -33.5444 119850 0.701077 -3.07598 201.944 452.271 -13 49 1 0 1
19.5441 -30.0091 120200 12.7492 12.634 201.17 453.591 -13 49 1 0 1
18.5444 -10.2941 120550 -9.7661 3.6193 201.7 454.912 -13 49 1 0 1
-1.89535 -3.02763 120900 -9.51114 10.8387 201.454 456.232 -13 49 1 0 1
-6.3551 19.781 121250 -2.00199 12.0132 201.601 457.553 -13 49 1 0 1
-27.5597 27.8256 121600 -17.2867 -8.767 201.037 458.874 -13 49 1 0 1
-38.2345 11.7973 121950 2.04763 0.913575 201.957 460.195 -13 49 1 0 1
-47.0982 94.2808 118100 46.1224 26.6559 211.433 443.494 -13 50 1 0 1
5.31317 85.3051 118450 -0.302938 -18.2202 217.278 444.813 -13 50 1 0 1
-19.47 45.6876 118800 -7.90918 -36.5692 214.807 446.123 -13 50 1 0 1
10.3014 -1.40737 119150 31.8542 -20.6888 214.707 447.439 -13 50 1 0 1
35.2886 -58.3746 119500 -16.4998 -43.2681 213.067 448.761 -13 50 1 0 1
-0.773185 -97.3724 119850 -1.80194 -13.3235 217.626 450.076 -13 50 1 0 1
50.6562 -96.1017 120200 42.3436 33.0341 211.323 451.394 -13 50 1 0 1
55.0797 -40.137 120550 -27.4922 14.0439 215.844 452.716 -13 50 1 0 1
-1.28215 -16.3477 120900 -27.8922 32.4561 213.8 454.034 -13 50 1 0 1
-11.0328 47.6883 121250 -1.08978 36.948 214.885 455.354 -13 50 1 0 1
-60.1873 81.7224 121600 -49.9373 -12.94 211.85 456.678 -13 50 1 0 1
-95.929 48.4673 121950 4.04815 1.97535 217.994 457.993 -13 50 1 0 1
32.003 35.2256 118100 20.2188 -20.1901 190.775 450.259 -13 51 1 0 1
34.1154 0.799412 118450 -8.85531 -6.61869 192.586 451.598 -13 51 1 0 1
19.1648 -0.359321 118800 -7.71609 -1.63415 192.742 452.931 -13 51 1 0 1
11.6741 -15.5482 119150 -3.07698 -13.9621 192.372 454.264 -13 51 1 0 1
-15.5728 -35.2729 119500 -24.6873 3.4256 191.286 455.603 -13 51 1 0 1
-37.5144 -16.0642 119850 -0.594189 3.76914 192.865 456.94 -13 51 1 0 1
-24.7161 -25.7011 120200 15.5353 -4.0211 192.234 458.273 -13 51 1 0 1
-8.77865 -12.1482 120550 -0.612539 13.7894 192.409 459.608 -13 51 1 0 1
-1.50234 15.6533 120900 14.5796 10.8393 192.046 460.944 -13 51 1 0 1
23.2827 18.9545 121250 7.51388 1.78044 192.749 462.279 -13 51 1 0 1
16.9446 34.9218 121600 -16.0249 6.99293 192.109 463.612 -13 51 1 0 1
-0.960856 27.9667 121950 1.82521 -7.6745 192.742 464.947 -13 51 1 0 1
53.5265 -19.8296 118100 -12.4568 -15.8645 177.805 461.629 -13 52 1 0 1
30.2451 -12.7517 118450 -3.07597 20.0399 177.793 462.991 -13 52 1 0 1
2.66395 33.3144 118800 -32.342 10.0178 175.713 464.366 -13 52 1 0 1
-43.426 16.0328 119150 -10.7596 -8.20545 178.433 465.737 -13 52 1 0 1
-47.1988 31.0713 119500 12.3858 13.4757 178.007 467.097 -13 52 1 0 1
-28.8697 23.1 119850 -2.19329 -18.357 177.988 468.458 -13 52 1 0 1
-15.6776 -28.675 120200 28.3502 -20.1583 175.532 469.832 -13 52 1 0 1
36.6555 -26.6568 120550 15.0231 4.7771 178.25 471.205 -13 52 1 0 1
39.2282 -45.4454 120900 -16.5372 -12.7385 177.724 472.566 -13 52 1 0 1
18.9237 -36.4551 121250 5.22437 15.6638 178.182 473.927 -13 52 1 0 1
22.063 12.8121 121600 -18.4951 26.384 176.021 475.299 -13 52 1 0 1
-28.1694 26.9299 121950 -19.3785 0.482017 177.893 476.671 -13 52 1 0 1
-21.2291 -13.4841 118100 -3.25817 17.9287 179.45 458.308 -13 53 1 0 1
-3.79882 9.01414 118450 12.4706 4.16394 179.893 459.667 -13 53 1 0 1
7.80998 24.0516 118800 -3.66472 10.367 180.037 461.023 -13 53 1 0 1
1.5723 35.1386 119150 5.19615 3.50471 180.264 462.377 -13 53 1 0 1
30.0187 23.3558 119500 11.3602 -22.0022 178.665 463.737 -13 53 1 0 1
18.6041 -10.2489 119850 -11.9808 -6.60322 179.853 465.099 -13 53 1 0 1
7.47271 -21.0893 120200 1.39305 -6.20981 180.26 466.454 -13 53 1 0 1
9.02208 -34.0495 120550 -5.9232 -9.55878 180.022 467.808 -13 53 1 0 1
-29.9582 -36.5643 120900 -23.3324 19.3903 177.803 469.172 -13 53 1 0 1
-35.2036 3.96223 121250 7.80074 9.20456 179.969 470.537 -13 53 1 0 1
-25.8694 7.45495 121600 3.25985 -0.199172 180.343 471.891 -13 53 1 0 1
-21.0158 20.5555 121950 3.79371 15.0674 179.702 473.245 -13 53 1 0 1
11.2838 6.47392 118100 -16.7319 -4.27227 204.807 447.068 -13 54 1 0 1
-16.0121 18.5086 118450 -16.6264 10.7137 204.58 448.386 -13 54 1 0 1
-52.1277 8.74919 118800 -13.7301 -26.3405 203.376 449.708 -13 54 1 0 1
-48.8225 -22.5558 119150 3.926 -0.840806 205.494 451.028 -13 54 1 0 1
-43.072 -0.427228 119500 12.9846 17.1861 204.402 452.345 -13 54 1 0 1
-13.163 -1.16187 119850 15.9236 -14.3772 204.411 453.664 -13 54 1 0 1
24.3618 -14.6856 120200 25.1727 9.2264 203.778 454.986 -13 54 1 0 1
48.5235 9.62154 120550 9.11651 5.19201 205.266 456.306 -13 54 1 0 1
58.0137 -14.7569 120900 -9.75751 -25.3811 203.727 457.624 -13 54 1 0 1
30.4412 -24.7727 121250 -9.8738 12.5204 204.914 458.944 -13 54 1 0 1
10.2176 4.2949 121600 -21.7619 11.1821 204.072 460.264 -13 54 1 0 1
-28.0793 0.0227431 121950 -19.943 -5.0502 204.502 461.585 -13 54 1 0 1
-27.3102 -1.48413 118100 48.0512 35.1055 189.071 466.504 -13 55 1 0 1
74.5898 -3.61335 118450 52.3889 -9.38792 190.936 467.887 -13 55 1 0 1
138.164 72.9103 118800 -21.9546 77.1777 181.248 469.289 -13 55 1 0 1
65.0576 112.801 119150 -8.83911 -25.24 196.403 470.672 -13 55 1 0 1
65.5629 22.7001 119500 -29.8403 -58.213 187.11 472.043 -13 55 1 0 1
-35.9364 -11.2877 119850 -57.0495 3.47353 189.796 473.436 -13 55 1 0 1
-105.337 -75.9814 120200 10.602 -67.9313 185.91 474.825 -13 55 1 0 1
-56.8062 -129.489 120550 -2.83773 5.68517 198.114 476.189 -13 55 1 0 1
-102.501 -53.7062 120900 2.02178 75.1568 183.403 477.566 -13 55 1 0 1
-15.0262 13.8108 121250 58.2399 -0.216394 189.466 478.971 -13 55 1 0 1
65.7365 57.1944 121600 10.0299 55.1692 190.119 480.349 -13 55 1 0 1
50.0153 126.786 121950 11.5783 16.5375 197.185 481.704 -13 55 1 0 1
20.0353 -20.6682 118100 18.5832 -34.5283 198.756 452.445 -13 56 1 0 1
24.9821 -79.5841 118450 9.98866 -25.7774 200.692 453.781 -13 56 1 0 1
93.6137 -73.6548 118800 39.4575 48.8723 192.604 455.135 -13 56 1 0 1
86.2006 -4.55279 119150 -25.4845 4.57061 200.926 456.489 -13 56 1 0 1
32.018 -15.9582 119500 -36.518 5.96129 199.18 457.823 -13 56 1 0 1
-7.50369 31.5776 119850 -15.5607 34.8962 198.952 459.163 -13 56 1 0 1
-72.7959 55.0575 120200 -45.7725 -26.7913 195.522 460.514 -13 56 1 0 1
-99.6397 2.54756 120550 1.55533 -3.9643 202.543 461.855 -13 56 1 0 1
-76.0059 41.6463 120900 37.2927 23.4068 197.745 463.187 -13 56 1 0 1
-22.0835 20.8921 121250 13.689 -34.1463 199.219 464.528 -13 56 1 0 1
21.4708 -30.5324 121600 42.1789 -6.59177 198.038 465.872 -13 56 1 0 1
77.5519 -11.2461 121950 20.9759 3.43106 201.469 467.209 -13 56 1 0 1
53.5164 17.6783 118100 -26.5634 -66.1662 156.198 497.463 -13 57 1 0 1
-72.1499 -27.8558 118450 -56.008 -1.05261 162.306 498.947 -13 57 1 0 1
-108.321 -128.548 118800 58.5062 -55.5984 151.549 500.429 -13 57 1 0 1
-12.6641 -94.6128 119150 -7.04415 47.7111 164.789 501.903 -13 57 1 0 1
-9.41604 25.9721 119500 45.1548 45.5755 159.265 503.363 -13 57 1 0 1
104.978 37.4229 119850 40.1914 1.99671 166.919 504.814 -13 57 1 0 1
98.7292 131.082 120200 -70.9026 35.7945 152.227 506.276 -13 57 1 0 1
11.9031 57.2151 120550 11.0068 -60.154 160.442 507.764 -13 57 1 0 1
-23.4109 -76.4098 120900 -68.4214 -28.5546 154.87 509.261 -13 57 1 0 1
-134.855 -46.2299 121250 -22.3524 3.22329 170.21 510.719 -13 57 1 0 1
-93.8386 -121.857 121600 74.6064 -17.4251 153.661 512.164 -13 57 1 0 1
-21.1144 -19.8021 121950 -13.3532 69.3761 156.493 513.664 -13 57 1 0 1
-96.8025 7.68153 118100 -5.22557 51.9311 198.548 451.404 -13 58 1 0 1
-66.2169 54.5116 118450 12.5693 -5.13431 204.845 452.74 -13 58 1 0 1
-53.5352 15.3127 118800 20.6195 -27.1865 202.439 454.064 -13 58 1 0 1
0.471942 12.0325 119150 33.7954 15.2714 201.917 455.396 -13 58 1 0 1
66.4602 1.12689 119500 26.9549 -39.2241 199.701 456.738 -13 58 1 0 1
74.0473 -56.6808 119850 5.28888 -10.934 204.935 458.072 -13 58 1 0 1
98.9432 -20.0678 120200 -2.59728 46.2102 200.009 459.401 -13 58 1 0 1
54.9811 8.36043 120550 -28.5401 -16.8718 202.599 460.737 -13 58 1 0 1
-9.0006 -18.3489 120900 -45.1964 8.98129 200.056 462.078 -13 58 1 0 1
-60.7628 28.91 121250 -23.1669 22.7529 202.71 463.419 -13 58 1 0 1
-111.625 5.69891 121600 -12.1387 -49.2292 198.934 464.757 -13 58 1 0 1
-90.8972 -35.9488 121950 10.5813 13.9214 204.548 466.09 -13 58 1 0 1
-47.4248 71.6431 118100 14.926 52.8536 199.964 457.088 -13 59 1 0 1
-5.81398 121.317 118450 -0.850258 13.8036 206.907 458.425 -13 59 1 0 1
-73.6204 105.787 118800 -42.7033 -52.8148 195.931 459.773 -13 59 1 0 1
-54.4539 25.497 119150 43.546 -17.1575 202.018 461.134 -13 59 1 0 1
16.8258 -16.7526 119500 20.3429 -46.9956 200.946 462.483 -13 59 1 0 1
12.0452 -96.3429 119850 3.11186 -39.2132 203.604 463.829 -13 59 1 0 1
93.6375 -116.716 120200 62.0486 44.3568 192.832 465.195 -13 59 1 0 1
103.468 -38.576 120550 -32.0186 7.92313 204.729 466.557 -13 59 1 0 1
22.3607 -38.8215 120900 -51.6306 24.5406 199.334 467.905 -13 59 1 0 1
-17.2076 44.6891 121250 -9.27533 51.6359 200.623 469.265 -13 59 1 0 1
-92.5858 89.4495 121600 -63.2712 -25.6769 195.804 470.631 -13 59 1 0 1
-132.385 33.7329 121950 6.00391 2.62211 207.266 471.977 -13 59 1 0 1
84.8322 54.5576 118100 20.8508 -61.6744 192.896 451.756 -13 60 1 0 1
46.8468 -19.3872 118450 -35.4642 -10.5067 200.198 453.119 -13 60 1 0 1
4.63952 -37.45 118800 -9.49983 -19.3012 202.447 454.447 -13 60 1 0 1
-2.65716 -75.7759 119150 -15.1658 -23.4756 201.659 455.771 -13 60 1 0 1
-79.3454 -75.1205 119500 -46.0085 45.1772 193.105 457.128 -13 60 1 0 1
-82.7618 -1.98751 119850 20.9826 11.1908 202.193 458.483 -13 60 1 0 1
-42.6746 -7.11005 120200 26.6445 2.19986 201.824 459.808 -13 60 1 0 1
-12.1319 30.0224 120550 13.2395 33.1456 200.434 461.137 -13 60 1 0 1
51.3532 63.6604 120900 50.6103 -16.7219 196.485 462.487 -13 60 1 0 1
89.1349 16.3638 121250 0.602626 -7.59589 203.444 463.828 -13 60 1 0 1
66.8669 43.9211 121600 -33.5969 16.7032 200.099 465.153 -13 60 1 0 1
22.664 21.0428 121950 -8.89596 -32.1714 200.832 466.487 -13 60 1 0 1
-0.473626 18.9678 118100 13.5242 1.90705 198.287 446.709 -13 61 1 0 1
15.2555 11.6945 118450 2.9163 -3.3136 198.708 448.033 -13 61 1 0 1
13.877 14.2753 118800 -4.3852 2.6307 198.691 449.355 -13 61 1 0 1
11.65 11.0727 119150 4.05227 -5.76941 198.632 450.678 -13 61 1 0 1
15.0718 -9.36479 119500 -7.06521 -14.2703 198.118 452.002 -13 61 1 0 1
-3.26365 -20.4529 119850 -6.5165 -1.96166 198.64 453.327 -13 61 1 0 1
-0.497568 -26.3093 120200 7.85933 -1.12643 198.598 454.65 -13 61 1 0 1
3.15454 -23.5825 120550 -6.53391 0.624287 198.648 455.973 -13 61 1 0 1
-18.0397 -12.7901 120900 -9.25119 16.3591 197.866 457.299 -13 61 1 0 1
-15.1533 12.4065 121250 4.67609 7.78929 198.549 458.625 -13 61 1 0 1
-18.1125 17.8484 121600 -5.69073 -2.09986 198.664 459.948 -13 61 1 0 1
-20.6624 17.4053 121950 3.57427 6.26706 198.626 461.27 -13 61 1 0 1
43.7367 9.15473 118100 -13.6278 -32.7196 191.929 452.902 -13 62 1 0 1
-4.86722 -10.2595 118450 -26.7989 4.14198 193.282 454.247 -13 62 1 0 1
-40.3674 -27.6815 118800 -3.96907 -25.0507 193.52 455.586 -13 62 1 0 1
-33.7646 -55.63 119150 -5.7229 -2.65547 195.073 456.919 -13 62 1 0 1
-61.8073 -24.8302 119500 -3.92591 36.5483 191.682 458.259 -13 62 1 0 1
-29.8239 8.4703 119850 23.1589 -3.21928 193.769 459.603 -13 62 1 0 1
9.73505 7.68357 120200 17.9338 12.5951 193.94 460.939 -13 62 1 0 1
26.9378 38.1873 120550 11.4115 12.8038 194.42 462.274 -13 62 1 0 1
65.2635 23.8657 120900 13.5283 -32.671 191.945 463.615 -13 62 1 0 1
50.1556 -12.139 121250 -14.415 2.58128 194.625 464.955 -13 62 1 0 1
19.8159 5.55388 121600 -23.5612 2.93031 193.725 466.289 -13 62 1 0 1
-14.3558 -16.5226 121950 -15.9338 -17.2287 193.759 467.627 -13 62 1 0 1
13.6918 -36.9842 118100 -18.6171 24.3004 208.021 449.185 -13 63 1 0 1
19.815 13.9514 118450 15.6998 32.6546 207.116 450.507 -13 63 1 0 1
4.80693 78.0589 118800 -42.3475 25.4435 204.375 451.842 -13 63 1 0 1
-48.9445 81.1845 119150 -4.72813 1.79412 210.201 453.168 -13 63 1 0 1
-5.5852 90.2773 119500 43.408 -15.023 205.183 454.49 -13 63 1 0 1
13.8874 36.5461 119850 -17.7483 -30.4898 207.281 455.82 -13 63 1 0 1
-5.76636 -22.3437 120200 11.9699 -38.2758 206.402 457.149 -13 63 1 0 1
34.1229 -66.0282 120550 15.1334 -23.7212 208.371 458.475 -13 63 1 0 1
-3.67078 -110.804 120900 -55.5742 -2.73462 202.766 459.809 -13 63 1 0 1
-48.1686 -74.7923 121250 10.4554 16.8363 209.326 461.141 -13 63 1 0 1
-3.46125 -48.0751 121600 24.1812 31.6529 206.454 462.464 -13 63 1 0 1
-10.6945 14.1847 121950 -19.3899 35.5092 206.333 463.794 -13 63 1 0 1
50.6191 5.73688 118100 3.30095 -24.1465 186.759 453.468 -13 64 1 0 1
34.7365 -14.841 118450 -8.22511 5.99175 188.067 454.813 -13 64 1 0 1
15.7668 7.14141 118800 -17.8152 7.13163 187.362 456.156 -13 64 1 0 1
-12.5768 -3.7242 119150 -11.2522 -10.3006 187.724 457.501 -13 64 1 0 1
-37.007 -1.87825 119500 -8.72479 14.7085 187.564 458.844 -13 64 1 0 1
-37.4711 14.5127 119850 -0.463026 -3.83103 188.303 460.185 -13 64 1 0 1
-31.5081 -14.1563 120200 16.5105 -17.1237 186.834 461.529 -13 64 1 0 1
1.86353 -15.0761 120550 11.3838 8.68068 187.798 462.876 -13 64 1 0 1
18.1211 -9.95928 120900 5.81395 -5.04822 188.185 464.216 -13 64 1 0 1
25.2647 -17.1718 121250 6.72999 1.91709 188.212 465.556 -13 64 1 0 1
34.0979 8.9791 121600 -8.43539 21.2178 186.953 466.9 -13 64 1 0 1
6.05385 22.0743 121950 -10.7401 -3.43377 188.005 468.245 -13 64 1 0 1
-2.66213 -19.3135 118100 -6.44285 7.86005 192.734 450.602 -13 65 1 0 1
2.0406 -3.56939 118450 8.77061 7.22333 192.667 451.935 -13 65 1 0 1
9.95943 17.1171 118800 -5.67126 13.5739 192.441 453.269 -13 65 1 0 1
-3.41307 29.7098 119150 -0.915092 3.82401 192.962 454.602 -13 65 1 0 1
13.8682 29.4394 119500 13.0324 -10.6324 192.268 455.936 -13 65 1 0 1
14.6157 7.55202 119850 -8.41109 -6.84369 192.697 457.27 -13 65 1 0 1
1.60363 -5.69169 120200 -1.56446 -10.5962 192.705 458.603 -13 65 1 0 1
6.95801 -24.2517 120550 0.791899 -10.7168 192.703 459.936 -13 65 1 0 1
-15.6959 -37.4135 120900 -21.6012 6.08486 191.693 461.273 -13 65 1 0 1
-31.2269 -15.9502 121250 2.83789 5.51396 192.903 462.609 -13 65 1 0 1
-17.5913 -15.9064 121600 10.3438 2.65282 192.707 463.941 -13 65 1 0 1
-12.0318 2.59253 121950 -2.70158 15.1948 192.384 465.274 -13 65 1 0 1
33.4963 10.9119 118100 -1.15778 -23.6889 207.086 443.506 -13 66 1 0 1
12.4472 -9.6728 118450 -14.227 -0.619099 207.953 444.821 -13 66 1 0 1
-4.43048 -13.6595 118800 -4.66875 -7.21893 208.263 446.132 -13 66 1 0 1
-8.50865 -26.5244 119150 -6.20117 -6.28477 208.253 447.442 -13 66 1 0 1
-31.8452 -21.4151 119500 -12.7041 16.584 207.391 448.755 -13 66 1 0 1
-31.4222 -0.107156 119850 6.34218 1.16731 208.34 450.067 -13 66 1 0 1
-16.7031 -8.29757 120200 12.9782 -2.9354 208.015 451.377 -13 66 1 0 1
-0.131679 1.43912 120550 6.17689 10.1756 208.1 452.689 -13 66 1 0 1
16.3315 10.506 120900 12.0669 -3.66816 208.058 454 -13 66 1 0 1
26.9434 1.68682 121250 2.64954 0.47043 208.423 455.31 -13 66 1 0 1
22.9617 16.4576 121600 -11.6232 10.3193 207.86 456.621 -13 66 1 0 1
4.24918 16.3134 121950 -5.18027 -6.46355 208.276 457.932 -13 66 1 0 1
9.21077 -54.5159 118100 -20.2071 -31.6685 205.797 447.957 -13 67 1 0 1
-26.4883 -81.2693 118450 -2.34218 -13.0194 208.779 449.277 -13 67 1 0 1
24.9766 -93.617 118800 47.3834 21.545 202.618 450.607 -13 67 1 0 1
45.4358 -37.2371 119150 -17.5545 21.3914 207.359 451.941 -13 67 1 0 1
11.8072 -6.78954 119500 -10.4817 24.8036 207.457 453.26 -13 67 1 0 1
19.8534 37.9771 119850 7.04996 28.388 207.143 454.58 -13 67 1 0 1
-15.2934 82.4664 120200 -47.1411 3.58126 203.785 455.911 -13 67 1 0 1
-58.7084 56.742 120550 1.45178 -8.21346 209.031 457.237 -13 67 1 0 1
-25.3197 58.3317 120900 30.1892 -8.9636 206.814 458.552 -13 67 1 0 1
-10.8302 17.7845 121250 -11.1534 -29.3871 206.823 459.873 -13 67 1 0 1
-8.96111 -40.438 121600 26.6488 -29.3943 205.401 461.202 -13 67 1 0 1
38.1952 -58.3137 121950 13.4294 -7.67236 208.625 462.525 -13 67 1 0 1
79.6031 67.2888 118100 16.7695 -57.0902 203.728 449.196 -13 68 1 0 1
39.8429 4.33435 118450 -41.695 -8.09856 207.946 450.539 -13 68 1 0 1
-21.2078 -22.3835 118800 -19.0749 -35.8997 208.31 451.868 -13 68 1 0 1
-25.8295 -81.3449 119150 -9.63746 -27.4874 210.231 453.192 -13 68 1 0 1
-92.2932 -80.2977 119500 -42.9365 45.0424 202.912 454.53 -13 68 1 0 1
-92.3459 -17.7856 119850 24.353 2.94279 210.817 455.865 -13 68 1 0 1
-32.8606 -32.8047 120200 45.146 6.35269 207.285 457.191 -13 68 1 0 1
12.4778 18.8423 120550 14.4409 38.4577 208.226 458.523 -13 68 1 0 1
67.9463 50.4777 120900 44.2661 -16.1489 206.943 459.855 -13 68 1 0 1
102.379 16.4871 121250 4.37466 3.58903 212.164 461.175 -13 68 1 0 1
73.3827 67.9157 121600 -50.6241 27.2392 204.306 462.504 -13 68 1 0 1
6.06859 45.432 121950 -14.7861 -34.228 208.939 463.843 -13 68 1 0 1
-69.976 -68.0064 118100 -9.6852 49.1205 202.277 454.256 -13 69 1 0 1
-24.1034 -17.116 118450 45.7312 4.68093 203.247 455.598 -13 69 1 0 1
50.0725 20.9447 118800 20.5789 51.1642 200.951 456.949 -13 69 1 0 1
45.8076 95.1127 119150 5.81334 25.3939 206.746 458.29 -13 69 1 0 1
108.444 78.6788 119500 33.3207 -56.6333 197.75 459.634 -13 69 1 0 1
84.9365 10.6829 119850 -36.2326 -0.426573 205.207 460.985 -13 69 1 0 1
10.6065 15.7407 120200 -44.7181 -20.4602 202.496 462.325 -13 69 1 0 1
-29.9665 -53.1532 120550 -17.4813 -41.3956 203.479 463.67 -13 69 1 0 1
-107.767 -68.0464 120900 -50.2391 43.3346 197.537 465.026 -13 69 1 0 1
-122.857 -3.0536 121250 11.5916 -1.18845 208.055 466.37 -13 69 1 0 1
-75.3584 -50.5584 121600 54.8136 -18.9454 200.148 467.708 -13 69 1 0 1
-3.88064 -8.96471 121950 21.2207 45.9129 202.15 469.061 -13 69 1 0 1
43.753 -39.6342 118100 -16.2767 -22.0464 206.759 444.743 -13 70 1 0 1
18.79 -45.3629 118450 -0.329206 9.99015 208.328 446.058 -13 70 1 0 1
27.2918 -13.0344 118800 -4.33921 26.1243 206.879 447.373 -13 70 1 0 1
-0.91895 11.004 119150 -18.9538 4.73136 207.651 448.69 -13 70 1 0 1
-17.9521 29.8315 119500 3.30791 16.3647 207.898 450.003 -13 70 1 0 1
-10.1086 45.0833 119850 -5.17545 3.22401 208.478 451.314 -13 70 1 0 1
-37.8179 30.1595 120200 -13.461 -26.1678 206.481 452.63 -13 70 1 0 1
-28.7834 -4.67541 120550 13.4768 -7.54221 207.995 453.947 -13 70 1 0 1
-12.8059 -11.659 120900 4.63708 -5.69716 208.438 455.258 -13 70 1 0 1
-9.1011 -27.2503 121250 4.9885 -12.9685 208.104 456.568 -13 70 1 0 1
21.6761 -38.9704 121600 25.5634 10.1096 206.748 457.884 -13 70 1 0 1
37.7336 -12.5285 121950 -2.87588 7.74891 208.404 459.199 -13 70 1 0 1
-74.3679 -91.5825 118100 -35.158 48.9101 191.234 458.932 -13 71 1 0 1
-51.8374 -20.0572 118450 40.0728 11.6678 196.104 460.295 -13 71 1 0 1
17.7161 13.0811 118800 21.9248 41.0279 195.025 461.649 -13 71 1 0 1
18.793 86.2646 119150 5.55038 33.545 197.592 462.998 -13 71 1 0 1
93.9629 94.7074 119500 49.7881 -46.9256 188.462 464.365 -13 71 1 0 1
92.429 18.5677 119850 -29.9292 -7.06993 198.124 465.732 -13 71 1 0 1
25.0079 20.1357 120200 -40.2432 -18.0735 195.583 467.077 -13 71 1 0 1
-8.91917 -48.8321 120550 -11.3496 -44.2979 195.212 468.431 -13 71 1 0 1
-87.6576 -83.5697 120900 -59.2368 31.6961 188.905 469.805 -13 71 1 0 1
-118.29 -17.4219 121250 9.31936 4.04472 200.239 471.165 -13 71 1 0 1
-70.9071 -54.4448 121600 50.7504 -11.4648 193.628 472.509 -13 71 1 0 1
-11.3593 -4.61138 121950 12.2402 47.7994 194.33 473.87 -13 71 1 0 1
80.7043 -4.03044 118100 -29.2432 -45.7019 179.799 461.301 -13 72 1 0 1
-0.656229 -13.284 118450 -35.9587 21.3184 183.096 462.686 -13 72 1 0 1
-67.2415 -13.6001 118800 -23.0931 -32.1582 183.587 464.056 -13 72 1 0 1
-76.8802 -61.0872 119150 -10.2844 -2.51292 187.509 465.412 -13 72 1 0 1
-101.375 0.720199 119500 17.8129 54.181 178.938 466.785 -13 72 1 0 1
-26.9992 24.9111 119850 33.5193 -21.2375 183.567 468.171 -13 72 1 0 1
38.5283 5.84486 120200 32.8576 17.4617 184.084 469.539 -13 72 1 0 1
73.6218 50.0988 120550 20.0071 9.60743 186.491 470.897 -13 72 1 0 1
114.075 -7.66482 120900 -12.4069 -59.7928 177.602 472.278 -13 72 1 0 1
43.3896 -41.0341 121250 -29.4598 20.8677 184.305 473.666 -13 72 1 0 1
-12.8871 -6.716 121600 -35.6391 -2.86657 184.373 475.03 -13 72 1 0 1
-66.2471 -41.2268 121950 -29.1651 -12.8661 185.082 476.393 -13 72 1 0 1
10.3707 13.1164 118100 11.7832 -10.5258 213.025 440.654 -13 73 1 0 1
15.9458 -5.79418 118450 -0.249462 -7.19901 213.488 441.959 -13 73 1 0 1
20.9125 -7.14169 118800 3.82011 5.14217 213.514 443.262 -13 73 1 0 1
22.1947 -3.48365 119150 -0.553551 -4.58266 213.56 444.565 -13 73 1 0 1
12.1194 -19.0691 119500 -14.4551 -7.19856 212.999 445.869 -13 73 1 0 1
-6.65684 -16.3821 119850 -4.65056 4.46313 213.513 447.174 -13 73 1 0 1
-7.71781 -14.1005 120200 1.54654 -0.180189 213.604 448.477 -13 73 1 0 1
-10.2394 -12.6099 120550 -6.31032 2.58246 213.501 449.779 -13 73 1 0 1
-21.0595 2.91345 120900 -0.0467231 15.7881 213.026 451.084 -13 73 1 0 1
-12.0502 18.8111 121250 3.43635 2.92505 213.562 452.389 -13 73 1 0 1
-16.0512 16.5217 121600 -3.96608 -5.98953 213.489 453.692 -13 73 1 0 1
-13.6444 11.6064 121950 6.01495 2.9223 213.505 454.994 -13 73 1 0 1
-46.6994 -3.26929 118100 -2.01618 15.5564 195.043 450.385 -13 74 1 0 1
-36.8114 6.40529 118450 5.53011 -9.29582 195.373 451.714 -13 74 1 0 1
-13.9431 -20.3356 118800 25.0516 -7.21295 193.928 453.049 -13 74 1 0 1
22.0989 -4.91717 119150 12.7559 11.9754 194.889 454.385 -13 74 1 0 1
43.5106 -9.06813 119500 5.16213 -16.6071 194.898 455.716 -13 74 1 0 1
41.8176 -25.2165 119850 3.0674 4.42635 195.599 457.045 -13 74 1 0 1
43.8092 8.95908 120200 -14.5398 24.4081 193.599 458.38 -13 74 1 0 1
6.45275 16.5036 120550 -16.0826 -9.9622 194.756 459.717 -13 74 1 0 1
-20.0441 9.64604 120900 -13.0942 7.87055 195.075 461.048 -13 74 1 0 1
-37.0432 27.2101 121250 -12.9524 3.42049 195.214 462.378 -13 74 1 0 1
-62.8605 -3.57238 121600 1.48499 -34.2064 192.654 463.717 -13 74 1 0 1
-35.6008 -30.3663 121950 11.5164 6.15142 195.237 465.055 -13 74 1 0 1
14.9082 36.1029 118100 21.4774 -10.0527 182.586 454.959 -13 75 1 0 1
26.427 8.18838 118450 -4.92178 -7.85246 183.886 456.312 -13 75 1 0 1
16.4477 2.94362 118800 -4.14686 -2.68354 184.053 457.658 -13 75 1 0 1
16.1638 -10.0274 119150 1.67791 -11.5327 183.75 459.006 -13 75 1 0 1
-1.82833 -34.6599 119500 -21.986 -3.63485 182.766 460.358 -13 75 1 0 1
-26.2177 -22.3888 119850 -1.10034 4.13049 184.07 461.71 -13 75 1 0 1
-13.7937 -24.9086 120200 11.9161 1.43607 183.728 463.057 -13 75 1 0 1
-7.18492 -9.30782 120550 -5.14933 11.0168 183.717 464.405 -13 75 1 0 1
-7.35109 18.2432 120900 11.7024 13.0887 183.28 465.756 -13 75 1 0 1
15.1866 25.2665 121250 4.77962 1.78878 184.049 467.106 -13 75 1 0 1
3.2697 33.4455 121600 -14.8167 -1.30749 183.518 468.454 -13 75 1 0 1
-6.67209 18.9542 121950 5.44647 -6.923 183.909 469.803 -13 75 1 0 1
22.4178 75.7026 118100 36.5907 -38.0825 192.675 453.413 -13 76 1 0 1
17.908 1.05972 118450 -25.4395 -30.0776 195.859 454.771 -13 76 1 0 1
3.85979 -55.4666 118800 20.9464 -28.5992 196.611 456.113 -13 76 1 0 1
42.3335 -81.5932 119150 3.60993 -16.5018 199.066 457.447 -13 76 1 0 1
-17.2296 -107.359 119500 -56.2071 17.6932 190.894 458.8 -13 76 1 0 1
-45.5849 -43.9713 119850 19.4666 24.7858 197.28 460.158 -13 76 1 0 1
-8.06562 -3.31108 120200 7.45357 30.7492 197.26 461.496 -13 76 1 0 1
-25.9838 48.1996 120550 -11.1126 29.6428 197.258 462.833 -13 76 1 0 1
13.617 100.14 120900 53.3139 3.29802 192.508 464.186 -13 76 1 0 1
58.5795 67.0584 121250 -8.74026 -10.7543 199.301 465.531 -13 76 1 0 1
9.20628 55.4432 121600 -32.506 -23.4739 195.717 466.868 -13 76 1 0 1
0.977529 -5.28926 121950 13.0619 -33.4875 196.522 468.213 -13 76 1 0 1
2.48876 26.4759 118100 40.7106 5.86184 201.467 447.005 -13 77 1 0 1
57.1928 3.70501 118450 22.239 -10.865 204.128 448.337 -13 77 1 0 1
82.6389 32.9703 118800 -7.06641 36.612 202.214 449.663 -13 77 1 0 1
58.0283 54.0557 119150 -0.823738 -14.0071 205.144 450.986 -13 77 1 0 1
56.5538 -4.89477 119500 -24.0716 -40.9181 200.068 452.32 -13 77 1 0 1
-6.73747 -25.7651 119850 -31.7574 5.78995 203.073 453.66 -13 77 1 0 1
-42.4349 -41.8102 120200 -3.77196 -25.3465 204.02 454.984 -13 77 1 0 1
-42.1141 -70.44 120550 -14.2394 -3.87196 205.093 456.302 -13 77 1 0 1
-88.2871 -26.7662 120900 -8.89445 55.7754 197.714 457.643 -13 77 1 0 1
-50.0354 29.4881 121250 27.0092 1.9303 203.832 458.988 -13 77 1 0 1
-16.9464 25.2277 121600 15.1297 3.88757 205.029 460.307 -13 77 1 0 1
6.87653 50.2874 121950 20.5589 20.2959 203.584 461.626 -13 77 1 0 1
-11.2939 7.15397 118100 -6.4898 -7.29447 205.545 445.561 -13 78 1 0 1
-28.2104 -0.0814651 118450 -11.6016 -7.08744 205.327 446.875 -13 78 1 0 1
-31.5663 -31.74 118800 16.4842 -21.4132 203.995 448.195 -13 78 1 0 1
-1.56116 -40.0179 119150 6.54558 4.56095 205.622 449.514 -13 78 1 0 1
-6.29588 -30.1545 119500 -4.22982 9.24033 205.526 450.827 -13 78 1 0 1
4.14007 -18.5081 119850 15.215 3.39415 205.185 452.141 -13 78 1 0 1
30.0987 3.85086 120200 4.13207 24.6325 204.255 453.461 -13 78 1 0 1
18.366 31.6799 120550 -4.95462 5.80357 205.635 454.779 -13 78 1 0 1
25.6749 28.5532 120900 5.81187 -10.2967 205.437 456.092 -13 78 1 0 1
17.3521 19.2655 121250 -13.4751 3.62947 205.303 457.407 -13 78 1 0 1
-17.6729 17.234 121600 -20.5002 -15.8897 204.136 458.726 -13 78 1 0 1
-29.7598 -14.5786 121950 -1.93516 -11.4066 205.451 460.046 -13 78 1 0 1
-34.4069 7.06427 118100 -10.3562 22.1994 187.873 454.928 -13 79 1 0 1
-32.1461 39.0124 118450 -1.51644 5.92387 189.365 456.271 -13 79 1 0 1
-49.5591 20.9916 118800 -2.34344 -24.4095 187.87 457.613 -13 79 1 0 1
-25.244 1.27777 119150 18.223 6.04591 188.488 458.958 -13 79 1 0 1
14.4212 3.83037 119500 19.87 -14.609 187.851 460.304 -13 79 1 0 1
29.4016 -32.3509 119850 6.84122 -14.2607 188.802 461.65 -13 79 1 0 1
60.7335 -24.6272 120200 12.535 25.7713 187.284 462.996 -13 79 1 0 1
49.9646 1.91917 120550 -12.0518 -6.72179 188.96 464.34 -13 79 1 0 1
13.0372 -20.7102 120900 -30.138 -0.0386873 187.051 465.689 -13 79 1 0 1
-24.3539 11.175 121250 -12.5639 19.8771 187.999 467.04 -13 79 1 0 1
-61.2109 13.775 121600 -17.119 -22.0016 187.402 468.388 -13 79 1 0 1
-65.2596 -12.5543 121950 0.619486 6.76756 189.342 469.731 -13 79 1 0 1
93.8595 61.9818 118100 27.6042 -50.5345 200.18 448.418 -13 80 1 0 1
75.1178 2.895 118450 -27.997 -0.661402 206.406 449.757 -13 80 1 0 1
19.3565 13.0977 118800 -36.1579 -9.27253 204.925 451.084 -13 80 1 0 1
-17.4564 -33.9409 119150 -15.5745 -32.0999 205.219 452.414 -13 80 1 0 1
-76.7722 -50.3839 119500 -40.4064 27.2194 202.52 453.75 -13 80 1 0 1
-97.8643 -6.84863 119850 2.92334 -1.93705 208.268 455.077 -13 80 1 0 1
-66.0222 -51.0349 120200 44.9985 -22.1637 202.168 456.406 -13 80 1 0 1
-5.03122 -27.7049 120550 15.9042 32.334 205.157 457.744 -13 80 1 0 1
30.9744 12.9451 120900 31.831 4.34235 205.805 459.07 -13 80 1 0 1
75.3674 3.60068 121250 21.1306 4.89503 207.165 460.391 -13 80 1 0 1
80.0712 61.9906 121600 -34.0713 43.0082 200.941 461.726 -13 80 1 0 1
20.0061 71.3639 121950 -11.824 -18.8627 207.105 463.063 -13 80 1 0 1
-44.0627 116.358 118100 60.1367 32.0437 198.224 450.279 -13 81 1 0 1
26.8082 100.573 118450 0.252204 -20.512 208.603 451.626 -13 81 1 0 1
-7.37388 62.4369 118800 -16.3721 -36.8683 205.69 452.949 -13 81 1 0 1
19.3399 4.12471 119150 34.8346 -28.9872 204.651 454.283 -13 81 1 0 1
41.2609 -75.8293 119500 -30.3971 -51.993 200.77 455.634 -13 81 1 0 1
-18.3949 -113.713 119850 -7.65142 -9.67205 209.246 456.973 -13 81 1 0 1
36.2249 -114.744 120200 47.5545 32.4471 201.548 458.306 -13 81 1 0 1
39.2337 -49.0282 120550 -34.8005 21.8438 205.543 459.647 -13 81 1 0 1
-23.3231 3.44348 120900 -15.3264 51.5856 202.583 460.992 -13 81 1 0 1
-5.49945 81.3201 121250 7.85583 36.1028 206.327 462.336 -13 81 1 0 1
-62.1056 115.198 121600 -58.1956 -20.9797 200.273 463.679 -13 81 1 0 1
-90.133 63.5527 121950 20.8378 -5.43348 208.5 465.016 -13 81 1 0 1
-1.83894 -22.6351 118100 -3.31037 11.3722 210.328 443.56 -13 82 1 0 1
9.73594 -5.62342 118450 14.0401 9.02188 209.999 444.869 -13 82 1 0 1
23.0267 23.6817 118800 -6.94595 23.117 209.274 446.181 -13 82 1 0 1
4.61236 44.6602 119150 -2.17373 5.2781 210.584 447.492 -13 82 1 0 1
24.9469 41.2032 119500 16.1719 -15.9824 209.431 448.802 -13 82 1 0 1
23.9315 15.3027 119850 -12.8625 -6.60703 210.164 450.113 -13 82 1 0 1
-0.417182 2.91042 120200 -10.207 -15.2887 209.858 451.423 -13 82 1 0 1
-2.00512 -26.6629 120550 -0.276959 -17.1566 209.961 452.734 -13 82 1 0 1
-28.0474 -43.1981 120900 -26.1361 6.98775 208.917 454.048 -13 82 1 0 1
-47.951 -23.3812 121250 1.13268 1.75411 210.651 455.359 -13 82 1 0 1
-27.6809 -36.1606 121600 22.9879 -2.90405 209.383 456.669 -13 82 1 0 1
-6.75715 -15.257 121950 -0.139699 20.2708 209.684 457.982 -13 82 1 0 1
26.4239 -14.0726 118100 -41.4066 1.03301 188.374 462.171 -13 83 1 0 1
-25.6457 34.6704 118450 -21.0824 33.0856 188.842 463.532 -13 83 1 0 1
-96.9956 40.5647 118800 -35.1722 -41.0609 185.141 464.902 -13 83 1 0 1
-98.394 -16.4301 119150 10.7681 3.52887 192.541 466.261 -13 83 1 0 1
-60.8409 29.3137 119500 42.9379 18.1414 187.157 467.614 -13 83 1 0 1
5.13573 -4.51461 119850 22.7794 -36.0803 188.095 468.982 -13 83 1 0 1
73.5043 -32.2942 120200 41.9824 23.5145 186.775 470.35 -13 83 1 0 1
104.634 14.0927 120550 6.90506 -1.12384 192.747 471.703 -13 83 1 0 1
89.9078 -48.634 120900 -44.4075 -37.305 183.948 473.066 -13 83 1 0 1
10.7966 -30.9028 121250 -22.3199 36.6838 188.034 474.444 -13 83 1 0 1
-45.0227 14.9686 121600 -41.4064 -4.04339 188.334 475.808 -13 83 1 0 1
-99.5623 -13.5894 121950 -24.4066 0.448526 191.323 477.161 -13 83 1 0 1
94.8737 23.5185 118100 21.7106 -48.1986 199.265 447.843 -13 84 1 0 1
82.2519 -29.7759 118450 -12.131 2.11655 205.79 449.178 -13 84 1 0 1
58.9382 8.05206 118800 -29.278 22.8859 202.781 450.502 -13 84 1 0 1
6.0169 -1.72343 119150 -24.9421 -23.7067 203.266 451.833 -13 84 1 0 1
-50.3844 -17.3274 119500 -34.3415 19.0961 202.379 453.167 -13 84 1 0 1
-79.5423 20.3442 119850 -11.6758 4.09975 205.787 454.492 -13 84 1 0 1
-89.4301 -25.9944 120200 20.7734 -42.6407 200.628 455.822 -13 84 1 0 1
-38.0285 -41.8981 120550 17.7717 18.839 204.525 457.156 -13 84 1 0 1
-9.13556 -3.32634 120900 26.86 13.4795 203.956 458.481 -13 84 1 0 1
38.8998 -9.03714 121250 27.0842 -5.96067 204.285 459.806 -13 84 1 0 1
75.9035 25.4168 121600 -1.68217 42.4769 201.728 461.137 -13 84 1 0 1
49.3075 61.3774 121950 -5.2022 -3.34835 206.066 462.464 -13 84 1 0 1
-61.4412 -79.255 118100 -39.3554 34.8738 195.618 453.179 -13 85 1 0 1
-62.8282 -19.4494 118450 23.7541 10.9443 200.867 454.523 -13 85 1 0 1
-14.4458 -7.91646 118800 24.5691 19.316 200.137 455.854 -13 85 1 0 1
1.56442 44.3758 119150 6.3625 32.734 199.799 457.188 -13 85 1 0 1
59.6758 72.3404 119500 47.7872 -21.123 195.708 458.535 -13 85 1 0 1
88.017 22.799 119850 -6.73089 -6.35117 202.351 459.876 -13 85 1 0 1
52.464 42.7229 120200 -36.3331 4.85146 199.218 461.203 -13 85 1 0 1
13.4325 3.56643 120550 -6.77019 -37.0989 199.021 462.541 -13 85 1 0 1
-30.5969 -50.0059 120900 -47.0484 -4.63301 196.969 463.888 -13 85 1 0 1
-87.68 -27.617 121250 -15.9884 1.42661 201.926 465.228 -13 85 1 0 1
-76.9891 -73.3135 121600 39.1688 -28.1402 196.737 466.564 -13 85 1 0 1
-26.5042 -56.9306 121950 1.73232 32.2864 199.966 467.905 -13 85 1 0 1
75.282 11.8369 118100 40.8216 -42.5873 212.818 443.572 -13 86 1 0 1
98.2328 -52.7268 118450 11.5328 -13.372 220.136 444.894 -13 86 1 0 1
125.885 -5.76927 118800 -7.51781 59.721 212.481 446.213 -13 86 1 0 1
75.2141 29.2884 119150 -28.6764 -20.3432 218.026 447.537 -13 86 1 0 1
19.2079 -16.443 119500 -50.2021 -11.4453 214.756 448.86 -13 86 1 0 1
-51.1742 9.06336 119850 -35.8974 20.2544 216.962 450.185 -13 86 1 0 1
-107.413 -16.0301 120200 -13.7271 -51.8376 214.233 451.508 -13 86 1 0 1
-96.1126 -64.7237 120550 -0.822328 5.25148 220.779 452.821 -13 86 1 0 1
-101.581 -0.0793011 120900 24.6417 56.9786 211.938 454.143 -13 86 1 0 1
-30.9167 27.3731 121250 38.8715 -16.1694 216.793 455.475 -13 86 1 0 1
26.6871 15.4396 121600 32.0562 15.4243 217.959 456.789 -13 86 1 0 1
63.3445 53.3329 121950 27.1111 15.0672 218.654 458.098 -13 86 1 0 1
69.3649 21.3461 118100 9.15633 -45.3463 196.86 447.805 -13 87 1 0 1
41.0124 -26.5866 118450 -20.1588 -3.05608 201.192 449.143 -13 87 1 0 1
18.7082 -22.3978 118800 -9.64322 0.178863 201.993 450.464 -13 87 1 0 1
0.284689 -37.0162 119150 -16.1951 -14.4426 201.055 451.784 -13 87 1 0 1
-51.8046 -35.5263 119500 -29.1113 28.441 198.085 453.12 -13 87 1 0 1
-59.9562 10.1526 119850 5.78779 7.10857 202.015 454.452 -13 87 1 0 1
-48.5114 -5.71074 120200 15.1047 -13.6377 201.196 455.772 -13 87 1 0 1
-20.7674 1.46297 120550 12.0064 18.6066 201.007 457.096 -13 87 1 0 1
16.5857 26.9053 120900 30.5599 -3.05813 199.877 458.425 -13 87 1 0 1
48.7011 3.80285 121250 8.98144 -6.64872 201.914 459.752 -13 87 1 0 1
53.0783 23.875 121600 -12.3376 20.2898 200.824 461.074 -13 87 1 0 1
28.455 27.6269 121950 -4.96251 -13.6753 201.699 462.396 -13 87 1 0 1
19.8065 34.0603 118100 41.6266 1.5371 204.145 445.606 -13 88 1 0 1
70.2932 10.7605 118450 18.3031 -5.74911 207.466 446.933 -13 88 1 0 1
79.6595 47.7634 118800 -20.5458 34.2813 204.482 448.255 -13 88 1 0 1
43.3737 56.2552 119150 -2.91356 -19.6546 207.402 449.577 -13 88 1 0 1
39.3092 -1.75703 119500 -23.175 -37.3071 203.67 450.906 -13 88 1 0 1
-20.4952 -23.963 119850 -31.8184 -0.564759 205.907 452.239 -13 88 1 0 1
-48.5181 -55.1289 120200 7.83823 -31.4716 205.811 453.561 -13 88 1 0 1
-31.7933 -81.1897 120550 -9.4007 -0.864487 208.137 454.878 -13 88 1 0 1
-75.903 -40.6608 120900 -12.8991 52.505 201.214 456.211 -13 88 1 0 1
-42.3551 17.3501 121250 29.4067 7.21684 206.139 457.551 -13 88 1 0 1
-6.70674 28.2727 121600 10.821 14.5385 207.562 458.868 -13 88 1 0 1
3.98786 61.2914 121950 14.5198 21.8568 206.692 460.184 -13 88 1 0 1
-0.217888 17.712 118100 17.7997 0.938439 193.144 449.174 -13 89 1 0 1
21.4207 4.75713 118450 6.1659 -6.12044 193.77 450.507 -13 89 1 0 1
28.8934 10.8896 118800 -1.47963 10.0287 193.699 451.838 -13 89 1 0 1
24.0659 15.7547 119150 2.03542 -6.2636 193.853 453.168 -13 89 1 0 1
23.0554 -11.1112 119500 -12.2562 -17.0478 192.825 454.502 -13 89 1 0 1
-4.79654 -18.9991 119850 -10.461 2.34608 193.668 455.837 -13 89 1 0 1
-11.7093 -23.3944 120200 2.74017 -5.49446 193.867 457.167 -13 89 1 0 1
-11.2715 -27.6136 120550 -7.63456 0.490732 193.814 458.497 -13 89 1 0 1
-32.8216 -7.64842 120900 -4.22068 23.2135 192.524 459.832 -13 89 1 0 1
-18.5282 18.9882 121250 8.63381 3.61929 193.739 461.168 -13 89 1 0 1
-14.441 18.8616 121600 -0.791328 -2.23377 193.95 462.497 -13 89 1 0 1
-9.26864 21.4625 121950 8.06086 6.76645 193.679 463.827 -13 89 1 0 1
14.9767 59.7157 118100 48.2051 -31.9981 215.904 439.452 -13 90 1 0 1
40.1903 -10.5826 118450 -3.12422 -35.7 220.631 440.777 -13 90 1 0 1
58.6668 -40.3031 118800 24.6716 1.66381 222.15 442.077 -13 90 1 0 1
82.2741 -38.8324 119150 3.35831 -18.5311 222.728 443.373 -13 90 1 0 1
38.4634 -94.3987 119500 -62.8642 -18.5521 213.696 444.698 -13 90 1 0 1
-28.9813 -65.743 119850 -8.87487 27.0964 221.696 446.025 -13 90 1 0 1
-25.9541 -36.704 120200 0.632112 14.9533 223.021 447.321 -13 90 1 0 1
-47.4909 -11.9484 120550 -25.4601 22.0386 220.971 448.619 -13 90 1 0 1
-61.2887 59.4525 120900 29.1466 52.7369 215.248 449.944 -13 90 1 0 1
-4.5962 92.8868 121250 13.2141 1.60053 223.126 451.262 -13 90 1 0 1
-28.3125 84.1306 121600 -25.0916 -22.8718 220.929 452.56 -13 90 1 0 1
-22.8477 48.9524 121950 29.1605 -10.2252 221.376 453.862 -13 90 1 0 1
21.9666 -14.2964 118100 -14.0143 -8.6011 192.314 450.903 -13 92 1 0 1
0.795998 -7.23958 118450 -5.66276 10.5289 192.645 452.238 -13 92 1 0 1
-13.0174 5.46089 118800 -10.3623 -0.497005 192.737 453.571 -13 92 1 0 1
-25.5742 0.120331 119150 -4.69095 1.368 192.954 454.903 -13 92 1 0 1
-24.4042 17.5819 119500 11.0701 10.885 192.39 456.236 -13 92 1 0 1
-5.62425 15.5021 119850 3.79627 -8.78943 192.778 457.57 -13 92 1 0 1
1.96627 -1.01956 120200 8.86267 -6.03783 192.717 458.903 -13 92 1 0 1
19.7141 -3.3987 120550 8.72737 -2.26663 192.805 460.236 -13 92 1 0 1
22.8805 -22.8537 120900 -10.7853 -13.086 192.269 461.57 -13 92 1 0 1
3.23727 -25.6485 121250 -3.00166 5.33455 192.919 462.904 -13 92 1 0 1
4.64906 -12.4845 121600 -1.95846 9.08328 192.792 464.236 -13 92 1 0 1
-10.7832 -2.70968 121950 -12.05 3.77635 192.602 465.569 -13 92 1 0 1
93.0521 11.1734 118100 -6.83237 -46.0734 199.544 450.024 -13 93 1 0 1
46.8616 -16.4488 118450 -26.3633 15.1119 202.642 451.36 -13 93 1 0 1
-5.26509 8.43182 118800 -35.8326 -4.50033 201.701 452.692 -13 93 1 0 1
-48.5095 -25.3497 119150 -20.8009 -16.8087 203.155 454.023 -13 93 1 0 1
-91.5197 -3.54321 119500 -9.50518 41.5982 200.416 455.355 -13 93 1 0 1
-73.2222 32.2496 119850 9.29651 -10.1662 204.445 456.683 -13 93 1 0 1
-49.2995 -16.1018 120200 34.0244 -26.1463 200.365 458.014 -13 93 1 0 1
12.3333 -10.845 120550 27.2902 17.6083 202.318 459.351 -13 93 1 0 1
56.5409 -11.8462 120900 16.6127 -23.7797 202.845 460.678 -13 93 1 0 1
65.6947 -41.717 121250 9.60043 1.1981 204.68 461.999 -13 93 1 0 1
80.8036 8.72418 121600 -16.0827 45.6581 199.108 463.332 -13 93 1 0 1
26.0109 34.5977 121950 -25.5526 -10.9441 203.014 464.671 -13 93 1 0 1
21.5886 -24.7918 118100 -26.8109 -0.494775 189.842 454.348 -13 94 1 0 1
-7.43274 5.35328 118450 -6.25207 21.9767 190.36 455.693 -13 94 1 0 1
-36.8226 26.9574 118800 -22.8869 -6.92869 190.23 457.035 -13 94 1 0 1
-56.0373 9.66398 119150 -1.83101 3.28121 191.69 458.373 -13 94 1 0 1
-36.227 39.5024 119500 29.0068 11.3657 189.179 459.716 -13 94 1 0 1
1.23088 18.556 119850 5.99489 -21.6763 190.403 461.062 -13 94 1 0 1
20.8822 -12.2324 120200 19.917 -5.01261 190.624 462.403 -13 94 1 0 1
51.4344 -9.60872 120550 12.1787 -5.87275 191.25 463.742 -13 94 1 0 1
44.5215 -51.3768 120900 -29.7712 -22.2468 188.09 465.089 -13 94 1 0 1
-0.646917 -43.638 121250 -6.2137 17.0175 190.869 466.438 -13 94 1 0 1
-5.14807 -13.7236 121600 -9.24916 13.7446 191.01 467.776 -13 94 1 0 1
-36.6778 -0.850125 121950 -20.9009 8.33738 190.402 469.115 -13 94 1 0 1
-40.0779 -32.3244 118100 0.225359 31.4466 185.705 457.207 -13 95 1 0 1
-0.480791 -1.44302 118450 29.3685 2.41307 186.03 458.563 -13 95 1 0 1
41.6515 31.1588 118800 1.75973 34.1861 185.212 459.921 -13 95 1 0 1
25.1758 71.1161 119150 3.06354 7.58812 188.171 461.272 -13 95 1 0 1
64.8324 46.3178 119500 14.3258 -40.3094 183.427 462.628 -13 95 1 0 1
34.8101 -2.51405 119850 -27.9776 -3.02922 186.235 463.991 -13 95 1 0 1
-11.0871 -17.164 120200 -13.6505 -22.7556 186.471 465.344 -13 95 1 0 1
-15.8089 -62.0489 120550 -8.28571 -19.9423 187.107 466.694 -13 95 1 0 1
-74.2447 -57.2505 120900 -30.9101 39.2563 181.601 468.06 -13 95 1 0 1
-66.0605 1.74812 121250 20.2267 4.11624 187.215 469.427 -13 95 1 0 1
-24.6513 -4.86014 121600 24.0541 6.2491 186.703 470.776 -13 95 1 0 1
0.504372 35.8636 121950 10.2968 28.5111 185.894 472.128 -13 95 1 0 1
60.3482 -18.1137 118100 -12.3381 -33.4829 179.568 458.316 -13 96 1 0 1
19.4191 -34.8836 118450 -12.2479 10.8368 182.347 459.679 -13 96 1 0 1
2.90852 -11.4997 118800 -12.5907 7.23421 182.502 461.032 -13 96 1 0 1
-25.4821 -14.8381 119150 -16.9871 -2.88871 182.266 462.385 -13 96 1 0 1
-53.3426 13.8606 119500 2.90109 29.9533 180.589 463.745 -13 96 1 0 1
-27.1165 36.8104 119850 7.17104 -5.81187 182.846 465.103 -13 96 1 0 1
-21.1465 11.1596 120200 10.2539 -15.2177 182.157 466.455 -13 96 1 0 1
11.1568 5.69682 120550 18.5165 3.84039 182.1 467.81 -13 96 1 0 1
41.2164 -14.0288 120900 1.5655 -24.8079 181.384 469.167 -13 96 1 0 1
25.1915 -38.8285 121250 -2.86176 0.674484 183.055 470.522 -13 96 1 0 1
31.5379 -17.3382 121600 -3.48867 19.2718 182.028 471.873 -13 96 1 0 1
2.714 -3.43675 121950 -18.9328 -3.08046 182.071 473.229 -13 96 1 0 1
23.2879 -2.87285 118100 -22.9467 -14.096 190.058 454.602 -13 97 1 0 1
-19.693 5.89759 118450 -20.2752 12.0564 190.502 455.947 -13 97 1 0 1
-57.2789 -5.91149 118800 -8.97518 -27.3341 189.788 457.291 -13 97 1 0 1
-49.3154 -35.1063 119150 1.35584 2.88838 191.93 458.631 -13 97 1 0 1
-48.4408 -0.46668 119500 14.9602 24.79 189.76 459.972 -13 97 1 0 1
-6.66165 4.66328 119850 20.5382 -13.0671 190.407 461.317 -13 97 1 0 1
34.7428 -0.439087 120200 19.4636 16.1148 190.286 462.661 -13 97 1 0 1
49.7397 28.5777 120550 8.16313 3.65446 191.748 464 -13 97 1 0 1
64.7271 -4.78487 120900 -9.46541 -32.2256 188.996 465.343 -13 97 1 0 1
25.6675 -21.111 121250 -17.4392 12.128 190.778 466.69 -13 97 1 0 1
-7.96187 -1.77245 121600 -22.1816 -1.89543 190.662 468.031 -13 97 1 0 1
-40.1345 -21.7727 121950 -17.5528 -7.45547 191.007 469.372 -13 97 1 0 1
40.5851 24.6049 118100 3.45629 -31.4533 186.766 454.059 -13 98 1 0 1
11.1613 -8.83636 118450 -21.2507 -3.24032 188.203 455.41 -13 98 1 0 1
-14.7323 -25.411 118800 -1.21768 -16.8326 188.674 456.753 -13 98 1 0 1
-8.85017 -47.6238 119150 -4.84712 -7.37199 189.222 458.093 -13 98 1 0 1
-43.1852 -37.6446 119500 -16.7734 25.5517 186.945 459.439 -13 98 1 0 1
-33.5349 -2.38574 119850 15.8048 2.85337 188.745 460.787 -13 98 1 0 1
-3.32839 0.365885 120200 13.8289 9.57079 188.679 462.129 -13 98 1 0 1
7.43639 27.3412 120550 5.24592 14.4202 188.805 463.47 -13 98 1 0 1
39.0222 32.7882 120900 19.4508 -16.5394 187.699 464.815 -13 98 1 0 1
42.4004 5.74222 121250 -8.13725 -0.504497 189.252 466.158 -13 98 1 0 1
16.5602 16.4847 121600 -20.4463 -0.689298 188.319 467.5 -13 98 1 0 1
-6.85254 -7.27564 121950 -6.55585 -16.4464 188.598 468.844 -13 98 1 0 1
-21.4901 -39.102 118100 -30.8499 -23.772 211.139 448.401 -13 99 1 0 1
-70.6153 -55.2323 118450 -16.2304 -16.6029 213.442 449.717 -13 99 1 0 1
-37.2648 -109.379 118800 59.4871 -17.2091 205.576 451.049 -13 99 1 0 1
22.2241 -78.0519 119150 -1.89926 27.6726 212.902 452.384 -13 99 1 0 1
1.7575 -33.1366 119500 -3.10384 32.6996 212.173 453.698 -13 99 1 0 1
32.443 11.6188 119850 28.2669 25.2762 211.326 455.016 -13 99 1 0 1
38.7827 79.5689 120200 -35.5359 40.4032 207.849 456.349 -13 99 1 0 1
-15.6586 97.2893 120550 -5.18412 -1.11056 214.635 457.672 -13 99 1 0 1
22.7046 85.57 120900 30.9193 -28.76 210.507 458.986 -13 99 1 0 1
16.8222 34.224 121250 -30.4492 -20.4433 211.545 460.307 -13 99 1 0 1
-28.5122 -16.8537 121600 -4.71025 -46.0652 209.648 461.635 -13 99 1 0 1
-6.31498 -75.1169 121950 6.70072 -24.5153 213.192 462.958 -13 99 1 0 1
11.96 10.209 118100 1.81055 -10.5196 190.538 450.959 -13 100 1 0 1
3.28406 -1.47585 118450 -7.01872 -1.74688 190.7 452.294 -13 100 1 0 1
-4.74834 -8.04363 118800 0.445168 -5.85456 190.747 453.63 -13 100 1 0 1
-0.578047 -14.8479 119150 0.00207182 -2.26231 190.824 454.965 -13 100 1 0 1
-9.31371 -14.907 119500 -6.12057 4.7873 190.679 456.3 -13 100 1 0 1
-9.45437 -7.37313 119850 4.44939 0.131595 190.785 457.635 -13 100 1 0 1
2.85471 -6.52232 120200 6.62131 4.61866 190.666 458.97 -13 100 1 0 1
6.049 3.81114 120550 -0.613555 3.93887 190.795 460.305 -13 100 1 0 1
8.18093 6.37246 120900 1.86891 -1.19139 190.824 461.64 -13 100 1 0 1
7.29022 6.37685 121250 -2.71444 2.87816 190.796 462.974 -13 100 1 0 1
-4.91339 10.2132 121600 -9.13823 -3.08739 190.593 464.31 -13 100 1 0 1
-13.0924 0.314807 121950 -1.34931 -2.89658 190.81 465.645 -13 100 1 0 1
