#BLTrackFile VirtualDetector/det29
#x y z Px Py Pz t PDGid EventID TrackID ParentID Weight
#mm mm mm MeV/c MeV/c MeV/c ns - - - - -
#BLTrackFile VirtualDetector/det29
#x y z Px Py Pz t PDGid EventID TrackID ParentID Weight
#mm mm mm MeV/c MeV/c MeV/c ns - - - - -
#BLTrackFile VirtualDetector/det29
#x y z Px Py Pz t PDGid EventID TrackID ParentID Weight
#mm mm mm MeV/c MeV/c MeV/c ns - - - - -
#BLTrackFile VirtualDetector/det29
#x y z Px Py Pz t PDGid EventID TrackID ParentID Weight
#mm mm mm MeV/c MeV/c MeV/c ns - - - - -
#BLTrackFile VirtualDetector/det29
#x y z Px Py Pz t PDGid EventID TrackID ParentID Weight
#mm mm mm MeV/c MeV/c MeV/c ns - - - - -
#BLTrackFile VirtualDetector/det29
#x y z Px Py Pz t PDGid EventID TrackID ParentID Weight
#mm mm mm MeV/c MeV/c MeV/c ns - - - - -
#BLTrackFile VirtualDetector/det29
#x y z Px Py Pz t PDGid EventID TrackID ParentID Weight
#mm mm mm MeV/c MeV/c MeV/c ns - - - - -
#BLTrackFile VirtualDetector/det29
#x y z Px Py Pz t PDGid EventID TrackID ParentID Weight
#mm mm mm MeV/c MeV/c MeV/c ns - - - - -
#BLTrackFile VirtualDetector/det29
#x y z Px Py Pz t PDGid EventID TrackID ParentID Weight
#mm mm mm MeV/c MeV/c MeV/c ns - - - - -
#BLTrackFile VirtualDetector/det29
#x y z Px Py Pz t PDGid EventID TrackID ParentID Weight
#mm mm mm MeV/c MeV/c MeV/c ns - - - - -
#BLTrackFile VirtualDetector/det29
#x y z Px Py Pz t PDGid EventID TrackID ParentID Weight
#mm mm mm MeV/c MeV/c MeV/c ns - - - - -
#BLTrackFile VirtualDetector/det29
#x y z Px Py Pz t PDGid EventID TrackID ParentID Weight
#mm mm mm MeV/c MeV/c MeV/c ns - - - - -
51.634 -17.0584 122300 23.4943 -45.2347 204.062 464.994 -13 1 1 0 1
55.7242 -83.1463 122650 9.14623 -20.6976 209.111 466.326 -13 1 1 0 1
110.755 -57.3567 123000 23.3569 57.0474 201.096 467.663 -13 1 1 0 1
82.8907 2.07932 123350 -31.3531 -4.26377 207.938 469.004 -13 1 1 0 1
18.8444 -17.2602 123700 -44.7482 6.89707 205.401 470.335 -13 1 1 0 1
-31.3371 32.016 124050 -22.2512 32.6995 206.58 471.67 -13 1 1 0 1
-96.0406 36.3376 124400 -36.0345 -39.3931 203.444 473.008 -13 1 1 0 1
-106.349 -16.5028 124750 3.78267 1.79781 210.291 474.336 -13 1 1 0 1
-83.1524 35.4338 125100 41.0545 33.0264 203.626 475.664 -13 1 1 0 1
-15.9192 23.931 125450 24.0539 -31.8312 206.514 477.002 -13 1 1 0 1
34.872 -12.9995 125800 38.7427 3.40921 206.705 478.332 -13 1 1 0 1
82.7457 12.3346 126150 23.5303 3.5471 208.982 479.655 -13 1 1 0 1
20.7908 41.6626 122300 18.7317 -24.7696 198.426 463.118 -13 2 1 0 1
15.1191 0.214116 122650 -15.2876 -14.6194 199.724 464.449 -13 2 1 0 1
2.94917 -26.0046 123000 6.90882 -15.0704 200.156 465.773 -13 2 1 0 1
18.6332 -43.5767 123350 0.955045 -11.1286 200.53 467.096 -13 2 1 0 1
-13.9468 -59.0591 123700 -31.2046 8.25784 198.23 468.424 -13 2 1 0 1
-32.9981 -29.4635 124050 8.09301 9.80071 200.439 469.753 -13 2 1 0 1
-8.58185 -17.9209 124400 12.7237 12.7017 200.035 471.076 -13 2 1 0 1
-7.67461 11.3698 124750 -5.58402 17.8104 199.972 472.401 -13 2 1 0 1
5.82708 42.3155 125100 23.2947 8.11363 199.321 473.728 -13 2 1 0 1
31.8549 38.5928 125450 0.527668 0.938335 200.838 475.052 -13 2 1 0 1
5.7643 46.2934 125800 -25.1178 -5.87696 199.178 476.377 -13 2 1 0 1
-10.6344 18.2694 126150 5.56994 -15.5268 200.163 477.703 -13 2 1 0 1
13.9803 71.0092 122300 38.6408 8.1103 191.054 468.955 -13 3 1 0 1
55.2011 56.5569 122650 -0.460846 -1.13151 195.087 470.297 -13 3 1 0 1
15.2601 66.6608 123000 -35.547 -9.65578 191.582 471.637 -13 3 1 0 1
-3.27351 19.8961 123350 12.21 -27.5954 192.743 472.983 -13 3 1 0 1
-0.269151 -35.1511 123700 -21.8097 -26.4353 192.058 474.33 -13 3 1 0 1
-44.2146 -56.5428 124050 -11.7896 -12.5515 194.33 475.671 -13 3 1 0 1
-10.7068 -92.297 124400 45.479 -2.3346 189.702 477.019 -13 3 1 0 1
24.8663 -56.5198 124750 -11.6304 19.4196 193.774 478.368 -13 3 1 0 1
-8.01251 -15.5172 125100 -6.34412 33.3218 192.12 479.711 -13 3 1 0 1
16.4556 35.1467 125450 16.9337 23.6977 192.905 481.058 -13 3 1 0 1
-2.81544 83.6989 125800 -40.4828 11.5693 190.494 482.407 -13 3 1 0 1
-44.6744 69.3875 126150 4.76596 -4.22565 194.987 483.75 -13 3 1 0 1
59.5177 62.0647 122300 18.5296 -40.8187 191.549 469.882 -13 4 1 0 1
32.8972 10.9127 122650 -31.8231 -6.01952 194.041 471.232 -13 4 1 0 1
-19.9575 -12.9719 123000 -14.7841 -31.0199 193.701 472.577 -13 4 1 0 1
-17.6438 -64.7741 123350 -2.82932 -21.3442 195.543 473.918 -13 4 1 0 1
-67.0203 -68.0937 123700 -32.771 31.0189 191.48 475.263 -13 4 1 0 1
-66.6259 -21.2737 124050 20.5838 0.980134 195.643 476.607 -13 4 1 0 1
-11.386 -28.2482 124400 35.5712 13.2504 193.028 477.951 -13 4 1 0 1
17.8078 23.5478 124750 5.90927 29.6786 194.384 479.297 -13 4 1 0 1
58.7178 46.5234 125100 31.4645 -15.2603 193.592 480.639 -13 4 1 0 1
77.2399 18.6123 125450 -4.13675 5.19153 196.613 481.974 -13 4 1 0 1
37.3677 54.3188 125800 -44.2166 8.2266 191.515 483.318 -13 4 1 0 1
-14.2564 17.8261 126150 -9.07255 -29.1567 194.341 484.67 -13 4 1 0 1
14.7678 -21.0575 122300 13.0529 -56.6982 197.889 477.616 -13 5 1 0 1
-7.47493 -107.961 122650 -4.71633 -42.4675 201.79 478.972 -13 5 1 0 1
79.8053 -143.123 123000 75.6273 41.3274 187.397 480.356 -13 5 1 0 1
98.9616 -49.89 123350 -36.3557 18.8702 202.157 481.741 -13 5 1 0 1
17.6329 -27.1108 123700 -40.8767 35.7561 198.987 483.092 -13 5 1 0 1
-0.0458323 61.1237 124050 -0.565669 52.1871 199.553 484.45 -13 5 1 0 1
-76.5846 116.404 124400 -72.5088 -22.2494 191.814 485.828 -13 5 1 0 1
-120.533 50.1141 124750 13.7944 -7.89722 205.651 487.188 -13 5 1 0 1
-55.8112 71.2819 125100 56.9986 -5.28117 198.163 488.529 -13 5 1 0 1
-7.30597 1.54056 125450 1.97565 -53.5091 199.194 489.888 -13 5 1 0 1
42.2067 -75.6323 125800 60.3615 -10.3749 196.962 491.254 -13 5 1 0 1
112.362 -53.9644 126150 14.2231 -2.99075 205.752 492.599 -13 5 1 0 1
38.4524 22.1682 122300 12.2236 -22.1974 206.323 458.825 -13 6 1 0 1
33.8327 -4.91668 122650 -8.34781 -2.42405 207.692 460.14 -13 6 1 0 1
19.718 1.80059 123000 -10.748 2.82843 207.576 461.451 -13 6 1 0 1
5.20911 -8.33656 123350 -6.74322 -11.8999 207.423 462.763 -13 6 1 0 1
-18.2123 -20.6964 123700 -18.92 4.58911 206.96 464.077 -13 6 1 0 1
-35.3943 -6.83756 124050 -3.55568 1.21392 207.84 465.39 -13 6 1 0 1
-30.3944 -23.1663 124400 13.7787 -11.8845 207.076 466.702 -13 6 1 0 1
-10.7758 -21.766 124750 2.90674 9.40427 207.641 468.014 -13 6 1 0 1
-7.51583 -1.36361 125100 7.73908 11.6132 207.405 469.326 -13 6 1 0 1
11.4443 6.63139 125450 10.5355 2.32074 207.594 470.638 -13 6 1 0 1
18.0088 22.2196 125800 -6.86229 12.7916 207.366 471.95 -13 6 1 0 1
5.28774 31.0141 126150 -0.0710136 0.269438 207.874 473.262 -13 6 1 0 1
-48.6274 4.27399 122300 -34.9279 13.4829 196.224 474.91 -13 8 1 0 1
-89.4647 39.7702 122650 -23.9021 4.00707 198.288 476.248 -13 8 1 0 1
-120.465 -30.1031 123000 24.2097 -64.0941 187.647 477.614 -13 8 1 0 1
-42.0695 -58.0265 123350 28.5002 24.2127 196.232 478.987 -13 8 1 0 1
2.97084 -15.7331 123700 33.4325 7.35787 196.809 480.329 -13 8 1 0 1
62.2633 -35.6251 124050 36.7096 -10.5542 196.078 481.672 -13 8 1 0 1
123.967 22.6298 124400 -3.71509 69.3012 187.321 483.047 -13 8 1 0 1
67.6105 74.3172 124750 -19.3818 -13.9794 198.33 484.413 -13 8 1 0 1
45.296 21.8148 125100 -27.9378 -29.1071 195.648 485.753 -13 8 1 0 1
-25.411 21.0538 125450 -43.6665 14.4216 194.399 487.104 -13 8 1 0 1
-104.949 -16.1024 125800 -16.5023 -61.6356 189.3 488.478 -13 8 1 0 1
-82.6162 -83.2404 126150 4.01673 -0.652663 199.723 489.835 -13 8 1 0 1
-1.29622 11.5866 122300 14.9113 -3.90822 192.048 465.845 -13 9 1 0 1
13.7317 -6.61231 122650 4.5393 -9.28284 192.388 467.18 -13 9 1 0 1
29.0504 -7.24101 123000 7.71545 10.3538 192.233 468.513 -13 9 1 0 1
31.3171 5.22024 123350 0.0823169 -2.81336 192.645 469.846 -13 9 1 0 1
23.7466 -15.8268 123700 -14.5844 -11.8048 191.75 471.181 -13 9 1 0 1
-1.30568 -14.0509 124050 -7.41171 7.49641 192.377 472.517 -13 9 1 0 1
-11.7276 -7.8975 124400 -5.04483 -2.36068 192.585 473.849 -13 9 1 0 1
-20.3984 -13.6662 124750 -7.54222 0.0672309 192.518 475.181 -13 9 1 0 1
-33.3875 6.55826 125100 2.73274 19.7145 191.635 476.517 -13 9 1 0 1
-16.7176 22.6379 125450 5.34687 -1.77563 192.583 477.853 -13 9 1 0 1
-14.6806 11.7277 125800 2.87967 -7.77735 192.487 479.185 -13 9 1 0 1
-1.43563 9.31364 126150 10.0085 4.05298 192.363 480.518 -13 9 1 0 1
23.4144 2.0154 122300 26.8243 -22.4019 202.515 462.432 -13 10 1 0 1
43.8578 -43.5754 122650 11.5574 -17.5217 204.433 463.759 -13 10 1 0 1
84.8555 -27.321 123000 16.0018 39.2865 201.082 465.087 -13 10 1 0 1
71.0446 12.8143 123350 -14.0296 -5.59486 204.952 466.415 -13 10 1 0 1
36.6843 -19.5306 123700 -34.1369 -12.1535 202.288 467.741 -13 10 1 0 1
-12.9104 0.795158 124050 -20.3454 21.7858 203.335 469.071 -13 10 1 0 1
-56.6272 7.5955 124400 -23.1516 -21.4653 203.069 470.398 -13 10 1 0 1
-72.0732 -24.6403 124750 -7.67489 -0.23562 205.365 471.719 -13 10 1 0 1
-78.0127 20.5582 125100 19.9048 38.5246 200.881 473.047 -13 10 1 0 1
-29.7275 34.7208 125450 17.874 -16.3091 204.079 474.378 -13 10 1 0 1
-1.26395 5.64944 125800 22.9004 -6.76219 204.116 475.7 -13 10 1 0 1
37.1536 16.3743 126150 22.8939 6.95561 204.111 477.022 -13 10 1 0 1
93.3139 20.4468 122300 -17.1138 -65.1297 178.987 482.364 -13 11 1 0 1
2.23994 -22.7681 122650 -48.2718 9.58163 184.795 483.766 -13 11 1 0 1
-66.3923 -47.7362 123000 -10.5507 -42.0656 186.253 485.136 -13 11 1 0 1
-59.7819 -98.8333 123350 -13.1038 -5.65783 190.702 486.488 -13 11 1 0 1
-114.471 -34.9606 123700 0.257872 71.0415 177.55 487.876 -13 11 1 0 1
-35.8218 23.3738 124050 46.8655 -10.1474 185.126 489.28 -13 11 1 0 1
40.8586 29.2788 124400 26.4483 31.5678 186.749 490.65 -13 11 1 0 1
60.7499 87.7106 124750 20.0908 16.9223 189.423 492.006 -13 11 1 0 1
130.443 34.1104 125100 7.28112 -74.9331 175.793 493.402 -13 11 1 0 1
57.3494 -31.2035 125450 -43.9092 12.357 185.716 494.81 -13 11 1 0 1
-19.6293 -19.0807 125800 -36.2409 -20.1096 186.691 496.179 -13 11 1 0 1
-61.2941 -77.196 126150 -27.6902 -23.2054 187.792 497.541 -13 11 1 0 1
84.0354 -50.2124 122300 -25.6004 -47.5285 184.685 472.832 -13 12 1 0 1
24.385 -67.6251 122650 -11.6475 17.4559 191.266 474.194 -13 12 1 0 1
18.0588 -23.8216 123000 -13.3354 24.5673 190.372 475.537 -13 12 1 0 1
-29.4605 -7.70013 123350 -30.9879 2.01641 189.891 476.884 -13 12 1 0 1
-67.9286 39.9406 123700 9.0994 43.992 187.096 478.243 -13 12 1 0 1
-30.3636 73.3237 124050 4.93016 -4.27695 192.303 479.594 -13 12 1 0 1
-46.3202 37.3533 124400 0.173833 -34.2855 189.334 480.937 -13 12 1 0 1
-5.10251 4.60159 124750 31.4482 -1.73394 189.818 482.288 -13 12 1 0 1
41.5929 -25.7663 125100 5.08501 -35.0093 189.134 483.64 -13 12 1 0 1
26.2407 -68.6737 125450 0.774989 -9.33789 192.185 484.985 -13 12 1 0 1
61.2793 -50.2625 125800 15.2097 35.4448 188.508 486.33 -13 12 1 0 1
36.3631 -7.68781 126150 -27.4392 1.55187 190.441 487.681 -13 12 1 0 1
39.9155 73.2695 122300 48.0698 -31.2681 214.909 454.421 -13 13 1 0 1
61.939 11.6752 122650 -9.08349 -22.2027 221.131 455.741 -13 13 1 0 1
49.227 0.624151 123000 -6.41087 -1.48231 222.331 457.035 -13 13 1 0 1
45.3471 -19.4554 123350 -0.631648 -27.6536 220.702 458.331 -13 13 1 0 1
6.69791 -72.3392 123700 -52.3183 -15.2473 215.649 459.65 -13 13 1 0 1
-52.7382 -56.419 124050 -12.2572 9.76948 221.875 460.967 -13 13 1 0 1
-41.0156 -64.5983 124400 23.6107 -5.11848 221.112 462.262 -13 13 1 0 1
-26.8852 -46.8844 124750 -12.9225 21.9378 220.966 463.56 -13 13 1 0 1
-43.9147 12.9826 125100 13.4037 47.1194 216.966 464.875 -13 13 1 0 1
1.49472 54.6168 125450 21.7589 11.5527 221.06 466.19 -13 13 1 0 1
-2.46279 75.6111 125800 -23.0644 6.39087 221.137 467.488 -13 13 1 0 1
-16.7216 72.5706 126150 14.9806 0.924889 221.921 468.783 -13 13 1 0 1
28.9758 34.2704 122300 -2.53695 -31.7005 198.353 466.958 -13 14 1 0 1
-9.97077 3.334 122650 -30.6852 -6.49394 198.422 468.293 -13 14 1 0 1
-46.3164 -37.3967 123000 4.66014 -37.9947 197.205 469.632 -13 14 1 0 1
-20.1305 -74.1808 123350 1.71358 -5.99526 200.789 470.964 -13 14 1 0 1
-52.291 -57.3938 123700 -17.6398 31.867 197.556 472.294 -13 14 1 0 1
-34.2809 -18.2445 124050 26.7454 2.75354 199.079 473.628 -13 14 1 0 1
17.8827 -3.67372 124400 21.6715 26.6697 197.925 474.964 -13 14 1 0 1
25.2721 45.9535 124750 2.95444 20.6984 199.795 476.298 -13 14 1 0 1
61.7422 49.8462 125100 24.1565 -24.1748 197.958 477.629 -13 14 1 0 1
61.6454 17.7949 125450 -14.9408 3.57182 200.298 478.957 -13 14 1 0 1
13.7379 34.5896 125800 -37.5358 -5.94644 197.258 480.292 -13 14 1 0 1
-23.4053 -7.78277 126150 -8.97653 -25.8755 199.01 481.631 -13 14 1 0 1
13.6956 -37.0586 122300 -18.9404 -24.3293 193.472 467.279 -13 15 1 0 1
-21.7357 -52.115 122650 -6.30947 -4.14522 195.768 468.615 -13 15 1 0 1
3.53434 -60.4492 123000 26.5627 8.85228 193.903 469.947 -13 15 1 0 1
15.4181 -28.6496 123350 -12.2281 14.1821 195.017 471.283 -13 15 1 0 1
-6.42607 1.48092 123700 -0.682651 22.4842 194.618 472.617 -13 15 1 0 1
11.8316 31.2945 124050 9.13542 13.29 195.249 473.951 -13 15 1 0 1
-4.49674 55.4428 124400 -25.6335 1.78209 194.222 475.284 -13 15 1 0 1
-25.5453 38.9281 124750 5.98918 -6.40482 195.718 476.617 -13 15 1 0 1
1.01014 27.123 125100 13.8621 -16.1881 194.751 477.948 -13 15 1 0 1
-2.87739 -5.96013 125450 -10.9939 -16.3522 194.921 479.282 -13 15 1 0 1
-1.30429 -38.6892 125800 17.6316 -13.2169 194.671 480.616 -13 15 1 0 1
22.5908 -43.0958 126150 0.265096 -2.38648 195.899 481.946 -13 15 1 0 1
-48.7826 -37.3596 122300 -17.563 20.2553 203.335 463.201 -13 16 1 0 1
-47.0261 -11.1013 122650 12.0403 -1.29845 204.737 464.52 -13 16 1 0 1
-12.8898 -21.4839 123000 26.6911 4.43668 203.302 465.841 -13 16 1 0 1
14.4906 9.54816 123350 8.64486 20.7108 203.863 467.165 -13 16 1 0 1
44.876 21.834 123700 21.2795 -13.0865 203.568 468.486 -13 16 1 0 1
59.7193 -0.0305117 124050 2.46536 1.96309 205.071 469.804 -13 16 1 0 1
47.9051 31.2361 124400 -25.123 18.7827 202.682 471.125 -13 16 1 0 1
9.367 22.7901 124750 -10.7111 -19.4242 203.892 472.45 -13 16 1 0 1
-13.9872 -4.79659 125100 -21.6438 -4.52855 203.899 473.771 -13 16 1 0 1
-48.2046 2.4542 125450 -18.3077 -0.299043 204.276 475.091 -13 16 1 0 1
-64.0202 -35.5334 125800 14.0848 -33.8426 201.793 476.417 -13 16 1 0 1
-31.4415 -52.264 126150 5.13643 10.7091 204.751 477.741 -13 16 1 0 1
7.62928 94.1363 122300 45.9291 -23.2587 217.607 456.202 -13 17 1 0 1
25.1036 37.1038 122650 -18.8949 -29.6009 220.839 457.518 -13 17 1 0 1
0.76925 -11.68 123000 3.60832 -35.1548 220.804 458.825 -13 17 1 0 1
28.1789 -56.4026 123350 13.4878 -27.6415 221.489 460.131 -13 17 1 0 1
-4.3921 -104.107 123700 -52.897 -9.83775 217.044 461.447 -13 17 1 0 1
-50.7855 -84.986 124050 5.65358 7.61306 223.413 462.757 -13 17 1 0 1
-1.54305 -76.3276 124400 39.6395 24.9133 218.658 464.064 -13 17 1 0 1
10.7718 -18.7614 124750 -16.9415 33.1963 220.486 465.378 -13 17 1 0 1
0.884063 36.6234 125100 17.4086 33.2254 220.445 466.688 -13 17 1 0 1
36.4673 70.5996 125450 9.64287 21.8082 222.339 467.992 -13 17 1 0 1
-5.99563 107.877 125800 -56.5541 -0.36826 216.344 469.307 -13 17 1 0 1
-49.3318 72.8032 126150 8.48816 -16.6285 222.833 470.622 -13 17 1 0 1
-5.37056 -38.6771 122300 -20.2804 -12.7843 202.807 462.859 -13 18 1 0 1
-31.9971 -42.9296 122650 -2.357 -4.57608 204.155 464.178 -13 18 1 0 1
-3.85137 -55.5671 123000 29.7155 5.40078 201.974 465.5 -13 18 1 0 1
16.8467 -25.0423 123350 -5.67414 16.7641 203.451 466.824 -13 18 1 0 1
7.75815 0.246679 123700 2.83815 14.3048 203.698 468.142 -13 18 1 0 1
23.9901 19.2572 124050 9.2101 12.4897 203.629 469.46 -13 18 1 0 1
12.2958 50.1096 124400 -25.861 10.9571 202.279 470.783 -13 18 1 0 1
-17.1302 42.0412 124750 -0.490548 -7.61132 204.077 472.104 -13 18 1 0 1
-1.83669 30.3162 125100 9.38643 -12.5462 203.618 473.421 -13 18 1 0 1
-9.23673 6.64615 125450 -14.0663 -12.8575 203.329 474.739 -13 18 1 0 1
-19.9154 -28.3682 125800 11.2433 -23.2024 202.586 476.062 -13 18 1 0 1
4.53924 -46.2953 126150 4.00301 -3.86278 204.144 477.383 -13 18 1 0 1
-69.6666 0.216475 122300 6.32681 37.0339 201.903 463.221 -13 19 1 0 1
-33.1776 25.6244 122650 18.9254 -7.66554 204.351 464.549 -13 19 1 0 1
-4.15664 10.0439 123000 19.4378 -0.45505 204.446 465.868 -13 19 1 0 1
27.0811 27.3347 123350 20.8995 11.1224 203.999 467.188 -13 19 1 0 1
71.9579 5.86788 123700 13.2218 -39.5797 201.084 468.518 -13 19 1 0 1
59.3882 -38.6512 124050 -7.16142 -2.02753 205.234 469.846 -13 19 1 0 1
55.2775 -12.213 124400 -12.1782 22.9234 203.721 471.164 -13 19 1 0 1
18.6552 -8.84653 124750 -23.1693 -16.1335 203.419 472.487 -13 19 1 0 1
-36.2702 -18.5882 125100 -33.6474 19.8657 201.617 473.819 -13 19 1 0 1
-64.0183 25.3882 125450 -10.72 12.5754 204.703 475.148 -13 19 1 0 1
-86.6708 -1.14997 125800 2.33869 -36.5715 202.073 476.472 -13 19 1 0 1
-58.7723 -22.237 126150 12.9345 16.3118 204.311 477.796 -13 19 1 0 1
-2.48465 -31.3295 122300 -12.793 -3.75132 198.187 463.974 -13 20 1 0 1
-13.459 -27.6466 122650 4.20228 0.80265 198.589 465.298 -13 20 1 0 1
8.44223 -22.1149 123000 13.5154 12.8539 197.757 466.623 -13 20 1 0 1
11.1665 4.0787 123350 -4.78301 10.8953 198.278 467.95 -13 20 1 0 1
13.2581 16.7395 123700 7.38373 1.82957 198.489 469.274 -13 20 1 0 1
21.0746 17.0706 124050 -0.611178 4.22649 198.589 470.596 -13 20 1 0 1
3.75349 27.4768 124400 -17.4683 -1.81153 197.857 471.922 -13 20 1 0 1
-10.9813 9.35614 124750 0.486056 -10.6798 198.347 473.248 -13 20 1 0 1
-13.3401 -3.16129 125100 -5.43927 -3.0367 198.537 474.571 -13 20 1 0 1
-24.4617 -6.73665 125450 -5.7891 -6.00997 198.46 475.894 -13 20 1 0 1
-19.2537 -29.676 125800 16.018 -11.2096 197.67 477.221 -13 20 1 0 1
2.02947 -26.7811 126150 1.50452 7.34146 198.494 478.547 -13 20 1 0 1
14.7037 36.9469 122300 26.3864 -3.92757 195.815 463.597 -13 21 1 0 1
38.8933 15.7022 122650 2.00169 -5.54023 197.536 464.928 -13 21 1 0 1
30.5766 24.3862 123000 -12.8001 5.855 197.122 466.253 -13 21 1 0 1
17.7986 13.7663 123350 1.98588 -14.7234 197.064 467.58 -13 21 1 0 1
10.1356 -21.3297 123700 -19.1571 -16.4607 196.003 468.912 -13 21 1 0 1
-24.1211 -27.1635 124050 -11.2646 -0.907555 197.3 470.243 -13 21 1 0 1
-20.7781 -43.7702 124400 16.0512 -8.81943 196.773 471.57 -13 21 1 0 1
-5.56575 -39.4147 124750 -6.36154 7.44156 197.381 472.896 -13 21 1 0 1
-25.9644 -10.9865 125100 -2.33014 26.3493 195.845 474.228 -13 21 1 0 1
-5.35029 20.217 125450 13.344 8.41469 196.993 475.56 -13 21 1 0 1
-2.55867 36.7937 125800 -10.6483 6.88318 197.217 476.886 -13 21 1 0 1
-13.0696 41.0635 126150 5.62735 4.3783 197.495 478.212 -13 21 1 0 1
-21.5555 -34.2879 122300 -26.2219 -8.75878 203.11 464.354 -13 22 1 0 1
-55.3116 -32.6662 122650 -8.06124 -6.30264 204.727 465.675 -13 22 1 0 1
-32.7148 -65.4327 123000 37.0366 -11.3307 201.29 467 -13 22 1 0 1
7.20806 -43.4716 123350 1.02369 20.9687 203.905 468.329 -13 22 1 0 1
4.68013 -9.33804 123700 7.58196 18.156 204.036 469.649 -13 22 1 0 1
33.3645 9.67816 124050 19.0642 11.3259 203.78 470.969 -13 22 1 0 1
38.4587 53.5896 124400 -23.6164 27.5428 201.746 472.296 -13 22 1 0 1
0.997036 62.3623 124750 -3.1548 -6.55935 204.853 473.621 -13 22 1 0 1
18.6457 41.3896 125100 8.36695 -22.6717 203.553 474.939 -13 22 1 0 1
-0.752221 11.2961 125450 -23.7364 -9.76971 203.369 476.261 -13 22 1 0 1
-31.5469 -24.6048 125800 0.980848 -32.3025 202.419 477.589 -13 22 1 0 1
-13.3645 -59.8706 126150 1.44981 -9.70223 204.748 478.912 -13 22 1 0 1
-58.4531 61.6162 122300 63.5625 10.1628 193.186 472.879 -13 23 1 0 1
18.2211 4.51059 122650 19.9807 -46.951 197.132 474.252 -13 23 1 0 1
81.4256 -36.5764 123000 47.0622 16.7405 197.407 475.605 -13 23 1 0 1
125.91 0.423704 123350 14.4794 -7.07522 202.99 476.942 -13 23 1 0 1
104.747 -83.7412 123700 -63.3488 -47.1296 187.697 478.314 -13 23 1 0 1
6.43252 -60.2923 124050 -21.2145 44.1384 197.652 479.702 -13 23 1 0 1
-34.9249 0.329453 124400 -38.2867 11.5213 199.664 481.049 -13 23 1 0 1
-100.802 -6.48436 124750 -36.7403 6.86873 200.169 482.388 -13 23 1 0 1
-120.64 87.9525 125100 49.0616 67.6516 185.69 483.774 -13 23 1 0 1
-26.1499 98.0846 125450 16.5704 -33.1026 200.235 485.16 -13 23 1 0 1
-14.4278 30.6712 125800 22.4725 -35.4352 199.258 486.501 -13 23 1 0 1
55.6561 6.88566 126150 46.9383 -7.13093 198.016 487.848 -13 23 1 0 1
-28.0986 0.350644 122300 -21.3989 3.2744 211.458 461.557 -13 24 1 0 1
-55.6017 13.7193 122650 -16.2636 -0.713242 211.939 462.866 -13 24 1 0 1
-70.5333 -27.465 123000 15.1538 -38.2152 208.55 464.184 -13 24 1 0 1
-30.7597 -47.6541 123350 13.0858 10.1796 211.916 465.502 -13 24 1 0 1
-19.5217 -20.8733 123700 12.3527 15.583 211.631 466.811 -13 24 1 0 1
14.5222 -16.8591 124050 25.8574 -4.71182 210.932 468.122 -13 24 1 0 1
58.0319 6.21825 124400 11.7166 35.9039 209.181 469.441 -13 24 1 0 1
50.5132 46.4952 124750 -1.41958 4.5558 212.51 470.756 -13 24 1 0 1
61.2198 21.4096 125100 -2.72769 -29.6384 210.469 472.066 -13 24 1 0 1
30.5288 2.75462 125450 -23.5453 9.10313 211.059 473.379 -13 24 1 0 1
-17.15 10.3013 125800 -29.9531 -14.0161 209.975 474.696 -13 24 1 0 1
-45.8088 -25.8182 126150 -13.8029 -14.7841 211.599 476.012 -13 24 1 0 1
-14.0112 49.0052 122300 17.189 22.1214 198.223 465.586 -13 25 1 0 1
14.0363 64.4985 122650 -0.244083 5.38171 200.121 466.913 -13 25 1 0 1
-23.7595 63.1775 123000 -28.1185 -21.2264 197.069 468.244 -13 25 1 0 1
-25.5029 20.2877 123350 18.9243 -14.1434 198.794 469.578 -13 25 1 0 1
4.80546 -9.72785 123700 4.44345 -25.7859 198.476 470.908 -13 25 1 0 1
-7.59565 -50.1784 124050 -3.45801 -21.0374 199.055 472.238 -13 25 1 0 1
31.2984 -74.8501 124400 38.9681 10.2111 196.098 473.575 -13 25 1 0 1
54.8666 -41.5786 124750 -10.771 5.81032 199.819 474.909 -13 25 1 0 1
11.4136 -39.4303 125100 -30.1245 15.5454 197.302 476.241 -13 25 1 0 1
-5.87438 10.2866 125450 2.84702 29.4996 197.988 477.578 -13 25 1 0 1
-31.5038 49.655 125800 -32.8536 3.50811 197.448 478.913 -13 25 1 0 1
-67.803 39.4824 126150 -4.75077 6.01322 200.047 480.243 -13 25 1 0 1
-95.0569 -8.56049 122300 -6.09863 47.0519 187.97 472.865 -13 26 1 0 1
-61.4069 32.8347 122650 18.204 -9.18643 192.79 474.217 -13 26 1 0 1
-26.1845 -0.679049 123000 30.4929 -9.90119 191.196 475.561 -13 26 1 0 1
26.0872 21.6187 123350 26.6539 19.6752 191.014 476.909 -13 26 1 0 1
86.6153 5.88311 123700 19.1984 -43.7887 187.877 478.268 -13 26 1 0 1
76.0406 -46.8184 124050 -5.2807 0.458631 193.793 479.619 -13 26 1 0 1
70.6304 -3.36383 124400 -21.3262 31.9467 190.022 480.962 -13 26 1 0 1
13.4646 -1.54747 124750 -29.0427 -21.8021 190.434 482.315 -13 26 1 0 1
-53.9752 -11.9307 125100 -35.1109 26.7892 188.768 483.675 -13 26 1 0 1
-79.8305 41.4842 125450 -11.2267 10.1783 193.273 485.026 -13 26 1 0 1
-104.334 -4.02365 125800 11.5178 -48.3608 187.383 486.379 -13 26 1 0 1
-50.595 -26.5044 126150 23.4835 22.3595 191.135 487.737 -13 26 1 0 1
20.1301 -116.416 122300 -53.3436 -12.2831 209.884 464.724 -13 27 1 0 1
-23.5342 -89.8557 122650 13.1656 19.9115 215.587 466.045 -13 27 1 0 1
24.5851 -43.5468 123000 18.9452 48.5569 210.549 467.369 -13 27 1 0 1
2.46883 27.9377 123350 -25.4496 32.6396 212.919 468.7 -13 27 1 0 1
4.96733 83.789 123700 34.3958 23.6165 212.854 470.021 -13 27 1 0 1
44.858 93.6581 124050 -3.20959 8.59283 216.711 471.331 -13 27 1 0 1
-18.2992 100.899 124400 -54.588 -27.8297 208.071 472.658 -13 27 1 0 1
-40.5765 29.8401 124750 18.8803 -33.2697 213.505 473.994 -13 27 1 0 1
-19.2134 -17.5171 125100 -5.29442 -28.8498 214.913 475.308 -13 27 1 0 1
-44.8183 -58.6825 125450 -10.4494 -30.4544 214.502 476.62 -13 27 1 0 1
1.12169 -114.427 125800 64.0746 -6.61638 207.119 477.955 -13 27 1 0 1
56.5965 -77.2686 126150 -5.51664 19.2257 215.981 479.287 -13 27 1 0 1
10.3633 16.0903 122300 21.1758 12.9616 200.608 463.729 -13 28 1 0 1
47.5562 21.2323 122650 15.8968 6.73314 201.4 465.054 -13 28 1 0 1
43.5029 61.636 123000 -28.5621 23.4459 198.733 466.385 -13 28 1 0 1
6.21721 60.1274 123350 0.732676 -13.287 201.701 467.714 -13 28 1 0 1
22.4907 23.1683 123700 -0.270721 -30.5487 199.817 469.041 -13 28 1 0 1
-9.42979 -12.4124 124050 -24.004 -12.2682 200.334 470.372 -13 28 1 0 1
-24.794 -52.2742 124400 15.5028 -27.1766 199.703 471.702 -13 28 1 0 1
2.18724 -73.4164 124750 -2.62539 -5.24576 202.054 473.027 -13 28 1 0 1
-41.3767 -61.6176 125100 -27.6044 31.9221 197.685 474.36 -13 28 1 0 1
-36.6235 -9.14271 125450 20.6575 14.0407 200.59 475.697 -13 28 1 0 1
-7.45355 13.604 125800 5.75667 19.2477 201.138 477.022 -13 28 1 0 1
-12.5499 49.3224 126150 1.05036 22.6066 200.868 478.346 -13 28 1 0 1
13.0556 38.6504 122300 -1.1653 12.5539 222.209 458.764 -13 29 1 0 1
10.9431 62.2622 122650 -12.7323 19.6202 221.334 460.059 -13 29 1 0 1
-49.216 71.2216 123000 -46.5978 -27.6343 215.872 461.376 -13 29 1 0 1
-71.2683 18.0262 123350 9.07251 -14.7608 221.891 462.691 -13 29 1 0 1
-47.8409 18.5557 123700 20.3564 -0.163664 221.633 463.987 -13 29 1 0 1
-28.4286 -9.58971 124050 5.06768 -32.1214 220.178 465.287 -13 29 1 0 1
11.6553 -59.9195 124400 48.9398 -11.1262 216.834 466.604 -13 29 1 0 1
67.9314 -45.9602 124750 14.6943 3.13925 222.059 467.917 -13 29 1 0 1
55.1458 -72.4795 125100 -33.3907 -16.6835 219.414 469.218 -13 29 1 0 1
21.6734 -57.5914 125450 3.46101 25.1717 221.111 470.521 -13 29 1 0 1
28.0975 -0.425475 125800 -16.2922 40.6759 218.211 471.832 -13 29 1 0 1
-22.4191 34.8608 126150 -30.0937 12.7673 220.153 473.146 -13 29 1 0 1
0.963918 -2.91367 122300 15.5585 -9.82305 201.468 462.1 -13 30 1 0 1
16.37 -28.9684 122650 9.7452 -13.7437 201.604 463.422 -13 30 1 0 1
51.7954 -25.2547 123000 18.9925 24.3196 199.939 464.748 -13 30 1 0 1
53.9226 7.69684 123350 -5.18313 1.05485 202.237 466.074 -13 30 1 0 1
38.8426 -13.7863 123700 -19.4835 -13.1573 200.936 467.395 -13 30 1 0 1
7.09136 -5.80577 124050 -12.082 15.7295 201.332 468.72 -13 30 1 0 1
-21.9653 10.0113 124400 -20.7038 -5.95448 201.156 470.044 -13 30 1 0 1
-44.5405 -9.39103 124750 -10.0015 -3.93658 202.021 471.366 -13 30 1 0 1
-56.5925 16.3641 125100 7.93017 26.4801 200.409 472.69 -13 30 1 0 1
-32.4409 30.6288 125450 6.31321 -9.47872 201.986 474.013 -13 30 1 0 1
-22.9054 1.01047 125800 15.1609 -16.2837 201.08 475.336 -13 30 1 0 1
10.3255 -1.38692 126150 17.7874 6.31783 201.424 476.66 -13 30 1 0 1
-22.5105 23.6021 122300 -29.4534 -5.51686 193.636 479.783 -13 31 1 0 1
-77.8146 37.4151 122650 -36.5457 1.09512 192.5 481.127 -13 31 1 0 1
-125.318 -45.8282 123000 25.8494 -73.7647 179.676 482.523 -13 31 1 0 1
-36.8502 -82.2718 123350 26.552 22.4558 192.831 483.919 -13 31 1 0 1
-8.03563 -36.9905 123700 22.8363 16.8671 193.874 485.261 -13 31 1 0 1
51.4787 -39.4811 124050 42.5833 -5.23572 191.186 486.608 -13 31 1 0 1
121.852 30.8001 124400 -6.51542 75.4728 180.705 488.006 -13 31 1 0 1
54.9166 89.2392 124750 -20.9937 -10.8945 194.509 489.392 -13 31 1 0 1
42.7545 44.2659 125100 -16.1644 -29.2296 193.073 490.732 -13 31 1 0 1
-19.6046 34.1061 125450 -45.739 9.34119 190.299 492.084 -13 31 1 0 1
-106.334 -15.7658 125800 -13.8296 -69.5636 182.655 493.478 -13 31 1 0 1
-69.9815 -91.7914 126150 10.7567 -3.30624 195.618 494.855 -13 31 1 0 1
42.0859 -6.15454 122300 -20.9947 -4.19069 192.569 471.653 -13 32 1 0 1
13.6245 20.6507 122650 -11.4879 27.2985 191.478 472.993 -13 32 1 0 1
-41.1444 50.9351 123000 -41.927 -13.4751 188.684 474.349 -13 32 1 0 1
-73.5801 9.29571 123350 -0.947017 -7.21465 193.618 475.698 -13 32 1 0 1
-58.0633 31.5967 123700 24.8347 13.6744 191.67 477.034 -13 32 1 0 1
-23.7366 10.602 124050 6.54933 -28.8942 191.477 478.377 -13 32 1 0 1
13.6595 -39.9389 124400 40.2562 -8.35399 189.343 479.731 -13 32 1 0 1
67.0264 -22.5453 124750 14.9303 3.34622 193.15 481.08 -13 32 1 0 1
62.4195 -57.4362 125100 -29.0965 -22.6505 190.214 482.422 -13 32 1 0 1
21.5759 -45.5646 125450 -1.83486 24.7753 192.156 483.767 -13 32 1 0 1
11.5129 10.6538 125800 -25.7486 26.2428 190.235 485.116 -13 32 1 0 1
-46.479 22.5444 126150 -26.5114 3.15435 191.907 486.466 -13 32 1 0 1
-16.5606 82.9582 122300 51.681 -6.10344 195.702 465.078 -13 33 1 0 1
24.1851 29.2114 122650 -4.53948 -31.8907 199.924 466.426 -13 33 1 0 1
26.2953 -14.6888 123000 16.3656 -16.459 201.168 467.754 -13 33 1 0 1
61.1838 -32.655 123350 15.5802 -18.4347 201.059 469.079 -13 33 1 0 1
36.2785 -93.3805 123700 -51.9272 -23.0462 194.37 470.428 -13 33 1 0 1
-24.4413 -74.0353 124050 -1.50106 19.5528 201.551 471.775 -13 33 1 0 1
-3.1746 -42.6593 124400 8.90777 24.7924 200.782 473.1 -13 33 1 0 1
-25.2018 -2.79704 124750 -25.7095 21.3357 199.728 474.43 -13 33 1 0 1
-39.0275 62.1588 125100 26.8314 40.5622 196.576 475.776 -13 33 1 0 1
11.097 87.23 125450 5.87874 2.58444 202.401 477.114 -13 33 1 0 1
-26.8092 80.1674 125800 -30.4388 -26.0433 198.501 478.443 -13 33 1 0 1
-23.9383 31.3766 126150 26.1703 -15.6613 200.193 479.778 -13 33 1 0 1
33.723 37.4404 122300 38.0662 -9.05447 162.993 493.596 -13 34 1 0 1
70.8061 -5.54034 122650 5.51444 -6.64288 167.401 494.999 -13 34 1 0 1
66.8063 29.9378 123000 -23.4707 22.8018 164.399 496.391 -13 34 1 0 1
22.0379 14.7894 123350 -7.71059 -27.0065 165.254 497.791 -13 34 1 0 1
-21.4493 -34.7541 123700 -37.5104 -0.351397 163.372 499.2 -13 34 1 0 1
-67.9631 -2.67215 124050 -9.74912 5.75217 167.241 500.602 -13 34 1 0 1
-65.0841 -40.6387 124400 26.1148 -23.3297 163.925 501.996 -13 34 1 0 1
-18.5773 -25.2619 124750 5.26719 25.8845 165.529 503.398 -13 34 1 0 1
12.2348 26.4943 125100 31.9421 7.30769 164.39 504.801 -13 34 1 0 1
59.933 7.23904 125450 12.4081 -3.65942 167.124 506.198 -13 34 1 0 1
58.3499 45.1958 125800 -26.344 21.9835 164.075 507.593 -13 34 1 0 1
13.0611 30.0905 126150 -3.97118 -23.4938 165.922 508.993 -13 34 1 0 1
-38.6658 -4.094 122300 2.43779 17.1124 174.807 477.958 -13 35 1 0 1
-17.2771 5.89228 122650 10.6554 -7.27307 175.185 479.325 -13 35 1 0 1
9.36033 -3.48799 123000 15.2116 6.33121 174.885 480.692 -13 35 1 0 1
26.0784 19.1149 123350 7.45237 7.53325 175.34 482.06 -13 35 1 0 1
47.375 2.74483 123700 1.2577 -23.1828 174.119 483.428 -13 35 1 0 1
27.075 -17.7606 124050 -9.01387 4.95066 175.358 484.798 -13 35 1 0 1
9.28506 -2.04244 124400 -13.248 2.55545 175.141 486.164 -13 35 1 0 1
-13.6428 -16.8306 124750 -11.3923 -10.299 174.987 487.53 -13 35 1 0 1
-47.1124 -7.9352 125100 -10.3214 23.5839 173.763 488.902 -13 35 1 0 1
-39.0448 21.9539 125450 4.55959 -0.967179 175.598 490.272 -13 35 1 0 1
-31.3801 -0.352519 125800 12.3919 -12.5548 174.772 491.639 -13 35 1 0 1
-2.67746 5.73818 126150 12.2553 13.1273 174.739 493.007 -13 35 1 0 1
-48.4537 -23.8858 122300 -4.27756 21.669 196.272 466.058 -13 36 1 0 1
-30.1295 -5.44607 122650 16.5181 -5.632 196.738 467.388 -13 36 1 0 1
8.80033 -11.2611 123000 23.6322 11.7208 195.742 468.721 -13 36 1 0 1
30.2232 23.0154 123350 8.54155 15.1887 196.741 470.054 -13 36 1 0 1
59.3625 16.5372 123700 11.8716 -24.9289 195.572 471.386 -13 36 1 0 1
52.6737 -10.5575 124050 -7.32719 4.21923 197.33 472.717 -13 36 1 0 1
30.791 15.3705 124400 -24.254 10.1554 195.753 474.048 -13 36 1 0 1
-6.29266 -1.11214 124750 -14.4373 -18.4716 196.115 475.383 -13 36 1 0 1
-42.9085 -11.4145 125100 -21.6289 14.8053 195.764 476.717 -13 36 1 0 1
-60.6023 14.8705 125450 -7.29919 0.386922 197.376 478.047 -13 36 1 0 1
-63.9003 -22.886 125800 18.5621 -29.5889 194.398 479.382 -13 36 1 0 1
-23.1192 -28.6446 126150 12.6783 17.0459 196.365 480.719 -13 36 1 0 1
-3.2813 21.6931 122300 12.8826 -1.41736 194.357 464.578 -13 37 1 0 1
7.70484 9.17588 122650 -0.692557 -6.79481 194.669 465.908 -13 37 1 0 1
7.21972 0.683887 123000 2.39612 -3.00803 194.751 467.237 -13 37 1 0 1
14.9998 -3.46445 123350 4.97088 -4.46454 194.674 468.565 -13 37 1 0 1
13.1045 -21.2695 123700 -10.9871 -9.86962 194.228 469.896 -13 37 1 0 1
-3.75141 -23.8648 124050 -1.83313 1.74711 194.772 471.226 -13 37 1 0 1
4.26313 -19.7313 124400 5.84472 6.069 194.606 472.555 -13 37 1 0 1
1.01911 -9.43114 124750 -8.04795 3.24148 194.595 473.884 -13 37 1 0 1
-13.1293 4.37029 125100 -1.7832 13.5219 194.311 475.215 -13 37 1 0 1
-6.84953 21.8884 125450 1.16595 5.40648 194.71 476.545 -13 37 1 0 1
-19.3237 22.4174 125800 -9.60379 -8.18646 194.379 477.875 -13 37 1 0 1
-20.6427 10.3886 126150 5.66128 0.665011 194.705 479.204 -13 37 1 0 1
7.13158 10.2726 122300 6.26819 -34.3088 199.391 465.679 -13 38 1 0 1
-15.0717 -40.0521 122650 -14.7515 -24.5401 200.383 467.014 -13 38 1 0 1
8.17277 -84.0564 123000 41.3819 -7.74002 197.992 468.35 -13 38 1 0 1
47.5599 -66.0663 123350 -4.86942 5.27795 202.291 469.681 -13 38 1 0 1
3.54322 -61.5039 123700 -32.4859 19.421 198.848 471.011 -13 38 1 0 1
-6.02535 -9.95204 124050 14.3187 27.1735 200.074 472.347 -13 38 1 0 1
-2.77143 39.262 124400 -20.7187 22.9941 200.038 473.679 -13 38 1 0 1
-39.6959 56.1046 124750 -8.13726 10.5421 201.98 475.006 -13 38 1 0 1
-7.217 82.8387 125100 40.3007 -0.995114 198.363 476.337 -13 38 1 0 1
20.8502 49.7 125450 -11.6967 -18.2476 201.254 477.669 -13 38 1 0 1
-8.59957 12.4809 125800 -5.80375 -30.5945 200.009 478.999 -13 38 1 0 1
11.6995 -31.4441 126150 14.5927 -20.5109 200.847 480.329 -13 38 1 0 1
-52.5424 5.29591 122300 13.3929 25.6944 179.336 475.267 -13 39 1 0 1
-11.0723 12.7542 122650 17.3858 -12.5021 180.396 476.631 -13 39 1 0 1
24.9334 3.34048 123000 17.6708 11.3587 180.444 477.99 -13 39 1 0 1
43.5692 30.2371 123350 11.2012 5.28759 181.239 479.347 -13 39 1 0 1
68.1042 -4.67154 123700 -5.89517 -36.1248 177.936 480.713 -13 39 1 0 1
28.5724 -29.892 124050 -15.7063 8.89371 180.763 482.081 -13 39 1 0 1
3.12997 -11.0806 124400 -15.9907 1.42568 180.951 483.437 -13 39 1 0 1
-25.8242 -28.0783 124750 -17.7138 -9.9393 180.523 484.794 -13 39 1 0 1
-69.6088 -3.31856 125100 -7.78989 38.0027 177.472 486.164 -13 39 1 0 1
-46.4915 37.0321 125450 9.93915 -2.69624 181.37 487.532 -13 39 1 0 1
-34.9749 10.1733 125800 14.0821 -15.2507 180.472 488.888 -13 39 1 0 1
1.49657 15.2327 126150 19.7377 14.1299 180.033 490.248 -13 39 1 0 1
49.6889 29.2864 122300 25.7107 -30.0544 177.19 474.816 -13 40 1 0 1
50.8808 -22.0349 122650 -7.11201 -7.77679 181.245 476.185 -13 40 1 0 1
45.4698 -9.00098 123000 -7.76091 13.2576 180.9 477.538 -13 40 1 0 1
21.8986 -13.0061 123350 -12.6196 -16.4932 180.359 478.894 -13 40 1 0 1
-26.2612 -32.4913 123700 -31.6432 12.8307 178.311 480.263 -13 40 1 0 1
-50.6257 6.67454 124050 -2.03577 9.26713 181.303 481.628 -13 40 1 0 1
-51.9216 -9.3293 124400 9.86784 -16.96 180.487 482.982 -13 40 1 0 1
-27.3102 -8.48827 124750 7.39897 16.1183 180.682 484.339 -13 40 1 0 1
2.76632 24.0092 125100 27.3862 3.30626 179.443 485.702 -13 40 1 0 1
37.8542 4.1567 125450 9.04073 -7.94776 181.151 487.063 -13 40 1 0 1
45.8053 19.3134 125800 -8.42914 16.655 180.589 488.417 -13 40 1 0 1
25.4997 22.0006 126150 -2.81556 -12.1995 181.119 489.772 -13 40 1 0 1
-5.4218 44.9836 122300 37.3842 -8.56088 202.668 460.4 -13 41 1 0 1
26.4415 3.76895 122650 3.7924 -23.2384 204.917 461.729 -13 41 1 0 1
43.5708 -13.8645 123000 15.0585 4.79705 205.659 463.045 -13 41 1 0 1
59.7817 -8.65536 123350 6.19876 -11.098 205.873 464.359 -13 41 1 0 1
41.5762 -55.2784 123700 -37.0844 -23.2044 201.573 465.688 -13 41 1 0 1
-9.79182 -47.9022 124050 -9.90569 15.5628 205.439 467.018 -13 41 1 0 1
-12.1993 -28.9254 124400 -1.43833 8.50473 206.085 468.332 -13 41 1 0 1
-30.7063 -17.2397 124750 -19.9763 9.30425 205.085 469.647 -13 41 1 0 1
-52.4648 30.3302 125100 11.816 39.6256 202.078 470.976 -13 41 1 0 1
-16.3615 61.577 125450 8.81273 1.54884 206.071 472.303 -13 41 1 0 1
-30.3941 49.9215 125800 -11.2834 -19.0211 205.076 473.618 -13 41 1 0 1
-17.8314 27.1661 126150 21.8192 -1.61746 205.102 474.936 -13 41 1 0 1
-23.4575 3.90285 122300 -24.5649 15.6578 188.653 473.657 -13 42 1 0 1
-46.2945 42.9849 122650 -13.0674 13.0172 189.996 475.004 -13 42 1 0 1
-85.0825 15.769 123000 -5.66092 -41.9554 186.135 476.357 -13 42 1 0 1
-52.0975 -20.3347 123350 20.1819 9.22709 189.595 477.711 -13 42 1 0 1
-10.1505 3.47972 123700 29.3915 -0.627796 188.612 479.059 -13 42 1 0 1
30.3738 -29.166 124050 19.399 -20.2234 188.821 480.409 -13 42 1 0 1
83.769 -18.1003 124400 18.8692 38.3556 186.042 481.767 -13 42 1 0 1
73.0357 25.0168 124750 -9.53807 -5.80226 190.562 483.118 -13 42 1 0 1
45.6177 -15.848 125100 -32.9652 -17.9238 187.165 484.468 -13 42 1 0 1
-12.2096 3.70094 125450 -23.6529 23.9679 187.896 485.826 -13 42 1 0 1
-68.7114 9.43955 125800 -26.1598 -27.8362 187.028 487.183 -13 42 1 0 1
-81.7859 -31.6063 126150 -5.45172 1.67096 190.804 488.531 -13 42 1 0 1
-9.9142 1.5529 122300 -5.35696 19.9854 201.119 463.609 -13 43 1 0 1
-0.955814 31.8545 122650 4.57733 13.8554 201.653 464.932 -13 43 1 0 1
-19.956 47.77 123000 -21.6535 -4.20363 200.973 466.254 -13 43 1 0 1
-32.2473 32.8327 123350 8.30052 -0.871466 202.008 467.575 -13 43 1 0 1
1.48277 31.0553 123700 22.7697 -14.4197 200.376 468.899 -13 43 1 0 1
12.0885 -7.17572 124050 -3.80564 -20.1825 201.134 470.226 -13 43 1 0 1
24.2536 -32.3136 124400 18.3513 -3.52427 201.315 471.549 -13 43 1 0 1
44.1836 -32.122 124750 1.0814 -8.62784 201.993 472.869 -13 43 1 0 1
12.2894 -57.7786 125100 -36.5484 -1.42959 198.844 474.198 -13 43 1 0 1
-22.598 -27.7477 125450 -0.933221 19.0419 201.279 475.53 -13 43 1 0 1
-22.6623 -5.48459 125800 -5.02378 8.40344 201.943 476.85 -13 43 1 0 1
-40.463 9.40981 126150 -12.2299 15.539 201.211 478.171 -13 43 1 0 1
-7.49702 -124.66 122300 -55.6446 8.35587 199.978 471.159 -13 44 1 0 1
-36.119 -74.1275 122650 24.9481 22.9965 204.954 472.498 -13 44 1 0 1
22.5335 -19.987 123000 16.4402 52.5595 200.311 473.844 -13 44 1 0 1
-2.30049 59.7059 123350 -18.928 36.1059 203.705 475.194 -13 44 1 0 1
30.2904 111.501 123700 52.6841 2.22216 200.94 476.534 -13 44 1 0 1
70.5992 84.1317 124050 -13.2827 -3.44162 207.29 477.864 -13 44 1 0 1
-0.718228 79.5956 124400 -50.3842 -32.0026 198.984 479.206 -13 44 1 0 1
-19.2602 -4.31977 124750 14.8178 -44.1034 202.467 480.562 -13 44 1 0 1
-33.3479 -68.1609 125100 -38.4588 -18.712 203.294 481.9 -13 44 1 0 1
-83.6862 -75.4677 125450 -7.41627 -16.0691 206.989 483.226 -13 44 1 0 1
-23.6082 -123.208 125800 71.0825 1.61194 195.198 484.58 -13 44 1 0 1
30.8223 -56.4577 126150 -11.4666 41.4832 203.237 485.944 -13 44 1 0 1
20.3025 8.50821 122300 10.5304 -13.9719 190.311 466.629 -13 45 1 0 1
22.0887 -13.6968 122650 -0.882079 -4.5709 191.057 467.967 -13 45 1 0 1
26.5901 -6.67828 123000 -0.023749 10.2509 190.839 469.301 -13 45 1 0 1
17.7411 -0.578874 123350 -5.54094 -5.37034 190.958 470.637 -13 45 1 0 1
0.266628 -12.3351 123700 -14.2694 -0.111126 190.58 471.973 -13 45 1 0 1
-16.3792 -1.14372 124050 -4.63804 5.08159 190.99 473.31 -13 45 1 0 1
-22.9849 -6.35146 124400 0.945551 -8.90178 190.904 474.645 -13 45 1 0 1
-17.2447 -12.4187 124750 0.152521 3.50978 191.082 475.979 -13 45 1 0 1
-16.1697 4.03377 125100 6.87021 10.4768 190.703 477.315 -13 45 1 0 1
0.0621001 8.38933 125450 6.26672 -2.53584 190.994 478.651 -13 45 1 0 1
6.71102 8.71541 125800 0.711114 3.26196 191.085 479.985 -13 45 1 0 1
7.22453 13.2619 126150 2.94315 0.899644 191.089 481.32 -13 45 1 0 1
-6.01678 19.0215 122300 -5.16099 29.5999 213.773 461.653 -13 46 1 0 1
4.22921 62.8792 122650 0.3018 24.5286 214.476 462.964 -13 46 1 0 1
-42.6464 84.7736 123000 -45.1541 -16.2973 210.469 464.284 -13 46 1 0 1
-66.5099 44.9956 123350 12.8905 -7.76093 215.349 465.601 -13 46 1 0 1
-20.8392 43.9323 123700 34.7572 -14.6984 212.55 466.913 -13 46 1 0 1
1.51647 -7.21455 124050 -1.12697 -35.8225 212.878 468.232 -13 46 1 0 1
30.2269 -55.3163 124400 39.1737 -9.48967 212.078 469.552 -13 46 1 0 1
75.3646 -50.6535 124750 9.15512 -8.38131 215.517 470.864 -13 46 1 0 1
40.954 -91.3792 125100 -52.505 -12.4078 209.024 472.185 -13 46 1 0 1
-10.9049 -58.7637 125450 -0.281983 30.1715 213.755 473.512 -13 46 1 0 1
-6.57934 -10.4251 125800 -10.8721 28.4569 213.714 474.825 -13 46 1 0 1
-46.8404 22.0743 126150 -27.1418 21.203 213.109 476.139 -13 46 1 0 1
37.1772 57.7928 122300 37.7347 -7.48245 194.888 465.725 -13 47 1 0 1
68.5287 29.6012 122650 -0.465362 -1.57907 198.642 467.06 -13 47 1 0 1
39.1857 52.1827 123000 -33.677 5.69521 195.69 468.392 -13 47 1 0 1
6.34675 21.6191 123350 0.331071 -27.4384 196.744 469.729 -13 47 1 0 1
-8.39058 -26.7117 123700 -26.63 -17.3219 196.092 471.067 -13 47 1 0 1
-53.395 -33.2632 124050 -15.7418 -7.22044 197.892 472.401 -13 47 1 0 1
-40.1298 -74.9627 124400 36.4607 -19.2935 194.319 473.74 -13 47 1 0 1
1.8143 -62.2106 124750 -2.80649 17.4716 197.859 475.078 -13 47 1 0 1
-17.1741 -20.5929 125100 0.239347 31.7539 196.094 476.412 -13 47 1 0 1
15.3335 18.2469 125450 22.8888 15.0282 196.753 477.75 -13 47 1 0 1
21.6108 62.7527 125800 -24.1844 24.5987 195.631 479.087 -13 47 1 0 1
-13.8837 73.6857 126150 1.23976 0.801717 198.644 480.42 -13 47 1 0 1
-2.88807 17.451 122300 -8.8839 -12.4054 209.228 461.086 -13 48 1 0 1
-29.3603 8.07671 122650 -20.2614 -5.53347 208.73 462.398 -13 48 1 0 1
-49.4059 -30.2037 123000 10.4127 -33.9129 206.763 463.718 -13 48 1 0 1
-18.7661 -55.0444 123350 7.27357 0.828351 209.656 465.035 -13 48 1 0 1
-28.4859 -40.0261 123700 -5.75057 18.3795 208.898 466.345 -13 48 1 0 1
-11.4614 -21.9168 124050 21.7043 0.0483006 208.658 467.657 -13 48 1 0 1
30.8283 -5.7908 124400 16.9436 27.3192 207.306 468.977 -13 48 1 0 1
32.1977 34.8504 124750 -0.658166 12.9072 209.386 470.294 -13 48 1 0 1
49.3184 31.2298 125100 10.1081 -18.1703 208.751 471.604 -13 48 1 0 1
41.3455 15.104 125450 -13.7379 7.13137 209.212 472.915 -13 48 1 0 1
0.293456 29.6175 125800 -32.696 -6.38129 207.122 474.234 -13 48 1 0 1
-31.5832 -2.89037 126150 -8.97352 -17.4714 208.863 475.553 -13 48 1 0 1
-19.8214 26.7858 122300 20.8465 4.36016 200.843 461.516 -13 49 1 0 1
4.58181 11.5463 122650 4.89291 -13.6106 201.451 462.839 -13 49 1 0 1
17.1261 -3.58524 123000 11.4549 -0.56796 201.643 464.159 -13 49 1 0 1
34.5811 0.00647776 123350 9.3283 -3.49243 201.723 465.479 -13 49 1 0 1
36.9488 -29.4253 123700 -15.5293 -21.4051 200.23 466.803 -13 49 1 0 1
8.4286 -37.7096 124050 -5.41457 5.93732 201.809 468.127 -13 49 1 0 1
11.2889 -22.1761 124400 -0.270061 11.9111 201.617 469.446 -13 49 1 0 1
-5.42458 -11.3891 124750 -16.106 1.48602 201.32 470.766 -13 49 1 0 1
-31.6284 9.51326 125100 -4.04017 24.2762 200.464 472.091 -13 49 1 0 1
-22.6013 38.2757 125450 0.766665 6.19397 201.873 473.414 -13 49 1 0 1
-39.7788 28.6553 125800 -8.92734 -19.0753 200.868 474.735 -13 49 1 0 1
-30.4602 9.03013 126150 12.9872 2.82836 201.531 476.057 -13 49 1 0 1
-45.7633 80.6463 122300 56.7886 4.90388 210.459 459.314 -13 50 1 0 1
8.95777 34.2831 122650 5.52061 -39.4334 214.374 460.645 -13 50 1 0 1
29.5493 -17.579 123000 29.8596 -16.4561 215.359 461.961 -13 50 1 0 1
79.3973 -26.6058 123350 25.0131 -14.9913 216.082 463.272 -13 50 1 0 1
71.4091 -96.6636 123700 -50.3814 -42.7978 207.779 464.606 -13 50 1 0 1
3.29651 -97.4537 124050 -6.3415 20.4779 216.985 465.937 -13 50 1 0 1
21.731 -53.6875 124400 4.64428 37.4289 214.754 467.247 -13 50 1 0 1
-14.8019 -9.69842 124750 -38.0745 17.4904 213.977 468.565 -13 50 1 0 1
-55.0365 51.8789 125100 9.37853 53.8522 211.078 469.896 -13 50 1 0 1
-19.8939 103.613 125450 2.3394 13.767 217.594 471.217 -13 50 1 0 1
-69.9185 92.0383 125800 -36.5604 -42.0576 210.8 472.536 -13 50 1 0 1
-62.2384 33.8591 126150 32.4883 -9.01753 215.419 473.86 -13 50 1 0 1
8.72353 9.37355 122300 0.480572 -13.9811 192.395 466.28 -13 51 1 0 1
-4.82483 -7.17721 122650 -9.41244 -5.35569 192.599 467.614 -13 51 1 0 1
-8.29892 -23.4245 123000 8.6864 -8.88335 192.503 468.948 -13 51 1 0 1
5.28722 -26.9304 123350 0.0370528 0.171835 192.903 470.28 -13 51 1 0 1
-8.28097 -23.3124 123700 -8.99672 8.51699 192.505 471.613 -13 51 1 0 1
-6.49065 -8.09616 124050 8.11516 4.30548 192.684 472.946 -13 51 1 0 1
6.82953 3.59095 124400 1.74449 10.3565 192.617 474.279 -13 51 1 0 1
1.27215 17.1403 124750 -1.89238 4.63348 192.838 475.611 -13 51 1 0 1
9.68879 20.8592 125100 7.80363 -3.80219 192.708 476.943 -13 51 1 0 1
10.4972 13.1574 125450 -6.32689 -0.328125 192.799 478.275 -13 51 1 0 1
-7.87311 8.9561 125800 -9.33978 -9.43254 192.446 479.608 -13 51 1 0 1
-11.1674 -9.26929 126150 0.701438 -6.40363 192.796 480.941 -13 51 1 0 1
-34.2518 54.7092 122300 18.9434 16.8502 177.141 478.036 -13 52 1 0 1
-9.02011 52.6612 122650 -5.82408 -10.1003 178.565 479.398 -13 52 1 0 1
-29.9598 12.1368 123000 4.12368 -30.7863 176.229 480.767 -13 52 1 0 1
11.6544 -18.0467 123350 23.2053 -4.58076 177.376 482.14 -13 52 1 0 1
29.3448 -50.6072 123700 -13.4544 -22.2285 177.049 483.508 -13 52 1 0 1
5.81714 -64.1817 124050 5.67171 1.04339 178.853 484.87 -13 52 1 0 1
43.5324 -35.4627 124400 10.4291 34.7147 175.236 486.242 -13 52 1 0 1
12.8712 8.51445 124750 -24.7827 5.66534 177.131 487.618 -13 52 1 0 1
-18.6718 34.2387 125100 0.755845 22.3831 177.539 488.985 -13 52 1 0 1
-8.37917 63.3757 125450 -6.84312 9.08135 178.584 490.347 -13 52 1 0 1
-58.2009 46.3748 125800 -20.619 -37.2698 173.803 491.725 -13 52 1 0 1
-37.5263 -6.43188 126150 22.7656 -4.60154 177.432 493.105 -13 52 1 0 1
17.1198 44.1403 122300 31.6722 -7.28987 177.421 474.613 -13 53 1 0 1
43.589 10.148 122650 -0.470215 -9.42587 180.126 475.979 -13 53 1 0 1
35.8914 14.8318 123000 -9.6812 5.21749 180.037 477.333 -13 53 1 0 1
24.9532 1.90969 123350 0.780785 -17.1503 179.554 478.689 -13 53 1 0 1
2.37825 -38.1983 123700 -29.6105 -9.19889 177.688 480.056 -13 53 1 0 1
-37.806 -24.2832 124050 -7.05916 5.96628 180.136 481.421 -13 53 1 0 1
-31.5539 -35.2652 124400 14.8295 -6.6652 179.639 482.777 -13 53 1 0 1
-17.3372 -22.8916 124750 -5.31598 14.5811 179.704 484.134 -13 53 1 0 1
-17.4935 19.6355 125100 17.4261 21.1314 178.281 485.498 -13 53 1 0 1
21.2142 29.114 125450 11.5051 -0.261936 180.005 486.861 -13 53 1 0 1
17.3849 43.0204 125800 -15.5678 5.47433 179.616 488.217 -13 53 1 0 1
3.81278 33.1894 126150 7.22869 -8.67664 180.019 489.573 -13 53 1 0 1
-53.0822 22.7216 122300 1.80936 28.5459 203.534 462.907 -13 54 1 0 1
-36.1508 46.591 122650 1.46497 -2.64099 205.512 464.226 -13 54 1 0 1
-44.3351 17.555 123000 5.15045 -26.9992 203.688 465.545 -13 54 1 0 1
-11.2457 -1.12255 123350 23.3635 3.86279 204.165 466.867 -13 54 1 0 1
26.7797 -10.2178 123700 14.1304 -21.4699 203.92 468.189 -13 54 1 0 1
33.6127 -45.172 124050 7.68802 -11.7745 205.052 469.509 -13 54 1 0 1
66.9689 -30.0933 124400 13.6436 32.1793 202.54 470.833 -13 54 1 0 1
53.415 2.60486 124750 -15.8327 -4.12528 204.882 472.156 -13 54 1 0 1
16.3413 -14.9147 125100 -29.5793 0.416351 203.394 473.478 -13 54 1 0 1
-20.1908 14.3713 125450 -15.7113 21.1586 203.837 474.804 -13 54 1 0 1
-62.1962 18.6783 125800 -23.3513 -23.0618 202.897 476.129 -13 54 1 0 1
-73.8597 -11.8706 126150 -2.11771 3.55539 205.492 477.45 -13 54 1 0 1
129.837 75.3718 122300 21.5467 -82.5533 178.914 483.098 -13 55 1 0 1
57.9931 -11.1509 122650 -57.0749 2.23693 189.808 484.515 -13 55 1 0 1
-35.4536 -29.7153 123000 -31.6868 -42.5437 190.986 485.891 -13 55 1 0 1
-52.0706 -109.693 123350 -18.418 -31.0052 194.908 487.252 -13 55 1 0 1
-146.294 -74.8842 123700 -30.7098 83.3211 177.212 488.657 -13 55 1 0 1
-84.1466 13.979 124050 52.6738 -7.66051 190.935 490.074 -13 55 1 0 1
14.0981 7.22939 124400 47.9059 28.9149 190.154 491.452 -13 55 1 0 1
59.2372 87.9464 124750 25.6439 37.0338 193.03 492.823 -13 55 1 0 1
156.333 57.5021 125100 29.1788 -82.8648 177.684 494.232 -13 55 1 0 1
98.3423 -26.6559 125450 -45.291 12.8151 192.546 495.641 -13 55 1 0 1
7.8788 3.92748 125800 -55.8073 -11.9896 189.819 497.015 -13 55 1 0 1
-60.6384 -66.6515 126150 -33.9702 -38.2958 191.492 498.392 -13 55 1 0 1
85.828 -57.4604 122300 -27.2159 -37.4579 197.225 468.545 -13 56 1 0 1
39.3883 -61.0182 122650 -4.36398 24.6678 201.033 469.881 -13 56 1 0 1
31.5084 3.29399 123000 -26.492 36.3035 197.54 471.222 -13 56 1 0 1
-33.3371 22.5581 123350 -32.7309 0.530944 199.925 472.566 -13 56 1 0 1
-60.1206 60.6181 123700 13.7212 34.4341 199.168 473.9 -13 56 1 0 1
-33.6885 80.3041 124050 -6.19862 -7.6161 202.349 475.227 -13 56 1 0 1
-64.7914 28.0324 124400 0.239485 -51.1118 196.034 476.568 -13 56 1 0 1
-14.9948 -22.7363 124750 33.8316 -6.46116 199.638 477.917 -13 56 1 0 1
19.441 -48.0273 125100 -0.476696 -24.2893 201.126 479.246 -13 56 1 0 1
13.1968 -78.0465 125450 11.7105 -11.2649 201.935 480.569 -13 56 1 0 1
71.8715 -57.4698 125800 27.9633 47.2634 195.003 481.913 -13 56 1 0 1
54.2575 7.90763 126150 -26.474 11.1245 200.542 483.262 -13 56 1 0 1
53.3612 123.748 122300 91.5496 3.74551 145.211 515.222 -13 57 1 0 1
143.107 36.0258 122650 -5.49665 -13.5008 171.082 516.718 -13 57 1 0 1
81.9606 71.6274 123000 -56.7389 1.80256 162.046 518.128 -13 57 1 0 1
30.2104 -20.5862 123350 3.62071 -63.4293 159.515 519.58 -13 57 1 0 1
-74.7986 -128.446 123700 -88.9311 24.8049 144.767 521.125 -13 57 1 0 1
-119.545 -13.7179 124050 25.0022 16.4351 169.075 522.626 -13 57 1 0 1
-54.532 -17.9963 124400 36.062 10.3552 167.553 524.022 -13 57 1 0 1
-23.1757 57.1723 124750 6.32751 49.494 164.292 525.435 -13 57 1 0 1
89.4988 111.86 125100 70.4672 -46.2904 149.577 526.933 -13 57 1 0 1
90.5705 -2.60811 125450 -35.7378 -13.5073 167.398 528.416 -13 57 1 0 1
23.3418 -16.5724 125800 -23.1126 -21.2584 168.806 529.814 -13 57 1 0 1
7.69852 -84.483 126150 -11.7034 -37.7967 167.081 531.213 -13 57 1 0 1
-58.3328 25.7868 122300 45.8905 30.7668 197.72 467.433 -13 58 1 0 1
22.1033 13.5202 122650 34.4092 -24.1222 200.948 468.787 -13 58 1 0 1
79.793 16.178 123000 21.6513 33.3672 201.404 470.123 -13 58 1 0 1
91.8651 57.0439 123350 14.0461 -2.67033 204.796 471.449 -13 58 1 0 1
112.095 -17.797 123700 -26.4441 -64.5082 193.094 472.805 -13 58 1 0 1
29.5981 -49.4795 124050 -35.672 18.5245 201.321 474.172 -13 58 1 0 1
-19.7102 -29.1576 124400 -26.0946 -6.98029 203.51 475.502 -13 58 1 0 1
-60.5946 -57.2383 124750 -32.4754 -10.4576 202.44 476.828 -13 58 1 0 1
-126.957 1.25878 125100 -4.04343 74.9243 191.091 478.198 -13 58 1 0 1
-72.4973 66.9997 125450 25.4384 -6.70996 203.602 479.564 -13 58 1 0 1
-46.2508 30.433 125800 22.7032 -20.8882 202.963 480.889 -13 58 1 0 1
8.7863 36.9141 126150 38.5328 19.231 200.727 482.221 -13 58 1 0 1
-71.18 85.988 122300 70.6873 13.0067 194.515 473.331 -13 59 1 0 1
7.96893 23.7654 122650 13.4742 -53.7976 199.816 474.708 -13 59 1 0 1
60.2031 -41.8916 123000 52.1687 -3.8395 200.663 476.062 -13 59 1 0 1
126.738 -23.4218 123350 24.8984 -10.0585 205.623 477.4 -13 59 1 0 1
104.785 -114.558 123700 -73.3056 -47.5385 188.065 478.779 -13 59 1 0 1
4.62505 -82.2391 124050 -11.9988 48.9896 201.142 480.172 -13 59 1 0 1
-16.4772 -3.31796 124400 -34.2982 31.5532 202.064 481.519 -13 59 1 0 1
-93.1105 16.0314 124750 -43.834 15.2837 202.106 482.864 -13 59 1 0 1
-106.567 117.571 125100 59.2685 64.508 187.957 484.253 -13 59 1 0 1
-12.2303 119.554 125450 7.39739 -32.5374 204.667 485.634 -13 59 1 0 1
-27.4671 46.9827 125800 8.30297 -50.7701 200.887 486.975 -13 59 1 0 1
39.224 -5.31556 126150 50.3271 -18.4039 200.326 488.328 -13 59 1 0 1
-12.2179 -31.5206 122300 -39.0659 -11.688 199.461 467.826 -13 60 1 0 1
-67.1497 -19.7113 122650 -19.9142 2.24313 202.598 469.16 -13 60 1 0 1
-70.876 -59.4154 123000 27.3204 -30.4173 199.439 470.489 -13 60 1 0 1
-28.604 -59.1024 123350 2.99247 21.4475 202.432 471.82 -13 60 1 0 1
-26.5765 -5.36272 123700 18.9984 31.9899 200.158 473.152 -13 60 1 0 1
27.3907 14.1873 124050 30.6103 1.73648 201.265 474.487 -13 60 1 0 1
55.9045 51.0052 124400 -9.9936 34.3683 200.416 475.819 -13 60 1 0 1
31.5722 74.8762 124750 3.85563 -3.96635 203.512 477.143 -13 60 1 0 1
59.8396 33.6999 125100 2.82866 -43.492 198.867 478.475 -13 60 1 0 1
18.6766 -8.76454 125450 -32.0879 -3.29039 201.015 479.814 -13 60 1 0 1
-24.6387 -29.3706 125800 -9.86889 -26.4945 201.614 481.144 -13 60 1 0 1
-27.3051 -68.1239 126150 -11.4371 -13.8073 202.796 482.468 -13 60 1 0 1
3.33019 29.2647 122300 21.4634 -3.46829 197.564 462.597 -13 61 1 0 1
22.7029 9.24727 122650 1.70382 -8.7288 198.558 463.924 -13 61 1 0 1
23.5626 7.10761 123000 -1.08971 3.14156 198.729 465.247 -13 61 1 0 1
23.9458 4.02096 123350 3.4546 -8.9008 198.528 466.569 -13 61 1 0 1
17.5876 -24.4257 123700 -17.4931 -14.7403 197.436 467.897 -13 61 1 0 1
-11.1697 -27.2404 124050 -7.31484 2.95337 198.6 469.225 -13 61 1 0 1
-8.74804 -28.8824 124400 7.36298 -0.361132 198.62 470.547 -13 61 1 0 1
-7.76217 -23.1044 124750 -8.97426 4.78477 198.497 471.87 -13 61 1 0 1
-26.0548 0.67552 125100 -0.748314 22.6585 197.46 473.198 -13 61 1 0 1
-10.3091 25.8257 125450 7.18108 5.55139 198.55 474.526 -13 61 1 0 1
-15.1579 29.3201 125800 -8.29962 -3.93658 198.545 475.849 -13 61 1 0 1
-16.071 23.8202 126150 8.12098 2.89017 198.57 477.171 -13 61 1 0 1
-56.3929 -15.2885 122300 -18.9907 25.5805 192.557 468.967 -13 62 1 0 1
-58.0363 20.0949 122650 3.05526 0.67303 195.15 470.304 -13 62 1 0 1
-48.6298 -8.07937 123000 19.0329 -19.0963 193.304 471.638 -13 62 1 0 1
-8.80824 -3.03102 123350 17.655 17.6702 193.57 472.977 -13 62 1 0 1
33.4588 10.5717 123700 25.2246 -13.7388 193.05 474.317 -13 62 1 0 1
56.0353 -21.6101 124050 9.37947 -6.60038 194.838 475.654 -13 62 1 0 1
71.4678 8.66801 124400 -8.77566 31.6728 192.388 476.991 -13 62 1 0 1
37.1667 22.3554 124750 -13.7878 -15.6389 194.058 478.331 -13 62 1 0 1
3.80445 -10.5792 125100 -29.7356 -5.88341 192.807 479.671 -13 62 1 0 1
-41.6753 8.66599 125450 -20.8624 11.1573 193.736 481.013 -13 62 1 0 1
-75.8592 -16.0266 125800 -1.20726 -35.3347 191.946 482.355 -13 62 1 0 1
-55.887 -43.0926 126150 3.38553 10.0437 194.887 483.693 -13 62 1 0 1
0.761662 81.3129 122300 42.6307 27.2051 204.09 465.131 -13 63 1 0 1
57.3859 88.5964 122650 6.10702 6.32463 210.078 466.459 -13 63 1 0 1
6.90994 107.839 123000 -52.9889 -12.8113 203.072 467.788 -13 63 1 0 1
-19.9924 50.3229 123350 20.1495 -32.0229 206.83 469.125 -13 63 1 0 1
9.56675 -13.1671 123700 -6.65711 -44.9347 205.296 470.46 -13 63 1 0 1
-31.2618 -68.88 124050 -18.502 -29.0409 207.423 471.793 -13 63 1 0 1
6.8967 -122.566 124400 59.9754 -5.98863 201.438 473.134 -13 63 1 0 1
54.6613 -89.5866 124750 -13.5496 13.2329 209.407 474.468 -13 63 1 0 1
-7.38559 -64.4041 125100 -36.8931 39.2527 203.244 475.802 -13 63 1 0 1
-8.14271 14.9347 125450 19.1666 40.5486 205.423 477.147 -13 63 1 0 1
-20.2059 79.8474 125800 -40.7898 22.4138 205.046 478.482 -13 63 1 0 1
-71.6628 88.0227 126150 -4.02616 13.1455 209.812 479.807 -13 63 1 0 1
-3.1842 19.2809 122300 -1.33793 1.26089 188.333 469.584 -13 64 1 0 1
-9.54533 23.3151 122650 -8.96765 1.85622 188.12 470.923 -13 64 1 0 1
-32.4119 7.31259 123000 -4.41528 -20.9852 187.118 472.268 -13 64 1 0 1
-17.6419 -16.1096 123350 9.45706 -1.54655 188.099 473.612 -13 64 1 0 1
-8.22908 -15.4815 123700 2.77126 -0.706187 188.321 474.951 -13 64 1 0 1
-0.250703 -23.9287 124050 8.77823 -7.73937 187.979 476.29 -13 64 1 0 1
31.5872 -21.4946 124400 16.0022 17.7347 186.822 477.636 -13 64 1 0 1
32.7949 6.76443 124750 -5.64605 3.45226 188.226 478.981 -13 64 1 0 1
21.7352 -0.157364 125100 -9.66386 -3.62749 188.059 480.321 -13 64 1 0 1
4.72004 11.1512 125450 -8.5196 12.6945 187.721 481.662 -13 64 1 0 1
-27.1612 21.2072 125800 -20.8051 -11.1115 186.86 483.008 -13 64 1 0 1
-42.4853 -3.75981 126150 -1.94024 -3.15925 188.306 484.353 -13 64 1 0 1
2.74238 32.6223 122300 22.7748 7.99963 191.487 466.613 -13 65 1 0 1
33.4231 26.9412 122650 6.14317 -1.00444 192.902 467.95 -13 65 1 0 1
22.663 40.6107 123000 -17.8938 4.83034 192.11 469.284 -13 65 1 0 1
8.02657 26.8844 123350 6.13947 -13.3221 192.444 470.619 -13 65 1 0 1
15.6833 -9.28108 123700 -10.0444 -23.0509 191.358 471.958 -13 65 1 0 1
-15.7483 -30.0072 124050 -12.949 -6.54457 192.456 473.297 -13 65 1 0 1
-10.1155 -51.922 124400 19.5928 -7.9011 191.843 474.633 -13 65 1 0 1
7.62913 -46.4417 124750 -7.62042 4.40556 192.802 475.968 -13 65 1 0 1
-24.1004 -24.7913 125100 -12.2395 26.79 190.742 477.308 -13 65 1 0 1
-11.8047 16.207 125450 13.0828 13.2462 192.102 478.651 -13 65 1 0 1
-10.4695 37.8599 125800 -12.6634 7.13909 192.454 479.986 -13 65 1 0 1
-24.491 43.0892 126150 4.10293 7.34518 192.819 481.318 -13 65 1 0 1
-1.09031 6.6599 122300 -4.28176 -3.34102 208.37 459.242 -13 66 1 0 1
-10.8835 6.09829 122650 -7.30355 -0.185928 208.312 460.551 -13 66 1 0 1
-20.5809 -5.6722 123000 1.26467 -12.6137 208.054 461.862 -13 66 1 0 1
-10.7485 -16.0708 123350 3.84061 0.346158 208.405 463.172 -13 66 1 0 1
-9.80687 -11.0886 123700 0.920676 4.28597 208.394 464.481 -13 66 1 0 1
-2.27472 -10.395 124050 7.61868 -3.3913 208.273 465.79 -13 66 1 0 1
16.1271 -8.59481 124400 9.87571 9.55187 207.987 467.101 -13 66 1 0 1
20.2802 6.19665 124750 -0.243785 2.79913 208.421 468.412 -13 66 1 0 1
19.7995 -0.0169209 125100 -4.04912 -6.69086 208.294 469.721 -13 66 1 0 1
9.11916 0.14089 125450 -6.09585 6.42007 208.252 471.031 -13 66 1 0 1
-7.07036 8.56118 125800 -13.007 -1.83322 208.026 472.342 -13 66 1 0 1
-22.093 -0.96728 126150 -6.21576 -2.60125 208.331 473.652 -13 66 1 0 1
15.8934 -83.1627 122300 -35.8413 -3.04661 206.082 463.843 -13 67 1 0 1
-8.70419 -57.437 122650 13.2231 18.0787 207.995 465.162 -13 67 1 0 1
23.5377 -12.5663 123000 4.64783 39.5561 205.371 466.488 -13 67 1 0 1
-3.32878 38.4915 123350 -18.0551 21.0046 207.356 467.815 -13 67 1 0 1
6.98976 74.0819 123700 30.1143 9.29915 206.81 469.134 -13 67 1 0 1
33.8891 67.7069 124050 -8.01663 -0.280517 209.044 470.449 -13 67 1 0 1
-15.1961 60.1136 124400 -33.9821 -27.0896 204.634 471.773 -13 67 1 0 1
-23.0778 2.02646 124750 13.9204 -26.8436 207.001 473.103 -13 67 1 0 1
-19.9464 -36.0227 125100 -16.0395 -15.7713 207.985 474.42 -13 67 1 0 1
-45.8459 -52.5399 125450 -4.307 -16.2988 208.517 475.733 -13 67 1 0 1
-4.58753 -86.8186 125800 48.7775 0.588849 203.431 477.062 -13 67 1 0 1
34.3189 -48.4325 126150 -6.23292 21.533 207.993 478.392 -13 67 1 0 1
-21.4625 -1.88055 122300 -28.5456 -12.9986 209.909 465.165 -13 68 1 0 1
-70.5315 -3.20825 122650 -27.6798 -7.17377 210.305 466.482 -13 68 1 0 1
-83.9882 -66.3255 123000 32.1256 -48.8644 204.024 467.817 -13 68 1 0 1
-24.0983 -83.4541 123350 11.0967 16.1433 211.334 469.15 -13 68 1 0 1
-28.2442 -41.9881 123700 5.36179 31.3689 209.84 470.464 -13 68 1 0 1
14.6614 -14.826 124050 37.1654 5.3101 208.893 471.784 -13 68 1 0 1
65.0406 31.284 124400 2.61122 50.104 206.225 473.118 -13 68 1 0 1
40.9168 82.7841 124750 -2.68124 8.75739 212.042 474.443 -13 68 1 0 1
71.5881 59.898 125100 14.7686 -39.5372 208.001 475.759 -13 68 1 0 1
44.9816 19.6231 125450 -33.0993 1.2156 209.64 477.082 -13 68 1 0 1
-20.8052 11.3597 125800 -34.5025 -29.1494 207.378 478.411 -13 68 1 0 1
-43.6137 -48.5071 126150 -10.0052 -26.86 210.296 479.738 -13 68 1 0 1
61.5954 42.007 122300 54.3858 -7.46754 201.021 470.413 -13 69 1 0 1
121.328 7.75048 122650 21.1749 2.05166 207.293 471.751 -13 69 1 0 1
113.339 84.4618 123000 -54.8809 50.7986 194.501 473.107 -13 69 1 0 1
27.9245 72.4216 123350 -15.3921 -41.9752 203.529 474.473 -13 69 1 0 1
-1.43598 -3.57611 123700 -39.6687 -31.1038 202.193 475.818 -13 69 1 0 1
-81.5363 -15.8303 124050 -43.0123 -7.75067 203.747 477.164 -13 69 1 0 1
-105.067 -99.3355 124400 43.3302 -62.6223 193.969 478.531 -13 69 1 0 1
-28.5014 -116.685 124750 5.86779 23.3913 206.982 479.889 -13 69 1 0 1
-48.6065 -48.2736 125100 5.53301 54.871 200.951 481.228 -13 69 1 0 1
16.3782 6.43306 125450 49.2114 13.8288 202.015 482.581 -13 69 1 0 1
65.7548 73.7735 125800 -14.5243 58.2501 199.547 483.937 -13 69 1 0 1
21.7525 124.941 126150 0.845021 8.6457 208.201 485.276 -13 69 1 0 1
26.6318 -13.2055 122300 -9.91126 -0.348012 208.332 460.509 -13 70 1 0 1
18.8641 1.91892 122650 0.671696 16.9379 207.878 461.82 -13 70 1 0 1
1.94469 34.354 123000 -25.0383 10.6612 206.785 463.137 -13 70 1 0 1
-29.8044 30.6479 123350 -6.69132 -2.00736 208.451 464.452 -13 70 1 0 1
-20.1168 39.1569 123700 16.4864 2.14371 207.904 465.763 -13 70 1 0 1
-8.32381 24.247 124050 -5.91281 -14.3758 207.988 467.075 -13 70 1 0 1
-14.0975 -10.0766 124400 10.1261 -22.9579 207.053 468.39 -13 70 1 0 1
14.0918 -31.06 124750 12.2355 -8.07001 208.052 469.706 -13 70 1 0 1
6.76252 -51.2993 125100 -20.6361 -6.57318 207.44 471.019 -13 70 1 0 1
-12.1158 -44.3791 125450 5.08878 5.08059 208.444 472.331 -13 70 1 0 1
12.7618 -28.759 125800 12.52 20.844 207.146 473.645 -13 70 1 0 1
5.00935 5.26027 126150 -13.343 15.0805 207.594 474.962 -13 70 1 0 1
50.7455 59.852 122300 58.9847 -0.647256 191.622 475.24 -13 71 1 0 1
117.542 25.5639 122650 17.2717 -0.0593459 199.751 476.595 -13 71 1 0 1
97.5311 91.0906 123000 -56.5169 36.0686 188.954 477.954 -13 71 1 0 1
22.3075 61.1217 123350 -6.65906 -45.3063 195.197 479.325 -13 71 1 0 1
-4.42241 -24.283 123700 -43.9923 -32.5621 192.881 480.691 -13 71 1 0 1
-88.8041 -35.1478 124050 -36.7155 -8.12476 196.939 482.052 -13 71 1 0 1
-90.4908 -114.612 124400 55.2786 -46.9171 186.928 483.424 -13 71 1 0 1
-13.8661 -103.094 124750 -0.705358 33.2227 197.724 484.795 -13 71 1 0 1
-31.048 -22.5491 125100 14.4928 53.1866 192.769 486.153 -13 71 1 0 1
41.7408 29.9199 125450 44.0256 17.4371 194.825 487.52 -13 71 1 0 1
61.8894 107.296 125800 -40.7372 48.2913 190.282 488.889 -13 71 1 0 1
-1.22278 122.374 126150 3.35151 -9.87325 200.225 490.242 -13 71 1 0 1
-121.333 16.4652 122300 8.27389 65.6571 175.762 477.784 -13 72 1 0 1
-53.1518 60.6483 122650 24.9575 -17.8842 185.281 479.177 -13 72 1 0 1
-13.6207 17.1533 123000 30.916 -11.5636 184.884 480.536 -13 72 1 0 1
48.9416 36.3791 123350 36.5775 14.242 183.66 481.9 -13 72 1 0 1
120.317 -17.49 123700 0.787669 -68.921 174.703 483.302 -13 72 1 0 1
62.4694 -76.5159 124050 -19.1813 10.5317 186.528 484.695 -13 72 1 0 1
44.5096 -29.447 124400 -21.6904 26.0218 184.727 486.05 -13 72 1 0 1
-19.8585 -30.587 124750 -40.2797 -15.6901 182.765 487.416 -13 72 1 0 1
-105.312 7.35187 125100 -16.8523 63.5404 175.927 488.818 -13 72 1 0 1
-73.5668 80.4914 125450 10.0558 1.10222 187.535 490.204 -13 72 1 0 1
-79.4224 33.6064 125800 12.2646 -40.4257 182.995 491.561 -13 72 1 0 1
-16.147 17.1301 126150 39.5938 18.3344 182.669 492.932 -13 72 1 0 1
5.1554 15.2355 122300 14.4995 -5.18693 213.054 456.299 -13 73 1 0 1
17.5722 0.138216 122650 2.97168 -6.55633 213.489 457.604 -13 73 1 0 1
23.4869 1.5904 123000 1.75731 6.94824 213.49 458.907 -13 73 1 0 1
23.2624 5.8621 123350 1.34449 -4.83944 213.551 460.21 -13 73 1 0 1
19.4625 -13.9124 123700 -11.7652 -13.1359 212.881 461.515 -13 73 1 0 1
-1.26159 -18.9246 124050 -7.23268 2.37641 213.474 462.82 -13 73 1 0 1
-4.22549 -18.5268 124400 1.63787 -0.954112 213.602 464.123 -13 73 1 0 1
-7.13609 -19.2609 124750 -7.84273 0.096257 213.466 465.425 -13 73 1 0 1
-25.5033 -5.9399 125100 -6.28149 18.2336 212.738 466.731 -13 73 1 0 1
-20.7854 16.2571 125450 3.58948 5.01045 213.521 468.037 -13 73 1 0 1
-23.2306 13.592 125800 -2.01008 -6.82736 213.491 469.34 -13 73 1 0 1
-18.7547 10.9416 126150 6.15303 6.42834 213.425 470.643 -13 73 1 0 1
-18.6664 -7.09677 122300 16.2308 10.714 194.704 466.387 -13 74 1 0 1
16.0034 -11.8533 122650 20.4405 -8.1987 194.429 467.721 -13 74 1 0 1
54.8788 5.75377 123000 9.65455 30.7181 193.005 469.061 -13 74 1 0 1
47.1441 41.381 123350 -0.515775 1.48089 195.667 470.397 -13 74 1 0 1
55.6974 10.622 123700 -7.23784 -29.4667 193.306 471.732 -13 74 1 0 1
19.0759 -7.58008 124050 -21.1664 7.7297 194.371 473.07 -13 74 1 0 1
-19.1657 -5.3515 124400 -17.8393 -14.5002 194.318 474.406 -13 74 1 0 1
-34.9097 -37.3035 124750 -10.6833 -11.3773 195.049 475.74 -13 74 1 0 1
-70.0459 -17.7799 125100 -10.1637 34.9323 192.261 477.08 -13 74 1 0 1
-52.4112 17.9702 125450 12.782 -3.72514 195.219 478.419 -13 74 1 0 1
-27.1078 -4.64684 125800 22.0641 -7.51854 194.28 479.753 -13 74 1 0 1
7.30005 13.2863 126150 15.8035 18.2601 194.177 481.089 -13 74 1 0 1
6.1714 2.15204 122300 1.12549 -12.6822 183.679 471.152 -13 75 1 0 1
-4.01701 -14.7788 122650 -5.18999 -6.07629 183.946 472.5 -13 75 1 0 1
3.23998 -26.2644 123000 12.0445 -0.483559 183.725 473.848 -13 75 1 0 1
14.0062 -17.7592 123350 -2.34291 2.5024 184.088 475.195 -13 75 1 0 1
0.847537 -14.6253 123700 -7.65436 5.88563 183.866 476.543 -13 75 1 0 1
0.390081 -0.309838 124050 4.4571 6.50724 183.951 477.89 -13 75 1 0 1
0.738171 13.0889 124400 -6.53672 5.01367 183.935 479.237 -13 75 1 0 1
-9.69839 13.6811 124750 -1.3298 -0.00408212 184.115 480.584 -13 75 1 0 1
-3.25521 16.2149 125100 6.31701 -1.27137 184.007 481.931 -13 75 1 0 1
-1.8128 8.65457 125450 -4.89958 -4.18977 184.007 483.277 -13 75 1 0 1
-9.41039 -5.22618 125800 1.91476 -9.79721 183.849 484.625 -13 75 1 0 1
-0.138676 -14.2585 126150 2.52291 -1.22853 184.098 485.972 -13 75 1 0 1
-12.0323 -62.9363 122300 -34.9498 -18.2195 195.855 469.557 -13 76 1 0 1
-57.3421 -64.6294 122650 -4.14241 -5.80047 199.655 470.891 -13 76 1 0 1
-12.5282 -86.6014 123000 47.0066 7.64878 194.022 472.231 -13 76 1 0 1
19.3841 -34.6285 123350 -10.4671 29.5075 197.313 473.578 -13 76 1 0 1
9.62766 14.7986 123700 12.6702 25.1413 197.788 474.914 -13 76 1 0 1
45.4733 42.302 124050 14.9719 17.6528 198.437 476.246 -13 76 1 0 1
19.6138 90.3933 124400 -46.6023 12.2809 193.882 477.59 -13 76 1 0 1
-26.8956 63.8699 124750 4.45726 -18.761 198.849 478.933 -13 76 1 0 1
-1.49469 30.9234 125100 7.70697 -26.6318 197.849 480.263 -13 76 1 0 1
-24.2359 -11.7764 125450 -22.3556 -22.5202 197.246 481.598 -13 76 1 0 1
-25.2358 -71.5876 125800 32.822 -29.7097 194.815 482.944 -13 76 1 0 1
22.3459 -79.6535 126150 1.75986 2.61998 199.757 484.282 -13 76 1 0 1
74.9703 46.3548 122300 37.6099 -40.3603 198.084 462.971 -13 77 1 0 1
82.8155 -15.1974 122650 -8.66317 -8.2257 205.276 464.31 -13 77 1 0 1
66.1483 8.05542 123000 -21.5909 18.6229 203.637 465.629 -13 77 1 0 1
28.0468 -3.44041 123350 -16.6167 -27.0205 203.162 466.953 -13 77 1 0 1
-25.6662 -40.2231 123700 -45.0796 4.2554 200.576 468.292 -13 77 1 0 1
-73.9052 -7.60973 124050 -14.2656 8.48409 204.952 469.625 -13 77 1 0 1
-79.7994 -40.641 124400 20.3372 -31.6882 202.146 470.948 -13 77 1 0 1
-42.5446 -45.8856 124750 5.62542 21.2164 204.448 472.273 -13 77 1 0 1
-29.0966 9.24954 125100 27.3753 29.621 201.629 473.605 -13 77 1 0 1
28.3881 20.1076 125450 27.6704 -2.74308 203.735 474.937 -13 77 1 0 1
52.776 47.7935 125800 -8.44853 29.2648 203.355 476.261 -13 77 1 0 1
33.6928 68.4916 126150 5.49037 -3.74964 205.516 477.58 -13 77 1 0 1
-41.1519 -11.5397 122300 -4.21304 13.823 205.269 461.36 -13 78 1 0 1
-33.8667 -1.35025 122650 7.14256 -7.12168 205.529 462.674 -13 78 1 0 1
-9.35901 -20.0588 123000 23.7542 -2.56654 204.385 463.992 -13 78 1 0 1
20.2128 -2.39548 123350 10.4895 12.2951 205.141 465.312 -13 78 1 0 1
39.4385 -3.16528 123700 7.22768 -13.9047 205.179 466.627 -13 78 1 0 1
41.5162 -17.6444 124050 3.12748 3.69444 205.72 467.941 -13 78 1 0 1
41.5851 12.0897 124400 -14.3318 21.9915 204.096 469.26 -13 78 1 0 1
9.43181 18.1355 124750 -13.4823 -9.78403 205.102 470.579 -13 78 1 0 1
-11.8935 7.28672 125100 -13.4121 2.5852 205.323 471.895 -13 78 1 0 1
-32.2732 18.9343 125450 -14.4223 3.12781 205.247 473.211 -13 78 1 0 1
-56.8488 -7.22299 125800 -0.222643 -31.0423 203.422 474.532 -13 78 1 0 1
-37.6968 -32.8624 126150 6.94278 3.92178 205.622 475.852 -13 78 1 0 1
-45.7512 32.1457 122300 33.0683 21.4639 185.317 471.084 -13 79 1 0 1
10.323 19.1642 122650 17.2869 -19.8474 187.627 472.443 -13 79 1 0 1
43.019 7.06709 123000 15.9362 11.8323 188.421 473.788 -13 79 1 0 1
61.1075 26.0284 123350 12.9677 -3.73333 188.983 475.129 -13 79 1 0 1
72.229 -29.6493 123700 -23.2718 -41.2696 183.444 476.49 -13 79 1 0 1
12.8608 -45.4692 124050 -18.3717 13.9275 188.056 477.854 -13 79 1 0 1
-8.39129 -25.4273 124400 -11.6096 2.69917 189.088 479.196 -13 79 1 0 1
-36.8914 -32.4619 124750 -22.9692 -2.01344 188.056 480.538 -13 79 1 0 1
-78.6572 14.1035 125100 3.08697 48.5777 183.104 481.903 -13 79 1 0 1
-37.3897 56.3063 125450 13.7647 -3.58375 188.929 483.265 -13 79 1 0 1
-32.0658 31.7823 125800 6.46968 -17.7433 188.52 484.606 -13 79 1 0 1
1.54043 25.5187 126150 26.0338 8.11423 187.491 485.951 -13 79 1 0 1
16.8793 30.5718 122300 -9.74717 -25.5702 206.492 464.381 -13 80 1 0 1
-24.5631 10.3705 122650 -32.1201 -5.07875 205.744 465.703 -13 80 1 0 1
-63.4355 -36.1193 123000 5.43499 -45.9955 203.083 467.037 -13 80 1 0 1
-31.4734 -77.2725 123350 5.48033 -3.53025 208.196 468.364 -13 80 1 0 1
-54.5015 -55.431 123700 -11.5288 32.1903 205.472 469.681 -13 80 1 0 1
-30.2515 -22.4464 124050 29.9896 -0.393015 206.127 471.004 -13 80 1 0 1
28.7601 -8.07737 124400 26.5794 31.2579 204.217 472.334 -13 80 1 0 1
39.1198 46.8104 124750 3.59137 21.1118 207.194 473.661 -13 80 1 0 1
72.77 44.732 125100 20.0581 -28.0547 205.423 474.981 -13 80 1 0 1
66.8764 14.9607 125450 -16.4027 7.51462 207.515 476.299 -13 80 1 0 1
15.4188 39.2841 125800 -43.76 -2.64728 203.632 477.628 -13 80 1 0 1
-31.1733 -1.89797 126150 -13.474 -26.5268 206.162 478.96 -13 80 1 0 1
-14.9528 65.6561 122300 53.8198 -24.5434 201.09 466.357 -13 81 1 0 1
19.3275 -13.7674 122650 -1.7621 -46.688 204.336 467.71 -13 81 1 0 1
57.5882 -67.5226 123000 46.6435 -1.23615 204.35 469.047 -13 81 1 0 1
105.553 -51.6093 123350 6.8786 -11.0297 209.206 470.372 -13 81 1 0 1
54.9775 -109.283 123700 -69.9178 -15.1703 197.021 471.722 -13 81 1 0 1
-16.0489 -58.6603 124050 -1.99879 42.6186 205.221 473.083 -13 81 1 0 1
-23.0109 3.72519 124400 -22.6287 26.5375 206.688 474.413 -13 81 1 0 1
-76.0758 28.3551 124750 -29.5504 20.7495 206.476 475.739 -13 81 1 0 1
-67.3227 110.616 125100 57.0622 43.6673 196.909 477.096 -13 81 1 0 1
8.27106 104.841 125450 3.16783 -22.9433 208.326 478.448 -13 81 1 0 1
-18.9561 56.1518 125800 -8.35067 -41.6905 205.252 479.773 -13 81 1 0 1
18.6151 1.25278 126150 38.0118 -23.0499 204.841 481.108 -13 81 1 0 1
4.00777 19.5761 122300 20.4449 14.3592 209.175 459.296 -13 82 1 0 1
38.523 26.1784 122650 14.09 5.77077 210.111 460.609 -13 82 1 0 1
33.742 57.1429 123000 -24.3613 18.0258 208.47 461.923 -13 82 1 0 1
6.03874 55.7708 123350 3.39752 -10.2457 210.385 463.235 -13 82 1 0 1
26.5558 23.5474 123700 3.87828 -30.9648 208.337 464.55 -13 82 1 0 1
2.17172 -13.9446 124050 -20.5903 -13.0283 209.248 465.868 -13 82 1 0 1
-10.101 -44.726 124400 11.4455 -20.3928 209.36 467.182 -13 82 1 0 1
7.51562 -64.0061 124750 -4.43604 -9.23145 210.412 468.493 -13 82 1 0 1
-37.1897 -62.0971 125100 -33.0974 26.2393 206.384 469.813 -13 82 1 0 1
-45.7849 -13.7996 125450 13.5089 14.4416 209.731 471.136 -13 82 1 0 1
-23.3017 -0.639361 125800 9.38262 10.5939 210.186 472.446 -13 82 1 0 1
-20.817 28.7248 126150 0.476283 24.5234 209.229 473.757 -13 82 1 0 1
-110.334 64.7537 122300 43.218 55.2493 179.667 478.543 -13 83 1 0 1
-21.3867 65.5682 122650 20.4675 -33.9534 188.756 479.935 -13 83 1 0 1
14.9134 8.83416 123000 33.4377 -13.9869 189.438 481.292 -13 83 1 0 1
81.3583 15.9309 123350 37.5949 -0.831432 189.173 482.648 -13 83 1 0 1
117.63 -69.1639 123700 -35.0517 -67.454 177.262 484.047 -13 83 1 0 1
30.196 -91.8947 124050 -17.1442 25.9822 190.346 485.442 -13 83 1 0 1
17.3818 -32.9308 124400 -20.4377 29.493 189.507 486.794 -13 83 1 0 1
-49.8037 -18.1522 124750 -44.4396 0.853624 187.683 488.153 -13 83 1 0 1
-108.249 57.6547 125100 17.0336 69.4732 179.12 489.552 -13 83 1 0 1
-41.2791 105.06 125450 11.2301 -10.9501 192.236 490.935 -13 83 1 0 1
-55.0481 52.2142 125800 4.78357 -43.4866 187.847 492.285 -13 83 1 0 1
6.11356 16.3952 126150 45.915 0.937874 187.328 493.65 -13 83 1 0 1
56.5721 25.0202 122300 -6.60168 -33.0577 203.384 463.785 -13 84 1 0 1
16.5566 3.838 122650 -28.4317 6.89113 204.072 465.111 -13 84 1 0 1
-33.6308 -2.73685 123000 -21.4267 -24.8777 203.527 466.438 -13 84 1 0 1
-44.7569 -44.6559 123350 -7.30585 -12.8644 205.627 467.761 -13 84 1 0 1
-75.2766 -26.3935 123700 -9.80618 34.3367 203.042 469.084 -13 84 1 0 1
-56.3501 3.55364 124050 17.3214 -8.28502 205.262 470.407 -13 84 1 0 1
-14.2349 -20.9806 124400 34.6716 -1.62593 203.216 471.732 -13 84 1 0 1
28.0678 7.34034 124750 16.32 19.326 204.601 473.059 -13 84 1 0 1
62.7682 6.62595 125100 14.7946 -22.997 204.337 474.38 -13 84 1 0 1
64.9599 -17.4985 125450 0.0615662 6.65448 206.051 475.697 -13 84 1 0 1
51.8708 25.7894 125800 -29.2795 26.8494 202.295 477.023 -13 84 1 0 1
-1.02782 25.1925 126150 -20.1958 -15.6842 204.567 478.353 -13 84 1 0 1
-15.6747 13.7596 122300 31.681 35.3278 196.926 469.251 -13 85 1 0 1
55.4111 32.9746 122650 33.8661 6.01197 199.621 470.599 -13 85 1 0 1
68.7523 89.2528 123000 -32.5639 39.263 196.035 471.943 -13 85 1 0 1
22.5703 97.9154 123350 6.05708 -15.7322 201.86 473.28 -13 85 1 0 1
57.6396 34.673 123700 -0.212181 -56.9784 194.384 474.629 -13 85 1 0 1
-0.573319 -26.6246 124050 -40.4507 -14.0335 197.986 475.99 -13 85 1 0 1
-32.9106 -75.9859 124400 15.0227 -37.1081 198.567 477.332 -13 85 1 0 1
-5.78619 -109.532 124750 -10.5987 -9.75035 202.05 478.662 -13 85 1 0 1
-80.6275 -81.2518 125100 -36.9497 60.3677 189.795 480.024 -13 85 1 0 1
-55.6367 6.66557 125450 37.1095 18.2772 198.294 481.399 -13 85 1 0 1
-9.68615 37.1302 125800 7.83023 26.5226 200.666 482.734 -13 85 1 0 1
-11.1705 86.9635 126150 10.3635 31.5034 199.83 484.064 -13 85 1 0 1
121.128 13.0942 122300 13.2032 -64.5278 210.792 459.429 -13 86 1 0 1
90.9585 -44.6605 122650 -19.295 6.20165 219.911 460.755 -13 86 1 0 1
62.1233 -1.22297 123000 -33.5761 27.172 216.578 462.065 -13 86 1 0 1
0.743759 -7.3225 123350 -35.0273 -23.1357 216.817 463.382 -13 86 1 0 1
-66.5775 -12.04 123700 -37.6504 30.7995 215.419 464.705 -13 86 1 0 1
-93.3201 36.2337 124050 -13.283 6.82606 220.338 466.017 -13 86 1 0 1
-111.753 -14.6455 124400 16.6743 -55.1126 213.205 467.334 -13 86 1 0 1
-57.6398 -43.2899 124750 24.7021 18.4262 218.682 468.656 -13 86 1 0 1
-19.18 -2.72844 125100 34.9047 15.0249 217.549 469.968 -13 86 1 0 1
37.5406 -13.1453 125450 33.8473 -12.0858 217.899 471.28 -13 86 1 0 1
89.0645 15.3202 125800 11.2304 48.4704 215.166 472.599 -13 86 1 0 1
75.6029 63.3689 126150 -1.59363 0.721399 220.836 473.91 -13 86 1 0 1
16.6404 -6.26462 122300 -18.6056 -16.1337 200.718 463.721 -13 87 1 0 1
-19.3957 -7.99452 122650 -17.0027 4.43973 201.458 465.046 -13 87 1 0 1
-38.2292 -22.604 123000 1.83982 -18.7952 201.339 466.368 -13 87 1 0 1
-28.0572 -36.7605 123350 -1.90435 3.67807 202.181 467.688 -13 87 1 0 1
-37.7589 -9.36232 123700 4.57103 24.1939 200.719 469.01 -13 87 1 0 1
-10.1871 7.63895 124050 17.2485 -3.21738 201.461 470.335 -13 87 1 0 1
15.6546 10.3362 124400 9.75649 11.0286 201.686 471.656 -13 87 1 0 1
23.9268 28.8418 124750 7.85485 5.12767 202.006 472.976 -13 87 1 0 1
46.172 11.9267 125100 4.80711 -24.8229 200.636 474.299 -13 87 1 0 1
30.1086 -11.6922 125450 -11.9499 1.9931 201.86 475.622 -13 87 1 0 1
9.4363 -2.0979 125800 -14.5571 0.819522 201.697 476.942 -13 87 1 0 1
-12.4744 -15.3779 126150 -12.6522 -9.86808 201.586 478.263 -13 87 1 0 1
69.9738 63.5961 122300 42.5822 -36.8973 200.588 461.523 -13 88 1 0 1
82.2114 2.84549 122650 -11.8622 -9.48255 207.797 462.86 -13 88 1 0 1
54.5295 17.2532 123000 -25.6335 7.86162 206.619 464.175 -13 88 1 0 1
22.0507 -7.71233 123350 -11.1767 -30.797 205.759 465.495 -13 88 1 0 1
-26.9633 -50.4066 123700 -46.663 0.288093 203.059 466.831 -13 88 1 0 1
-77.1874 -23.578 124050 -12.5084 4.8849 207.918 468.16 -13 88 1 0 1
-69.7762 -57.5352 124400 30.0999 -25.1886 204.621 469.48 -13 88 1 0 1
-29.6112 -50.1451 124750 2.40881 24.6923 206.869 470.803 -13 88 1 0 1
-23.1688 6.95066 125100 23.465 32.4518 204.467 472.131 -13 88 1 0 1
31.3917 26.8988 125450 27.3739 4.2389 206.502 473.459 -13 88 1 0 1
45.785 63.3834 125800 -18.8878 28.7666 205.49 474.781 -13 88 1 0 1
17.5035 77.6825 126150 5.00885 -4.72451 208.238 476.098 -13 88 1 0 1
21.4118 23.5576 122300 19.1058 -13.5236 192.547 465.163 -13 89 1 0 1
31.3352 -4.18133 122650 -1.32013 -6.91931 193.837 466.498 -13 89 1 0 1
30.546 0.957386 123000 -3.64607 7.90218 193.769 467.828 -13 89 1 0 1
21.4917 -0.325432 123350 -3.24751 -10.2456 193.667 469.159 -13 89 1 0 1
2.36245 -22.9661 123700 -20.6806 -4.76633 192.8 470.494 -13 89 1 0 1
-24.0691 -12.9283 124050 -6.49714 4.97066 193.792 471.828 -13 89 1 0 1
-25.7461 -20.5621 124400 6.83004 -8.16587 193.672 473.159 -13 89 1 0 1
-17.0506 -20.3004 124750 -2.75712 7.31274 193.807 474.489 -13 89 1 0 1
-20.6078 5.92028 125100 8.24885 17.6006 192.988 475.823 -13 89 1 0 1
2.90806 18.0629 125450 9.51031 0.22803 193.731 477.157 -13 89 1 0 1
6.40663 24.1629 125800 -5.35608 4.09535 193.848 478.487 -13 89 1 0 1
2.36617 25.4901 126150 5.38062 -0.29611 193.89 479.817 -13 89 1 0 1
34.8569 14.9801 122300 23.7218 -44.501 217.76 455.179 -13 90 1 0 1
32.4822 -50.2406 122650 -5.09031 -27.6219 221.751 456.495 -13 90 1 0 1
61.3206 -65.8791 123000 30.7208 15.6284 220.849 457.796 -13 90 1 0 1
75.3639 -43.7295 123350 -10.7366 -7.42526 223.141 459.094 -13 90 1 0 1
21.5189 -70.2653 123700 -53.5493 1.96378 217.005 460.408 -13 90 1 0 1
-26.839 -26.713 124050 -6.26965 31.0331 221.269 461.726 -13 90 1 0 1
-40.3162 2.89233 124400 -15.5462 5.20639 222.921 463.024 -13 90 1 0 1
-65.9421 9.33335 124750 -15.9064 16.2178 222.365 464.319 -13 90 1 0 1
-58.2555 69.3401 125100 39.5709 38.3537 216.623 465.635 -13 90 1 0 1
-1.52725 77.6482 125450 10.3149 -12.1231 222.955 466.949 -13 90 1 0 1
-13.066 53.5053 125800 -8.45705 -23.0284 222.172 468.245 -13 90 1 0 1
5.78716 24.1036 126150 27.7721 -12.2618 221.451 469.544 -13 90 1 0 1
-22.7326 20.061 122300 6.73509 18.2283 192.035 466.904 -13 92 1 0 1
-3.45929 34.8482 122650 3.58709 1.36831 192.977 468.239 -13 92 1 0 1
-14.4897 30.2283 123000 -7.86138 -10.2215 192.584 469.572 -13 92 1 0 1
-6.82363 15.2295 123350 13.5846 -2.60033 192.519 470.905 -13 92 1 0 1
19.5497 -2.25511 123700 6.09507 -20.8484 191.79 472.242 -13 92 1 0 1
11.4555 -32.8217 124050 -2.95621 -10.3126 192.717 473.579 -13 92 1 0 1
29.3343 -37.4734 124400 14.8984 10.5577 192.15 474.913 -13 92 1 0 1
30.7301 -21.5521 124750 -10.6091 -2.2081 192.711 476.247 -13 92 1 0 1
-5.33474 -24.0113 125100 -23.1523 12.784 191.195 477.586 -13 92 1 0 1
-20.7519 12.761 125450 -1.0803 16.987 192.264 478.927 -13 92 1 0 1
-39.3462 23.5178 125800 -14.5903 -8.76532 192.264 480.262 -13 92 1 0 1
-48.0342 12.4694 126150 1.71435 7.59349 192.859 481.595 -13 92 1 0 1
-8.22941 21.2796 122300 -17.6573 4.23022 204.102 465.992 -13 93 1 0 1
-35.4921 41.061 122650 -21.6137 9.24268 203.556 467.312 -13 93 1 0 1
-83.2648 9.8772 123000 -10.2636 -47.2093 199.132 468.649 -13 93 1 0 1
-57.8103 -37.6273 123350 15.7674 0.793905 204.299 469.984 -13 93 1 0 1
-39.0263 -15.3499 123700 17.0328 13.3268 203.764 471.302 -13 93 1 0 1
-1.73542 -24.5365 124050 24.6561 -18.1248 202.611 472.625 -13 93 1 0 1
59.8481 -24.9536 124400 32.6434 31.1556 199.878 473.964 -13 93 1 0 1
74.2793 25.1707 124750 0.99372 7.55441 204.767 475.295 -13 93 1 0 1
75.3974 -4.9594 125100 -15.7145 -29.4857 202.166 476.616 -13 93 1 0 1
33.84 -9.47491 125450 -20.1115 21.3388 202.8 477.944 -13 93 1 0 1
-16.3363 21.649 125800 -39.4045 -3.26057 201.058 479.278 -13 93 1 0 1
-63.7612 -8.94702 126150 -19.7921 -10.8089 203.664 480.61 -13 93 1 0 1
-49.1509 49.3363 122300 22.8063 33.9832 187.308 470.468 -13 94 1 0 1
-2.56422 64.2349 122650 7.28433 -6.58484 191.475 471.819 -13 94 1 0 1
-15.2678 44.3112 123000 -6.2005 -19.4464 190.637 473.155 -13 94 1 0 1
8.11602 18.617 123350 26.0282 -7.39851 189.808 474.497 -13 94 1 0 1
45.946 -26.2431 123700 -3.61865 -40.5885 187.347 475.853 -13 94 1 0 1
13.9489 -69.1385 124050 -6.83139 -8.38369 191.422 477.204 -13 94 1 0 1
41.4951 -63.5472 124400 19.9413 23.0701 189.287 478.545 -13 94 1 0 1
30.1307 -30.5021 124750 -25.1955 1.88165 190.055 479.89 -13 94 1 0 1
-28.0197 -10.344 125100 -22.3351 33.8345 187.392 481.246 -13 94 1 0 1
-28.0336 50.4817 125450 2.0998 22.0493 190.444 482.601 -13 94 1 0 1
-63.2989 57.6588 125800 -25.6696 -23.1785 188.582 483.947 -13 94 1 0 1
-63.9484 25.5714 126150 16.3403 5.55484 190.949 485.291 -13 94 1 0 1
61.6829 57.6205 122300 41.6822 -24.5309 182.034 473.498 -13 95 1 0 1
82.9514 6.00196 122650 -6.14575 -4.11384 188.204 474.86 -13 95 1 0 1
53.2266 33.1279 123000 -32.1119 10.6606 185.285 476.21 -13 95 1 0 1
11.7698 2.34469 123350 -8.50855 -31.3597 185.525 477.568 -13 95 1 0 1
-33.1248 -42.5046 123700 -40.3308 1.41762 183.975 478.933 -13 95 1 0 1
-78.3067 -15.9426 124050 -9.77232 1.26244 188.092 480.289 -13 95 1 0 1
-63.9862 -58.1487 124400 35.7296 -22.9519 183.5 481.645 -13 95 1 0 1
-13.8003 -39.5361 124750 4.61187 27.823 186.226 483.007 -13 95 1 0 1
3.49462 14.1983 125100 26.6989 18.6736 185.51 484.364 -13 95 1 0 1
55.0948 18.3743 125450 21.063 3.71621 187.131 485.718 -13 95 1 0 1
57.0053 66.3907 125800 -31.4376 28.8941 183.446 487.077 -13 95 1 0 1
8.47324 62.9971 126150 -1.77148 -17.9384 187.485 488.435 -13 95 1 0 1
-30.203 11.2103 122300 -6.06849 22.1697 181.63 474.585 -13 96 1 0 1
-21.9222 41.3331 122650 0.1594 5.84967 182.986 475.94 -13 96 1 0 1
-41.0068 28.3992 123000 -6.2241 -21.2552 181.735 477.293 -13 96 1 0 1
-21.1584 6.97441 123350 18.079 3.09797 182.158 478.648 -13 96 1 0 1
18.2085 1.02294 123700 15.4483 -19.001 181.434 480.006 -13 96 1 0 1
23.0736 -37.512 124050 2.59309 -13.5834 182.556 481.363 -13 96 1 0 1
52.6027 -33.8803 124400 14.5029 22.4117 181.122 482.719 -13 96 1 0 1
43.2969 -7.61947 124750 -14.1939 -5.04777 182.458 484.074 -13 96 1 0 1
0.574461 -19.7133 125100 -27.6955 9.26697 180.735 485.434 -13 96 1 0 1
-25.5526 21.1554 125450 -7.00257 19.7407 181.877 486.797 -13 96 1 0 1
-59.7854 25.0037 125800 -17.4976 -21.2973 180.992 488.155 -13 96 1 0 1
-60.4373 -1.12353 126150 5.90162 7.23922 182.841 489.51 -13 96 1 0 1
-71.7026 9.49252 122300 1.97529 37.9727 188.153 470.72 -13 97 1 0 1
-39.8663 39.9423 122650 11.972 -6.66963 191.467 472.068 -13 97 1 0 1
-24.6634 12.7432 123000 16.052 -13.6877 190.794 473.406 -13 97 1 0 1
14.6985 16.7805 123350 24.1476 10.0724 190.166 474.749 -13 97 1 0 1
63.534 -3.5619 123700 12.2611 -37.1003 187.938 476.101 -13 97 1 0 1
51.4787 -49.0226 124050 -3.4732 -3.61948 191.891 477.449 -13 97 1 0 1
59.9721 -20.9455 124400 -5.47836 28.1154 189.808 478.789 -13 97 1 0 1
22.7157 -7.47259 124750 -24.5396 -12.8627 189.947 480.134 -13 97 1 0 1
-35.259 -11.9293 125100 -29.8585 23.245 188.19 481.488 -13 97 1 0 1
-56.0585 37.9186 125450 -8.18097 14.2331 191.254 482.838 -13 97 1 0 1
-85.2068 13.9699 125800 -3.05647 -37.083 188.316 484.184 -13 97 1 0 1
-56.1705 -12.2288 126150 17.063 14.5057 190.646 485.531 -13 97 1 0 1
-32.9841 -19.2422 122300 -17.1508 10.125 188.377 470.187 -13 98 1 0 1
-43.3866 0.27588 122650 0.320828 -0.551382 189.426 471.527 -13 98 1 0 1
-30.5987 -20.5679 123000 19.1632 -9.90102 188.195 472.868 -13 98 1 0 1
-1.10723 -8.0326 123350 8.28499 15.4308 188.616 474.212 -13 98 1 0 1
22.128 8.43504 123700 16.6209 -4.40447 188.645 475.554 -13 98 1 0 1
41.0089 -6.93393 124050 7.61538 -1.19195 189.271 476.895 -13 98 1 0 1
45.8696 19.1812 124400 -12.719 20.4042 187.895 478.237 -13 98 1 0 1
17.169 22.0102 124750 -7.71548 -12.9138 188.829 479.581 -13 98 1 0 1
-0.905168 -3.25048 125100 -17.7975 -6.11489 188.49 480.924 -13 98 1 0 1
-32.5935 4.44932 125450 -15.6204 3.71756 188.746 482.267 -13 98 1 0 1
-53.0927 -21.4724 125800 5.5199 -26.5616 187.475 483.612 -13 98 1 0 1
-31.1771 -37.9358 126150 2.87132 8.31106 189.223 484.956 -13 98 1 0 1
-48.1973 -93.3413 122300 -42.5069 19.3516 209.56 464.277 -13 99 1 0 1
-63.5632 -52.5355 122650 20.4979 6.45988 213.623 465.595 -13 99 1 0 1
-2.90781 -44.4186 123000 39.7675 26.2225 209.35 466.918 -13 99 1 0 1
18.8168 21.1387 123350 -1.04781 37.5472 211.39 468.247 -13 99 1 0 1
51.977 59.4298 123700 38.2966 -3.14022 211.235 469.566 -13 99 1 0 1
86.3478 42.8784 124050 2.18133 7.70684 214.552 470.878 -13 99 1 0 1
44.4442 83.4203 124400 -54.6716 10.2772 207.369 472.203 -13 99 1 0 1
-10.6532 43.7841 124750 -4.20939 -35.4518 211.712 473.536 -13 99 1 0 1
-22.5446 -5.61664 125100 -22.3072 -19.442 212.652 474.851 -13 99 1 0 1
-68.1849 -21.6027 125450 -25.7377 -16.3337 212.526 476.165 -13 99 1 0 1
-65.2147 -89.8316 125800 44.7154 -41.2641 205.899 477.5 -13 99 1 0 1
-3.18127 -93.0396 126150 4.76371 17.9776 213.894 478.83 -13 99 1 0 1
-13.6861 4.11688 122300 2.96426 4.69473 190.756 466.98 -13 100 1 0 1
-6.48743 4.64643 122650 2.49857 -3.54255 190.788 468.315 -13 100 1 0 1
0.473196 -1.94295 123000 6.3836 -0.661201 190.729 469.65 -13 100 1 0 1
10.7559 2.96766 123350 5.18463 2.30452 190.753 470.985 -13 100 1 0 1
19.326 -5.13926 123700 -0.344547 -10.352 190.556 472.321 -13 100 1 0 1
12.337 -15.0106 124050 -1.44211 0.34477 190.831 473.656 -13 100 1 0 1
14.044 -6.99991 124400 -1.50802 6.8484 190.708 474.991 -13 100 1 0 1
3.88033 -4.51669 124750 -7.32095 -3.64096 190.662 476.327 -13 100 1 0 1
-14.0392 -3.56666 125100 -8.80757 8.91511 190.425 477.663 -13 100 1 0 1
-19.3617 13.144 125450 -2.43862 4.30368 190.773 479 -13 100 1 0 1
-28.9459 4.89518 125800 -1.45805 -12.1423 190.445 480.335 -13 100 1 0 1
-20.9063 -3.63729 126150 4.77124 5.21483 190.706 481.671 -13 100 1 0 1
