#BLTrackFile VirtualDetector/det30
#x y z Px Py Pz t PDGid EventID TrackID ParentID Weight
#mm mm mm MeV/c MeV/c MeV/c ns - - - - -
104.396 -42.3829 126500 -21.3748 -51.9018 202.704 480.989 -13 1 1 0 1
-4.45381 -7.07766 126500 -5.24247 -13.4209 200.324 479.026 -13 2 1 0 1
3.28346 63.0213 126500 33.2097 -23.0758 190.854 485.093 -13 3 1 0 1
-40.6499 -12.9446 126500 -22.1731 1.33445 195.467 486.006 -13 4 1 0 1
75.1292 -108.661 126500 -63.3296 -20.0682 195.274 493.947 -13 5 1 0 1
18.705 22.9313 126500 8.10613 -12.8831 207.316 474.573 -13 6 1 0 1
-94.9213 -26.3185 126500 15.4035 52.3234 192.174 491.181 -13 8 1 0 1
22.0264 5.06706 126500 10.1404 -13.215 191.944 481.853 -13 9 1 0 1
74.2527 -13.1716 126500 3.20496 -39.4404 201.663 478.351 -13 10 1 0 1
-143.356 -25.6354 126500 -9.99905 80.5082 173.175 498.951 -13 11 1 0 1
-14.3547 5.18515 126500 -18.5324 24.815 189.905 489.03 -13 12 1 0 1
39.3816 55.9212 126500 35.0564 -37.6314 216.401 470.097 -13 13 1 0 1
-55.7201 -23.4125 126500 -21.7697 14.1611 199.2 482.96 -13 14 1 0 1
-4.37436 -46.1401 126500 -22.1089 11.3669 194.33 483.278 -13 15 1 0 1
-31.6614 -14.7724 126500 11.4666 27.1129 202.971 479.063 -13 16 1 0 1
-8.27699 52.278 126500 27.8652 -26.2183 220.317 471.925 -13 17 1 0 1
-14.6752 -45.9509 126500 -16.9926 12.331 203.138 478.7 -13 18 1 0 1
-23.2435 22.4637 126500 38.7249 15.5971 201.081 479.128 -13 19 1 0 1
-1.87463 -11.6997 126500 1.123 10.579 198.35 479.87 -13 20 1 0 1
21.6828 39.1227 126500 23.0015 -17.9506 195.458 479.544 -13 21 1 0 1
-43.1501 -54.0488 126500 -20.3999 24.4495 202.494 480.233 -13 22 1 0 1
104.236 -73.5458 126500 -23.9537 -68.8604 190.129 489.226 -13 23 1 0 1
-77.225 -8.5842 126500 -8.00015 34.5719 209.58 477.327 -13 24 1 0 1
-33.2882 74.6621 126500 45.172 7.95949 194.868 481.581 -13 25 1 0 1
5.14024 15.6776 126500 43.2862 1.67755 188.964 489.095 -13 26 1 0 1
18.1332 -55.4922 126500 -25.5516 25.2692 213.907 480.597 -13 27 1 0 1
34.9706 74.6571 126500 44.0147 -13.2439 196.844 479.685 -13 28 1 0 1
-33.1754 76.7753 126500 23.5364 29.5637 219.335 474.453 -13 29 1 0 1
38.1643 -11.1805 126500 7.47972 -19.4739 201.228 477.983 -13 30 1 0 1
-82.6237 -48.0728 126500 6.02186 44.8618 190.642 496.198 -13 31 1 0 1
-58.068 68.6182 126500 26.2685 32.2278 189.242 487.816 -13 32 1 0 1
20.4011 -8.70465 126500 8.02655 -37.2246 198.89 481.116 -13 33 1 0 1
-8.5916 -17.2434 126500 -25.6809 -9.33228 165.382 510.391 -13 34 1 0 1
34.2289 12.663 126500 18.4849 -15.0931 174.031 494.38 -13 35 1 0 1
2.63975 2.88105 126500 23.6778 7.83968 195.93 482.053 -13 36 1 0 1
-1.46348 14.0862 126500 13.8221 -4.3129 194.25 480.535 -13 37 1 0 1
-1.91124 -70.034 126500 -31.4204 -10.224 199.703 481.659 -13 38 1 0 1
53.111 11.524 126500 20.7805 -27.8198 178.313 491.617 -13 39 1 0 1
13.2819 -11.335 126500 -18.6053 -12.549 180.159 491.131 -13 40 1 0 1
28.1848 9.6981 126500 19.4094 -28.8633 203.312 476.262 -13 41 1 0 1
-80.1995 24.9776 126500 30.1288 39.4741 184.317 489.889 -13 42 1 0 1
-29.8399 58.8354 126500 34.1784 24.0521 197.814 479.506 -13 43 1 0 1
16.6785 10.1364 126500 14.381 36.7382 203.963 487.279 -13 44 1 0 1
17.3677 5.71986 126500 2.88947 -9.87921 190.837 482.655 -13 45 1 0 1
-46.3364 88.7504 126500 41.5855 39.4714 208.121 477.471 -13 46 1 0 1
27.111 62.6169 126500 27.0483 -27.4859 194.87 481.755 -13 47 1 0 1
-51.6048 -4.54637 126500 -8.69122 15.4392 209.035 476.864 -13 48 1 0 1
1.8845 14.6478 126500 21.5955 -7.936 200.655 477.381 -13 49 1 0 1
3.3368 18.1959 126500 35.5174 -30.5657 212.947 475.183 -13 50 1 0 1
-16.977 -10.9598 126500 -3.83499 5.21245 192.795 482.273 -13 51 1 0 1
-0.032763 -15.8654 126500 11.5597 -14.3312 177.996 494.47 -13 52 1 0 1
21.6379 2.21602 126500 -2.35651 -23.2145 178.857 490.934 -13 53 1 0 1
-61.5199 32.0674 126500 30.9021 28.6603 201.166 478.777 -13 54 1 0 1
-160.437 -35.4997 126500 -26.3821 83.0084 178.054 499.804 -13 55 1 0 1
18.0587 19.5833 126500 -12.6075 13.4319 201.748 484.587 -13 56 1 0 1
-104.902 -94.9344 126500 -51.4211 64.2887 150.68 532.693 -13 57 1 0 1
95.4666 17.5721 126500 34.5754 -55.9134 194.484 483.586 -13 58 1 0 1
81.5994 -91.7621 126500 -29.5516 -65.3953 194.557 489.702 -13 59 1 0 1
-79.5731 -47.5546 126500 -22.8258 45.8815 197.032 483.807 -13 60 1 0 1
13.3588 23.3538 126500 18.6784 -12.8732 197.458 478.499 -13 61 1 0 1
-47.5749 6.23081 126500 24.5988 30.4166 191.215 485.036 -13 62 1 0 1
-6.93206 121.216 126500 68.3302 -11.7749 198.501 481.152 -13 63 1 0 1
-38.401 15.5017 126500 13.8966 14.2406 187.289 485.695 -13 64 1 0 1
15.5169 51.126 126500 30.6941 -14.5779 189.988 482.661 -13 65 1 0 1
-27.8887 11.0377 126500 4.68443 13.1587 207.972 474.963 -13 66 1 0 1
14.06 -18.1426 126500 -5.3092 21.963 207.974 479.707 -13 67 1 0 1
-90.1597 -46.0176 126500 -26.4503 36.5812 207.384 481.061 -13 68 1 0 1
83.6559 94.6015 126500 33.1916 -59.023 197.073 486.621 -13 69 1 0 1
0.260903 33.87 126500 12.7829 15.3991 207.605 476.276 -13 70 1 0 1
53.5443 74.4873 126500 21.4526 -56.7961 191.084 491.597 -13 71 1 0 1
74.6858 7.65111 126500 34.6174 -46.7078 178.583 494.326 -13 72 1 0 1
3.67097 21.6451 126500 19.9632 -2.46059 212.661 471.949 -13 73 1 0 1
51.372 19.1806 126500 24.2225 -20.9591 193.033 482.43 -13 74 1 0 1
-3.90095 -14.0118 126500 -3.49887 3.44735 184.054 487.318 -13 75 1 0 1
-15.0248 -67.8203 126500 -26.0847 25.936 196.367 485.613 -13 76 1 0 1
62.2847 27.8014 126500 3.26068 -43.2145 201.005 478.909 -13 77 1 0 1
-30.8511 -8.02529 126500 12.3801 17.692 204.641 477.169 -13 78 1 0 1
59.9329 5.25941 126500 18.3466 -38.7065 184.558 487.313 -13 79 1 0 1
-64.5205 -12.7132 126500 -19.1972 17.6408 206.66 480.279 -13 80 1 0 1
49.2259 -70.4197 126500 -22.3694 -51.3487 201.988 482.455 -13 81 1 0 1
17.4181 65.7211 126500 43.585 1.04043 206.101 475.082 -13 82 1 0 1
80.8207 -33.7625 126500 7.45012 -59.1313 183.436 495.036 -13 83 1 0 1
-29.6734 15.1525 126500 -13.5426 8.39407 205.542 479.671 -13 84 1 0 1
77.5073 103.679 126500 62.3826 -43.7492 187.686 485.441 -13 85 1 0 1
86.5132 19.603 126500 -9.6094 -45.1806 215.959 475.219 -13 86 1 0 1
-42.1915 -8.78391 126500 -11.934 21.3836 200.735 479.587 -13 87 1 0 1
52.4455 41.9567 126500 11.7666 -42.0802 203.718 477.424 -13 88 1 0 1
21.8269 13.4541 126500 7.30788 -16.4173 193.131 481.15 -13 89 1 0 1
43.7631 -18.6623 126500 3.16189 -43.0818 219.309 470.855 -13 90 1 0 1
-19.835 42.1025 126500 32.5492 6.79429 190.13 482.937 -13 92 1 0 1
-88.8408 24.7402 126500 8.78769 40.7009 200.633 481.939 -13 93 1 0 1
-5.25135 42.7623 126500 42.2072 -11.8963 186.645 486.647 -13 94 1 0 1
17.4694 18.3146 126500 -7.2949 -28.1235 186.095 489.786 -13 95 1 0 1
-27.214 34.2822 126500 34.9979 8.53618 179.5 490.873 -13 96 1 0 1
-8.48176 23.5282 126500 39.5747 2.7522 187.813 486.885 -13 97 1 0 1
-28.6553 -3.09423 126500 14.0133 21.8599 187.639 486.3 -13 98 1 0 1
-23.1562 -50.4495 126500 -4.80417 37.9749 211.262 480.145 -13 99 1 0 1
-5.04697 11.0163 126500 15.0674 2.87826 190.219 483.009 -13 100 1 0 1
