#BLTrackFile VirtualDetector/det3
#x y z Px Py Pz t PDGid EventID TrackID ParentID Weight
#mm mm mm MeV/c MeV/c MeV/c ns - - - - -
#BLTrackFile VirtualDetector/det3
#x y z Px Py Pz t PDGid EventID TrackID ParentID Weight
#mm mm mm MeV/c MeV/c MeV/c ns - - - - -
#BLTrackFile VirtualDetector/det3
#x y z Px Py Pz t PDGid EventID TrackID ParentID Weight
#mm mm mm MeV/c MeV/c MeV/c ns - - - - -
#BLTrackFile VirtualDetector/det3
#x y z Px Py Pz t PDGid EventID TrackID ParentID Weight
#mm mm mm MeV/c MeV/c MeV/c ns - - - - -
#BLTrackFile VirtualDetector/det3
#x y z Px Py Pz t PDGid EventID TrackID ParentID Weight
#mm mm mm MeV/c MeV/c MeV/c ns - - - - -
#BLTrackFile VirtualDetector/det3
#x y z Px Py Pz t PDGid EventID TrackID ParentID Weight
#mm mm mm MeV/c MeV/c MeV/c ns - - - - -
#BLTrackFile VirtualDetector/det3
#x y z Px Py Pz t PDGid EventID TrackID ParentID Weight
#mm mm mm MeV/c MeV/c MeV/c ns - - - - -
#BLTrackFile VirtualDetector/det3
#x y z Px Py Pz t PDGid EventID TrackID ParentID Weight
#mm mm mm MeV/c MeV/c MeV/c ns - - - - -
#BLTrackFile VirtualDetector/det3
#x y z Px Py Pz t PDGid EventID TrackID ParentID Weight
#mm mm mm MeV/c MeV/c MeV/c ns - - - - -
#BLTrackFile VirtualDetector/det3
#x y z Px Py Pz t PDGid EventID TrackID ParentID Weight
#mm mm mm MeV/c MeV/c MeV/c ns - - - - -
#BLTrackFile VirtualDetector/det3
#x y z Px Py Pz t PDGid EventID TrackID ParentID Weight
#mm mm mm MeV/c MeV/c MeV/c ns - - - - -
#BLTrackFile VirtualDetector/det3
#x y z Px Py Pz t PDGid EventID TrackID ParentID Weight
#mm mm mm MeV/c MeV/c MeV/c ns - - - - -
116.841 -19.3376 13100 -4.51061 -61.3899 201.115 49.9012 -13 1 1 0 1
71.9731 -62.5733 13450 -15.9226 13.9021 209.26 51.2384 -13 1 1 0 1
51.6772 -9.22325 13800 -29.1566 32.4651 205.748 52.5638 -13 1 1 0 1
-13.7544 -3.61384 14150 -38.0504 -13.2808 206.427 53.8966 -13 1 1 0 1
-75.3773 15.1007 14500 -19.2366 41.7264 205.245 55.2305 -13 1 1 0 1
-76.1247 64.7093 14850 -6.71188 3.76103 210.184 56.5534 -13 1 1 0 1
-99.9025 13.5344 15200 8.61914 -54.9947 202.824 57.8835 -13 1 1 0 1
-43.9468 -23.9482 15550 33.1358 10.9553 207.409 59.2223 -13 1 1 0 1
8.5012 -10.0016 15900 29.9926 -9.57942 207.955 60.5453 -13 1 1 0 1
44.758 -44.6189 16250 23.4327 -17.0915 208.315 61.8655 -13 1 1 0 1
100.119 -17.7345 16600 16.5629 52.3522 203.031 63.2003 -13 1 1 0 1
78.3811 36.1837 16950 -16.0611 -2.03866 209.701 64.5319 -13 1 1 0 1
-2.5123 -34.8258 13100 -12.3401 -3.61085 200.424 49.6431 -13 2 1 0 1
-11.5792 -31.6779 13450 6.26722 0.451936 200.738 50.9635 -13 2 1 0 1
14.7929 -23.2231 13800 14.8461 17.0119 199.563 52.2875 -13 2 1 0 1
16.0101 7.6962 14150 -5.79688 11.6075 200.417 53.6128 -13 2 1 0 1
17.7223 19.0439 14500 6.92939 0.408706 200.716 54.9331 -13 2 1 0 1
23.2024 19.3155 14850 -2.45488 5.64159 200.742 56.2527 -13 2 1 0 1
0.749971 30.5941 15200 -20.8869 -3.63399 199.714 57.5761 -13 2 1 0 1
-16.443 8.36311 15550 -0.0294921 -12.0197 200.476 58.9005 -13 2 1 0 1
-19.7696 -2.76104 15900 -5.05759 -0.963174 200.77 60.2206 -13 2 1 0 1
-28.9986 -5.69095 16250 -5.10114 -7.67344 200.625 61.5404 -13 2 1 0 1
-20.9785 -32.5473 16600 19.3697 -12.6371 199.5 62.865 -13 2 1 0 1
5.06792 -28.6203 16950 3.28279 8.40284 200.633 64.1893 -13 2 1 0 1
15.7978 -44.2065 13100 -19.1213 9.03486 193.935 50.2514 -13 3 1 0 1
12.4376 -11.2534 13450 12.8392 21.5203 193.468 51.5872 -13 3 1 0 1
14.2223 40.503 13800 -23.0216 26.2292 191.938 52.932 -13 3 1 0 1
-27.7263 55.3918 14150 -8.34969 4.18982 194.861 54.2722 -13 3 1 0 1
-2.44499 67.2319 14500 28.8901 -7.05158 192.805 55.6072 -13 3 1 0 1
10.7834 33.3607 14850 -14.2635 -17.3954 193.783 56.9458 -13 3 1 0 1
-12.338 -8.49158 15200 3.77179 -30.3541 192.672 58.287 -13 3 1 0 1
16.7294 -46.317 15550 11.9953 -16.4999 194.015 59.6279 -13 3 1 0 1
-8.16958 -76.7273 15900 -35.9889 -0.0600277 191.736 60.9689 -13 3 1 0 1
-36.13 -50.8473 16250 9.15293 9.3035 194.648 62.3088 -13 3 1 0 1
0.84102 -33.3029 16600 18.3661 23.2812 192.818 63.6465 -13 3 1 0 1
-5.06426 15.1179 16950 -13.6962 24.6733 193.033 64.9891 -13 3 1 0 1
-24.177 -27.603 13100 10.7297 27.463 194.496 50.3291 -13 4 1 0 1
23.7564 -6.58989 13450 33.6722 3.15928 193.789 51.6711 -13 4 1 0 1
66.7475 42.1295 13800 -6.10559 47.0424 190.913 53.0257 -13 4 1 0 1
33.5186 84.367 14150 -1.91222 1.58304 196.703 54.3713 -13 4 1 0 1
63.8111 49.9637 14500 8.53127 -42.7272 191.832 55.7125 -13 4 1 0 1
24.8296 4.03476 14850 -34.5648 -3.05122 193.634 57.0637 -13 4 1 0 1
-30.0126 -21.5252 15200 -13.6666 -34.4825 193.19 58.4113 -13 4 1 0 1
-27.3802 -75.85 15550 -6.34132 -19.9647 195.6 59.7536 -13 4 1 0 1
-84.5414 -64.7624 15900 -30.3754 44.7484 189.138 61.1068 -13 4 1 0 1
-70.2582 -4.62618 16250 25.9166 2.55869 194.987 62.4624 -13 4 1 0 1
-16.7007 -9.34552 16600 30.7315 12.5547 193.897 63.8039 -13 4 1 0 1
11.4317 41.6242 16950 11.2386 32.2124 193.737 65.1489 -13 4 1 0 1
24.7637 -8.65795 13100 41.0755 -44.1022 197.253 51.0698 -13 5 1 0 1
49.3742 -98.3684 13450 16.8965 -40.4149 201.549 52.4295 -13 5 1 0 1
143.84 -85.76 13800 45.5521 74.5526 186.836 53.8158 -13 5 1 0 1
113.14 4.64295 14150 -41.7849 -3.36676 201.949 55.202 -13 5 1 0 1
26.7341 -18.5909 14500 -57.033 11.3395 197.888 56.558 -13 5 1 0 1
-36.7729 52.6801 14850 -27.6681 45.8773 199.175 57.9218 -13 5 1 0 1
-131.874 59.2904 15200 -50.1045 -58.8902 191.213 59.3019 -13 5 1 0 1
-132.879 -20.8481 15550 16.6232 2.40464 205.569 60.6643 -13 5 1 0 1
-84.9537 35.5809 15900 55.5668 26.2049 196.892 62.0104 -13 5 1 0 1
-1.47279 -0.767589 16250 31.2268 -45.4063 198.756 63.3757 -13 5 1 0 1
81.9298 -37.9119 16600 55.3175 25.6046 197.041 64.7411 -13 5 1 0 1
127.585 18.567 16950 13.9224 3.72315 205.75 66.0862 -13 5 1 0 1
-7.0643 9.43981 13100 17.4713 2.54419 207.119 49.0845 -13 6 1 0 1
16.7105 -1.87146 13450 10.7148 -8.0772 207.436 50.3982 -13 6 1 0 1
35.7631 3.83845 13800 6.21748 15.4189 207.204 51.7108 -13 6 1 0 1
36.1364 19.8624 14150 2.67188 -2.07779 207.842 53.0224 -13 6 1 0 1
39.4223 -6.52365 14500 -9.97269 -22.5718 206.4 54.3369 -13 6 1 0 1
11.8651 -19.3102 14850 -12.5492 4.50555 207.442 55.6527 -13 6 1 0 1
-2.88264 -14.2836 15200 -7.01041 -2.09496 207.741 56.9638 -13 6 1 0 1
-15.5835 -23.6177 15550 -11.9896 -5.10608 207.461 58.2748 -13 6 1 0 1
-44.2296 -8.69329 15900 -10.1559 25.6734 206.028 59.5916 -13 6 1 0 1
-38.4065 21.5534 16250 4.58947 3.14053 207.795 60.9077 -13 6 1 0 1
-36.5671 7.8852 16600 5.74502 -13.4814 207.353 62.2188 -13 6 1 0 1
-18.2803 5.88586 16950 11.7999 10.9043 207.248 63.5312 -13 6 1 0 1
166.304 145.135 13100 113.636 -72.7669 136.602 55.3629 -13 7 1 0 1
151.651 -20.8008 13450 -58.5587 0.181452 182.864 56.9507 -13 7 1 0 1
32.6048 1.03412 13800 -63.6282 -22.3281 179.781 58.3643 -13 7 1 0 1
-35.1793 -108.242 14150 -30.9309 -62.8777 178.768 59.7909 -13 7 1 0 1
-197.507 -89.2287 14500 -41.337 118.554 145.275 61.3553 -13 7 1 0 1
-66.835 29.7362 14850 81.2963 -24.727 172.186 62.9444 -13 7 1 0 1
87.969 37.691 15200 50.5762 65.1737 173.386 64.4221 -13 7 1 0 1
108.199 155.041 15550 23.9309 26.853 188.612 65.8399 -13 7 1 0 1
202.053 32.7504 15900 -38.7509 -123.582 141.754 67.3852 -13 7 1 0 1
-30.0462 12.636 16250 -94.8393 62.5435 154.798 69.0888 -13 7 1 0 1
-241.785 -70.0244 16600 24.977 -142.091 126.708 70.8525 -13 7 1 0 1
-47.6799 -82.0584 16950 38.9176 88.2975 166.005 72.5468 -13 7 1 0 1
24.6465 5.48331 13100 48.0772 -4.0315 193.841 50.8296 -13 8 1 0 1
90.1375 -34.4811 13450 33.7469 -12.8693 196.463 52.1831 -13 8 1 0 1
141.118 33.5019 13800 -16.5363 73.6721 184.935 53.5626 -13 8 1 0 1
67.399 73.2138 14150 -23.1351 -25.922 196.71 54.9409 -13 8 1 0 1
29.1687 6.21849 14500 -41.1606 -27.8152 193.479 56.295 -13 8 1 0 1
-54.8172 11.7933 14850 -45.2507 11.7386 194.208 57.6567 -13 8 1 0 1
-120.5 -44.2051 15200 4.33152 -68.3953 187.631 59.034 -13 8 1 0 1
-71.3904 -97.9723 15550 8.09117 10.7429 199.302 60.3966 -13 8 1 0 1
-78.9462 -30.6145 15900 18.0387 52.8465 191.792 61.7469 -13 8 1 0 1
-0.9968 1.00604 16250 48.0499 -8.98076 193.682 63.114 -13 8 1 0 1
74.9002 31.1934 16600 16.7617 50.959 192.417 64.4786 -13 8 1 0 1
65.6557 96.4636 16950 6.56309 11.3493 199.325 65.8271 -13 8 1 0 1
22.5432 12.7261 13100 6.2862 -11.8661 192.195 49.9101 -13 9 1 0 1
19.0641 -1.41755 13450 -4.88076 0.309254 192.601 51.2433 -13 9 1 0 1
8.3373 4.44008 13800 -7.93181 0.928961 192.498 52.5757 -13 9 1 0 1
-1.00772 -3.49846 14150 -2.79131 -6.68173 192.527 53.9082 -13 9 1 0 1
-12.2357 -10.054 14500 -8.38664 2.51863 192.464 55.2408 -13 9 1 0 1
-19.4833 -4.42096 14850 -0.842357 -1.60933 192.655 56.573 -13 9 1 0 1
-12.2025 -16.4073 15200 10.9895 -5.34288 192.275 57.9059 -13 9 1 0 1
2.19494 -12.3165 15550 1.80998 5.16415 192.586 59.239 -13 9 1 0 1
2.30542 -4.3144 15900 1.01469 3.93455 192.62 60.5709 -13 9 1 0 1
7.85732 1.29304 16250 3.83811 3.70433 192.589 61.9028 -13 9 1 0 1
6.72605 13.8149 16600 -7.84753 6.55575 192.392 63.2354 -13 9 1 0 1
-6.4373 15.6415 16950 -2.58889 -0.391451 192.645 64.5681 -13 9 1 0 1
-48.0765 26.2123 13100 4.0062 20.4569 204.442 49.4976 -13 10 1 0 1
-35.6481 38.8538 13450 -2.01016 -7.16418 205.367 50.8135 -13 10 1 0 1
-41.5339 2.6383 13800 11.108 -28.5771 203.202 52.1348 -13 10 1 0 1
-3.14254 -15.0896 14150 21.6744 3.1964 204.331 53.4591 -13 10 1 0 1
23.7713 -24.2366 14500 5.9113 -16.6304 204.743 54.7771 -13 10 1 0 1
27.227 -47.385 14850 10.1478 -6.50897 205.148 56.0931 -13 10 1 0 1
62.142 -25.3761 15200 11.7287 35.0836 202.145 57.4182 -13 10 1 0 1
44.7212 11.6463 15550 -16.5672 -0.0874596 204.833 58.7435 -13 10 1 0 1
16.1299 2.28957 15900 -19.4622 1.01822 204.576 60.0612 -13 10 1 0 1
-10.8898 24.9186 16250 -15.861 17.859 204.109 61.3811 -13 10 1 0 1
-57.3694 26.2966 16600 -26.4137 -25.6462 202.177 62.7089 -13 10 1 0 1
-68.5273 -11.5064 16950 0.700973 -1.77729 205.493 64.0325 -13 10 1 0 1
28.9261 -148.396 13100 -82.556 -16.0098 171.743 51.6624 -13 11 1 0 1
-47.5732 -79.4814 13450 14.565 39.5297 186.528 53.0822 -13 11 1 0 1
-12.6078 -9.08364 13800 -2.38125 43.1983 186.268 54.4506 -13 11 1 0 1
-60.5067 55.6374 14150 -26.7465 36.1712 185.859 55.8212 -13 11 1 0 1
-13.3131 147.129 14500 80.9718 12.6101 172.777 57.2396 -13 11 1 0 1
59.9769 80.8297 14850 -14.6977 -33.47 187.7 58.6524 -13 11 1 0 1
15.7607 24.714 15200 -9.07034 -40.4452 186.68 60.0148 -13 11 1 0 1
50.3772 -47.7842 15550 25.2609 -41.0799 185.045 61.386 -13 11 1 0 1
2.75264 -143.275 15900 -80.9262 -13.5247 172.73 62.8079 -13 11 1 0 1
-74.6944 -82.5865 16250 10.8362 27.1078 188.985 64.2183 -13 11 1 0 1
-25.7987 -46.7234 16600 21.7853 32.1072 187.249 65.5732 -13 11 1 0 1
-42.9192 27.2009 16950 -24.1191 44.4701 184.413 66.9425 -13 11 1 0 1
-9.88655 30.2342 13100 46.1334 -5.69533 186.707 50.6043 -13 12 1 0 1
42.2106 -22.4103 13450 17.0134 -28.7336 189.487 51.9691 -13 12 1 0 1
94.0581 -20.844 13800 21.854 36.4013 187.664 53.3239 -13 12 1 0 1
90.46 19.5468 14150 -5.89313 -10.1543 192.048 54.6712 -13 12 1 0 1
57.2556 -39.1986 14500 -46.0125 -25.3731 185.093 56.0327 -13 12 1 0 1
-17.06 -16.3161 14850 -23.5309 28.2088 188.867 57.4043 -13 12 1 0 1
-65.1421 -2.1827 15200 -23.0727 -20.5178 189.913 58.7542 -13 12 1 0 1
-84.1136 -33.1726 15550 -12.2775 4.27417 191.967 60.0953 -13 12 1 0 1
-90.8311 35.1507 15900 32.1563 48.4317 183.414 61.4619 -13 12 1 0 1
-15.9075 45.2969 16250 23.6655 -23.0731 189.547 62.8356 -13 12 1 0 1
21.4241 15.0355 16600 23.193 0.0647761 191.004 64.1811 -13 12 1 0 1
60.3157 31.4154 16950 25.1195 2.55836 190.743 65.5229 -13 12 1 0 1
-12.7955 66.3586 13100 42.8834 6.40797 218.156 48.5338 -13 13 1 0 1
29.9034 43.8993 13450 4.85516 -15.9255 221.799 49.8416 -13 13 1 0 1
23.5668 31.0107 13800 -6.05027 -6.98705 222.231 51.1354 -13 13 1 0 1
31.2268 12.6379 14150 15.3175 -17.9366 221.169 52.4307 -13 13 1 0 1
38.2236 -38.971 14500 -21.3304 -37.2458 218.243 53.7401 -13 13 1 0 1
-3.98029 -64.9404 14850 -12.2753 -4.82852 222.032 55.0475 -13 13 1 0 1
12.075 -69.6838 15200 22.6718 8.18552 221.113 56.3434 -13 13 1 0 1
16.7288 -50.4364 15550 -19.1354 6.06284 221.516 57.6403 -13 13 1 0 1
-30.2334 -25.6912 15900 -22.8859 36.216 218.258 58.9493 -13 13 1 0 1
-29.714 29.6078 16250 7.30211 23.4109 221.067 60.2596 -13 13 1 0 1
-44.2446 47.5519 16600 -20.6004 -4.52356 221.421 61.557 -13 13 1 0 1
-57.5623 42.3909 16950 5.76079 12.2134 222.013 62.852 -13 13 1 0 1
-48.7351 -45.5725 13100 -7.52639 30.1829 198.456 49.9952 -13 14 1 0 1
-21.1275 -13.9476 13450 28.4996 0.995118 198.844 51.3275 -13 14 1 0 1
30.5312 6.00623 13800 17.8344 31.6913 197.56 52.6651 -13 14 1 0 1
33.0079 57.3092 14150 4.36862 18.1403 200.01 53.9995 -13 14 1 0 1
73.7958 48.6979 14500 21.9289 -35.0397 196.58 55.3337 -13 14 1 0 1
62.7485 5.64219 14850 -19.731 1.02158 199.905 56.6691 -13 14 1 0 1
16.6091 17.0818 15200 -31.7243 -7.36901 198.221 58.0012 -13 14 1 0 1
-16.0189 -25.744 15550 -12.1175 -28.2661 198.511 59.3374 -13 14 1 0 1
-66.6461 -41.2187 15900 -34.2898 23.2644 196.559 60.6771 -13 14 1 0 1
-86.0692 -1.60342 16250 0.785434 -0.725396 200.876 62.0105 -13 14 1 0 1
-63.1011 -41.3643 16600 36.061 -20.9969 196.497 63.3446 -13 14 1 0 1
-11.4724 -21.1969 16950 12.942 30.211 198.172 64.6858 -13 14 1 0 1
12.9811 -53.2583 13100 -27.8802 -2.55805 193.897 50.099 -13 15 1 0 1
-10.4929 -30.4913 13450 5.06471 15.1642 195.255 51.4339 -13 15 1 0 1
0.790062 -1.3517 13800 -2.6348 18.6697 194.999 52.7659 -13 15 1 0 1
-18.8792 22.9563 14150 -10.3455 12.541 195.233 54.0979 -13 15 1 0 1
-6.78092 52.4969 14500 25.5121 8.06788 194.072 55.4324 -13 15 1 0 1
19.8504 41.2197 14850 -2.55283 -7.35857 195.753 56.7654 -13 15 1 0 1
-1.33292 26.9113 15200 -11.0616 -16.5295 194.896 58.0959 -13 15 1 0 1
5.6143 -5.43943 15550 11.7854 -16.4335 194.862 59.4292 -13 15 1 0 1
3.11971 -40.5671 15900 -20.3774 -14.617 194.297 60.7643 -13 15 1 0 1
-26.959 -44.3589 16250 -3.52311 -1.79478 195.868 62.0968 -13 15 1 0 1
-3.63286 -51.4422 16600 23.0135 7.10957 194.422 63.4282 -13 15 1 0 1
5.59489 -22.1036 16950 -11.5698 15.8437 194.924 64.7621 -13 15 1 0 1
35.5637 63.4689 13100 47.0429 -5.93715 199.532 49.538 -13 16 1 0 1
78.9545 30.4282 13450 4.65303 -5.08707 204.973 50.871 -13 16 1 0 1
57.7287 56.8271 13800 -33.4035 13.8054 201.879 52.1939 -13 16 1 0 1
21.6883 33.6451 14150 -0.119902 -29.7897 202.914 53.5219 -13 16 1 0 1
7.29436 -26.4921 14500 -31.3992 -27.2698 200.828 54.8576 -13 16 1 0 1
-50.8348 -38.6982 14850 -23.3411 -5.46309 203.683 56.1912 -13 16 1 0 1
-48.6617 -80.9045 15200 32.8161 -25.2632 200.864 57.5201 -13 16 1 0 1
-10.203 -78.2925 15550 -6.05078 14.8538 204.461 58.8469 -13 16 1 0 1
-40.5409 -29.2505 15900 -3.46794 44.7327 200.121 60.1802 -13 16 1 0 1
-2.01487 22.6348 16250 28.8855 15.1476 202.479 61.5192 -13 16 1 0 1
15.1948 61.9534 16600 -15.9566 25.3439 202.89 62.8457 -13 16 1 0 1
-8.93259 83.3528 16950 6.36947 8.84807 204.799 64.1663 -13 16 1 0 1
62.9615 18.4945 13100 6.51849 -16.4758 222.904 48.8124 -13 17 1 0 1
58.5337 11.43 13450 -6.85563 16.1803 222.916 50.1057 -13 17 1 0 1
21.8643 51.3285 13800 -44.0101 12.5773 218.872 51.4147 -13 17 1 0 1
-29.0488 32.8917 14150 -13.7087 -17.0545 222.534 52.7241 -13 17 1 0 1
-39.2091 25.4178 14500 -1.26284 3.77879 223.572 54.0169 -13 17 1 0 1
-47.0776 20.6927 14850 -13.5089 -15.1003 222.688 55.3092 -13 17 1 0 1
-53.6332 -34.2103 15200 22.9526 -42.1868 218.389 56.6197 -13 17 1 0 1
-5.3112 -60.7511 15550 17.0388 -0.10473 222.957 57.9298 -13 17 1 0 1
-8.64784 -58.7435 15900 -12.0788 7.38662 223.159 59.2223 -13 17 1 0 1
-4.22179 -45.5325 16250 20.4904 4.30523 222.625 60.5159 -13 17 1 0 1
39.6771 -17.7894 16600 17.2981 38.6525 219.561 61.8233 -13 17 1 0 1
31.2918 34.5102 16950 -10.0849 19.277 222.547 63.1311 -13 17 1 0 1
5.71321 54.3684 13100 33.8872 13.2128 200.948 49.4755 -13 18 1 0 1
48.4938 49.7832 13450 6.82996 0.791907 204.098 50.8018 -13 18 1 0 1
23.7803 67.6636 13800 -31.9808 1.40055 201.689 52.1241 -13 18 1 0 1
1.32 39.6393 14150 9.99076 -21.4496 202.838 53.4493 -13 18 1 0 1
15.5406 -9.22293 14500 -10.2354 -32.9456 201.279 54.7789 -13 18 1 0 1
-22.4577 -43.7002 14850 -17.5499 -14.7515 202.923 56.1084 -13 18 1 0 1
-9.09909 -79.8317 15200 33.5326 -11.5051 201.113 57.4353 -13 18 1 0 1
21.5836 -70.1696 15550 -8.97135 6.0605 203.927 58.7592 -13 18 1 0 1
-23.9788 -47.4135 15900 -24.1482 34.014 199.908 60.0898 -13 18 1 0 1
-16.8288 10.9592 16250 17.8055 23.4351 202.082 61.4262 -13 18 1 0 1
-13.2245 48.666 16600 -18.2998 15.9536 202.766 62.7505 -13 18 1 0 1
-38.5961 63.1781 16950 0.787107 13.711 203.752 64.0704 -13 18 1 0 1
72.4105 54.1137 13100 42.0358 -38.3592 197.32 49.6251 -13 19 1 0 1
85.2924 -9.00565 13450 -8.51765 -9.58838 204.962 50.9668 -13 19 1 0 1
66.5127 12.2177 13800 -22.8418 16.6348 203.409 52.2858 -13 19 1 0 1
29.5805 -3.01256 14150 -14.614 -29.1002 202.764 53.6107 -13 19 1 0 1
-23.4441 -45.1916 14500 -47.3571 1.26507 199.824 54.9518 -13 19 1 0 1
-75.7133 -14.2206 14850 -14.7449 8.11296 204.672 56.287 -13 19 1 0 1
-78.432 -47.5225 15200 23.3247 -30.0382 201.81 57.611 -13 19 1 0 1
-40.4474 -48.6884 15550 3.81673 22.8977 204.046 58.937 -13 19 1 0 1
-29.7348 10.0951 15900 27.2997 32.3397 200.954 60.2706 -13 19 1 0 1
29.789 24.5251 16250 28.4094 -1.01991 203.386 61.6058 -13 19 1 0 1
51.4177 54.9237 16600 -12.0548 29.0707 202.937 62.9303 -13 19 1 0 1
29.5875 73.0958 16950 6.25764 -4.61208 205.215 64.2503 -13 19 1 0 1
7.3858 -32.6098 13100 -12.7794 -3.504 198.188 49.7324 -13 20 1 0 1
-2.35423 -25.6095 13450 5.49819 5.64654 198.474 51.0563 -13 20 1 0 1
13.6397 -7.43502 13800 3.56504 17.4606 197.829 52.3822 -13 20 1 0 1
3.15913 15.9942 14150 -7.17693 8.12948 198.334 53.7086 -13 20 1 0 1
6.88878 27.6854 14500 10.3024 1.22687 198.359 55.0324 -13 20 1 0 1
14.5376 23.3408 14850 -4.2804 -0.0294524 198.584 56.3556 -13 20 1 0 1
-5.66977 20.0487 15200 -12.7171 -10.951 197.92 57.6806 -13 20 1 0 1
-8.68302 -4.46227 15550 4.24388 -11.3423 198.261 59.0068 -13 20 1 0 1
-13.2324 -18.961 15900 -10.0235 -2.34673 198.363 60.3309 -13 20 1 0 1
-25.3587 -18.5193 16250 -1.38505 -4.17365 198.581 61.6543 -13 20 1 0 1
-9.83103 -32.6702 16600 18.4709 -1.57679 197.763 62.9799 -13 20 1 0 1
6.25551 -17.1485 16950 -2.00251 11.1009 198.31 64.306 -13 20 1 0 1
13.1218 45.5948 13100 28.5408 -8.49625 195.364 49.6333 -13 21 1 0 1
33.4792 15.9202 13450 -2.83272 -10.2958 197.331 50.9662 -13 21 1 0 1
23.6704 11.0771 13800 -6.4562 -1.87585 197.506 52.2909 -13 21 1 0 1
22.0314 -3.62022 14150 3.62083 -15.0506 197.013 53.6164 -13 21 1 0 1
7.20836 -38.4177 14500 -25.6054 -12.3277 195.566 54.9497 -13 21 1 0 1
-27.3963 -34.5432 14850 -6.10641 2.9665 197.504 56.2814 -13 21 1 0 1
-15.9037 -40.9046 15200 16.1334 -0.343673 196.96 57.6072 -13 21 1 0 1
-6.75666 -25.8576 15550 -8.56939 11.6842 197.088 58.9341 -13 21 1 0 1
-19.9697 7.82146 15900 5.91932 24.445 196.013 60.2658 -13 21 1 0 1
5.21894 32.083 16250 10.0635 7.02635 197.239 61.5971 -13 21 1 0 1
-3.53157 45.8817 16600 -17.2593 1.01433 196.863 62.9238 -13 21 1 0 1
-15.4806 36.8969 16950 7.72037 -2.20118 197.457 64.25 -13 21 1 0 1
-23.2367 -67.0252 13100 -29.8626 11.3514 202.471 49.776 -13 22 1 0 1
-35.1673 -36.7306 13450 14.4444 8.25636 204.299 51.0985 -13 22 1 0 1
3.53482 -20.5626 13800 19.5118 22.8555 202.761 52.422 -13 22 1 0 1
6.92934 25.4966 14150 -4.00367 23.8618 203.543 53.748 -13 22 1 0 1
31.3627 52.3443 14500 29.0383 -3.17093 202.884 55.0715 -13 22 1 0 1
54.9712 35.3742 14850 -2.66484 1.16578 204.955 56.3914 -13 22 1 0 1
21.5275 51.0031 15200 -33.4117 -2.4625 202.219 57.7142 -13 22 1 0 1
-6.48479 15.178 15550 0.767593 -25.7794 203.347 59.0416 -13 22 1 0 1
-18.9984 -21.7951 15900 -21.5246 -10.8582 203.553 60.3644 -13 22 1 0 1
-53.3671 -25.8329 16250 -13.1436 -8.51682 204.377 61.6846 -13 22 1 0 1
-40.8125 -66.7755 16600 34.1573 -19.9045 201.127 63.0122 -13 22 1 0 1
-0.346545 -56.1295 16950 0.00230424 17.78 204.203 64.3395 -13 22 1 0 1
-42.5514 30.3064 13100 57.7824 11.1973 194.927 50.5688 -13 23 1 0 1
38.2188 -15.6567 13450 32.7793 -36.7792 197.569 51.9354 -13 23 1 0 1
115.204 -15.9638 13800 34.0377 47.6324 195.022 53.2946 -13 23 1 0 1
121.495 42.2091 14150 1.01439 -6.88105 203.501 54.6366 -13 23 1 0 1
104.393 -37.9292 14500 -50.4722 -51.0444 190.546 55.998 -13 23 1 0 1
5.22952 -32.3353 14850 -37.2581 35.1399 197.073 57.3795 -13 23 1 0 1
-63.9498 -5.372 15200 -39.0221 -19.7176 198.87 58.7291 -13 23 1 0 1
-106.886 -48.0225 15550 -26.6941 -3.29929 201.835 60.0656 -13 23 1 0 1
-140.318 37.4373 15900 31.6853 76.1852 186.152 61.4455 -13 23 1 0 1
-45.4493 67.2223 16250 33.2031 -30.1485 198.619 62.8349 -13 23 1 0 1
6.09713 16.5657 16600 38.7741 -9.65013 199.661 64.1791 -13 23 1 0 1
73.8308 35.9163 16950 41.8432 9.43376 199.05 65.5219 -13 23 1 0 1
-39.4052 -25.0825 13100 -25.8722 3.69473 210.943 49.5112 -13 24 1 0 1
-65.7242 -12.2962 13450 -7.80178 -5.20202 212.349 50.8203 -13 24 1 0 1
-51.7416 -51.7854 13800 33.685 -23.0481 208.601 52.1369 -13 24 1 0 1
-4.94435 -43.72 14150 9.80404 19.8506 211.4 53.4565 -13 24 1 0 1
5.57642 -13.5092 14500 12.7667 12.7773 211.788 54.7659 -13 24 1 0 1
37.207 -5.9041 14850 22.7393 5.35254 211.269 56.0755 -13 24 1 0 1
58.6864 36.3536 15200 -12.1246 37.718 208.831 57.3949 -13 24 1 0 1
26.1782 61.6463 15550 -6.1941 -3.70794 212.434 58.7107 -13 24 1 0 1
35.9787 36.7364 15900 1.26852 -25.6339 211.001 60.0193 -13 24 1 0 1
8.11453 13.6976 16250 -27.2486 -1.06658 210.8 61.3321 -13 24 1 0 1
-36.9089 -7.9002 16600 -14.8141 -31.729 209.652 62.6509 -13 24 1 0 1
-37.401 -51.6064 16950 -3.73936 -13.2846 212.108 63.9659 -13 24 1 0 1
58.1301 -36.6914 13100 -20.7217 -24.2671 197.627 49.9394 -13 25 1 0 1
23.7356 -36.1803 13450 -5.24835 18.1139 199.297 51.2695 -13 25 1 0 1
12.5335 4.93565 13800 -19.7763 19.8112 198.22 52.6 -13 25 1 0 1
-29.2198 12.7089 14150 -20.2277 0.341669 199.162 53.9307 -13 25 1 0 1
-44.3803 40.3216 14500 11.3741 23.7325 198.45 55.2588 -13 25 1 0 1
-22.98 51.435 14850 -2.05902 -7.55495 200.034 56.5843 -13 25 1 0 1
-37.6667 15.292 15200 3.4874 -31.6327 197.641 57.914 -13 25 1 0 1
-3.19768 -14.8307 15550 22.2109 -4.43998 198.902 59.2475 -13 25 1 0 1
17.525 -34.952 15900 -3.6032 -17.6765 199.373 60.5735 -13 25 1 0 1
8.20475 -53.0697 16250 5.84541 -4.97452 200.04 61.8964 -13 25 1 0 1
42.6871 -38.1453 16600 16.4981 29.3013 197.343 63.2267 -13 25 1 0 1
30.4713 2.62608 16950 -17.8199 8.05325 199.23 64.5596 -13 25 1 0 1
7.60187 3.30889 13100 -26.3545 -18.4561 191.17 50.6853 -13 26 1 0 1
-47.0924 4.09067 13450 -28.7994 3.20359 191.68 52.0322 -13 26 1 0 1
-80.2449 -41.4064 13800 12.6104 -44.1043 188.353 53.3869 -13 26 1 0 1
-38.3036 -68.139 14150 6.91056 11.0497 193.42 54.7365 -13 26 1 0 1
-40.5775 -23.8145 14500 11.7773 30.9493 191.009 56.0782 -13 26 1 0 1
10.0571 -5.69392 14850 32.754 -4.40892 191.02 57.4266 -13 26 1 0 1
61.6287 23.7864 15200 7.09792 39.5594 189.646 58.7804 -13 26 1 0 1
46.2814 67.4084 15550 0.79144 3.08037 193.832 60.1249 -13 26 1 0 1
69.4601 31.5358 15900 -0.228485 -39.7928 189.73 61.4686 -13 26 1 0 1
25.2101 -0.186533 16250 -31.5628 6.55751 191.159 62.8203 -13 26 1 0 1
-33.5307 -7.42777 16600 -23.4426 -27.0393 190.527 64.1713 -13 26 1 0 1
-47.5812 -56.8656 16950 -10.6023 -14.7755 193.004 65.5164 -13 26 1 0 1
-14.8605 94.793 13100 41.2673 36.7757 209.735 49.6261 -13 27 1 0 1
40.9346 112.321 13450 1.76651 7.53371 216.759 50.9474 -13 27 1 0 1
-22.2829 116.603 13800 -55.4161 -31.3203 207.346 52.2756 -13 27 1 0 1
-36.1268 43.1858 14150 29.6214 -32.477 212.396 53.6146 -13 27 1 0 1
6.37939 -17.5447 14500 1.43417 -47.8021 211.559 54.9439 -13 27 1 0 1
-22.682 -83.6805 14850 -11.1239 -37.1939 213.394 56.271 -13 27 1 0 1
35.8776 -133.826 15200 70.7118 8.85406 204.855 57.6148 -13 27 1 0 1
82.1001 -82.6936 15550 -17.4557 14.3755 215.715 58.9514 -13 27 1 0 1
13.8736 -68.0739 15900 -46.9682 32.3094 209.271 60.2786 -13 27 1 0 1
-4.90225 13.6544 16250 10.4605 49.9236 210.814 61.6196 -13 27 1 0 1
-35.2871 85.0026 16600 -53.2271 17.9738 209.495 62.9573 -13 27 1 0 1
-97.7088 82.4656 16950 -9.55776 12.0121 216.353 64.2805 -13 27 1 0 1
19.0152 79.3299 13100 44.5934 -4.87303 197.092 49.6166 -13 28 1 0 1
54.0242 44.9166 13450 -5.61004 -10.4663 201.784 50.9518 -13 28 1 0 1
22.3159 40.3429 13800 -23.2459 -10.9309 200.494 52.2755 -13 28 1 0 1
13.6113 1.07883 14150 8.8712 -27.4967 200.057 53.6037 -13 28 1 0 1
0.139504 -52.6435 14500 -33.1309 -20.6417 198.328 54.9408 -13 28 1 0 1
-47.5787 -57.1822 14850 -9.13554 -4.05809 201.886 56.2725 -13 28 1 0 1
-18.7819 -79.7065 15200 37.7881 -0.813558 198.568 57.6012 -13 28 1 0 1
8.34667 -48.0515 15550 -11.2618 20.9324 200.731 58.933 -13 28 1 0 1
-14.6465 -1.40036 15900 2.74944 34.2649 199.189 60.2658 -13 28 1 0 1
16.9609 40.4329 16250 16.8103 18.2502 200.604 61.5989 -13 28 1 0 1
1.45044 78.9298 16600 -35.1909 10.2416 198.783 62.9303 -13 28 1 0 1
-32.3921 67.7306 16950 6.55668 -4.37664 201.979 64.2583 -13 28 1 0 1
15.5022 34.124 13100 -11.983 -7.90913 222.096 49.1769 -13 29 1 0 1
-14.0374 38.7617 13450 -27.9262 8.71933 220.628 50.4746 -13 29 1 0 1
-70.9823 16.4345 13800 -23.6176 -44.7014 216.741 51.7909 -13 29 1 0 1
-67.2344 -38.7667 14150 6.581 -10.2472 222.226 53.1028 -13 29 1 0 1
-69.0469 -20.9646 14500 5.29204 24.2408 221.172 54.3986 -13 29 1 0 1
-42.0624 -14.3029 14850 21.6205 -18.5844 220.726 55.6978 -13 29 1 0 1
14.9045 -39.5287 15200 46.906 7.8174 217.42 57.0127 -13 29 1 0 1
60.9709 -2.12626 15550 15.2218 16.5898 221.417 58.3255 -13 29 1 0 1
79.1987 -16.8776 15900 -2.65436 -27.7557 220.806 59.6239 -13 29 1 0 1
63.557 -29.4601 16250 -2.98973 17.2425 221.87 60.9212 -13 29 1 0 1
46.3954 25.1475 16600 -35.0826 33.3782 217.227 62.233 -13 29 1 0 1
-15.9178 32.834 16950 -28.6705 -9.05679 220.519 63.5489 -13 29 1 0 1
-14.9476 36.9666 13100 12.1363 2.72625 201.919 49.4879 -13 30 1 0 1
-7.03452 28.9048 13450 -7.1935 -7.94516 202.017 50.8065 -13 30 1 0 1
-21.4858 2.31243 13800 2.30629 -22.2946 201.056 52.1292 -13 30 1 0 1
0.855797 -20.1597 14150 12.9552 -5.58044 201.809 53.4525 -13 30 1 0 1
5.2141 -35.339 14500 -8.90918 -8.60246 201.922 54.7717 -13 30 1 0 1
-3.21325 -41.4504 14850 6.63987 -3.01875 202.17 56.0899 -13 30 1 0 1
28.5053 -32.7097 15200 17.6822 21.233 200.406 57.4143 -13 30 1 0 1
26.782 0.360323 15550 -10.8333 8.01752 201.852 58.7391 -13 30 1 0 1
11.539 8.46274 15900 -5.34506 6.53472 202.125 60.0579 -13 30 1 0 1
6.63136 26.4684 16250 -5.53086 13.862 201.75 61.377 -13 30 1 0 1
-27.2372 38.4875 16600 -27.0424 -11.3868 200.162 62.703 -13 30 1 0 1
-45.9712 11.0044 16950 1.05832 -5.16931 202.233 64.0278 -13 30 1 0 1
-133.995 31.6361 13100 13.4868 60.9662 185.716 51.5808 -13 31 1 0 1
-73.9018 60.2646 13450 17.5301 -28.558 193.045 52.9474 -13 31 1 0 1
-30.5157 -15.2178 13800 50.5962 -27.0834 187.338 54.3178 -13 31 1 0 1
62.6034 2.404 14150 42.2824 18.1896 190.448 55.697 -13 31 1 0 1
124.231 -44.0691 14500 -4.12099 -62.7927 185.551 57.0723 -13 31 1 0 1
79.8964 -88.9964 14850 -5.23783 16.7603 195.143 58.434 -13 31 1 0 1
77.5198 -8.06934 15200 -32.2893 52.2947 186.043 59.8014 -13 31 1 0 1
-17.1944 9.35703 15550 -48.8293 -16.3013 189.048 61.1871 -13 31 1 0 1
-94.7253 37.9832 15900 -14.7836 53.4208 187.928 62.5615 -13 31 1 0 1
-83.9441 98.5032 16250 -9.41077 1.26279 195.702 63.9151 -13 31 1 0 1
-122.331 21.3695 16600 14.3871 -73.1962 181.176 65.2962 -13 31 1 0 1
-29.7639 -24.1811 16950 49.8106 17.9761 188.64 66.6986 -13 31 1 0 1
19.5159 12.5623 13100 -15.5502 6.9664 192.998 50.5417 -13 32 1 0 1
1.564 44.3717 13450 -12.4347 23.3331 191.936 51.8793 -13 32 1 0 1
-59.1998 55.7147 13800 -38.2266 -28.6063 187.773 53.2367 -13 32 1 0 1
-71.2 2.00156 14150 10.8005 -7.37566 193.306 54.5891 -13 32 1 0 1
-43.2909 14.0196 14500 23.3891 3.3024 192.303 55.9247 -13 32 1 0 1
-13.7865 -16.6112 14850 9.97663 -29.6177 191.211 57.2666 -13 32 1 0 1
39.9261 -53.1063 15200 44.2734 9.67198 188.374 58.6247 -13 32 1 0 1
79.1696 -15.1036 15550 3.89226 5.21309 193.639 59.9747 -13 32 1 0 1
60.952 -44.8397 15900 -31.6815 -16.3964 190.436 61.3149 -13 32 1 0 1
17.8802 -21.5388 16250 -7.05833 30.3837 191.221 62.6629 -13 32 1 0 1
-15.4812 30.2151 16600 -37.3769 10.4875 189.82 64.016 -13 32 1 0 1
-71.0087 18.3371 16950 -19.6767 -0.131108 192.747 65.3647 -13 32 1 0 1
-37.1282 79.6962 13100 40.6192 24.2136 196.897 49.7327 -13 33 1 0 1
14.1677 71.4931 13450 1.75587 -14.2596 201.986 51.0698 -13 33 1 0 1
-6.93432 43.2929 13800 -8.82368 -25.3683 200.707 52.394 -13 33 1 0 1
15.9819 5.10988 14150 26.3537 -17.6948 199.993 53.7236 -13 33 1 0 1
36.7597 -51.9027 14500 -18.9387 -39.6667 197.668 55.0647 -13 33 1 0 1
-5.59757 -83.5898 14850 -5.53524 -7.07464 202.297 56.3994 -13 33 1 0 1
33.004 -81.2478 15200 31.4872 24.8641 198.482 57.7289 -13 33 1 0 1
31.5771 -35.511 15550 -26.0937 12.0778 200.444 59.063 -13 33 1 0 1
-19.5853 -2.22786 15900 -15.8113 37.0231 198.454 60.4014 -13 33 1 0 1
-11.6861 57.7644 16250 4.08211 26.4413 200.721 61.7392 -13 33 1 0 1
-53.5192 79.0724 16600 -39.5204 -17.5168 197.828 63.0746 -13 33 1 0 1
-71.9517 42.5473 16950 13.9898 -0.464012 202.012 64.4063 -13 33 1 0 1
-9.96414 2.92784 13100 9.70611 28.5667 164.877 52.3689 -13 34 1 0 1
37.6844 32.6282 13450 20.0662 10.2617 166.093 53.7684 -13 34 1 0 1
26.7882 81.1859 13800 -36.3816 14.1202 163.009 55.1716 -13 34 1 0 1
-11.2221 55.9793 14150 10.6968 -17.3539 166.371 56.5727 -13 34 1 0 1
17.4432 3.05749 14500 -5.69193 -34.5891 163.908 57.9754 -13 34 1 0 1
-31.8981 -37.8734 14850 -21.902 -12.7342 165.689 59.3812 -13 34 1 0 1
-19.0695 -87.9323 15200 38.7403 -12.4209 162.603 60.7868 -13 34 1 0 1
19.298 -61.3003 15550 -12.3977 14.8947 166.491 62.189 -13 34 1 0 1
-21.0155 -13.0262 15900 -2.32448 37.3229 163.39 63.5939 -13 34 1 0 1
21.7715 38.7637 16250 21.6567 15.6845 165.469 65.0028 -13 34 1 0 1
7.516 86.8832 16600 -38.0414 9.11059 162.987 66.4071 -13 34 1 0 1
-28.4062 60.0884 16950 12.2867 -11.2821 166.783 67.8073 -13 34 1 0 1
-38.5043 -6.64293 13100 0.144766 16.8437 174.845 51.1969 -13 35 1 0 1
-19.9505 5.25499 13450 10.1374 -6.39463 175.245 52.5636 -13 35 1 0 1
6.072 -4.50616 13800 15.4862 5.46282 174.885 53.9308 -13 35 1 0 1
23.5327 18.1459 14150 7.39373 8.55941 175.29 55.2981 -13 35 1 0 1
46.1248 4.9643 14500 3.34242 -22.1339 174.222 56.6667 -13 35 1 0 1
29.2291 -16.4908 14850 -8.16135 4.16327 175.416 58.0354 -13 35 1 0 1
12.2887 -0.342258 15200 -13.5349 3.41505 175.099 59.4011 -13 35 1 0 1
-11.1704 -15.0569 15550 -11.03 -11.1546 174.953 60.7683 -13 35 1 0 1
-44.8554 -9.59742 15900 -11.9711 21.8778 173.875 62.1399 -13 35 1 0 1
-40.3295 20.1723 16250 3.50457 -0.348097 175.619 63.5094 -13 35 1 0 1
-33.6341 -2.4603 16600 12.6129 -13.2447 174.7 64.8758 -13 35 1 0 1
-4.75942 3.45139 16950 11.6214 13.6834 174.735 66.2447 -13 35 1 0 1
54.9783 59.0852 13100 29.2676 -30.9297 192.86 49.9182 -13 36 1 0 1
53.6877 10.7658 13450 -17.8473 -6.29386 196.596 51.2604 -13 36 1 0 1
16.4725 9.07178 13800 -20.5325 -10.0245 196.179 52.5922 -13 36 1 0 1
0.82853 -27.5723 14150 -4.61888 -24.4799 195.928 53.9257 -13 36 1 0 1
-40.4562 -52.6694 14500 -35.2047 10.8181 194.041 55.2664 -13 36 1 0 1
-66.1925 -22.9752 14850 2.25412 1.21409 197.488 56.6019 -13 36 1 0 1
-36.8408 -45.4001 15200 32.568 -6.0608 194.707 57.9356 -13 36 1 0 1
-2.06455 -17.2134 15550 3.00263 25.0607 195.886 59.2738 -13 36 1 0 1
15.9001 21.2113 15900 23.2611 9.75317 195.888 60.6087 -13 36 1 0 1
50.9275 21.3119 16250 11.9189 5.68356 197.063 61.9399 -13 36 1 0 1
39.3686 58.8951 16600 -31.6698 18.6423 194.056 63.2764 -13 36 1 0 1
-1.75679 48.7559 16950 -2.39976 -16.0649 196.836 64.6141 -13 36 1 0 1
9.7739 17.961 13100 8.70693 -5.70531 194.508 49.7685 -13 37 1 0 1
12.9663 6.9068 13450 -3.32385 -2.03455 194.748 51.0977 -13 37 1 0 1
4.26939 5.91307 13800 -4.82463 -2.66818 194.708 52.4263 -13 37 1 0 1
2.83142 -2.9505 14150 1.6792 -5.88913 194.69 53.755 -13 37 1 0 1
-1.81549 -14.2805 14500 -8.0929 -3.57374 194.586 55.0842 -13 37 1 0 1
-12.0615 -14.7268 14850 -0.902399 -1.62323 194.778 56.4131 -13 37 1 0 1
-1.97345 -20.7136 15200 10.6489 0.573473 194.494 57.7423 -13 37 1 0 1
5.8434 -12.1038 15550 -2.6666 4.27943 194.721 59.0715 -13 37 1 0 1
-2.07743 -3.221 15900 -2.27088 7.64448 194.623 60.4005 -13 37 1 0 1
1.36016 9.29155 16250 2.31078 6.04329 194.679 61.7297 -13 37 1 0 1
-6.12294 18.6979 16600 -10.0931 0.476394 194.524 63.0589 -13 37 1 0 1
-16.2263 14.2467 16950 0.164199 0.435948 194.786 64.388 -13 37 1 0 1
-2.13517 100.746 13100 54.1925 3.16563 194.996 49.8079 -13 38 1 0 1
44.5911 62.7945 13450 -7.09417 -18.527 201.437 51.1523 -13 38 1 0 1
11.577 37.1136 13800 -15.9337 -24.0513 200.345 52.4793 -13 38 1 0 1
22.6175 -11.3924 14150 18.3565 -29.1884 199.453 53.8115 -13 38 1 0 1
12.5922 -77.0647 14500 -40.6649 -27.9256 196.308 55.1583 -13 38 1 0 1
-43.4983 -81.9243 14850 -5.18656 -0.722691 202.344 56.4966 -13 38 1 0 1
-1.2393 -88.323 15200 39.8684 15.9261 197.806 57.828 -13 38 1 0 1
12.4417 -37.2538 15550 -20.938 25.5655 199.696 59.1665 -13 38 1 0 1
-16.236 20.0522 15900 7.14784 40.2847 198.233 60.5075 -13 38 1 0 1
20.26 67.2709 16250 12.6281 21.0475 200.918 61.8447 -13 38 1 0 1
-17.5455 100.75 16600 -47.8885 -5.28481 196.594 63.1833 -13 38 1 0 1
-49.0134 63.4193 16950 14.8663 -11.8487 201.517 64.5204 -13 38 1 0 1
-35.8765 -0.912464 13100 -11.7931 13.7386 180.752 50.9012 -13 39 1 0 1
-40.7631 19.8581 13450 -2.61935 -0.875504 181.635 52.2552 -13 39 1 0 1
-41.3441 -9.20829 13800 14.1983 -20.0072 179.992 53.6122 -13 39 1 0 1
-4.98072 -10.7413 14150 14.1362 11.9828 180.709 54.9724 -13 39 1 0 1
24.4725 -2.65761 14500 14.0591 -10.2733 180.82 56.3292 -13 39 1 0 1
37.6895 -25.1715 14850 7.97036 -3.83038 181.441 57.684 -13 39 1 0 1
55.1655 2.1782 15200 -5.33682 27.1375 179.539 59.0432 -13 39 1 0 1
23.9918 17.1165 15550 -13.2577 -10.5123 180.867 60.4038 -13 39 1 0 1
-5.47289 -1.40191 15900 -19.826 1.90906 180.561 61.7616 -13 39 1 0 1
-33.9392 20.0194 16250 -13.9806 8.82519 180.903 63.1195 -13 39 1 0 1
-64.5933 -3.44928 16600 -1.44124 -31.3448 178.926 64.4825 -13 39 1 0 1
-41.1123 -28.4977 16950 8.40852 8.71566 181.252 65.8437 -13 39 1 0 1
21.3495 37.1761 13100 34.6824 -9.22985 177.963 50.8585 -13 40 1 0 1
52.9829 -1.6813 13450 4.35889 -10.6781 181.179 52.2258 -13 40 1 0 1
56.7801 14.0685 13800 -9.42058 17.7444 180.431 53.5804 -13 40 1 0 1
34.8044 12.6754 14150 -4.28732 -18.2444 180.576 54.9367 -13 40 1 0 1
6.2271 -31.6959 14500 -32.8469 -10.5197 178.24 56.3052 -13 40 1 0 1
-42.021 -14.8108 14850 -12.9669 8.80206 180.868 57.6726 -13 40 1 0 1
-50.8316 -32.3315 15200 10.9791 -18.1408 180.304 59.0284 -13 40 1 0 1
-31.1042 -34.008 15550 -2.20723 14.0161 180.991 60.3841 -13 40 1 0 1
-28.7741 14.3189 15900 20.3605 25.4453 178.597 61.7497 -13 40 1 0 1
19.608 22.951 16250 17.597 -4.36576 180.639 63.1161 -13 40 1 0 1
32.5229 37.8304 16600 -8.37445 14.3724 180.783 64.4712 -13 40 1 0 1
19.9352 43.0431 16950 6.42199 -6.31643 181.323 65.8246 -13 40 1 0 1
23.5964 20.4353 13100 28.9799 -22.4639 202.975 49.3406 -13 41 1 0 1
41.4528 -25.7382 13450 4.38256 -17.4732 205.472 50.6668 -13 41 1 0 1
64.7222 -21.2702 13800 11.2187 23.0626 204.66 51.9843 -13 41 1 0 1
59.4824 -0.865704 14150 -7.73851 -9.5383 205.895 53.3008 -13 41 1 0 1
27.1817 -35.4128 14500 -36.0184 -11.3131 202.776 54.6263 -13 41 1 0 1
-19.8786 -16.2774 14850 -14.298 17.8836 204.986 55.9542 -13 41 1 0 1
-42.3621 -9.14777 15200 -10.1367 -10.8559 205.725 57.2702 -13 41 1 0 1
-53.022 -21.1379 15550 -10.0753 5.95776 205.928 58.5838 -13 41 1 0 1
-60.2792 24.6824 15900 18.6102 35.9326 202.252 59.9103 -13 41 1 0 1
-16.5433 42.4412 16250 14.6737 -8.50207 205.562 61.2375 -13 41 1 0 1
-5.55547 25.9632 16600 6.33633 -7.64181 206.022 62.5515 -13 41 1 0 1
16.1765 24.3317 16950 19.976 1.84949 205.283 63.8662 -13 41 1 0 1
15.3981 19.1034 13100 42.3044 -7.17815 185.996 50.7115 -13 42 1 0 1
65.7525 -24.8492 13450 20.1158 -16.5532 189.096 52.072 -13 42 1 0 1
105.146 10.146 13800 -2.23167 48.0954 184.71 53.4312 -13 42 1 0 1
66.2033 42.0402 14150 -13.3803 -17.6789 189.59 54.7889 -13 42 1 0 1
32.6195 -14.8067 14500 -38.8899 -21.9285 185.587 56.1491 -13 42 1 0 1
-38.0552 -0.864393 14850 -29.9923 16.4166 187.795 57.5151 -13 42 1 0 1
-86.4255 -24.8183 15200 -4.60154 -41.4579 186.269 58.8732 -13 42 1 0 1
-67.0383 -62.4062 15550 -0.426953 7.75341 190.724 60.2229 -13 42 1 0 1
-72.7466 -0.98526 15900 21.8447 44.357 184.367 61.5829 -13 42 1 0 1
-3.40355 18.3095 16250 32.7968 -13.2238 187.578 62.9525 -13 42 1 0 1
48.1455 23.9431 16600 15.007 26.3364 188.46 64.305 -13 42 1 0 1
55.0327 62.7127 16950 12.0343 5.56385 190.421 65.6493 -13 42 1 0 1
-41.4356 53.766 13100 31.9723 26.8914 197.811 49.5664 -13 43 1 0 1
8.21606 54.6864 13450 9.29311 -11.138 201.654 50.9007 -13 43 1 0 1
4.21093 38.5085 13800 -3.59529 -11.3304 201.825 52.2199 -13 43 1 0 1
21.6784 20.8492 14150 22.1876 -10.1385 200.698 53.5415 -13 43 1 0 1
48.9912 -28.2514 14500 -9.57983 -41.4683 197.644 54.8794 -13 43 1 0 1
11.5504 -65.6288 14850 -10.1452 -5.80221 201.837 56.2145 -13 43 1 0 1
29.9027 -62.3208 15200 17.6291 16.593 200.72 57.536 -13 43 1 0 1
22.6653 -38.1314 15550 -23.1746 1.97241 200.833 58.8598 -13 43 1 0 1
-32.1566 -16.7506 15900 -23.0823 35.2694 197.732 60.198 -13 43 1 0 1
-32.0713 42.2857 16250 4.14537 21.5645 200.979 61.5361 -13 43 1 0 1
-57.231 51.5097 16600 -21.9588 -16.6787 200.286 62.8609 -13 43 1 0 1
-61.6656 31.0942 16950 12.4013 8.58923 201.611 64.1837 -13 43 1 0 1
-4.39328 121.526 13100 62.5513 -25.1565 196.49 50.3688 -13 44 1 0 1
21.2719 37.8885 13450 -25.037 -43.5641 201.567 51.7327 -13 44 1 0 1
0.917631 -42.7473 13800 22.7663 -45.6108 201.383 53.083 -13 44 1 0 1
58.7601 -89.4315 14150 18.8387 -26.9372 205.118 54.4237 -13 44 1 0 1
3.12805 -147.644 14500 -75.861 0.655357 193.387 55.7857 -13 44 1 0 1
-50.1565 -86.1726 14850 20.5431 30.5442 204.448 57.149 -13 44 1 0 1
4.22301 -30.1296 15200 15.872 48.9354 201.264 58.4926 -13 44 1 0 1
-23.5991 47.8307 15550 -24.8819 40.3807 202.248 59.8418 -13 44 1 0 1
4.14464 124.607 15900 61.7542 20.3145 197.301 61.2004 -13 44 1 0 1
65.2083 106.527 16250 -8.04604 -5.85733 207.497 62.5425 -13 44 1 0 1
-7.21421 95.7046 16600 -51.4546 -37.5707 197.724 63.8872 -13 44 1 0 1
-17.3196 7.34236 16950 24.6044 -43.038 201.733 65.2487 -13 44 1 0 1
20.7527 7.87147 13100 4.82054 -12.5833 190.636 49.9938 -13 45 1 0 1
15.8232 -6.94106 13450 -4.13322 -0.64621 191.066 51.3296 -13 45 1 0 1
10.3992 -1.93052 13800 -4.01429 2.94049 191.047 52.6639 -13 45 1 0 1
2.92579 -4.59654 14150 -3.71269 -4.6899 191.018 53.9984 -13 45 1 0 1
-9.42525 -9.00799 14500 -8.21188 3.39027 190.905 55.3335 -13 45 1 0 1
-15.7812 -1.22911 14850 -0.608842 0.376133 191.11 56.6683 -13 45 1 0 1
-12.3508 -9.22901 15200 6.54361 -5.04089 190.933 58.0029 -13 45 1 0 1
-2.29228 -8.17732 15550 1.74488 3.78971 191.066 59.3377 -13 45 1 0 1
-0.413438 -0.965422 15900 2.4176 3.21516 191.069 60.672 -13 45 1 0 1
5.28398 1.76195 16250 2.79419 1.37988 191.086 62.0062 -13 45 1 0 1
5.14429 8.70444 16600 -4.59398 4.11769 191.012 63.3406 -13 45 1 0 1
-2.90482 10.1151 16950 -1.52237 -0.238805 191.106 64.6751 -13 45 1 0 1
-39.7727 39.6755 13100 0.698756 36.3224 212.788 49.3269 -13 46 1 0 1
-23.9814 79.1705 13450 -3.75479 11.6598 215.519 50.6377 -13 46 1 0 1
-67.4486 64.3603 13800 -26.0007 -38.8256 210.749 51.9537 -13 46 1 0 1
-55.639 15.5697 14150 26.4236 -5.53069 214.172 53.2727 -13 46 1 0 1
-5.33168 8.67784 14500 28.2479 -19.7805 213.095 54.5867 -13 46 1 0 1
15.5147 -41.6232 14850 9.42229 -31.2997 213.378 55.9031 -13 46 1 0 1
67.6596 -61.5263 15200 41.9685 21.5243 210.651 57.2252 -13 46 1 0 1
92.035 -24.1566 15550 -4.45499 -1.60299 215.815 58.5402 -13 46 1 0 1
53.1814 -58.4714 15900 -47.4803 -12.1927 210.227 59.8578 -13 46 1 0 1
-1.44749 -24.9859 16250 -12.4037 35.0621 212.639 61.1846 -13 46 1 0 1
-34.2195 18.1748 16600 -33.5126 7.13329 213.131 62.5018 -13 46 1 0 1
-82.1208 13.9302 16950 -23.2042 9.07466 214.424 63.8143 -13 46 1 0 1
-11.0795 -53.3312 13100 -19.0464 5.43253 197.653 49.9178 -13 47 1 0 1
-16.4664 -35.1836 13450 13.9814 5.3504 198.078 51.2441 -13 47 1 0 1
19.699 -14.1588 13800 13.694 26.7313 196.359 52.5769 -13 47 1 0 1
13.634 29.0473 14150 -6.75855 16.5558 197.836 53.9107 -13 47 1 0 1
28.8943 44.3078 14500 18.895 -5.72975 197.659 55.2376 -13 47 1 0 1
38.6766 30.4719 14850 -7.92245 2.19428 198.473 56.563 -13 47 1 0 1
2.12227 36.5606 15200 -27.4241 -11.0789 196.428 57.894 -13 47 1 0 1
-15.9075 -2.55537 15550 1.60454 -21.112 197.511 59.2282 -13 47 1 0 1
-30.098 -25.7524 15900 -17.8153 -0.264987 197.842 60.5559 -13 47 1 0 1
-50.3182 -21.2185 16250 -3.95727 -7.44292 198.464 61.8812 -13 47 1 0 1
-27.899 -53.1984 16600 32.6023 -10.0763 195.69 63.2145 -13 47 1 0 1
7.96433 -32.4909 16950 1.51692 19.0487 197.722 64.5495 -13 47 1 0 1
-27.6475 -13.0725 13100 -14.4539 -4.46576 209.232 49.4592 -13 48 1 0 1
-47.89 -16.1047 13450 -7.73248 -10.3392 209.38 50.7688 -13 48 1 0 1
-31.7844 -54.0362 13800 33.1941 -17.518 206.393 52.088 -13 48 1 0 1
10.8595 -44.6482 14150 6.87459 14.1568 209.187 53.4083 -13 48 1 0 1
9.35736 -26.6168 14500 -0.300432 9.77015 209.55 54.7174 -13 48 1 0 1
25.1085 -12.6491 14850 17.6198 9.82798 208.805 56.0274 -13 48 1 0 1
41.8136 28.1879 15200 -11.6656 32.5829 206.903 57.3473 -13 48 1 0 1
10.2319 51.7764 15550 -8.42626 0.426005 209.608 58.6648 -13 48 1 0 1
19.2197 43.3647 15900 8.2432 -13.5446 209.178 59.9736 -13 48 1 0 1
7.18166 26.7524 16250 -20.4814 -2.35153 208.762 61.2844 -13 48 1 0 1
-33.4611 4.98234 16600 -14.5259 -30.4778 207.043 62.6044 -13 48 1 0 1
-30.2838 -37.5999 16950 2.4549 -13.1296 209.352 63.9226 -13 48 1 0 1
0.160438 21.4602 13100 5.74432 -2.67071 201.866 49.4469 -13 49 1 0 1
0.276683 14.8763 13450 -6.26105 -2.75492 201.849 50.765 -13 49 1 0 1
-12.4624 2.96718 13800 -2.12246 -12.4802 201.568 52.0844 -13 49 1 0 1
-3.8837 -12.1366 14150 5.82917 -4.37493 201.834 53.4039 -13 49 1 0 1
-3.75282 -19.3586 14500 -5.18585 -2.5211 201.883 54.722 -13 49 1 0 1
-7.31223 -21.8708 14850 4.09244 -3.47844 201.894 56.0398 -13 49 1 0 1
13.12 -22.4398 15200 13.9332 9.29782 201.27 57.3602 -13 49 1 0 1
18.5556 -4.00815 15550 -4.00918 5.11009 201.861 58.6804 -13 49 1 0 1
10.3409 -0.905095 15900 -4.7969 2.51448 201.893 59.9984 -13 49 1 0 1
5.63082 10.0894 16250 -2.52794 9.40913 201.73 61.3168 -13 49 1 0 1
-12.4103 21.7877 16600 -16.6791 -2.7051 201.257 62.6375 -13 49 1 0 1
-28.3459 9.80994 16950 -2.40913 -1.76933 201.943 63.9577 -13 49 1 0 1
-7.00832 36.9986 13100 -4.20841 11.4674 217.691 49.1305 -13 50 1 0 1
-14.4077 55.9676 13450 -15.7667 10.2423 217.222 50.4303 -13 50 1 0 1
-64.318 40.0964 13800 -25.6121 -38.9826 212.986 51.7461 -13 50 1 0 1
-59.7148 -10.5733 14150 14.6069 -8.59515 217.374 53.0612 -13 50 1 0 1
-38.8067 -5.36232 14500 15.2438 3.12891 217.478 54.3613 -13 50 1 0 1
-16.3523 -24.6437 14850 14.2879 -24.178 216.218 55.6642 -13 50 1 0 1
35.3567 -49.3402 15200 43.5418 11.2716 213.344 56.9821 -13 50 1 0 1
72.4897 -15.0149 15550 6.66683 7.63292 217.798 58.2955 -13 50 1 0 1
64.7622 -38.3097 15900 -23.5407 -20.0517 215.83 59.5986 -13 50 1 0 1
31.8444 -30.4166 16250 -6.50952 24.4497 216.561 60.9052 -13 50 1 0 1
11.0575 18.2082 16600 -31.3983 22.4315 214.592 62.2185 -13 50 1 0 1
-42.8894 23.5738 16950 -26.0627 0.493227 216.47 63.5324 -13 50 1 0 1
-12.0554 -11.7465 13100 0.111476 8.09739 192.729 49.9441 -13 51 1 0 1
-0.704615 -4.11981 13450 9.64468 0.250771 192.658 51.2765 -13 51 1 0 1
15.732 6.15257 13800 3.39264 12.8266 192.442 52.6101 -13 51 1 0 1
12.9699 23.355 14150 1.32927 4.16357 192.85 53.9431 -13 51 1 0 1
26.703 15.3948 14500 5.47715 -14.668 192.263 55.2764 -13 51 1 0 1
18.2191 -2.25474 14850 -8.51531 -0.952071 192.709 56.6104 -13 51 1 0 1
3.46341 -2.97883 15200 -6.95488 -4.7591 192.715 57.9427 -13 51 1 0 1
-3.24916 -18.4277 15550 -4.61515 -9.61092 192.604 59.2755 -13 51 1 0 1
-27.3537 -21.7397 15900 -15.6329 12.4017 191.864 60.611 -13 51 1 0 1
-34.3416 0.627325 16250 2.07045 2.70968 192.869 61.9461 -13 51 1 0 1
-26.3051 -9.65196 16600 10.2736 -6.21195 192.525 63.2785 -13 51 1 0 1
-11.3917 -0.782697 16950 3.91989 13.0489 192.418 64.612 -13 51 1 0 1
-38.3219 56.0444 13100 24.696 13.1745 176.738 51.2027 -13 52 1 0 1
-9.202 41.1014 13450 -4.53418 -17.469 178.028 52.5687 -13 52 1 0 1
-14.7384 -5.72245 13800 14.9307 -24.717 176.595 53.9381 -13 52 1 0 1
31.5631 -22.0984 14150 20.2545 -3.3017 177.76 55.3087 -13 52 1 0 1
38.1426 -58.4133 14500 -21.8643 -21.2597 176.323 56.677 -13 52 1 0 1
6.56423 -58.9826 14850 4.63661 9.86566 178.608 58.0425 -13 52 1 0 1
30.6353 -19.6894 15200 -0.62619 31.5152 176.142 59.4118 -13 52 1 0 1
-8.27137 13.6653 15550 -24.0623 5.24198 177.238 60.7851 -13 52 1 0 1
-30.3676 47.0925 15900 10.7662 23.968 177.001 62.1533 -13 52 1 0 1
-8.78003 64.8061 16250 -5.87797 0.202634 178.844 63.5158 -13 52 1 0 1
-48.2446 35.3975 16600 -11.126 -36.6374 174.796 64.889 -13 52 1 0 1
-17.8687 -10.8409 16950 24.0279 -5.1618 177.245 66.2671 -13 52 1 0 1
0.124269 35.6264 13100 26.9903 6.75979 178.209 50.8364 -13 53 1 0 1
35.9932 21.1058 13450 6.37662 -5.71318 180.165 52.1994 -13 53 1 0 1
31.3747 31.4525 13800 -12.7074 6.74119 179.794 53.5544 -13 53 1 0 1
19.7107 20.4083 14150 5.53758 -14.407 179.707 54.9105 -13 53 1 0 1
17.7753 -23.2065 14500 -19.8239 -21.1962 178.018 56.2759 -13 53 1 0 1
-24.2996 -31.0333 14850 -12.3338 0.767328 179.945 57.6407 -13 53 1 0 1
-21.0354 -46.5507 15200 16.1515 -6.95617 179.509 58.9971 -13 53 1 0 1
-7.65796 -37.6113 15550 -9.01414 9.33983 179.901 60.3536 -13 53 1 0 1
-28.6986 0.381161 15900 3.9993 29.0275 177.972 61.7186 -13 53 1 0 1
3.98365 30.1837 16250 14.3475 5.43587 179.715 63.0843 -13 53 1 0 1
2.91784 46.6696 16600 -14.703 4.68432 179.707 64.4406 -13 53 1 0 1
-8.383 41.746 16950 9.09508 -1.66481 180.131 65.7959 -13 53 1 0 1
74.1226 25.0202 13100 30.7231 -40.7649 199.088 49.6124 -13 54 1 0 1
79.1172 -32.6222 13450 -3.33612 -7.01284 205.381 50.9477 -13 54 1 0 1
77.4623 -0.786729 13800 -15.6796 30.6007 202.631 52.2688 -13 54 1 0 1
35.4149 4.93037 14150 -21.2737 -21.352 203.306 53.5956 -13 54 1 0 1
-17.7705 -25.3714 14500 -40.6954 4.93383 201.398 54.9303 -13 54 1 0 1
-63.6422 7.54478 14850 -17.5892 11.5285 204.449 56.2615 -13 54 1 0 1
-86.0923 -22.886 15200 7.93021 -37.9963 201.829 57.5872 -13 54 1 0 1
-55.4245 -44.2402 15550 7.4989 14.7661 204.86 58.9123 -13 54 1 0 1
-40.9505 5.83357 15900 26.6246 28.9517 201.729 60.241 -13 54 1 0 1
15.2812 12.4407 16250 27.7809 -8.90212 203.447 61.5734 -13 54 1 0 1
51.5106 27.33 16600 5.8402 27.2715 203.627 62.8971 -13 54 1 0 1
47.5977 56.5283 16950 7.3827 1.01137 205.393 64.2159 -13 54 1 0 1
-2.65667 -172.988 13100 -92.2012 8.15902 175.264 51.8103 -13 55 1 0 1
-56.7421 -75.0088 13450 32.8393 43.4819 190.568 53.2354 -13 55 1 0 1
1.39267 11.4553 13800 -0.367146 60.0546 188.888 54.6195 -13 55 1 0 1
-50.3816 98.3326 14150 -22.4261 44.3283 191.878 55.9994 -13 55 1 0 1
29.7615 175.272 14500 93.8763 -18.1052 173.622 57.4258 -13 55 1 0 1
75.8092 70.0664 14850 -37.2305 -37.5612 191.019 58.8567 -13 55 1 0 1
4.02202 -1.62719 15200 -12.6333 -57.4179 189.285 60.2372 -13 55 1 0 1
38.8302 -98.9188 15550 17.1767 -51.5033 190.624 61.6196 -13 55 1 0 1
-54.8736 -174.744 15900 -96.7158 28.9967 170.56 63.0623 -13 55 1 0 1
-93.386 -59.5949 16250 40.6681 32.6575 191.22 64.5054 -13 55 1 0 1
-13.3348 -3.64277 16600 22.7046 51.0067 190.179 65.8814 -13 55 1 0 1
-30.7184 96.1049 16950 -10.6544 55.7184 189.914 67.2616 -13 55 1 0 1
78.307 -30.8849 13100 -27.4235 -25.1041 199.14 50.2419 -13 56 1 0 1
33.57 -18.9852 13450 -12.3331 30.8452 199.838 51.5758 -13 56 1 0 1
-8.98272 34.5598 13800 -43.7331 10.5086 197.524 52.9203 -13 56 1 0 1
-68.4716 16.7818 14150 -20.9598 -6.05453 201.402 54.2597 -13 56 1 0 1
-78.2472 53.2776 14500 22.2525 31.9467 198.804 55.59 -13 56 1 0 1
-40.9384 55.8422 14850 1.58854 -22.8842 201.278 56.9203 -13 56 1 0 1
-35.0091 -8.16719 15200 26.9646 -37.4688 197.251 58.2613 -13 56 1 0 1
30.5729 -28.5134 15550 31.6886 -0.525634 200.086 59.606 -13 56 1 0 1
53.3157 -63.4799 15900 -15.1922 -30.6595 199.67 60.9373 -13 56 1 0 1
27.8149 -79.6932 16250 7.05573 6.90685 202.34 62.2626 -13 56 1 0 1
61.2633 -31.1291 16600 2.44801 49.3689 196.458 63.602 -13 56 1 0 1
14.7585 20.2327 16950 -33.6203 7.93392 199.614 64.9499 -13 56 1 0 1
90.427 -116.513 13100 -55.7449 -69.433 146.795 55.0862 -13 57 1 0 1
-26.8111 -111.38 13450 -4.66818 30.833 168.834 56.5764 -13 57 1 0 1
-2.74104 -47.0946 13800 -1.4099 38.0742 167.409 57.9748 -13 57 1 0 1
-65.5846 6.77899 14150 -42.2184 23.2992 164.779 59.3885 -13 57 1 0 1
-67.666 127.021 14500 70.9237 43.5083 150.181 60.8796 -13 57 1 0 1
35.5149 77.3095 14850 -2.40663 -40.6102 166.8 62.3623 -13 57 1 0 1
27.7175 5.31015 15200 16.2228 -28.6556 168.502 63.7639 -13 57 1 0 1
89.3631 -30.3373 15550 29.7653 -24.9028 167.246 65.164 -13 57 1 0 1
46.663 -139.897 15900 -85.013 -18.3524 148.032 66.6541 -13 57 1 0 1
-41.0824 -42.9731 16250 12.6583 51.183 163.394 68.1635 -13 57 1 0 1
-47.1367 43.4118 16600 -34.2997 21.9958 166.785 69.5834 -13 57 1 0 1
-113.124 57.727 16950 -16.9334 23.1008 169.284 70.982 -13 57 1 0 1
104.224 34.8281 13100 7.50126 -64.6538 194.696 50.128 -13 58 1 0 1
52.8998 -25.4935 13450 -36.1555 2.30961 202.065 51.4859 -13 58 1 0 1
0.697304 -21.8047 13800 -24.3539 -12.6859 203.442 52.8143 -13 58 1 0 1
-28.4347 -60.8909 14150 -22.4463 -22.4178 202.821 54.1404 -13 58 1 0 1
-100.191 -44.7733 14500 -31.9712 52.8846 195.765 55.4927 -13 58 1 0 1
-88.8598 20.7739 14850 18.6845 1.49498 204.43 56.8392 -13 58 1 0 1
-52.9951 -7.93392 15200 32.9334 -13.3503 202.188 58.1647 -13 58 1 0 1
-1.60386 15.6761 15550 24.3031 29.0196 201.767 59.4979 -13 58 1 0 1
63.8479 33.0037 15900 40.6206 -25.4158 199.617 60.8409 -13 58 1 0 1
90.9499 -14.8133 16250 5.1931 -4.98397 205.161 62.1738 -13 58 1 0 1
86.6533 28.5218 16600 -28.1369 35.5043 200.226 63.5021 -13 58 1 0 1
30.5795 29.108 16950 -19.8998 -26.1702 202.638 64.8386 -13 58 1 0 1
-51.9081 41.9445 13100 63.0186 5.91751 197.463 50.6101 -13 59 1 0 1
26.6854 -17.3046 13450 28.3542 -46.9986 199.963 51.9785 -13 59 1 0 1
109.092 -41.3174 13800 50.433 37.8898 197.532 53.3405 -13 59 1 0 1
138.102 17.8227 14150 4.88648 -4.4611 207.254 54.682 -13 59 1 0 1
112.369 -63.4062 14500 -61.5616 -48.4557 191.99 56.0442 -13 59 1 0 1
10.2733 -42.2566 14850 -30.9257 45.789 199.862 57.4291 -13 59 1 0 1
-54.5942 9.84541 15200 -48.6648 -4.17784 201.525 58.7806 -13 59 1 0 1
-118.793 -20.6839 15550 -33.6741 0.345297 204.607 60.1191 -13 59 1 0 1
-141.418 73.6098 15900 47.7301 74.4988 187.536 61.5027 -13 59 1 0 1
-39.8292 86.0087 16250 25.1686 -39.3 202.04 62.8933 -13 59 1 0 1
-2.65853 14.2417 16600 39.2959 -27.0394 201.799 64.2393 -13 59 1 0 1
78.5899 11.502 16950 48.7951 0.115502 201.537 65.5863 -13 59 1 0 1
-55.7618 -59.5866 13100 -23.7085 42.0997 197.763 50.1025 -13 60 1 0 1
-36.2101 -0.518081 13450 28.6282 13.2519 201.121 51.4449 -13 60 1 0 1
2.09092 25.9992 13800 7.65084 24.8056 201.918 52.7729 -13 60 1 0 1
1.09077 68.2679 14150 8.1056 23.1446 202.098 54.0981 -13 60 1 0 1
64.35 75.2414 14500 43.8958 -34.8514 195.713 55.4437 -13 60 1 0 1
74.457 11.8319 14850 -17.3506 -12.2732 202.468 56.7892 -13 60 1 0 1
37.9641 10.8643 15200 -23.4885 -6.54106 202.115 58.1121 -13 60 1 0 1
15.7762 -29.9252 15550 -8.158 -34.378 200.491 59.4406 -13 60 1 0 1
-44.1551 -71.0614 15900 -54.2446 11.2429 195.898 60.7917 -13 60 1 0 1
-90.8384 -25.3405 16250 -3.67755 9.10962 203.343 62.1354 -13 60 1 0 1
-70.8316 -51.456 16600 32.7989 -15.9677 200.285 63.4604 -13 60 1 0 1
-32.5519 -25.8324 16950 2.76215 35.6459 200.416 64.793 -13 60 1 0 1
20.4568 8.16812 13100 8.63933 -16.3579 197.892 49.5812 -13 61 1 0 1
18.1354 -14.9924 13450 -2.96307 -5.56612 198.655 50.9069 -13 61 1 0 1
22.0245 -13.0421 13800 2.87617 7.19396 198.604 52.2295 -13 61 1 0 1
18.2177 -7.74057 14150 -5.14353 -4.36597 198.64 53.5523 -13 61 1 0 1
-0.449904 -16.8936 14500 -15.2522 1.71824 198.161 54.8771 -13 61 1 0 1
-15.2532 -3.53583 14850 -2.62033 6.18945 198.641 56.2018 -13 61 1 0 1
-18.9771 -4.01662 15200 0.042199 -5.13925 198.688 57.5243 -13 61 1 0 1
-17.184 -6.62362 15550 -1.00037 4.03459 198.711 58.8467 -13 61 1 0 1
-14.9575 9.6306 15900 8.31064 9.83367 198.337 60.1706 -13 61 1 0 1
0.418492 12.7783 16250 4.47751 -2.58977 198.687 61.4944 -13 61 1 0 1
2.261 10.4624 16600 -0.789725 -0.479401 198.753 62.8167 -13 61 1 0 1
4.20996 9.77763 16950 4.16896 -0.399356 198.711 64.139 -13 61 1 0 1
52.5042 24.9035 13100 -0.689136 -40.9881 190.815 50.2652 -13 62 1 0 1
10.0868 -14.1671 13450 -28.245 -2.83533 193.093 51.615 -13 62 1 0 1
-23.0954 -34.8713 13800 -1.71845 -22.3776 193.874 52.9528 -13 62 1 0 1
-16.9243 -62.9693 14150 -7.78777 -8.3849 194.833 54.2856 -13 62 1 0 1
-60.9772 -44.2905 14500 -19.1176 36.9734 190.679 55.6302 -13 62 1 0 1
-43.5719 2.47274 14850 21.7699 3.44607 193.92 56.9768 -13 62 1 0 1
-5.80794 5.00958 15200 17.5204 11.1192 194.062 58.3124 -13 62 1 0 1
10.321 37.7713 15550 9.63251 18.7867 194.024 59.6475 -13 62 1 0 1
55.6242 41.5751 15900 26.6074 -25.3938 191.672 60.9907 -13 62 1 0 1
59.4175 1.98911 16250 -10.3998 -1.90684 194.882 62.3308 -13 62 1 0 1
29.8563 17.7371 16600 -25.4433 3.11633 193.478 63.6653 -13 62 1 0 1
-2.66075 -8.25716 16950 -10.9922 -22.1255 193.599 65.0038 -13 62 1 0 1
-27.8795 111.727 13100 56.0121 26.7088 200.888 49.7111 -13 63 1 0 1
35.0837 98.3227 13450 -1.63421 -13.9897 209.782 51.0488 -13 63 1 0 1
-7.83506 71.8382 13800 -26.5123 -34.2687 205.742 52.3713 -13 63 1 0 1
5.67842 9.72451 14150 30.4639 -30.8594 205.734 53.7044 -13 63 1 0 1
26.1622 -63.547 14500 -25.2278 -46.7075 203.442 55.0471 -13 63 1 0 1
-26.006 -103.273 14850 -8.25959 -15.6623 209.507 56.3795 -13 63 1 0 1
29.7031 -119.038 15200 54.4135 24.1165 201.654 57.7137 -13 63 1 0 1
47.1802 -57.1561 15550 -28.4692 21.8576 207.168 59.0535 -13 63 1 0 1
-11.8077 -12.1784 15900 -19.5941 45.6837 204.294 60.3909 -13 63 1 0 1
0.0771879 63.3614 16250 9.74736 38.3962 206.489 61.7304 -13 63 1 0 1
-48.2437 109.402 16600 -57.906 -7.9959 201.965 63.0715 -13 63 1 0 1
-88.7622 71.324 16950 11.9475 -2.85797 209.895 64.4034 -13 63 1 0 1
-17.249 4.48139 13100 17.8633 5.11162 187.419 50.2833 -13 64 1 0 1
11.9298 -9.66787 13450 13.3123 -12.1321 187.474 51.6284 -13 64 1 0 1
45.0831 -5.86858 13800 13.1565 20.9284 186.708 52.9754 -13 64 1 0 1
46.3136 22.242 14150 0.337222 -0.169235 188.337 54.3199 -13 64 1 0 1
45.3179 -7.34307 14500 -14.1697 -22.0452 186.505 55.665 -13 64 1 0 1
9.17787 -12.6029 14850 -14.7202 10.9191 187.444 57.0132 -13 64 1 0 1
-18.8988 -3.75884 15200 -14.4447 -8.23692 187.602 58.3573 -13 64 1 0 1
-34.8981 -24.6107 15550 -10.0134 -5.14341 188.001 59.6999 -13 64 1 0 1
-57.7771 1.11404 15900 0.972442 29.9425 185.94 61.048 -13 64 1 0 1
-32.8114 25.1204 16250 10.3598 -5.95185 187.958 62.3962 -13 64 1 0 1
-16.3329 4.28979 16600 14.392 -7.66 187.631 63.7389 -13 64 1 0 1
11.465 13.1199 16950 14.8109 10.1236 187.481 65.0829 -13 64 1 0 1
8.0675 51.6046 13100 31.8099 -11.0181 190.039 49.9586 -13 65 1 0 1
28.3883 12.9027 13450 -5.19641 -15.9061 192.271 51.3028 -13 65 1 0 1
22.8291 -4.01928 13800 2.30489 -5.63068 192.902 52.6358 -13 65 1 0 1
32.4641 -17.2794 14150 4.81051 -14.193 192.415 53.9684 -13 65 1 0 1
10.0063 -53.9565 14500 -32.8024 -9.49655 189.953 55.3124 -13 65 1 0 1
-27.7154 -38.5303 14850 -2.12911 9.38261 192.758 56.6553 -13 65 1 0 1
-14.0674 -31.2569 15200 10.9039 6.92412 192.565 57.988 -13 65 1 0 1
-15.8211 -9.94918 15550 -11.3088 14.3565 192.131 59.3224 -13 65 1 0 1
-20.5119 31.336 15900 17.0456 23.451 190.808 60.6646 -13 65 1 0 1
13.198 45.2743 16250 6.68124 1.67442 192.875 62.0042 -13 65 1 0 1
-4.23332 48.9242 16600 -18.7241 -7.42395 191.944 63.3384 -13 65 1 0 1
-9.69124 26.4256 16950 12.2187 -8.7728 192.411 64.6741 -13 65 1 0 1
4.288 31.1071 13100 33.9862 1.68954 205.64 49.1096 -13 66 1 0 1
44.3821 9.76493 13450 13.277 -9.68083 207.787 50.4307 -13 66 1 0 1
56.8277 25.3007 13800 -5.79391 21.1856 207.276 51.7438 -13 66 1 0 1
43.6116 34.3713 14150 2.20289 -12.2355 208.065 53.056 -13 66 1 0 1
42.8401 -12.4495 14500 -19.9847 -32.4573 204.921 54.3784 -13 66 1 0 1
-4.80149 -30.0423 14850 -21.8041 2.82739 207.273 55.7033 -13 66 1 0 1
-22.5208 -39.8241 15200 1.85741 -13.0441 208.019 57.0156 -13 66 1 0 1
-22.9754 -52.7466 15550 -13.5195 -1.55763 207.991 58.326 -13 66 1 0 1
-62.3862 -21.3364 15900 -11.436 42.1648 203.806 59.652 -13 66 1 0 1
-41.5908 26.4778 16250 16.5871 6.72278 207.666 60.979 -13 66 1 0 1
-27.6238 24.7876 16600 4.9815 -2.61928 208.36 62.2893 -13 66 1 0 1
-13.5533 35.4381 16950 14.9071 15.6778 207.31 63.6005 -13 66 1 0 1
-10.7583 88.3691 13100 41.5792 23.3556 203.682 49.5667 -13 67 1 0 1
38.4844 88.0116 13450 -0.630137 -1.49572 209.184 50.8921 -13 67 1 0 1
-9.53759 83.0241 13800 -37.9416 -25.5404 204.129 52.2163 -13 67 1 0 1
-15.0079 24.4994 14150 23.4649 -27.9071 205.989 53.5487 -13 67 1 0 1
9.7187 -32.5701 14500 -10.7728 -38.7116 205.295 54.8794 -13 67 1 0 1
-26.0162 -77.2049 14850 -9.52718 -23.1996 207.682 56.2056 -13 67 1 0 1
22.0007 -111.108 15200 55.258 9.4342 201.54 57.541 -13 67 1 0 1
55.4944 -65.5748 15550 -17.1414 15.4814 207.912 58.875 -13 67 1 0 1
1.34583 -40.5194 15900 -29.1449 33.1453 204.482 60.2033 -13 67 1 0 1
-0.882188 27.7566 16250 11.0053 37.8031 205.452 61.5388 -13 67 1 0 1
-29.7411 82.6439 16600 -46.4551 9.46432 203.748 62.8737 -13 67 1 0 1
-77.9901 71.3836 16950 -1.32049 5.37492 209.118 64.1988 -13 67 1 0 1
-72.4415 -69.1551 13100 -35.9378 26.3245 207.504 49.8576 -13 68 1 0 1
-81.9204 -29.7097 13450 15.6593 -1.86199 211.645 51.1762 -13 68 1 0 1
-26.834 -49.6722 13800 47.7349 5.2896 206.727 52.501 -13 68 1 0 1
19.2849 1.22569 14150 10.4045 36.1399 208.873 53.8339 -13 68 1 0 1
58.5179 33.0277 14500 34.0672 -8.22621 209.318 55.1554 -13 68 1 0 1
91.7378 13.1299 14850 9.92339 7.36156 211.872 56.4692 -13 68 1 0 1
72.074 68.9986 15200 -46.7622 31.4029 204.621 57.7987 -13 68 1 0 1
7.43691 54.2432 15550 -13.1119 -30.3264 209.645 59.1342 -13 68 1 0 1
-12.2968 8.14631 15900 -23.6989 -17.4691 210.18 60.4523 -13 68 1 0 1
-62.3883 -0.197303 16250 -32.0237 -8.27767 209.639 61.7705 -13 68 1 0 1
-85.447 -65.6092 16600 26.6596 -53.1871 203.723 63.1092 -13 68 1 0 1
-30.9183 -92.0071 16950 7.56627 11.9191 211.762 64.4409 -13 68 1 0 1
-51.7344 -61.8903 13100 -3.3562 46.6258 203.062 50.3574 -13 69 1 0 1
-0.670578 -13.2945 13450 46.9423 9.49807 202.794 51.699 -13 69 1 0 1
63.9289 42.7742 13800 4.48067 58.6916 199.886 53.0538 -13 69 1 0 1
37.9653 110.181 14150 1.22382 17.3972 207.642 54.3946 -13 69 1 0 1
96.4253 86.58 14500 31.1665 -57.2823 197.906 55.7367 -13 69 1 0 1
66.6592 15.8457 14850 -42.2229 -5.80301 203.968 57.0906 -13 69 1 0 1
-9.87579 -1.11162 15200 -34.571 -35.2438 202.44 58.4341 -13 69 1 0 1
-30.1536 -76.9621 15550 -12.0025 -39.2273 204.295 59.7772 -13 69 1 0 1
-109.881 -86.4272 15900 -52.097 49.524 195.583 61.1368 -13 69 1 0 1
-115.016 -12.9999 16250 23.2655 1.83271 207.062 62.4893 -13 69 1 0 1
-51.9848 -40.5013 16600 52.6873 -0.321783 201.602 63.826 -13 69 1 0 1
5.728 17.5633 16950 17.6257 47.7398 202.063 65.1762 -13 69 1 0 1
-9.184 33.2733 13100 6.87722 14.6144 207.935 49.2527 -13 70 1 0 1
2.26682 47.6886 13450 -3.73955 6.36964 208.431 50.5637 -13 70 1 0 1
-29.3395 44.3841 13800 -21.5889 -19.7504 206.499 51.8796 -13 70 1 0 1
-30.6541 11.3506 14150 13.031 -8.52899 207.98 53.1964 -13 70 1 0 1
-7.45074 -0.167143 14500 9.71729 -12.7733 207.943 54.5088 -13 70 1 0 1
-4.33674 -28.696 14850 1.73942 -18.9991 207.687 55.8222 -13 70 1 0 1
27.2442 -49.8866 15200 30.86 6.03166 206.178 57.1411 -13 70 1 0 1
51.1076 -28.6379 15550 -1.9257 1.95584 208.544 58.4572 -13 70 1 0 1
25.089 -40.9628 15900 -27.6125 -0.244325 206.726 59.7717 -13 70 1 0 1
-0.507554 -13.6287 16250 -1.53241 22.5557 207.333 61.0899 -13 70 1 0 1
-14.9997 19.4023 16600 -21.1792 9.95322 207.245 62.4064 -13 70 1 0 1
-47.886 22.5184 16950 -13.0871 7.30338 208.023 63.7213 -13 70 1 0 1
4.56547 -2.54793 13100 -15.2984 -45.473 194.662 50.958 -13 71 1 0 1
-55.5918 -51.9591 13450 -30.6019 -24.4438 196.625 52.3119 -13 71 1 0 1
-35.4585 -126.571 13800 61.7572 -26.0686 188.949 53.6797 -13 71 1 0 1
31.2169 -99.6369 14150 -7.29528 23.0642 199.023 55.0416 -13 71 1 0 1
-12.9701 -51.284 14500 -15.0214 44.0267 195.016 56.3861 -13 71 1 0 1
20.1961 16.4762 14850 33.4274 30.1245 195.372 57.7408 -13 71 1 0 1
27.6856 93.9633 15200 -40.5408 38.6523 192.504 59.1029 -13 71 1 0 1
-32.3278 106.474 15550 -0.925502 -0.771643 200.484 60.4497 -13 71 1 0 1
23.4904 94.1475 15900 38.7812 -35.8443 193.407 61.7932 -13 71 1 0 1
15.7914 22.3217 16250 -33.9255 -28.0474 195.596 63.1503 -13 71 1 0 1
-22.8592 -45.5818 16600 11.1201 -47.0056 194.582 64.5071 -13 71 1 0 1
18.1051 -96.8456 16950 6.59416 -20.5902 199.318 65.8521 -13 71 1 0 1
90.6215 33.876 13100 37.141 -46.6741 178.075 51.2017 -13 72 1 0 1
91.3561 -37.4371 13450 -8.21433 -4.19119 187.573 52.5789 -13 72 1 0 1
77.0332 3.88286 13800 -26.1187 28.5866 183.764 53.9327 -13 72 1 0 1
18.4342 -5.65205 14150 -25.3911 -28.9924 183.803 55.2981 -13 72 1 0 1
-55.5783 -31.2372 14500 -43.6827 23.2808 181.159 56.6777 -13 72 1 0 1
-88.8371 24.4018 14850 -7.6076 8.4472 187.455 58.0446 -13 72 1 0 1
-94.6894 -22.1909 15200 23.9271 -39.7081 181.988 59.4039 -13 72 1 0 1
-34.5419 -25.885 15550 19.9533 27.5091 184.7 60.7729 -13 72 1 0 1
17.7858 19.0261 15900 40.1729 0.279019 183.453 62.141 -13 72 1 0 1
70.7537 -12.3346 16250 20.2653 -9.36487 186.468 63.503 -13 72 1 0 1
94.5301 32.6623 16600 -17.4635 43.759 181.794 64.866 -13 72 1 0 1
42.1229 48.8527 16950 -13.3032 -21.2071 186.124 66.2313 -13 72 1 0 1
7.28894 33.1755 13100 25.388 -3.46071 212.064 48.8164 -13 73 1 0 1
30.6702 13.6076 13450 3.73591 -8.07402 213.421 50.1247 -13 73 1 0 1
30.1232 16.5866 13800 -5.46213 6.07051 213.45 51.4276 -13 73 1 0 1
25.4542 13.0682 14150 3.57851 -11.1444 213.285 52.7308 -13 73 1 0 1
22.5689 -19.5121 14500 -16.4684 -20.7467 211.957 54.0399 -13 73 1 0 1
-8.63969 -30.6317 14850 -11.4645 -0.296073 213.298 55.349 -13 73 1 0 1
-8.63882 -37.9115 15200 9.4758 -3.92448 213.36 56.6524 -13 73 1 0 1
-4.54493 -36.4809 15550 -9.92392 2.32729 213.363 57.9556 -13 73 1 0 1
-32.2075 -15.9487 15900 -10.4933 27.0101 211.632 59.2655 -13 73 1 0 1
-23.8107 18.959 16250 8.7237 9.99998 213.194 60.576 -13 73 1 0 1
-23.6214 25.0525 16600 -5.3081 -1.85136 213.532 61.8792 -13 73 1 0 1
-24.076 27.399 16950 6.84577 9.72677 213.275 63.1821 -13 73 1 0 1
55.7176 42.6045 13100 19.356 -29.0701 192.525 49.9623 -13 74 1 0 1
47.5569 4.85469 13450 -16.0957 -0.844746 195.002 51.3012 -13 74 1 0 1
11.997 10.9036 13800 -21.9606 -6.51834 194.322 52.6354 -13 74 1 0 1
-8.4811 -20.8298 14150 -6.62111 -20.2621 194.503 53.9708 -13 74 1 0 1
-43.5666 -35.5092 14500 -25.3819 13.3994 193.551 55.3082 -13 74 1 0 1
-58.9373 -10.7229 14850 2.19055 -1.99911 195.645 56.6417 -13 74 1 0 1
-34.1638 -37.4736 15200 29.8418 -9.66919 193.136 57.9777 -13 74 1 0 1
2.87083 -16.9277 15550 6.59046 20.2488 194.505 59.3169 -13 74 1 0 1
20.8488 9.17385 15900 16.8641 3.31537 194.911 60.6499 -13 74 1 0 1
45.3296 6.46276 16250 10.1137 5.46168 195.329 61.9802 -13 74 1 0 1
39.7316 43.4055 16600 -25.5348 21.2365 192.828 63.3177 -13 74 1 0 1
-0.287716 41.387 16950 -6.58606 -12.1714 195.177 64.6562 -13 74 1 0 1
11.3602 22.4674 13100 13.1349 -14.7708 183.052 50.4627 -13 75 1 0 1
10.3563 -6.2461 13450 -6.87524 -9.73145 183.73 51.8143 -13 75 1 0 1
10.6846 -20.1013 13800 7.90595 -2.89159 183.924 53.1619 -13 75 1 0 1
20.303 -21.2519 14150 -0.780944 -4.45618 184.061 54.5087 -13 75 1 0 1
-0.872327 -31.9752 14500 -18.7098 3.48915 183.13 55.8588 -13 75 1 0 1
-14.2636 -12.0165 14850 3.47922 8.29764 183.896 57.2092 -13 75 1 0 1
-7.48334 -0.903909 15200 0.270979 5.4789 184.035 58.5563 -13 75 1 0 1
-13.5598 8.78931 15550 -3.75781 6.72666 183.955 59.9031 -13 75 1 0 1
-5.37514 26.8145 15900 14.0331 5.05138 183.511 61.252 -13 75 1 0 1
9.94345 20.9743 16250 -1.42237 -3.73527 184.073 62.6003 -13 75 1 0 1
-2.13926 13.5637 16600 -6.07679 -8.19833 183.833 63.9476 -13 75 1 0 1
0.491785 -2.04275 16950 5.30359 -6.29286 183.932 65.2953 -13 75 1 0 1
8.51251 96.1552 13100 52.589 -25.9623 190.972 50.2409 -13 76 1 0 1
29.1363 20.4435 13450 -19.3663 -34.3286 195.848 51.6044 -13 76 1 0 1
15.674 -36.2048 13800 16.9203 -27.7338 197.115 52.9456 -13 76 1 0 1
54.4846 -67.4194 14150 10.2489 -22.5282 198.235 54.2803 -13 76 1 0 1
1.65976 -117.118 14500 -63.9454 1.37479 189.259 55.6414 -13 76 1 0 1
-47.5281 -63.0232 14850 12.5851 25.6977 197.715 57.0035 -13 76 1 0 1
-11.2185 -23.3989 15200 10.8843 30.6732 197.105 58.3401 -13 76 1 0 1
-30.7273 30.8094 15550 -18.2941 31.5367 196.42 59.6802 -13 76 1 0 1
-6.47142 98.8242 15900 51.974 20.0065 191.855 61.0384 -13 76 1 0 1
51.1063 83.5114 16250 -2.21078 -7.8878 199.607 62.386 -13 76 1 0 1
2.28885 73.887 16600 -35.6308 -25.1008 194.962 63.7234 -13 76 1 0 1
-2.96567 11.1967 16950 20.3677 -31.8203 196.17 65.071 -13 76 1 0 1
-43.8943 -32.8582 13100 -21.0412 15.7404 203.931 49.6157 -13 77 1 0 1
-51.872 -8.29198 13450 5.30664 -0.53055 205.548 50.9336 -13 77 1 0 1
-27.9993 -25.9587 13800 25.3676 -5.08745 203.983 52.2518 -13 77 1 0 1
2.96264 -5.12331 14150 8.98449 19.7535 204.469 53.5734 -13 77 1 0 1
28.8346 14.1443 14500 20.7928 -4.43759 204.515 54.8927 -13 77 1 0 1
51.6368 -0.502517 14850 9.02985 0.684845 205.418 56.2097 -13 77 1 0 1
52.1341 30.7338 15200 -18.7607 23.5477 203.401 57.5299 -13 77 1 0 1
18.7433 32.8814 15550 -8.00331 -14.9286 204.918 58.8512 -13 77 1 0 1
5.40832 2.93929 15900 -16.9343 -12.9097 204.512 60.1698 -13 77 1 0 1
-30.2312 0.880092 16250 -21.1268 0.775018 204.528 61.4896 -13 77 1 0 1
-54.4762 -29.0839 16600 4.97208 -31.0787 203.194 62.813 -13 77 1 0 1
-34.5498 -52.3676 16950 0.496855 4.05101 205.577 64.133 -13 77 1 0 1
-17.4457 -11.2348 13100 -9.50074 -6.30312 205.455 49.4833 -13 78 1 0 1
-32.5896 -17.5344 13450 -5.00632 -8.90452 205.517 50.7973 -13 78 1 0 1
-16.3498 -44.4044 13800 26.7587 -9.11501 203.82 52.1167 -13 78 1 0 1
14.8988 -32.4717 14150 3.57384 10.7677 205.458 53.4368 -13 78 1 0 1
10.8403 -20.7138 14500 -2.66809 6.37505 205.655 54.7501 -13 78 1 0 1
19.2621 -8.63522 14850 11.5266 9.20026 205.242 56.064 -13 78 1 0 1
27.4891 23.4596 15200 -11.771 22.5655 204.191 57.3835 -13 78 1 0 1
1.07189 37.3146 15550 -7.0567 -0.759756 205.649 58.7018 -13 78 1 0 1
6.53605 33.3672 15900 6.64301 -7.02466 205.544 60.0148 -13 78 1 0 1
-0.499976 22.474 16250 -14.6826 -3.14665 205.223 61.3288 -13 78 1 0 1
-29.1592 1.19721 16600 -7.45591 -25.2241 204.083 62.649 -13 78 1 0 1
-20.9423 -30.4108 16950 4.11796 -8.04331 205.573 63.968 -13 78 1 0 1
-34.5095 23.178 13100 32.3821 17.7779 185.822 50.4347 -13 79 1 0 1
20.7628 8.8927 13450 20.0528 -17.1508 187.612 51.7922 -13 79 1 0 1
57.1375 11.1142 13800 11.3723 22.2346 187.805 53.1393 -13 79 1 0 1
60.8773 36.3685 14150 7.27664 -4.98798 189.253 54.4814 -13 79 1 0 1
67.7274 -18.1944 14500 -22.3992 -39.4782 183.941 55.8397 -13 79 1 0 1
7.33632 -33.396 14850 -22.6829 12.9616 187.648 57.2035 -13 79 1 0 1
-23.6824 -24.5706 15200 -11.8942 -8.60104 188.889 58.547 -13 79 1 0 1
-42.6651 -43.261 15550 -18.2417 -3.11747 188.552 59.8879 -13 79 1 0 1
-82.1396 3.0028 15900 2.49659 49.229 182.934 61.252 -13 79 1 0 1
-37.4769 44.7638 16250 18.9003 -5.20834 188.441 62.6163 -13 79 1 0 1
-17.6336 25.7652 16600 11.7663 -7.4856 188.944 63.9574 -13 79 1 0 1
12.9388 34.1933 16950 22.9857 10.8986 187.743 65.3005 -13 79 1 0 1
-67.6031 -44.0176 13100 -22.3197 22.3995 205.876 49.7563 -13 80 1 0 1
-69.5675 -17.5056 13450 11.7716 -7.16547 207.834 51.0726 -13 80 1 0 1
-23.0799 -45.0068 13800 43.8317 -0.975729 203.624 52.3995 -13 80 1 0 1
24.6366 -5.79404 14150 12.4112 28.0818 206.015 53.7321 -13 80 1 0 1
56.5293 12.5262 14500 21.8987 -11.7324 206.804 55.051 -13 80 1 0 1
76.7012 -4.57494 14850 8.78907 7.96256 207.953 56.365 -13 80 1 0 1
66.4844 48.9606 15200 -36.3324 33.2449 202.385 57.6949 -13 80 1 0 1
7.21489 45.9983 15550 -16.2232 -22.1135 206.477 59.0286 -13 80 1 0 1
-14.5082 15.2295 15900 -18.3946 -8.14914 207.317 60.3457 -13 80 1 0 1
-52.7468 15.5406 16250 -27.1546 -3.84251 206.477 61.6628 -13 80 1 0 1
-82.4752 -39.7883 16600 14.6827 -50.6604 201.502 62.9997 -13 80 1 0 1
-37.4048 -73.0053 16950 10.3434 7.61752 207.894 64.3317 -13 80 1 0 1
-62.6199 94.4456 13100 42.6022 43.417 200.581 49.8347 -13 81 1 0 1
0.0566433 103.298 13450 3.09351 -13.279 209.157 51.1722 -13 81 1 0 1
-31.2842 64.4521 13800 -13.2872 -40.8806 205.146 52.4953 -13 81 1 0 1
2.45797 10.5183 14150 38.9112 -18.9555 205.084 53.8292 -13 81 1 0 1
45.4986 -52.0849 14500 -9.12339 -52.2624 202.776 55.1728 -13 81 1 0 1
8.17056 -106.237 14850 -3.13435 -17.2065 208.87 56.5062 -13 81 1 0 1
65.3247 -103.319 15200 43.2294 39.8962 201.177 57.8407 -13 81 1 0 1
61.0939 -39.6291 15550 -34.6483 11.5523 206.395 59.1811 -13 81 1 0 1
-10.1953 -13.916 15900 -32.4758 38.9571 203.373 60.5208 -13 81 1 0 1
-20.893 63.4172 16250 -2.26001 39.6635 205.802 61.8625 -13 81 1 0 1
-82.1027 91.4032 16600 -52.7943 -27.0082 201.038 63.2054 -13 81 1 0 1
-106.808 41.3943 16950 14.3159 1.36692 209.108 64.539 -13 81 1 0 1
22.5829 -0.36769 13100 9.31577 -33.549 207.759 49.3411 -13 82 1 0 1
11.0592 -46.602 13450 -5.60162 -18.9288 209.729 50.6602 -13 82 1 0 1
37.4045 -61.3455 13800 28.3971 11.2373 208.431 51.9744 -13 82 1 0 1
51.8556 -37.7619 14150 -9.88389 0.279782 210.424 53.2872 -13 82 1 0 1
10.4964 -45.3175 14500 -33.596 9.38388 207.748 54.6041 -13 82 1 0 1
-14.0987 -6.20653 14850 0.527885 24.0779 209.275 55.9238 -13 82 1 0 1
-26.2967 21.5725 15200 -17.7982 4.83607 209.847 57.2358 -13 82 1 0 1
-49.802 22.28 15550 -7.58467 8.71651 210.339 58.5452 -13 82 1 0 1
-33.0687 57.8199 15900 32.4204 16.3728 207.502 59.8624 -13 82 1 0 1
4.29015 48.0608 16250 1.85254 -14.6023 210.141 61.1796 -13 82 1 0 1
-4.81794 21.4684 16600 -0.678524 -19.2824 209.771 62.49 -13 82 1 0 1
14.638 -2.24517 16950 17.548 -11.1799 209.626 63.8018 -13 82 1 0 1
49.6398 22.4295 13100 46.8774 -22.6528 185.705 50.9815 -13 83 1 0 1
92.1067 -36.7574 13450 15.8457 -13.2996 191.753 52.3447 -13 83 1 0 1
119.861 15.3787 13800 -16.2974 54.9689 184.146 53.7071 -13 83 1 0 1
56.6805 37.7045 14150 -23.479 -27.3297 189.47 55.0765 -13 83 1 0 1
0.00155575 -17.7416 14500 -47.6876 -8.24118 186.695 56.4441 -13 83 1 0 1
-71.2362 13.2754 14850 -30.4095 14.8276 189.875 57.8103 -13 83 1 0 1
-115.41 -34.1458 15200 10.2122 -56.2058 184.211 59.1779 -13 83 1 0 1
-64.8375 -67.4089 15550 11.4617 19.7718 191.507 60.5413 -13 83 1 0 1
-45.5058 -0.405211 15900 33.3262 34.4738 186.81 61.9013 -13 83 1 0 1
31.8587 3.60049 16250 37.7288 -12.1158 188.751 63.2694 -13 83 1 0 1
86.8257 36.6767 16600 2.14806 47.0754 187.02 64.6321 -13 83 1 0 1
61.5655 79.8585 16950 0.709223 -4.75391 192.806 65.9832 -13 83 1 0 1
-70.7085 -13.9448 13100 -9.07034 28.1417 204.02 49.6556 -13 84 1 0 1
-59.0007 10.6709 13450 9.75708 -8.63303 205.74 50.9744 -13 84 1 0 1
-29.2113 -22.1592 13800 32.6855 -11.7204 203.206 52.2981 -13 84 1 0 1
18.6175 -3.82668 14150 19.414 18.784 204.374 53.6259 -13 84 1 0 1
55.2948 -1.87546 14500 16.5268 -20.9375 204.419 54.9476 -13 84 1 0 1
64.825 -28.7555 14850 7.22772 1.90465 206.016 56.2651 -13 84 1 0 1
71.3731 15.4645 15200 -18.503 36.7467 202.005 57.5912 -13 84 1 0 1
23.603 29.0196 15550 -20.2319 -15.1167 204.599 58.9209 -13 84 1 0 1
-9.72972 7.42057 15900 -23.2796 0.214716 204.833 60.2417 -13 84 1 0 1
-45.6941 24.5189 16250 -23.0758 6.84239 204.742 61.5622 -13 84 1 0 1
-84.6372 -11.6967 16600 -1.33456 -45.707 201.017 62.8949 -13 84 1 0 1
-57.0453 -49.6511 16950 9.48892 6.24934 205.838 64.2237 -13 84 1 0 1
-28.9676 -59.9502 13100 -22.498 38.018 197.679 50.2571 -13 85 1 0 1
-9.87465 1.0978 13450 28.8796 22.7177 199.195 51.6008 -13 85 1 0 1
13.957 53.4765 13800 -14.0973 33.7831 199.22 52.9387 -13 85 1 0 1
-16.3459 87.6981 14150 1.22471 15.3628 201.968 54.2682 -13 85 1 0 1
44.3806 92.6346 14500 46.2972 -33.0501 194.404 55.6134 -13 85 1 0 1
52.4451 23.76 14850 -24.412 -20.9207 199.988 56.9654 -13 85 1 0 1
12.7261 -8.50535 15200 -10.0613 -27.0358 200.491 58.2968 -13 85 1 0 1
19.3125 -60.5248 15550 0.975628 -32.8974 199.864 59.6287 -13 85 1 0 1
-42.8962 -100.895 15900 -60.4074 15.6443 192.704 60.9863 -13 85 1 0 1
-83.3242 -43.6902 16250 10.007 14.4916 201.789 62.3392 -13 85 1 0 1
-42.3618 -42.7733 16600 31.1605 9.29067 199.929 63.6663 -13 85 1 0 1
-23.0225 8.25429 16950 -4.11192 40.3813 198.447 65.0026 -13 85 1 0 1
-3.24629 10.1544 13100 43.9351 12.992 216.031 49.0608 -13 86 1 0 1
63.1103 -4.47717 13450 36.4824 -9.17223 217.608 50.3804 -13 86 1 0 1
107.657 40.1437 13800 -3.6455 57.1107 213.292 51.7042 -13 86 1 0 1
77.0857 82.6871 14150 -2.49732 -9.09772 220.634 53.0199 -13 86 1 0 1
87.0829 19.8072 14500 -16.9242 -56.6733 212.768 54.3399 -13 86 1 0 1
19.9705 -17.6438 14850 -43.745 5.57243 216.388 55.6718 -13 86 1 0 1
-39.1672 -30.6776 15200 -22.1006 -31.8295 217.409 56.9879 -13 86 1 0 1
-56.1638 -80.5915 15550 -20.8883 -18.4849 219.067 58.2975 -13 86 1 0 1
-122.307 -45.172 15900 -24.8376 68.0393 208.62 59.633 -13 86 1 0 1
-94.1767 25.295 16250 28.3942 0.171974 219.003 60.9691 -13 86 1 0 1
-49.0316 0.41453 16600 36.3971 -8.40032 217.654 62.278 -13 86 1 0 1
2.93182 30.5573 16950 29.8136 33.7046 216.203 63.5936 -13 86 1 0 1
-42.6598 -20.8691 13100 -14.2648 21.3353 200.583 49.6712 -13 87 1 0 1
-39.9315 7.38673 13450 7.46975 1.91008 202.071 50.9944 -13 87 1 0 1
-24.6606 -3.22862 13800 14.1186 -4.81894 201.667 52.3137 -13 87 1 0 1
-2.26321 9.36974 14150 11.1854 14.4984 201.387 53.6351 -13 87 1 0 1
30.7263 18.4782 14500 21.6589 -12.8615 200.643 54.9602 -13 87 1 0 1
46.5636 -8.34236 14850 3.64444 -5.10878 202.12 56.2835 -13 87 1 0 1
49.074 10.104 15200 -9.69691 18.0157 201.18 57.6039 -13 87 1 0 1
26.0635 11.7606 15550 -8.59199 -14.6417 201.504 58.9258 -13 87 1 0 1
0.263303 -16.1327 15900 -25.746 -5.43558 200.499 60.2516 -13 87 1 0 1
-36.555 -2.60067 16250 -15.5235 7.28033 201.49 61.5778 -13 87 1 0 1
-55.4525 -21.3602 16600 3.124 -23.9401 200.772 62.9011 -13 87 1 0 1
-41.3991 -35.636 16950 -0.492258 9.59879 201.989 64.2225 -13 87 1 0 1
32.6401 60.1977 13100 47.3128 -4.13172 202.86 49.3484 -13 88 1 0 1
78.6304 29.2934 13450 7.5344 -5.26354 208.143 50.6771 -13 88 1 0 1
62.5472 57.6754 13800 -31.9621 17.6762 205.119 51.9955 -13 88 1 0 1
26.293 40.2292 14150 -0.21764 -28.3681 206.405 53.3181 -13 88 1 0 1
15.5219 -20.7047 14500 -29.3498 -31.2921 203.88 54.6493 -13 88 1 0 1
-43.484 -37.7655 14850 -26.0089 -5.57135 206.641 55.9799 -13 88 1 0 1
-47.5382 -78.5379 15200 28.3935 -27.0823 204.617 57.3034 -13 88 1 0 1
-13.3784 -82.9227 15550 -7.21935 10.6572 207.947 58.6234 -13 88 1 0 1
-50.0884 -36.8681 15900 -8.7194 47.911 202.574 59.9539 -13 88 1 0 1
-15.1745 19.901 16250 29.4386 15.0892 205.703 61.2909 -13 88 1 0 1
7.14833 53.4983 16600 -9.05015 23.4976 206.818 62.6109 -13 88 1 0 1
-8.47955 80.0522 16950 7.97801 14.3625 207.697 63.9259 -13 88 1 0 1
-8.71039 3.48379 13100 5.68316 4.86836 193.818 49.8211 -13 89 1 0 1
2.95653 3.55986 13450 5.22738 -2.30521 193.878 51.1514 -13 89 1 0 1
10.7738 5.92431 13800 1.99419 5.34072 193.878 52.4813 -13 89 1 0 1
12.4185 12.6142 14150 3.4441 0.256044 193.931 53.8111 -13 89 1 0 1
20.7203 0.158523 14500 -0.887497 -13.1346 193.515 55.1422 -13 89 1 0 1
9.07113 -12.3931 14850 -5.5836 -0.587774 193.881 56.4736 -13 89 1 0 1
5.25369 -11.7755 15200 -0.503578 0.263331 193.961 57.8032 -13 89 1 0 1
0.636923 -15.2598 15550 -6.24681 -4.14702 193.817 59.1329 -13 89 1 0 1
-20.2109 -11.9621 15900 -10.7891 12.6973 193.245 60.4654 -13 89 1 0 1
-22.7629 9.21247 16250 1.46532 4.65904 193.901 61.7979 -13 89 1 0 1
-24.3117 4.56442 16600 1.04214 -7.04329 193.831 63.1277 -13 89 1 0 1
-17.3445 4.11382 16950 4.30099 7.90302 193.753 64.4578 -13 89 1 0 1
-50.1824 50.5994 13100 42.3751 21.3787 218.42 48.5639 -13 90 1 0 1
5.33289 36.9813 13450 16.8465 -22.7124 221.721 49.8762 -13 90 1 0 1
27.313 14.3397 13800 16.4819 -2.24535 222.897 51.1733 -13 90 1 0 1
56.9017 16.2321 14150 23.621 -7.10126 222.152 52.4695 -13 90 1 0 1
78.6752 -39.1322 14500 -17.2003 -51.3808 216.85 53.7847 -13 90 1 0 1
33.348 -74.3379 14850 -13.1183 2.78279 223.114 55.098 -13 90 1 0 1
39.6126 -51.7553 15200 3.29978 25.0123 222.089 56.3935 -13 90 1 0 1
13.3401 -31.0243 15550 -31.6801 -1.25855 221.257 57.6931 -13 90 1 0 1
-46.5599 -9.39752 15900 -27.4507 40.4099 218.113 59.0084 -13 90 1 0 1
-54.2454 50.7799 16250 -3.02941 21.5213 222.458 60.3209 -13 90 1 0 1
-85.3689 43.5161 16600 -18.8106 -32.3087 220.368 61.622 -13 90 1 0 1
-78.9461 14.8682 16950 15.8512 11.126 222.677 62.9222 -13 90 1 0 1
-73.6264 -130.2 13100 -60.6924 57.2813 178.26 51.9967 -13 91 1 0 1
-57.1408 -20.7857 13450 49.9166 26.6569 188.518 53.4139 -13 91 1 0 1
15.7603 43.2541 13800 7.06253 53.9959 189.145 54.7942 -13 91 1 0 1
-8.70877 125.017 14150 2.02691 38.0096 193.113 56.1602 -13 91 1 0 1
98.8603 138.04 14500 68.8986 -65.6876 172.277 57.5826 -13 91 1 0 1
78.3453 16.1343 14850 -54.3968 -22.2261 187.852 59.0256 -13 91 1 0 1
-7.73711 -34.7998 15200 -19.139 -51.2701 189.067 60.4082 -13 91 1 0 1
0.975601 -127.241 15550 -6.98269 -46.1038 191.225 61.7808 -13 91 1 0 1
-124.141 -138.438 15900 -70.8728 79.8242 165.368 63.2369 -13 91 1 0 1
-85.4456 -3.72337 16250 62.6587 16.6381 185.845 64.7147 -13 91 1 0 1
13.535 40.4406 16600 25.04 52.2924 188.096 66.1075 -13 91 1 0 1
12.9814 138.269 16950 12.6502 46.9078 190.738 67.4854 -13 91 1 0 1
-32.773 33.441 13100 23.9358 17.5719 190.713 49.9801 -13 92 1 0 1
5.84177 28.9754 13450 9.0756 -11.5131 192.454 51.3215 -13 92 1 0 1
14.8493 16.677 13800 4.95118 -1.58597 192.941 52.6539 -13 92 1 0 1
30.6835 15.5069 14150 14.3173 -4.87818 192.418 53.9864 -13 92 1 0 1
46.571 -24.0636 14500 -12.0633 -31.7208 190.004 55.3302 -13 92 1 0 1
10.7564 -46.0776 14850 -9.72966 2.2815 192.752 56.6734 -13 92 1 0 1
13.8939 -35.8423 15200 3.66282 10.4012 192.696 58.0055 -13 92 1 0 1
-1.09267 -25.3373 15550 -18.9666 -0.136471 192.077 59.3393 -13 92 1 0 1
-41.1701 -0.901675 15900 -9.93643 32.1533 190.055 60.6846 -13 92 1 0 1
-29.1194 41.6833 16250 5.08577 9.17551 192.726 62.0281 -13 92 1 0 1
-43.3256 35.4769 16600 -8.88515 -17.4026 192.02 63.3621 -13 92 1 0 1
-32.3175 19.3482 16950 15.6367 6.51695 192.266 64.6974 -13 92 1 0 1
105.582 25.2023 13100 9.82763 -54.4529 197.289 49.9656 -13 93 1 0 1
70.4875 -22.9278 13450 -24.5226 8.78465 203.239 51.3074 -13 93 1 0 1
23.7533 6.91528 13800 -36.2246 4.98075 201.612 52.6381 -13 93 1 0 1
-26.7956 -22.8912 14150 -24.587 -23.6875 202.037 53.9718 -13 93 1 0 1
-85.1619 -18.1007 14500 -26.0542 37.3508 199.776 55.31 -13 93 1 0 1
-88.2975 27.1885 14850 2.35119 -3.31548 204.861 56.6394 -13 93 1 0 1
-73.5086 -23.483 15200 33.3552 -33.9435 199.298 57.9718 -13 93 1 0 1
-9.80355 -21.8758 15550 25.3785 23.2092 201.995 59.3128 -13 93 1 0 1
36.4628 -0.774871 15900 27.953 -9.71669 202.753 60.642 -13 93 1 0 1
68.7186 -26.1032 16250 18.4406 -2.43141 204.055 61.9651 -13 93 1 0 1
91.088 24.7095 16600 -16.35 48.9065 198.306 63.3022 -13 93 1 0 1
38.4322 51.8845 16950 -19.0022 -13.434 203.576 64.6417 -13 93 1 0 1
-15.7016 40.0108 13100 43.136 -1.63896 186.798 50.3581 -13 94 1 0 1
32.2048 -5.1605 13450 11.6915 -26.5633 189.512 51.7182 -13 94 1 0 1
68.6685 -15.3947 13800 19.518 20.2757 189.644 53.0632 -13 94 1 0 1
78.0776 8.87388 14150 2.06744 -9.71807 191.464 54.4026 -13 94 1 0 1
55.0365 -47.9764 14500 -41.8934 -26.706 185.172 55.7615 -13 94 1 0 1
-11.6738 -32.2018 14850 -17.0008 23.795 189.478 57.1267 -13 94 1 0 1
-39.9017 -11.675 15200 -15.6034 -5.75194 190.999 58.4679 -13 94 1 0 1
-63.6965 -23.3644 15550 -17.207 5.81275 190.859 59.8052 -13 94 1 0 1
-77.4821 38.9743 15900 25.9484 45.3095 184.474 61.168 -13 94 1 0 1
-15.2258 56.0161 16250 16.6144 -15.15 190.398 62.5317 -13 94 1 0 1
-0.780734 28.3417 16600 10.3337 -10.7266 191.142 63.8702 -13 94 1 0 1
32.3646 25.251 16950 25.7509 -0.204086 189.984 65.2099 -13 94 1 0 1
-28.9117 -32.7967 13100 -27.2031 -3.09216 186.342 50.7298 -13 95 1 0 1
-61.7035 -22.1725 13450 -6.52226 -4.22494 188.182 52.0762 -13 95 1 0 1
-38.8144 -57.956 13800 36.2096 -12.1133 184.432 53.4291 -13 95 1 0 1
4.74955 -30.8703 14150 2.9377 24.3747 186.736 54.7873 -13 95 1 0 1
16.4347 6.93216 14500 17.7466 10.4863 187.211 56.1354 -13 95 1 0 1
51.2964 10.0461 14850 15.952 6.39883 187.557 57.4809 -13 95 1 0 1
49.4441 56.1354 15200 -29.5597 25.3249 184.277 58.8366 -13 95 1 0 1
3.64014 50.1394 15550 -4.13246 -17.7619 187.458 60.1923 -13 95 1 0 1
3.00767 13.4653 15900 -10.2487 -18.7785 187.124 61.5386 -13 95 1 0 1
-35.0948 -1.88875 16250 -23.8332 -6.29753 186.723 62.8872 -13 95 1 0 1
-53.9362 -50.4711 16600 19.2377 -34.5145 184.151 64.2463 -13 95 1 0 1
-13.5531 -66.2215 16950 2.63063 8.52787 188.131 65.6002 -13 95 1 0 1
-34.5173 5.68485 13100 -9.2313 21.2245 181.605 50.8326 -13 96 1 0 1
-30.2871 35.7329 13450 -0.194685 4.31416 183.023 52.1868 -13 96 1 0 1
-43.2943 17.6744 13800 0.28091 -21.3184 181.828 53.5391 -13 96 1 0 1
-17.5996 2.64973 14150 17.5057 6.66409 182.113 54.8942 -13 96 1 0 1
21.3893 2.01064 14500 16.8881 -17.0616 181.493 56.2519 -13 96 1 0 1
30.2122 -33.9457 14850 4.2993 -11.3064 182.674 57.6081 -13 96 1 0 1
56.1994 -22.767 15200 8.22605 24.5743 181.23 58.9635 -13 96 1 0 1
39.5553 -0.06129 15550 -14.1696 -7.61797 182.366 60.3192 -13 96 1 0 1
-0.946012 -16.227 15900 -27.2274 6.70883 180.913 61.6788 -13 96 1 0 1
-30.1874 20.0979 16250 -9.63936 17.1668 182.012 63.0399 -13 96 1 0 1
-63.8763 15.5059 16600 -12.5435 -25.0422 180.919 64.3981 -13 96 1 0 1
-57.0004 -10.3815 16950 6.45997 8.41627 182.766 65.7535 -13 96 1 0 1
-36.1605 12.4969 13100 30.1637 22.8827 188.18 50.388 -13 97 1 0 1
23.5726 7.09686 13450 26.0334 -13.4868 189.698 51.743 -13 97 1 0 1
64.9463 21.845 13800 7.50852 30.6606 189.337 53.0905 -13 97 1 0 1
59.2623 53.3599 14150 6.02637 -3.93959 191.816 54.4315 -13 97 1 0 1
74.0737 -1.81097 14500 -16.3125 -45.0961 185.864 55.7871 -13 97 1 0 1
12.7766 -28.0012 14850 -28.5562 9.73348 189.565 57.1505 -13 97 1 0 1
-27.3935 -27.9458 15200 -12.9713 -16.1759 190.828 58.4935 -13 97 1 0 1
-42.1434 -57.3004 15550 -17.3273 -7.62759 191.015 59.8325 -13 97 1 0 1
-91.3009 -15.1219 15900 -5.99568 53.8737 184.138 61.1966 -13 97 1 0 1
-49.2233 36.8929 16250 23.4446 -3.33645 190.485 62.5624 -13 97 1 0 1
-18.1088 21.2605 16600 17.2 -2.17506 191.166 63.9019 -13 97 1 0 1
13.6573 41.9718 16950 22.3788 17.3236 189.853 65.2431 -13 97 1 0 1
-22.3362 -5.55498 13100 11.8769 21.2733 187.848 50.3515 -13 98 1 0 1
16.2561 7.25264 13450 21.1615 -0.311854 188.236 51.6986 -13 98 1 0 1
40.2439 33.2409 13800 -4.84028 25.156 187.682 53.0448 -13 98 1 0 1
23.9221 54.3868 14150 3.63041 -1.17641 189.383 54.3874 -13 98 1 0 1
48.1047 22.4209 14500 2.2097 -33.8509 186.36 55.7356 -13 98 1 0 1
14.8748 -12.6935 14850 -22.5743 -2.51264 188.055 57.0885 -13 98 1 0 1
-13.2912 -28.017 15200 -3.04886 -17.2937 188.606 58.432 -13 98 1 0 1
-11.6668 -54.5764 15550 -8.54767 -10.4541 188.94 59.7731 -13 98 1 0 1
-58.1624 -40.8534 15900 -21.4189 35.0145 184.921 61.1277 -13 98 1 0 1
-46.52 9.02948 16250 16.9715 5.78182 188.572 62.4839 -13 98 1 0 1
-20.3706 9.10259 16600 11.9921 4.39917 188.991 63.8246 -13 98 1 0 1
-6.2419 34.7441 16950 9.32659 20.1072 188.121 65.1666 -13 98 1 0 1
34.2066 110.298 13100 65.7304 3.24349 204.358 49.6117 -13 99 1 0 1
93.4938 77.2904 13450 -1.46265 -5.09116 214.628 50.9456 -13 99 1 0 1
39.8258 94.2133 13800 -54.4635 -7.7011 207.527 52.2689 -13 99 1 0 1
3.83769 33.3334 14150 10.7934 -45.3496 209.571 53.605 -13 99 1 0 1
-2.65105 -47.2307 14500 -36.914 -39.1637 207.838 54.9444 -13 99 1 0 1
-69.881 -75.6656 14850 -23.4158 -18.536 212.606 56.2755 -13 99 1 0 1
-34.7078 -134.156 15200 66.2795 -16.2756 203.557 57.6145 -13 99 1 0 1
23.1137 -97.6165 15550 -12.418 28.9935 212.364 58.9539 -13 99 1 0 1
-20.6644 -36.9872 15900 -10.6635 53.4058 207.671 60.2864 -13 99 1 0 1
15.731 37.1592 16250 31.3736 35.0552 209.476 61.6269 -13 99 1 0 1
9.56227 109.033 16600 -47.8972 31.722 206.864 62.9651 -13 99 1 0 1
-47.2344 115.969 16950 3.0039 3.40566 214.645 64.2899 -13 99 1 0 1
-14.1184 1.4298 13100 5.36739 6.31439 190.654 50.0197 -13 100 1 0 1
-1.07198 1.84569 13450 6.32207 -3.84233 190.691 51.3553 -13 100 1 0 1
11.6694 1.62233 13800 5.83779 6.03142 190.649 52.6909 -13 100 1 0 1
16.8686 12.3721 14150 3.94473 1.90367 190.784 54.0262 -13 100 1 0 1
26.1846 -0.482311 14500 -1.12345 -14.4573 190.282 55.3627 -13 100 1 0 1
13.2065 -13.0542 14850 -5.81469 1.22535 190.742 56.6995 -13 100 1 0 1
6.62671 -7.88156 15200 -4.0313 1.59746 190.785 58.0344 -13 100 1 0 1
-3.04764 -12.9436 15550 -7.56118 -5.26983 190.611 59.3696 -13 100 1 0 1
-25.0798 -8.65414 15900 -9.89811 14.1844 190.049 60.7076 -13 100 1 0 1
-26.1266 12.8234 16250 1.10624 3.1592 190.805 62.0452 -13 100 1 0 1
-27.663 3.06672 16600 3.19777 -10 190.545 63.3806 -13 100 1 0 1
-15.3869 1.3903 16950 6.41074 8.29509 190.546 64.7165 -13 100 1 0 1
