#BLTrackFile VirtualDetector/det7
#x y z Px Py Pz t PDGid EventID TrackID ParentID Weight
#mm mm mm MeV/c MeV/c MeV/c ns - - - - -
#BLTrackFile VirtualDetector/det7
#x y z Px Py Pz t PDGid EventID TrackID ParentID Weight
#mm mm mm MeV/c MeV/c MeV/c ns - - - - -
#BLTrackFile VirtualDetector/det7
#x y z Px Py Pz t PDGid EventID TrackID ParentID Weight
#mm mm mm MeV/c MeV/c MeV/c ns - - - - -
#BLTrackFile VirtualDetector/det7
#x y z Px Py Pz t PDGid EventID TrackID ParentID Weight
#mm mm mm MeV/c MeV/c MeV/c ns - - - - -
#BLTrackFile VirtualDetector/det7
#x y z Px Py Pz t PDGid EventID TrackID ParentID Weight
#mm mm mm MeV/c MeV/c MeV/c ns - - - - -
#BLTrackFile VirtualDetector/det7
#x y z Px Py Pz t PDGid EventID TrackID ParentID Weight
#mm mm mm MeV/c MeV/c MeV/c ns - - - - -
#BLTrackFile VirtualDetector/det7
#x y z Px Py Pz t PDGid EventID TrackID ParentID Weight
#mm mm mm MeV/c MeV/c MeV/c ns - - - - -
#BLTrackFile VirtualDetector/det7
#x y z Px Py Pz t PDGid EventID TrackID ParentID Weight
#mm mm mm MeV/c MeV/c MeV/c ns - - - - -
#BLTrackFile VirtualDetector/det7
#x y z Px Py Pz t PDGid EventID TrackID ParentID Weight
#mm mm mm MeV/c MeV/c MeV/c ns - - - - -
#BLTrackFile VirtualDetector/det7
#x y z Px Py Pz t PDGid EventID TrackID ParentID Weight
#mm mm mm MeV/c MeV/c MeV/c ns - - - - -
#BLTrackFile VirtualDetector/det7
#x y z Px Py Pz t PDGid EventID TrackID ParentID Weight
#mm mm mm MeV/c MeV/c MeV/c ns - - - - -
#BLTrackFile VirtualDetector/det7
#x y z Px Py Pz t PDGid EventID TrackID ParentID Weight
#mm mm mm MeV/c MeV/c MeV/c ns - - - - -
-14.4715 17.6569 29900 47.5385 -6.80658 204.77 113.677 -13 1 1 0 1
40.7734 -32.9828 30250 25.4339 -32.1623 206.29 115.015 -13 1 1 0 1
108.467 -29.3195 30600 32.9888 46.304 202.496 116.356 -13 1 1 0 1
111.83 26.0149 30950 -5.0148 -5.00062 210.206 117.687 -13 1 1 0 1
86.3381 -34.9022 31300 -45.905 -37.8574 201.734 119.022 -13 1 1 0 1
7.11321 -24.9985 31650 -30.8129 31.6812 205.63 120.37 -13 1 1 0 1
-51.2288 2.13634 32000 -37.2987 -13.6123 206.544 121.702 -13 1 1 0 1
-93.8324 -32.0935 32350 -24.7686 -3.51136 208.833 123.025 -13 1 1 0 1
-122.816 35.697 32700 23.0528 65.2842 198.604 124.373 -13 1 1 0 1
-54.1294 67.712 33050 23.1715 -21.6368 207.923 125.723 -13 1 1 0 1
-24.1716 17.3929 33400 30.1107 -22.8636 206.9 127.049 -13 1 1 0 1
38.9627 18.6979 33750 40.2962 9.11985 206.228 128.378 -13 1 1 0 1
10.7848 29.3588 29900 14.9266 -23.2259 198.93 113.267 -13 2 1 0 1
4.45319 -10.4744 30250 -11.9967 -17.2088 199.738 114.596 -13 2 1 0 1
6.55622 -39.9944 30600 17.684 -10.7186 199.769 115.921 -13 2 1 0 1
29.6023 -44.1546 30950 0.608674 -5.26793 200.767 117.244 -13 2 1 0 1
-1.27333 -56.0536 31300 -29.5172 7.04997 198.531 118.571 -13 2 1 0 1
-19.2776 -25.5559 31650 7.9471 14.3558 200.165 119.9 -13 2 1 0 1
-3.9118 -2.31187 32000 1.27291 15.7724 200.213 121.223 -13 2 1 0 1
-16.6731 21.1094 32350 -8.04376 13.5309 200.219 122.547 -13 2 1 0 1
-3.60386 49.9316 32700 24.4443 8.26913 199.172 123.873 -13 2 1 0 1
21.2003 42.9044 33050 -2.77685 -3.65939 200.784 125.198 -13 2 1 0 1
-5.05633 35.4445 33400 -17.7652 -14.9651 199.489 126.522 -13 2 1 0 1
-7.46952 3.63092 33750 9.4655 -14.4535 200.093 127.848 -13 2 1 0 1
14.6921 -55.9967 29900 -24.0651 5.22558 193.525 114.676 -13 3 1 0 1
4.66977 -25.0587 30250 13.0645 19.837 193.634 116.012 -13 3 1 0 1
16.8194 24.2114 30600 -14.2764 29.8837 192.254 117.356 -13 3 1 0 1
-20.9327 50.585 30950 -11.2698 9.02462 194.551 118.696 -13 3 1 0 1
0.563022 69.9727 31300 29.6997 -2.81565 192.791 120.032 -13 3 1 0 1
18.025 42.5204 31650 -12.8818 -13.0427 194.222 121.369 -13 3 1 0 1
-13.1344 9.3283 32000 -6.05958 -29.9246 192.682 122.709 -13 3 1 0 1
7.00462 -35.4221 32350 12.8788 -19.4489 193.686 124.051 -13 3 1 0 1
-11.5154 -69.1097 32700 -32.2094 -3.82878 192.37 125.391 -13 3 1 0 1
-40.3365 -52.7993 33050 6.11795 3.44873 194.959 126.728 -13 3 1 0 1
-0.357122 -47.768 33400 26.4511 18.872 192.361 128.066 -13 3 1 0 1
4.46381 1.09065 33750 -12.6849 24.9297 193.07 129.41 -13 3 1 0 1
-26.1725 -28.6168 29900 10.1142 27.607 194.51 114.893 -13 4 1 0 1
21.2029 -7.55895 30250 33.6517 2.5344 193.803 116.235 -13 4 1 0 1
65.8782 39.2387 30600 -4.01059 46.6816 191.058 117.589 -13 4 1 0 1
35.0066 83.0648 30950 -1.64308 2.65825 196.694 118.934 -13 4 1 0 1
65.6544 49.5593 31300 8.78318 -42.7119 191.825 120.275 -13 4 1 0 1
27.2653 4.03155 31650 -34.1003 -2.25961 193.728 121.626 -13 4 1 0 1
-28.2093 -18.8032 32000 -15.4726 -33.1771 193.283 122.973 -13 4 1 0 1
-28.3975 -73.3153 32350 -6.91861 -20.5854 195.517 124.316 -13 4 1 0 1
-85.4604 -62.8186 32700 -30.128 44.4159 189.257 125.669 -13 4 1 0 1
-71.8796 -3.58419 33050 24.9137 1.85958 195.127 127.023 -13 4 1 0 1
-19.2157 -11.2217 33400 31.7118 10.5038 193.862 128.365 -13 4 1 0 1
11.4029 38.3699 33750 11.898 32.2256 193.697 129.71 -13 4 1 0 1
136.663 -86.8737 29900 -35.5999 -78.7324 187.284 116.57 -13 5 1 0 1
51.633 -116.573 30250 -12.0673 29.4935 203.779 117.948 -13 5 1 0 1
51.5859 -32.7593 30600 -24.3048 55.1021 197.268 119.3 -13 5 1 0 1
-36.7719 6.22496 30950 -56.0813 3.95271 198.446 120.668 -13 5 1 0 1
-99.286 76.4834 31300 13.542 67.9867 194.257 122.042 -13 5 1 0 1
-49.6965 127.806 31650 -0.48515 -4.2512 206.212 123.392 -13 5 1 0 1
-93.6796 64.0109 32000 -5.45792 -70.1824 193.871 124.745 -13 5 1 0 1
-23.2011 -5.78114 32350 55.5853 -5.97678 198.535 126.122 -13 5 1 0 1
52.1771 -49.5379 32700 12.0267 -52.4403 199.115 127.481 -13 5 1 0 1
41.0287 -118.591 33050 10.4329 -21.85 204.83 128.822 -13 5 1 0 1
119.455 -86.4279 33400 33.3766 73.3405 189.865 130.19 -13 5 1 0 1
73.7885 1.06994 33750 -50.2371 5.08272 199.98 131.575 -13 5 1 0 1
24.4084 27.8142 29900 11.912 -18.8878 206.668 112.174 -13 6 1 0 1
19.629 1.65801 30250 -10.4948 -6.20724 207.513 113.489 -13 6 1 0 1
5.67441 -6.35437 30600 -3.72596 -7.13654 207.715 114.8 -13 6 1 0 1
5.56608 -20.9785 30950 -1.437 -10.2473 207.613 116.111 -13 6 1 0 1
-14.9711 -32.657 31300 -19.4934 4.25739 206.911 117.424 -13 6 1 0 1
-29.4335 -18.4961 31650 1.806 2.12778 207.852 118.737 -13 6 1 0 1
-13.853 -24.0753 32000 15.2568 0.281748 207.31 120.048 -13 6 1 0 1
-1.20345 -9.72856 32350 -0.937495 11.5282 207.549 121.361 -13 6 1 0 1
1.76628 9.74745 32700 8.70946 8.8488 207.499 122.673 -13 6 1 0 1
17.0981 16.4937 33050 5.22846 4.74603 207.751 123.984 -13 6 1 0 1
8.73457 31.6136 33400 -15.9413 5.60082 207.183 125.296 -13 6 1 0 1
-8.51914 26.5288 33750 0.109095 -4.48593 207.822 126.608 -13 6 1 0 1
133.322 30.9159 29900 30.6588 -65.9782 186.036 116.137 -13 8 1 0 1
110.336 -42.1524 30250 -19.0015 7.65139 198.703 117.505 -13 8 1 0 1
68.8213 14.9839 30600 -46.4945 26.6279 192.437 118.856 -13 8 1 0 1
-11.6377 -10.0765 30950 -35.2482 -34.4478 193.581 120.222 -13 8 1 0 1
-94.9354 -19.7585 31300 -40.7573 40.1682 191.385 121.59 -13 8 1 0 1
-113.946 40.7836 31650 -5.51256 0.107035 199.681 122.939 -13 8 1 0 1
-110.088 -30.4844 32000 40.0714 -52.1193 188.628 124.298 -13 8 1 0 1
-21.6622 -32.651 32350 33.0551 33.2437 194.178 125.674 -13 8 1 0 1
44.3561 3.88182 32700 41.8245 -10.3935 195.052 127.029 -13 8 1 0 1
94.7606 -33.3816 33050 26.098 -5.54018 197.967 128.372 -13 8 1 0 1
125.38 38.3768 33400 -27.276 65.6661 186.673 129.742 -13 8 1 0 1
44.0706 64.5724 33750 -26.7185 -26.4354 196.189 131.118 -13 8 1 0 1
26.3688 8.41336 29900 9.40662 -14.2881 191.903 113.901 -13 9 1 0 1
26.7691 -11.1251 30250 -1.42465 -1.39347 192.653 115.235 -13 9 1 0 1
25.2133 1.47663 30600 -6.10961 10.3538 192.288 116.568 -13 9 1 0 1
10.1248 3.17408 30950 -6.31841 -7.00484 192.433 117.901 -13 9 1 0 1
-6.1087 -7.56359 31300 -12.143 0.749394 192.279 119.235 -13 9 1 0 1
-20.775 1.04525 31650 -5.33531 1.91663 192.58 120.568 -13 9 1 0 1
-25.4157 -11.9174 32000 5.4766 -12.2215 192.198 121.901 -13 9 1 0 1
-12.1328 -18.2181 32350 2.31123 3.99735 192.608 123.234 -13 9 1 0 1
-11.5834 -4.11459 32700 4.11378 9.28865 192.396 124.567 -13 9 1 0 1
2.29496 2.03892 33050 7.79953 -0.36865 192.505 125.9 -13 9 1 0 1
11.5931 9.46872 33400 -0.620792 8.44734 192.477 127.233 -13 9 1 0 1
6.061 18.7469 33750 0.14614 1.87234 192.655 128.565 -13 9 1 0 1
69.0961 11.7576 29900 -1.92586 -33.6544 202.719 113.09 -13 10 1 0 1
39.6461 -10.855 30250 -18.1277 9.85406 204.464 114.414 -13 10 1 0 1
2.95236 8.94737 30600 -26.9524 -0.785462 203.726 115.736 -13 10 1 0 1
-30.1962 -14.3332 30950 -15.0901 -13.7152 204.489 117.059 -13 10 1 0 1
-61.8601 -4.75082 31300 -10.3927 25.9975 203.587 118.38 -13 10 1 0 1
-56.7389 19.729 31650 3.07772 -6.47728 205.378 119.698 -13 10 1 0 1
-43.0876 -17.8812 32000 25.0469 -22.8203 202.69 121.021 -13 10 1 0 1
2.50944 -17.8978 32350 18.4108 12.7225 204.281 122.347 -13 10 1 0 1
29.0577 -12.1463 32700 11.3806 -9.56707 204.965 123.665 -13 10 1 0 1
41.4472 -26.295 33050 10.9159 1.06091 205.21 124.98 -13 10 1 0 1
57.5446 9.44228 33400 -8.74247 34.2172 202.446 126.303 -13 10 1 0 1
22.464 33.4562 33750 -15.3952 -4.20754 204.882 127.628 -13 10 1 0 1
14.141 145.708 29900 84.8048 -7.13563 171.246 117.96 -13 11 1 0 1
74.7965 58.4819 30250 -19.4737 -33.1428 187.324 119.382 -13 11 1 0 1
30.8983 13.0093 30600 -10.6861 -30.9946 188.396 120.738 -13 11 1 0 1
52.2518 -51.274 30950 16.1885 -41.9208 185.872 122.099 -13 11 1 0 1
-10.5534 -139.305 31300 -82.2148 -3.80524 172.61 123.521 -13 11 1 0 1
-81.0522 -70.1965 31650 12.845 26.0766 189.005 124.931 -13 11 1 0 1
-31.819 -41.5371 32000 24.1744 26.2565 187.868 126.283 -13 11 1 0 1
-37.8267 26.374 32350 -17.1459 42.8335 185.578 127.646 -13 11 1 0 1
4.49137 117.089 32700 69.5297 16.8967 177.336 129.052 -13 11 1 0 1
79.1949 78.7789 33050 -2.51742 -14.5769 190.655 130.439 -13 11 1 0 1
29.1108 72.6174 33400 -37.7994 -19.0584 186.483 131.79 -13 11 1 0 1
18.1365 4.4845 33750 17.9102 -41.2043 185.875 133.156 -13 11 1 0 1
62.2343 -3.96598 29900 21.8719 -45.6636 185.626 115.614 -13 12 1 0 1
56.0596 -69.762 30250 -0.0802534 -13.2318 191.952 116.974 -13 12 1 0 1
87.5181 -42.3679 30600 7.84723 42.8706 187.407 118.322 -13 12 1 0 1
50.3877 -5.20879 30950 -29.8614 -10.0953 189.808 119.677 -13 12 1 0 1
-17.9088 -15.3307 31300 -37.5072 20.2138 187.631 121.038 -13 12 1 0 1
-49.322 41.3966 31650 -11.4964 22.4338 190.749 122.394 -13 12 1 0 1
-93.5811 27.0275 32000 -14.6782 -41.0026 187.414 123.746 -13 12 1 0 1
-72.5705 -13.6197 32350 16.9542 9.55957 191.421 125.097 -13 12 1 0 1
-27.5148 22.769 32700 38.8335 6.8482 188.324 126.449 -13 12 1 0 1
25.085 -10.7082 33050 18.5759 -25.01 189.869 127.804 -13 12 1 0 1
73.118 -14.3547 33400 21.4249 28.1691 189.125 129.154 -13 12 1 0 1
76.5076 22.0132 33750 -1.33435 -4.51323 192.35 130.497 -13 12 1 0 1
39.6096 21.5547 29900 27.767 -38.0724 217.375 111.192 -13 13 1 0 1
45.5072 -36.4276 30250 -2.10027 -21.5707 221.366 112.504 -13 13 1 0 1
65.4412 -39.2237 30600 16.2834 19.1985 220.995 113.802 -13 13 1 0 1
66.1072 -22.5506 30950 -10.1706 -11.4044 221.899 115.098 -13 13 1 0 1
21.398 -55.1616 31300 -47.2755 -5.65419 217.268 116.409 -13 13 1 0 1
-28.7481 -25.812 31650 -12.1743 22.7497 220.923 117.722 -13 13 1 0 1
-44.2903 -12.3209 32000 -8.7039 -4.81377 222.202 119.018 -13 13 1 0 1
-58.31 -13.9332 32350 -13.6176 12.2309 221.67 120.312 -13 13 1 0 1
-62.4017 40.5295 32700 25.7068 41.5848 216.985 121.624 -13 13 1 0 1
-13.4042 61.2358 33050 14.8551 -6.41632 221.835 122.935 -13 13 1 0 1
-13.5635 45.9502 33400 -3.19618 -13.7762 221.974 124.229 -13 13 1 0 1
3.53914 32.2289 33750 24.2907 -2.70753 221.077 125.525 -13 13 1 0 1
-58.4039 -42.5164 29900 -23.3721 18.714 198.636 114.167 -13 14 1 0 1
-64.324 -16.2542 30250 9.32259 -4.92242 200.603 115.493 -13 14 1 0 1
-23.2977 -40.637 30600 38.3016 -0.789762 197.193 116.826 -13 14 1 0 1
18.5225 -3.47584 30950 9.64643 26.3151 198.915 118.165 -13 14 1 0 1
48.9104 16.9436 31300 22.2127 -9.48353 199.423 119.494 -13 14 1 0 1
69.7715 -0.285667 31650 7.19853 5.96068 200.663 120.818 -13 14 1 0 1
57.7925 46.1482 32000 -33.5576 26.5092 196.275 122.154 -13 14 1 0 1
5.05218 37.6075 32350 -12.6287 -22.232 199.246 123.493 -13 14 1 0 1
-16.326 6.02253 32700 -19.4674 -7.0957 199.809 124.821 -13 14 1 0 1
-53.6432 8.29809 33050 -22.9913 -3.55841 199.528 126.147 -13 14 1 0 1
-74.1637 -43.7109 33400 19.0728 -42.9651 195.302 127.49 -13 14 1 0 1
-28.4401 -65.3073 33750 8.66949 11.6125 200.357 128.828 -13 14 1 0 1
19.0618 -52.6795 29900 -25.843 -18.8286 193.282 114.297 -13 15 1 0 1
-15.9057 -52.7926 30250 -0.961617 5.07208 195.841 115.633 -13 15 1 0 1
7.53947 -40.4334 30600 15.2351 17.914 194.493 116.964 -13 15 1 0 1
1.98629 -5.95866 30950 -14.9074 14.8539 194.776 118.299 -13 15 1 0 1
-9.18816 28.2899 31300 10.9798 19.9186 194.584 119.634 -13 15 1 0 1
14.868 44.7803 31650 3.73248 6.00779 195.781 120.965 -13 15 1 0 1
-9.76757 51.7997 32000 -23.3868 -10.1673 194.242 122.297 -13 15 1 0 1
-18.4926 21.7378 32350 11.1836 -11.9694 195.223 123.631 -13 15 1 0 1
0.763085 -1.72204 32700 1.42395 -17.7954 195.094 124.963 -13 15 1 0 1
-13.3383 -27.9115 33050 -7.38251 -13.4989 195.304 126.295 -13 15 1 0 1
3.80578 -52.8206 33400 25.2564 -2.41096 194.259 127.628 -13 15 1 0 1
24.6961 -37.4535 33750 -5.71425 6.11864 195.73 128.96 -13 15 1 0 1
-32.2611 -39.6481 29900 -8.82476 24.6505 203.411 113.174 -13 16 1 0 1
-13.2442 -9.49835 30250 22.6224 6.0347 203.749 114.496 -13 16 1 0 1
21.3516 14.0815 30600 7.72303 26.4471 203.23 115.82 -13 16 1 0 1
16.7986 51.8958 30950 2.82348 14.5661 204.552 117.142 -13 16 1 0 1
52.9222 49.3205 31300 23.8469 -26.3713 201.984 118.466 -13 16 1 0 1
51.9568 10.8629 31650 -14.8996 -3.89046 204.511 119.79 -13 16 1 0 1
17.8156 13.6565 32000 -22.7913 -7.51229 203.681 121.11 -13 16 1 0 1
-2.99669 -21.0964 32350 -7.14439 -24.9212 203.444 122.433 -13 16 1 0 1
-43.4013 -43.5903 32700 -34.0546 11.6948 201.904 123.762 -13 16 1 0 1
-70.9555 -14.2819 33050 -2.82928 1.66918 205.063 125.086 -13 16 1 0 1
-53.9586 -43.1579 33400 29.2088 -16.244 202.348 126.408 -13 16 1 0 1
-16.8786 -26.6132 33750 5.47581 25.6031 203.412 127.734 -13 16 1 0 1
-32.691 92.533 29900 49.1302 3.81781 218.111 111.389 -13 17 1 0 1
7.18412 57.1863 30250 -5.77315 -29.5273 221.575 112.701 -13 17 1 0 1
-4.90859 6.26113 30600 8.59216 -34.6933 220.733 114.007 -13 17 1 0 1
33.5332 -31.9262 30950 25.6378 -21.5173 221.089 115.314 -13 17 1 0 1
31.4845 -87.7814 31300 -36.9872 -32.42 218.132 116.627 -13 17 1 0 1
-13.8736 -99.2177 31650 1.48962 1.02115 223.601 117.934 -13 17 1 0 1
33.4674 -83.0536 32000 34.9958 35.7026 217.948 119.243 -13 17 1 0 1
31.0624 -24.8769 32350 -27.363 22.3054 220.804 120.557 -13 17 1 0 1
-6.9525 15.8313 32700 -6.91247 36.073 220.571 121.866 -13 17 1 0 1
3.84378 67.7956 33050 1.00371 29.812 221.61 123.172 -13 17 1 0 1
-47.7594 95.7702 33400 -53.7099 -15.4602 216.511 124.489 -13 17 1 0 1
-81.6113 54.6741 33750 9.48607 -7.01737 223.297 125.801 -13 17 1 0 1
1.14653 -49.7912 29900 -20.8342 4.66631 203.095 113.113 -13 18 1 0 1
-8.02363 -27.9657 30250 10.9345 11.6469 203.589 114.432 -13 18 1 0 1
12.856 0.450675 30600 1.87818 24.0427 202.786 115.754 -13 18 1 0 1
-2.49747 32.0116 30950 -7.5983 13.4076 203.632 117.075 -13 18 1 0 1
13.3899 50.0918 31300 22.4817 -1.67824 202.966 118.395 -13 18 1 0 1
28.9703 35.0868 31650 -6.7262 -3.46742 204.074 119.713 -13 18 1 0 1
-0.0525112 29.1849 32000 -18.9038 -14.7347 202.803 121.033 -13 18 1 0 1
-5.76068 -6.29696 32350 5.69568 -19.3278 203.218 122.356 -13 18 1 0 1
-16.0631 -33.812 32700 -19.7399 -6.22629 203.163 123.676 -13 18 1 0 1
-40.3422 -32.6275 33050 -3.67625 -4.97463 204.121 124.995 -13 18 1 0 1
-17.8273 -53.2259 33400 28.726 -3.01437 202.162 126.316 -13 18 1 0 1
6.73714 -30.4237 33750 -3.77215 17.4294 203.435 127.639 -13 18 1 0 1
-47.0594 -0.309933 29900 19.4525 31.655 201.974 113.186 -13 19 1 0 1
4.64115 14.0186 30250 27.9202 -6.54796 203.351 114.517 -13 19 1 0 1
42.1868 27.2251 30600 8.78491 24.836 203.667 115.841 -13 19 1 0 1
45.5148 57.9196 30950 11.8357 4.35444 204.976 117.16 -13 19 1 0 1
81.6698 18.3831 31300 3.97863 -49.0369 199.383 118.494 -13 19 1 0 1
44.4404 -27.671 31650 -24.3581 0.732477 203.913 119.831 -13 19 1 0 1
12.6318 -20.9393 32000 -16.2933 -3.3824 204.688 121.15 -13 19 1 0 1
-13.1783 -44.9536 32350 -20.8784 -18.1985 203.487 122.47 -13 19 1 0 1
-76.1314 -35.6244 32700 -31.5496 41.4515 198.647 123.811 -13 19 1 0 1
-78.417 23.5039 33050 8.09971 7.32458 205.073 125.148 -13 19 1 0 1
-66.6517 -0.602306 33400 18.0759 -20.6152 203.525 126.467 -13 19 1 0 1
-29.2367 6.79282 33750 18.8212 25.4567 202.909 127.791 -13 19 1 0 1
11.4686 0.437416 29900 3.57475 -22.7655 197.289 113.483 -13 20 1 0 1
-1.78064 -30.7681 30250 -6.61889 -12.8295 198.105 114.812 -13 20 1 0 1
15.3168 -47.6884 30600 22.2274 2.83323 197.363 116.139 -13 20 1 0 1
31.3108 -31.7698 30950 -5.57987 2.60127 198.535 117.466 -13 20 1 0 1
3.69078 -30.9977 31300 -19.5058 9.88789 197.423 118.793 -13 20 1 0 1
-5.39431 -1.93903 31650 4.98061 15.6003 197.955 120.121 -13 20 1 0 1
-9.51089 21.6711 32000 -12.8886 7.14804 198.083 121.448 -13 20 1 0 1
-28.0837 23.9622 32350 -3.71902 4.31712 198.549 122.772 -13 20 1 0 1
-12.5858 40.7852 32700 20.7785 3.39684 197.512 124.098 -13 20 1 0 1
5.34592 26.5445 33050 -3.90364 -10.4947 198.315 125.425 -13 20 1 0 1
-5.43116 4.82621 33400 0.285599 -15.4182 198.031 126.751 -13 20 1 0 1
8.70383 -14.1037 33750 8.79413 -7.94954 198.277 128.076 -13 20 1 0 1
2.66772 12.976 29900 12.7711 6.01841 197.116 113.309 -13 21 1 0 1
23.0116 12.7135 30250 7.27906 1.3114 197.482 114.635 -13 21 1 0 1
21.4386 29.0377 30600 -11.9602 9.94625 197.007 115.961 -13 21 1 0 1
7.16363 28.0955 30950 2.42027 -6.58135 197.496 117.287 -13 21 1 0 1
16.4855 5.81354 31300 -2.04177 -18.2276 196.768 118.614 -13 21 1 0 1
-2.94237 -13.9039 31650 -11.7329 -5.7362 197.189 119.943 -13 21 1 0 1
-7.38922 -31.0997 32000 9.02572 -10.0649 197.158 121.269 -13 21 1 0 1
3.76588 -38.1267 32350 -4.2017 -2.5678 197.559 122.594 -13 21 1 0 1
-23.9342 -30.4804 32700 -16.177 19.0481 196.034 123.924 -13 21 1 0 1
-23.1346 1.81859 33050 8.96697 9.17811 197.204 125.255 -13 21 1 0 1
-14.4274 11.7854 33400 -0.265559 4.90394 197.56 126.58 -13 21 1 0 1
-17.004 24.4672 33750 1.74962 12.0156 197.247 127.905 -13 21 1 0 1
9.45116 0.47359 29900 -6.73851 -33.1209 202.171 113.606 -13 22 1 0 1
-26.2243 -36.8069 30250 -19.258 -17.2655 203.339 114.935 -13 22 1 0 1
-14.9289 -79.9453 30600 35.8566 -16.1441 201.17 116.264 -13 22 1 0 1
23.7073 -71.6594 30950 -4.04175 7.55955 204.798 117.59 -13 22 1 0 1
-13.6939 -52.7971 31300 -22.1215 27.2643 201.948 118.914 -13 22 1 0 1
-6.3741 -4.54712 31650 20.3797 20.6231 202.916 120.244 -13 22 1 0 1
8.71108 38.4959 32000 -13.0969 26.0149 202.897 121.57 -13 22 1 0 1
-19.1363 62.4687 32350 -3.4146 11.007 204.653 122.892 -13 22 1 0 1
17.6757 74.9021 32700 35.1058 -13.4647 201.499 124.217 -13 22 1 0 1
32.0464 36.8839 33050 -15.8722 -13.5452 203.912 125.544 -13 22 1 0 1
-3.72487 11.4605 33400 -13.2854 -25.6752 202.928 126.868 -13 22 1 0 1
1.39555 -32.8944 33750 6.1382 -22.697 203.624 128.193 -13 22 1 0 1
29.4345 10.8112 29900 48.784 -32.849 194.942 115.624 -13 23 1 0 1
68.7422 -68.0225 30250 18.5372 -32.1722 200.207 116.984 -13 23 1 0 1
138.001 -44.3232 30600 23.9557 65.0749 191.449 118.345 -13 23 1 0 1
104.546 18.5131 30950 -29.0331 -13.4864 201.089 119.704 -13 23 1 0 1
34.8353 -29.2622 31300 -58.3052 -6.89156 194.973 121.06 -13 23 1 0 1
-42.7268 20.3535 31650 -31.1608 36.1843 197.942 122.426 -13 23 1 0 1
-117.136 17.5846 32000 -31.4033 -49.3493 195.038 123.783 -13 23 1 0 1
-117.067 -40.5313 32350 3.11978 7.17971 203.47 125.125 -13 23 1 0 1
-95.69 32.6215 32700 47.7783 44.9011 192.776 126.48 -13 23 1 0 1
-5.19168 24.0738 33050 34.7671 -34.1586 197.702 127.85 -13 23 1 0 1
62.723 -2.16913 33400 39.0361 19.752 198.866 129.199 -13 23 1 0 1
102.304 40.1477 33750 21.9889 3.40601 202.402 130.534 -13 23 1 0 1
89.0362 69.9702 29900 45.8403 -47.2738 202.1 112.889 -13 24 1 0 1
95.3645 -0.313269 30250 -17.0873 -8.73185 211.689 114.229 -13 24 1 0 1
58.9582 17.6545 30600 -32.2443 7.94887 209.947 115.542 -13 24 1 0 1
18.0679 -13.0248 30950 -16.1106 -35.7031 208.917 116.863 -13 24 1 0 1
-42.3106 -55.2975 31300 -53.0765 6.93849 205.707 118.201 -13 24 1 0 1
-94.5133 -19.7246 31650 -12.7223 5.08727 212.115 119.529 -13 24 1 0 1
-85.2416 -61.9667 32000 36.1292 -31.8914 207.022 120.849 -13 24 1 0 1
-34.3633 -54.2757 32350 7.02195 29.9651 210.317 122.174 -13 24 1 0 1
-18.7426 8.69357 32700 30.4344 32.4845 207.844 123.502 -13 24 1 0 1
44.1758 24.7467 33050 32.2558 3.60542 210.065 124.829 -13 24 1 0 1
63.7035 69.8657 33400 -21.3667 38.3427 207.976 126.152 -13 24 1 0 1
27.9018 89.7011 33750 3.04079 -7.22458 212.413 127.469 -13 24 1 0 1
44.6395 -29.2468 29900 1.06967 -37.0619 196.724 113.901 -13 25 1 0 1
26.4389 -69.5308 30250 0.832592 -7.86149 200.032 115.234 -13 25 1 0 1
61.0522 -49.9454 30600 16.7102 35.9075 196.231 116.567 -13 25 1 0 1
41.8537 -6.79209 30950 -24.2514 2.57686 198.697 117.904 -13 25 1 0 1
-3.05516 -0.855055 31300 -21.047 17.117 198.341 119.236 -13 25 1 0 1
-17.9472 39.4351 31650 -7.7325 20.2924 199.007 120.566 -13 25 1 0 1
-60.4192 42.6221 32000 -26.4204 -26.384 196.675 121.901 -13 25 1 0 1
-64.8402 2.98743 32350 9.55393 -1.53795 199.954 123.233 -13 25 1 0 1
-36.6736 22.1251 32700 26.3941 6.17079 198.344 124.56 -13 25 1 0 1
-4.08751 -1.56292 33050 9.33625 -23.5553 198.578 125.891 -13 25 1 0 1
30.3799 -28.1058 33400 28.6592 4.86241 198.066 127.224 -13 25 1 0 1
58.9792 -6.90819 33750 7.0801 1.68789 200.056 128.552 -13 25 1 0 1
-50.6718 -16.389 29900 -30.8825 15.2729 190.773 115.618 -13 26 1 0 1
-77.8363 17.2959 30250 -9.69335 1.3728 193.612 116.959 -13 26 1 0 1
-79.9032 -31.1269 30600 26.8676 -36.2353 188.538 118.308 -13 26 1 0 1
-21.6553 -33.0945 30950 18.558 23.6495 191.514 119.663 -13 26 1 0 1
16.7686 1.85005 31300 29.3369 1.55032 191.62 121.009 -13 26 1 0 1
61.063 -18.3357 31650 22.904 -5.6755 192.418 122.352 -13 26 1 0 1
91.6579 28.4779 32000 -12.6206 46.5228 187.771 123.706 -13 26 1 0 1
44.5456 53.137 32350 -13.1621 -16.5315 192.704 125.059 -13 26 1 0 1
23.5328 6.99566 32700 -25.9222 -20.728 190.997 126.404 -13 26 1 0 1
-34.7222 9.25734 33050 -32.1814 8.87089 190.964 127.754 -13 26 1 0 1
-85.3144 -27.0044 33400 -2.10963 -46.914 188.085 129.112 -13 26 1 0 1
-58.9539 -68.5396 33750 2.71399 5.8991 193.751 130.461 -13 26 1 0 1
44.8637 -83.6841 29900 -44.7959 -0.0735228 212.222 113.566 -13 27 1 0 1
12.6033 -39.6713 30250 9.08301 38.3912 213.28 114.887 -13 27 1 0 1
11.1118 33.9777 30600 -30.1028 40.6244 210.922 116.217 -13 27 1 0 1
-49.4462 64.7289 30950 -23.7508 14.9935 215.072 117.541 -13 27 1 0 1
-29.559 110.249 31300 48.6719 15.9795 210.762 118.861 -13 27 1 0 1
13.2324 89.0738 31650 -11.2428 -20.1194 215.67 120.179 -13 27 1 0 1
-28.8921 39.3056 32000 -13.0655 -49.5121 210.767 121.502 -13 27 1 0 1
1.11428 -28.6025 32350 28.7952 -29.7622 212.908 122.833 -13 27 1 0 1
3.76591 -85.1496 32700 -32.9578 -27.6073 212.594 124.154 -13 27 1 0 1
-37.1947 -99.4944 33050 2.89336 -8.75869 216.702 125.466 -13 27 1 0 1
26.0461 -102.741 33400 52.4958 31.5841 208.066 126.793 -13 27 1 0 1
41.2658 -30.9849 33750 -23.8483 31.1851 213.316 128.129 -13 27 1 0 1
4.61718 -12.1867 29900 2.6341 15.4259 201.527 113.32 -13 28 1 0 1
26.0259 8.634 30250 16.0197 12.8863 201.086 114.642 -13 28 1 0 1
28.129 50.7817 30600 -22.6555 24.4239 199.37 115.972 -13 28 1 0 1
-6.08364 60.1792 30950 -1.51171 -2.67301 202.111 117.298 -13 28 1 0 1
18.9074 45.681 31300 15.633 -22.5108 200.267 118.622 -13 28 1 0 1
9.00423 8.32534 31650 -19.201 -13.8794 200.741 119.949 -13 28 1 0 1
-12.182 -25.9708 32000 4.95282 -25.6462 200.439 121.277 -13 28 1 0 1
7.48105 -56.573 32350 2.06411 -13.8719 201.647 122.602 -13 28 1 0 1
-30.2306 -67.5307 32700 -33.8033 16.5884 198.596 123.931 -13 28 1 0 1
-44.8866 -28.2452 33050 12.3189 10.3984 201.49 125.262 -13 28 1 0 1
-13.6974 -17.0574 33400 16.316 14.73 200.935 126.586 -13 28 1 0 1
-9.8406 21.3212 33750 -3.7441 25.2804 200.512 127.912 -13 28 1 0 1
-35.903 20.2932 29900 48.7285 5.85855 217.081 112.067 -13 29 1 0 1
26.9029 -16.0453 30250 30.7078 -32.1358 218.077 113.39 -13 29 1 0 1
93.6668 -20.7945 30600 38.0755 37.4086 216.065 114.713 -13 29 1 0 1
115.038 28.8766 30950 8.32761 -0.932488 222.402 116.024 -13 29 1 0 1
112.876 -36.8334 31300 -37.8475 -55.2915 212.235 117.348 -13 29 1 0 1
36.9254 -49.9393 31650 -30.4656 27.4941 218.744 118.681 -13 29 1 0 1
-9.2056 -10.0874 32000 -36.9971 7.05492 219.35 119.994 -13 29 1 0 1
-67.275 -26.1152 32350 -38.5284 -7.39321 219.075 121.306 -13 29 1 0 1
-121.616 29.1834 32700 1.21479 69.6582 211.375 122.641 -13 29 1 0 1
-81.321 84.7786 33050 11.4819 -6.463 222.17 123.967 -13 29 1 0 1
-82.183 31.6098 33400 16.076 -47.524 216.832 125.278 -13 29 1 0 1
-21.2422 6.40527 33750 44.3775 12.0132 217.76 126.599 -13 29 1 0 1
50.2417 10.2252 29900 7.7853 -20.6845 201.091 112.988 -13 30 1 0 1
44.3532 -8.609 30250 -4.93422 6.01065 202.153 114.309 -13 30 1 0 1
26.6984 18.482 30600 -22.2334 12.3899 200.695 115.633 -13 30 1 0 1
-6.76281 10.3739 30950 -11.4461 -12.4133 201.596 116.957 -13 30 1 0 1
-26.6481 2.45038 31300 -10.5776 6.07363 201.934 118.278 -13 30 1 0 1
-38.5724 10.8107 31650 -7.84253 -4.15486 202.108 119.596 -13 30 1 0 1
-41.9803 -22.6496 32000 15.474 -25.1978 200.13 120.921 -13 30 1 0 1
-8.66305 -34.2974 32350 9.87261 5.93477 201.974 122.247 -13 30 1 0 1
-4.37437 -22.2583 32700 1.71165 7.31382 202.163 123.565 -13 30 1 0 1
9.67482 -15.6957 33050 14.1135 1.88782 201.801 124.884 -13 30 1 0 1
32.1872 7.16407 33400 0.815991 24.7536 200.781 126.208 -13 30 1 0 1
15.8973 33.8893 33750 -6.16035 5.13252 202.143 127.531 -13 30 1 0 1
97.9998 -18.1822 29900 25.7262 -48.2707 188.143 117.63 -13 31 1 0 1
101.166 -78.589 30250 10.1067 0.687306 195.671 118.983 -13 31 1 0 1
123.756 5.30804 30600 -28.9679 69.5512 180.868 120.365 -13 31 1 0 1
23.4587 33.2667 30950 -44.6657 -26.2178 188.964 121.768 -13 31 1 0 1
-55.4139 16.2326 31300 -36.9818 24.7382 190.815 123.135 -13 31 1 0 1
-93.7194 67.8295 31650 -26.247 9.04364 193.957 124.485 -13 31 1 0 1
-144.084 -13.5775 32000 20.4405 -80.9703 177.245 125.884 -13 31 1 0 1
-45.4704 -57.1138 32350 40.3305 25.8446 189.988 127.297 -13 31 1 0 1
20.0042 -20.6261 32700 38.0555 -4.58715 192.147 128.656 -13 31 1 0 1
77.3086 -56.5971 33050 36.2979 -12.7948 192.116 130.007 -13 31 1 0 1
144.891 17.5652 33400 -11.2324 82.964 177.146 131.413 -13 31 1 0 1
57.4431 72.4334 33750 -34.1853 -20.7936 191.804 132.821 -13 31 1 0 1
-9.52907 33.9202 29900 -4.42166 19.7201 192.692 115.318 -13 32 1 0 1
-8.50165 66.0262 30250 -9.96703 14.906 192.918 116.653 -13 32 1 0 1
-65.4734 56.7407 30600 -29.3863 -38.8396 187.528 118.008 -13 32 1 0 1
-55.128 -1.13754 30950 22.3872 -7.42043 192.309 119.364 -13 32 1 0 1
-16.1965 -6.60648 31300 17.7581 -12.1871 192.549 120.703 -13 32 1 0 1
-0.477757 -46.9801 31650 9.93233 -26.7284 191.64 122.043 -13 32 1 0 1
61.7954 -64.4445 32000 42.6296 27.0633 187.054 123.404 -13 32 1 0 1
79.1444 -10.8427 32350 -10.6995 5.71278 193.369 124.758 -13 32 1 0 1
42.8627 -27.4742 32700 -31.7794 -2.29733 191.112 126.098 -13 32 1 0 1
5.58872 10.944 33050 -10.0692 32.7927 190.689 127.446 -13 32 1 0 1
-47.0395 49.0533 33400 -43.6207 -9.70791 188.526 128.805 -13 32 1 0 1
-87.9932 13.3499 33750 -6.67635 -1.81125 193.626 130.154 -13 32 1 0 1
5.63569 7.85128 29900 -6.01323 18.0088 201.605 113.648 -13 33 1 0 1
10.9879 41.0103 30250 0.994653 20.4508 201.459 114.971 -13 33 1 0 1
-25.9796 66.3082 30600 -36.8502 -7.68473 198.968 116.303 -13 33 1 0 1
-50.7671 36.2082 30950 7.43417 -6.71805 202.249 117.632 -13 33 1 0 1
-17.316 34.6935 31300 24.6176 -11.1268 200.687 118.955 -13 33 1 0 1
-3.52939 -6.05994 31650 -3.66857 -27.3191 200.612 120.284 -13 33 1 0 1
18.1571 -48.6259 32000 32.0855 -9.45709 199.715 121.616 -13 33 1 0 1
56.8864 -43.97 32350 5.91633 -4.6605 202.357 122.942 -13 33 1 0 1
26.353 -71.1309 32700 -39.8664 -3.99934 198.494 124.272 -13 33 1 0 1
-10.0718 -37.9392 33050 2.90565 24.9071 200.939 125.607 -13 33 1 0 1
-7.88604 3.98049 33400 -12.6076 21.3963 200.969 126.934 -13 33 1 0 1
-43.568 26.8557 33750 -18.6601 15.4792 201.041 128.26 -13 33 1 0 1
-17.2416 -72.1031 29900 -34.531 18.6847 162.953 119.59 -13 34 1 0 1
-20.7629 -14.1044 30250 21.3341 17.9901 165.277 120.998 -13 34 1 0 1
5.57884 33.1321 30600 -9.80069 26.2158 165.263 122.397 -13 34 1 0 1
-26.4841 62.706 30950 -3.00659 12.143 167.149 123.789 -13 34 1 0 1
25.357 75.8796 31300 36.6825 -23.2315 161.895 125.194 -13 34 1 0 1
26.5325 10.8903 31650 -22.9491 -18.3266 165.023 126.608 -13 34 1 0 1
-1.24075 -35.0387 32000 9.27438 -25.6149 165.387 128.007 -13 34 1 0 1
29.8873 -66.8338 32350 2.32868 -14.9674 166.93 129.4 -13 34 1 0 1
-31.0083 -83.9608 32700 -42.6996 26.2643 159.944 130.814 -13 34 1 0 1
-35.0391 -10.0187 33050 23.9341 19.4891 164.75 132.238 -13 34 1 0 1
-5.50219 33.5489 33400 -7.58096 23.932 165.726 133.637 -13 34 1 0 1
-34.3126 66.7584 33750 -2.47098 17.7194 166.659 135.028 -13 34 1 0 1
38.5275 15.9236 29900 18.0246 -17.2143 173.878 116.861 -13 35 1 0 1
45.3262 -13.9714 30250 -0.462688 -1.06594 175.652 118.231 -13 35 1 0 1
39.9186 11.3695 30600 -14.8798 15.8701 174.303 119.598 -13 35 1 0 1
8.65171 6.47294 30950 -9.48564 -14.5663 174.793 120.969 -13 35 1 0 1
-20.3449 -12.4253 31300 -19.1808 4.72125 174.541 122.339 -13 35 1 0 1
-41.2274 6.05195 31650 -6.31705 1.44233 175.536 123.706 -13 35 1 0 1
-42.7819 -21.9338 32000 15.2546 -19.3275 173.921 125.075 -13 35 1 0 1
-10.2783 -22.2947 32350 6.84898 12.3427 175.087 126.446 -13 35 1 0 1
4.20668 0.909134 32700 12.9032 5.02358 175.109 127.813 -13 35 1 0 1
27.9219 -3.30664 33050 10.4829 -0.472888 175.342 129.179 -13 35 1 0 1
36.6765 22.5211 33400 -11.5696 19.3478 174.203 130.548 -13 35 1 0 1
8.33988 28.8023 33750 -5.38641 -7.60582 175.408 131.917 -13 35 1 0 1
44.2101 38.2158 29900 34.0827 -12.7664 194.124 113.919 -13 36 1 0 1
72.5301 6.65704 30250 4.26596 -1.52005 197.454 115.255 -13 36 1 0 1
59.3016 41.1829 30600 -28.7719 21.1287 194.253 116.59 -13 36 1 0 1
17.4046 29.3319 30950 -7.28928 -24.0812 195.897 117.929 -13 36 1 0 1
-4.51814 -14.6746 31300 -26.9669 -14.2378 195.138 119.267 -13 36 1 0 1
-51.0907 -14.5461 31650 -20.1282 -2.15954 196.466 120.603 -13 36 1 0 1
-57.9456 -56.7856 32000 24.3758 -30.4721 193.613 121.942 -13 36 1 0 1
-18.0632 -63.7678 32350 1.40439 13.0868 197.067 123.28 -13 36 1 0 1
-30.7371 -22.1193 32700 4.25992 32.2013 194.817 124.615 -13 36 1 0 1
7.95158 9.43471 33050 26.2222 6.7185 195.642 125.955 -13 36 1 0 1
32.3255 43.9175 33400 -9.06778 28.3852 195.245 127.292 -13 36 1 0 1
9.38394 69.2998 33750 2.20832 4.70894 197.438 128.624 -13 36 1 0 1
21.1526 10.0198 29900 8.34535 -10.9375 194.3 113.59 -13 37 1 0 1
22.3696 -5.12926 30250 -1.61959 -0.817317 194.778 114.92 -13 37 1 0 1
18.373 4.47397 30600 -6.45695 6.74973 194.563 116.249 -13 37 1 0 1
6.69547 3.16037 30950 -3.85408 -6.36785 194.645 117.578 -13 37 1 0 1
-4.38534 -7.23804 31300 -9.61536 -1.10216 194.546 118.908 -13 37 1 0 1
-16.9963 -3.15269 31650 -4.41014 0.136051 194.737 120.237 -13 37 1 0 1
-17.718 -14.8765 32000 7.01224 -8.89936 194.457 121.566 -13 37 1 0 1
-5.83684 -17.7331 32350 0.927152 3.29081 194.757 122.896 -13 37 1 0 1
-9.28414 -6.61514 32700 0.559071 8.88257 194.583 124.225 -13 37 1 0 1
-0.124796 2.67953 33050 6.24365 2.00815 194.676 125.554 -13 37 1 0 1
5.07723 10.7107 33400 -2.58758 6.28529 194.668 126.883 -13 37 1 0 1
-1.25316 17.2351 33750 -0.0830581 2.54328 194.77 128.211 -13 37 1 0 1
6.42227 29.021 29900 16.4027 22.7 200.465 113.766 -13 38 1 0 1
40.9242 51.3425 30250 10.2592 15.1817 201.581 115.092 -13 38 1 0 1
8.91747 88.3516 30600 -44.5213 4.23757 197.41 116.428 -13 38 1 0 1
-27.4719 58.1408 30950 9.18507 -17.2697 201.465 117.763 -13 38 1 0 1
4.25836 24.403 31300 10.2381 -30.5342 199.834 119.092 -13 38 1 0 1
-14.2844 -25.6471 31650 -17.5205 -25.7913 199.997 120.426 -13 38 1 0 1
-1.34418 -78.2394 32000 37.5699 -18.4624 198.036 121.764 -13 38 1 0 1
42.1531 -76.5031 32350 -1.6718 -0.727175 202.404 123.095 -13 38 1 0 1
-7.46186 -76.8077 32700 -39.6607 22.7365 197.182 124.429 -13 38 1 0 1
-20.6356 -16.8607 33050 16.579 28.3399 199.732 125.772 -13 38 1 0 1
-9.40141 31.8928 33400 -14.9544 25.5834 200.232 127.104 -13 38 1 0 1
-43.566 60.6033 33750 -9.04433 19.7521 201.243 128.432 -13 38 1 0 1
-38.1756 1.73244 29900 17.5731 20.5686 179.631 116.177 -13 39 1 0 1
6.4566 2.24926 30250 20.4217 -11.4192 180.144 117.541 -13 39 1 0 1
46.1645 9.19917 30600 11.5129 23.4559 179.768 118.903 -13 39 1 0 1
46.6928 40.8926 30950 4.7941 0.981039 181.591 120.261 -13 39 1 0 1
61.708 1.63871 31300 -9.93499 -34.3853 178.096 121.625 -13 39 1 0 1
15.442 -18.7901 31650 -21.0762 9.25324 180.193 122.995 -13 39 1 0 1
-20.1954 -14.4259 32000 -13.8372 -12.3283 180.71 124.354 -13 39 1 0 1
-34.7754 -42.0321 32350 -12.3869 -7.84696 181.065 125.71 -13 39 1 0 1
-72.6983 -10.9896 32700 -4.10421 40.1949 177.107 127.079 -13 39 1 0 1
-39.2765 27.0752 33050 17.2124 -5.0175 180.77 128.45 -13 39 1 0 1
-11.8205 10.5347 33400 16.3436 -1.43791 180.915 129.807 -13 39 1 0 1
15.7902 30.4636 33750 16.1878 14.0948 180.385 131.164 -13 39 1 0 1
51.4945 18.242 29900 7.15558 -35.3768 177.923 116.091 -13 40 1 0 1
23.9198 -21.9221 30250 -17.3324 -2.24146 180.704 117.459 -13 40 1 0 1
5.27195 -24.3812 30600 -3.2799 -4.10103 181.471 118.812 -13 40 1 0 1
-2.19035 -37.0084 30950 -10.6596 -8.48025 181.035 120.164 -13 40 1 0 1
-44.0609 -27.824 31300 -17.6014 26.8004 178.693 121.529 -13 40 1 0 1
-36.1154 11.7418 31650 11.5995 3.97817 181.132 122.892 -13 40 1 0 1
-18.5532 7.51177 32000 9.30515 -0.882767 181.306 124.245 -13 40 1 0 1
-2.96679 21.2893 32350 9.1913 12.3231 180.895 125.598 -13 40 1 0 1
33.6648 25.8658 32700 19.7071 -17.2431 179.648 126.959 -13 40 1 0 1
37.8532 -6.02018 33050 -5.7413 -4.01723 181.412 128.317 -13 40 1 0 1
25.0404 2.80124 33400 -11.4511 4.70271 181.124 129.67 -13 40 1 0 1
5.28681 -9.22982 33750 -8.2962 -13.1979 180.876 131.024 -13 40 1 0 1
-21.357 29.7383 29900 11.1316 14.9951 205.414 112.539 -13 41 1 0 1
-3.13847 37.4223 30250 0.804714 -1.40042 206.255 113.854 -13 41 1 0 1
-16.488 26.8742 30600 -7.05654 -14.3511 205.64 115.167 -13 41 1 0 1
-6.63209 7.95701 30950 14.0295 -4.90411 205.725 116.482 -13 41 1 0 1
14.2285 -9.67859 31300 3.31696 -18.524 205.401 117.799 -13 41 1 0 1
7.73131 -35.3679 31650 -0.215671 -10.655 205.986 119.114 -13 41 1 0 1
30.428 -39.6756 32000 18.5698 12.2676 205.057 120.43 -13 41 1 0 1
35.6693 -19.9676 32350 -9.11493 0.223971 206.06 121.746 -13 41 1 0 1
5.45547 -23.8296 32700 -22.6639 8.03676 204.855 123.063 -13 41 1 0 1
-13.0378 6.37656 33050 -3.23407 18.2247 205.429 124.383 -13 41 1 0 1
-32.9512 22.0901 33400 -17.952 -4.68986 205.425 125.699 -13 41 1 0 1
-49.9307 12.9023 33750 -3.53457 6.09355 206.141 127.013 -13 41 1 0 1
97.5491 14.523 29900 21.3246 -53.3706 182.025 115.825 -13 42 1 0 1
77.2767 -48.3756 30250 -12.2333 0.917846 190.488 117.193 -13 42 1 0 1
62.1375 -8.11182 30600 -22.7211 26.5285 187.66 118.54 -13 42 1 0 1
6.49439 -11.9643 30950 -28.7409 -21.7299 187.452 119.895 -13 42 1 0 1
-63.6043 -16.7011 31300 -33.0363 32.0122 185.257 121.263 -13 42 1 0 1
-78.7574 38.1325 31650 -3.68807 6.50781 190.736 122.619 -13 42 1 0 1
-87.1103 -5.29682 32000 17.5562 -39.4902 185.926 123.969 -13 42 1 0 1
-31.4651 -17.5501 32350 23.9983 21.0066 188.2 125.329 -13 42 1 0 1
22.3554 10.2238 32700 34.3089 -8.04602 187.602 126.685 -13 42 1 0 1
61.6685 -25.5284 33050 16.834 -10.7591 189.835 128.036 -13 42 1 0 1
90.972 12.18 33400 -7.78518 43.5201 185.693 129.391 -13 42 1 0 1
46.8957 38.2329 33750 -16.4173 -15.2576 189.563 130.747 -13 42 1 0 1
4.81667 -12.5401 29900 -16.8235 8.03525 201.314 113.315 -13 43 1 0 1
-7.21295 14.2043 30250 -2.19071 16.2001 201.514 114.637 -13 43 1 0 1
-28.0865 29.0046 30600 -18.3837 -5.52568 201.262 115.959 -13 43 1 0 1
-41.0132 16.3712 30950 1.83837 2.49025 202.152 117.279 -13 43 1 0 1
-19.0839 32.5894 31300 23.9019 2.28727 200.745 118.601 -13 43 1 0 1
5.46571 10.7429 31650 2.88045 -17.6657 201.382 119.926 -13 43 1 0 1
18.188 -12.4144 32000 14.8378 -4.74378 201.575 121.248 -13 43 1 0 1
39.9898 -13.9016 32350 8.23517 -7.17157 201.881 122.568 -13 43 1 0 1
28.9241 -45.9073 32700 -26.6949 -15.2307 199.826 123.894 -13 43 1 0 1
-6.53533 -37.9727 33050 -4.7012 12.572 201.73 125.22 -13 43 1 0 1
-5.45203 -18.2507 33400 -2.44261 11.3333 201.843 126.54 -13 43 1 0 1
-24.9305 -3.05932 33750 -16.7166 10.0427 201.233 127.861 -13 43 1 0 1
-0.556389 134.865 29900 69.4074 -20.9218 194.677 115.053 -13 44 1 0 1
32.7587 52.0794 30250 -25.7143 -41.3915 201.94 116.421 -13 44 1 0 1
0.49211 -23.9602 30600 11.6386 -48.3004 201.708 117.77 -13 44 1 0 1
50.7643 -82.8854 30950 20.6515 -33.1405 204.033 119.113 -13 44 1 0 1
-2.82444 -149.36 31300 -77.3663 -2.84685 192.771 120.48 -13 44 1 0 1
-60.7044 -92.909 31650 18.8217 25.8647 205.259 121.843 -13 44 1 0 1
0.847045 -47.958 32000 26.4256 46.1661 200.81 123.186 -13 44 1 0 1
-15.7907 35.0313 32350 -24.3846 43.6821 201.623 124.538 -13 44 1 0 1
7.21648 115.755 32700 58.4278 24.3939 197.852 125.897 -13 44 1 0 1
70.6691 106.988 33050 -3.55796 0.0522813 207.706 127.238 -13 44 1 0 1
-2.75775 110.11 33400 -59.4554 -31.4815 196.541 128.585 -13 44 1 0 1
-23.3917 22.239 33750 23.8938 -43.6942 201.679 129.95 -13 44 1 0 1
23.3281 8.75342 29900 8.44152 -14.6337 190.364 114.091 -13 45 1 0 1
21.6004 -11.4848 30250 -2.69728 -2.60478 191.075 115.428 -13 45 1 0 1
20.7471 -4.09175 30600 -2.83283 7.53626 190.942 116.762 -13 45 1 0 1
10.7922 -2.4429 30950 -5.44438 -5.7724 190.947 118.097 -13 45 1 0 1
-6.03501 -11.102 31300 -12.3385 2.24319 190.7 119.434 -13 45 1 0 1
-18.5229 -0.227957 31650 -3.03422 2.98032 191.065 120.769 -13 45 1 0 1
-20.7698 -8.24903 32000 4.16006 -8.39577 190.882 122.104 -13 45 1 0 1
-11.3118 -11.4652 32350 1.5344 4.24312 191.059 123.439 -13 45 1 0 1
-8.60538 1.70594 32700 5.7212 7.16444 190.892 124.774 -13 45 1 0 1
4.07456 4.64652 33050 5.38749 -0.998433 191.034 126.109 -13 45 1 0 1
8.80661 9.22979 33400 -1.79785 5.09617 191.036 127.443 -13 45 1 0 1
4.31088 13.4872 33750 0.566534 0.103545 191.111 128.778 -13 45 1 0 1
98.8058 -49.3148 29900 -19.3883 -58.7569 206.811 112.932 -13 46 1 0 1
46.4258 -84.3275 30250 -11.7551 11.32 215.25 114.261 -13 46 1 0 1
50.0732 -39.0437 30600 -8.02478 38.2826 212.295 115.573 -13 46 1 0 1
2.02811 -9.7951 30950 -38.6067 0.403447 212.387 116.893 -13 46 1 0 1
-54.7895 20.8335 31300 -14.5227 42.9178 211.06 118.219 -13 46 1 0 1
-50.0664 74.017 31650 -4.8569 13.4888 215.391 119.536 -13 46 1 0 1
-89.0086 48.9025 32000 -16.4396 -46.945 210.059 120.853 -13 46 1 0 1
-64.4653 1.24574 32350 27.747 1.53758 214.072 122.175 -13 46 1 0 1
-12.4417 10.6509 32700 34.2289 -9.35244 212.932 123.49 -13 46 1 0 1
22.4006 -30.6409 33050 16.2553 -27.5892 213.48 124.806 -13 46 1 0 1
73.6987 -38.7359 33400 33.013 28.2303 211.453 126.125 -13 46 1 0 1
87.8312 1.65795 33750 -2.8455 -0.345702 215.849 127.438 -13 46 1 0 1
-11.7278 -26.4075 29900 -13.1573 -13.7982 197.726 113.921 -13 47 1 0 1
-34.0155 -39.1553 30250 -3.61987 -10.816 198.316 115.247 -13 47 1 0 1
-2.37269 -63.472 30600 35.9973 1.8448 195.346 116.582 -13 47 1 0 1
27.7523 -31.8873 30950 -3.59319 16.0961 197.958 117.918 -13 47 1 0 1
15.4455 -12.0789 31300 -3.08137 11.4942 198.287 119.243 -13 47 1 0 1
25.8222 9.8946 31650 9.82138 15.8809 197.764 120.569 -13 47 1 0 1
15.0996 49.8743 32000 -28.1888 15.7207 196.004 121.903 -13 47 1 0 1
-22.3064 44.6718 32350 -4.18806 -6.80773 198.483 123.235 -13 47 1 0 1
-8.87117 38.5636 32700 11.8597 -8.24032 198.118 124.56 -13 47 1 0 1
-12.6989 16.6389 33050 -14.7964 -13.4989 197.631 125.886 -13 47 1 0 1
-27.3689 -25.0647 33400 11.4699 -28.6844 196.227 127.221 -13 47 1 0 1
3.75706 -47.9617 33750 7.94984 -3.78524 198.449 128.552 -13 47 1 0 1
68.2303 63.9585 29900 42.4934 -30.8225 203.104 112.747 -13 48 1 0 1
85.5761 11.7377 30250 -9.05405 -5.68854 209.506 114.076 -13 48 1 0 1
53.9587 33.1498 30600 -32.9655 9.25284 206.966 115.393 -13 48 1 0 1
15.0942 5.36321 30950 -9.89465 -31.9498 207.095 116.716 -13 48 1 0 1
-24.9163 -39.6775 31300 -41.0483 -5.32655 205.655 118.045 -13 48 1 0 1
-74.9926 -24.5578 31650 -16.1637 -0.648145 209.154 119.368 -13 48 1 0 1
-68.0874 -67.7302 32000 34.6915 -29.3301 204.801 120.692 -13 48 1 0 1
-21.4401 -63.147 32350 2.87958 22.5031 208.548 122.017 -13 48 1 0 1
-24.004 -10.6962 32700 14.0969 34.352 206.466 123.339 -13 48 1 0 1
23.8372 18.2138 33050 29.3603 8.73425 207.53 124.665 -13 48 1 0 1
43.085 60.7852 33400 -17.4023 33.4146 206.368 125.988 -13 48 1 0 1
12.2884 83.3821 33750 2.5981 0.799897 209.761 127.306 -13 48 1 0 1
40.623 11.0464 29900 13.3412 -21.989 200.322 112.86 -13 49 1 0 1
40.576 -17.3175 30250 -2.21038 -2.18523 201.942 114.183 -13 49 1 0 1
38.5232 0.82682 30600 -8.86147 15.8971 201.144 115.503 -13 49 1 0 1
16.2452 4.20431 30950 -10.5905 -10.2279 201.429 116.825 -13 49 1 0 1
-8.76725 -10.4877 31300 -18.7988 1.76112 201.081 118.147 -13 49 1 0 1
-30.8874 3.43282 31650 -8.94827 4.17489 201.724 119.469 -13 49 1 0 1
-41.3168 -13.9561 32000 5.06685 -19.4938 200.959 120.79 -13 49 1 0 1
-24.7943 -26.1529 32350 3.46634 5.57376 201.859 122.111 -13 49 1 0 1
-22.343 -3.69296 32700 8.4896 15.3568 201.202 123.432 -13 49 1 0 1
1.23957 4.15034 33050 13.1397 -2.61753 201.521 124.753 -13 49 1 0 1
19.0061 11.3831 33400 3.37506 12.4415 201.554 126.073 -13 49 1 0 1
17.2293 27.2761 33750 2.8084 3.47656 201.917 127.392 -13 49 1 0 1
41.1417 -3.75518 29900 31.2227 -37.3009 212.539 112.291 -13 50 1 0 1
58.9018 -65.394 30250 12.7663 -22.8407 216.459 113.612 -13 50 1 0 1
110.316 -44.7348 30600 22.8862 52.2612 210.438 114.934 -13 50 1 0 1
92.6093 7.32576 30950 -22.1626 -6.39183 216.812 116.256 -13 50 1 0 1
41.8544 -27.7049 31300 -47.1651 -9.94171 212.64 117.575 -13 50 1 0 1
-19.2444 4.31818 31650 -26.003 30.7327 214.286 118.9 -13 50 1 0 1
-75.3462 16.146 32000 -33.7033 -26.4579 213.783 120.22 -13 50 1 0 1
-99.5366 -22.9255 32350 -10.8704 0.956194 217.762 121.531 -13 50 1 0 1
-102.05 36.5383 32700 31.4832 50.2038 209.828 122.854 -13 50 1 0 1
-37.6876 50.6238 33050 23.0746 -23.6949 215.512 124.182 -13 50 1 0 1
-4.09727 9.32503 33400 30.1522 -13.8456 215.496 125.495 -13 50 1 0 1
48.7334 15.3335 33750 33.7998 5.47521 215.33 126.808 -13 50 1 0 1
-11.7057 -13.9959 29900 -5.86155 1.35873 192.806 114.005 -13 51 1 0 1
-14.3814 -10.7018 30250 3.0686 -1.95369 192.866 115.337 -13 51 1 0 1
1.0712 -14.3833 30600 11.9187 4.34754 192.482 116.669 -13 51 1 0 1
10.8152 1.67346 30950 1.08393 7.66001 192.745 118.003 -13 51 1 0 1
17.66 5.41304 31300 4.57468 -4.38115 192.796 119.335 -13 51 1 0 1
19.8454 -0.13457 31650 -0.0369337 2.26748 192.887 120.666 -13 51 1 0 1
12.9735 11.6895 32000 -10.2127 4.65731 192.573 121.998 -13 51 1 0 1
-1.62817 4.78979 32350 -3.95261 -7.77529 192.703 123.331 -13 51 1 0 1
-12.5056 -3.07206 32700 -8.20277 2.02972 192.715 124.664 -13 51 1 0 1
-23.2988 3.50853 33050 -5.43935 -0.378288 192.823 125.996 -13 51 1 0 1
-27.3743 -13.5285 33400 7.13846 -13.2956 192.309 127.329 -13 51 1 0 1
-11.841 -17.5901 33750 3.0059 6.5588 192.765 128.663 -13 51 1 0 1
20.8677 -36.4002 29900 -2.0509 -19.3856 177.876 116.873 -13 52 1 0 1
12.5637 -57.9538 30250 8.41954 -4.35614 178.69 118.233 -13 52 1 0 1
55.5462 -31.2589 30600 12.3209 38.1531 174.392 119.608 -13 52 1 0 1
27.3716 17.3085 30950 -21.2564 4.37676 177.62 120.987 -13 52 1 0 1
1.16264 26.5212 31300 -4.1102 9.64641 178.634 122.348 -13 52 1 0 1
-3.78998 46.3935 31650 -10.5663 10.1042 178.343 123.706 -13 52 1 0 1
-52.1164 33.6255 32000 -19.4496 -33.6029 174.679 125.081 -13 52 1 0 1
-37.5611 -17.5555 32350 15.9425 -7.09216 178.089 126.457 -13 52 1 0 1
-19.9787 -20.7943 32700 4.08037 -1.79389 178.886 127.815 -13 52 1 0 1
-11.224 -35.5991 33050 9.7165 -13.7452 178.148 129.173 -13 52 1 0 1
38.0436 -40.5442 33400 27.3269 23.7556 175.24 130.547 -13 52 1 0 1
41.4018 8.38996 33750 -10.5105 10.4492 178.327 131.92 -13 52 1 0 1
27.7975 37.2299 29900 22.5465 -23.2324 177.44 116.047 -13 53 1 0 1
27.3692 -7.8023 30250 -10.8564 -11.5051 179.674 117.415 -13 53 1 0 1
19.7925 -19.7716 30600 2.96523 -2.70654 180.324 118.769 -13 53 1 0 1
22.8012 -28.6078 30950 -3.74451 -11.0318 179.992 120.123 -13 53 1 0 1
-14.6613 -45.0219 31300 -28.8535 9.81986 177.775 121.488 -13 53 1 0 1
-32.856 -9.9831 31650 5.19603 10.5359 179.986 122.853 -13 53 1 0 1
-21.6168 -3.25663 32000 5.05475 2.39544 180.282 124.207 -13 53 1 0 1
-19.5115 11.4329 32350 -0.83738 13.3994 179.869 125.561 -13 53 1 0 1
3.36743 38.8164 32700 25.0594 1.87713 178.61 126.924 -13 53 1 0 1
28.4819 20.2417 33050 -0.517631 -6.72155 180.243 128.284 -13 53 1 0 1
15.8038 18.3815 33400 -10.0965 -2.95132 180.062 129.638 -13 53 1 0 1
10.3828 0.489644 33750 3.34073 -12.6957 179.891 130.994 -13 53 1 0 1
-60.2285 15.2064 29900 24.2487 30.3636 201.822 113.119 -13 54 1 0 1
-8.41712 20.3302 30250 22.8163 -15.4791 203.671 114.45 -13 54 1 0 1
29.359 9.4576 30600 20.5799 10.8534 204.208 115.772 -13 54 1 0 1
54.5825 33.3373 30950 18.1374 4.28315 204.682 117.092 -13 54 1 0 1
85.973 -9.82847 31300 -5.05461 -48.2381 199.724 118.425 -13 54 1 0 1
45.9629 -47.1444 31650 -16.8694 6.30172 204.738 119.76 -13 54 1 0 1
28.5447 -21.4399 32000 -15.5386 14.1352 204.453 121.078 -13 54 1 0 1
-9.79334 -25.2775 32350 -27.6361 -11.9364 203.312 122.4 -13 54 1 0 1
-68.5498 -8.19713 32700 -22.8521 40.6281 200.173 123.738 -13 54 1 0 1
-68.1687 46.2701 33050 0.900535 8.08725 205.368 125.07 -13 54 1 0 1
-79.6193 16.453 33400 5.58209 -34.6203 202.515 126.391 -13 54 1 0 1
-43.205 -0.613458 33750 23.3496 16.5444 203.527 127.717 -13 54 1 0 1
29.9262 79.8354 29900 32.672 -61.0476 185.719 118.748 -13 55 1 0 1
-5.24252 -23.9044 30250 -41.9668 -40.7004 189.389 120.147 -13 55 1 0 1
-13.3139 -117.662 30600 50.0465 -40.9266 187.367 121.533 -13 55 1 0 1
56.3945 -128.631 30950 -2.77474 -3.71813 198.153 122.892 -13 55 1 0 1
-29.7037 -121.82 31300 -58.3593 48.0287 183.23 124.269 -13 55 1 0 1
-25.3037 -15.0745 31650 40.9836 40.5962 189.627 125.672 -13 55 1 0 1
10.0602 72.6602 32000 -24.4456 50.1356 190.197 127.051 -13 55 1 0 1
-47.1909 120.816 32350 -6.39256 23.0051 196.764 128.408 -13 55 1 0 1
39.0745 145.68 32700 71.9964 -39.0012 180.503 129.796 -13 55 1 0 1
50.3504 41.5798 33050 -42.1796 -35.4016 190.404 131.203 -13 55 1 0 1
-11.3472 -35.1028 33400 0.420884 -56.0907 190.104 132.582 -13 55 1 0 1
28.3537 -112.704 33750 8.93684 -36.9577 194.526 133.948 -13 55 1 0 1
91.1368 -53.1273 29900 -23.8299 -41.7455 196.796 114.607 -13 56 1 0 1
44.4923 -63.4617 30250 -5.68829 22.8899 201.204 115.944 -13 56 1 0 1
36.1613 0.176229 30600 -26.3259 36.8416 197.456 117.284 -13 56 1 0 1
-29.6456 18.6818 30950 -34.0955 -1.41269 199.687 118.629 -13 56 1 0 1
-62.7514 54.4099 31300 8.70873 36.1372 199.142 119.964 -13 56 1 0 1
-40.0022 79.6374 31650 -6.2697 -5.56791 202.408 121.291 -13 56 1 0 1
-71.0814 27.258 32000 0.997221 -52.2727 195.719 122.632 -13 56 1 0 1
-19.628 -22.4012 32350 34.322 -3.83153 199.616 123.983 -13 56 1 0 1
18.9211 -42.3743 32700 4.40502 -23.0813 201.214 125.311 -13 56 1 0 1
18.7306 -74.6863 33050 13.1928 -12.5683 201.761 126.634 -13 56 1 0 1
77.6934 -52.8696 33400 26.4202 48.7177 194.854 127.98 -13 56 1 0 1
58.3389 11.5471 33750 -25.8201 8.82111 200.736 129.329 -13 56 1 0 1
1.3774 149.471 29900 89.0644 -36.8401 142.085 125.642 -13 57 1 0 1
16.1939 -17.9576 30250 -43.7331 -58.8113 155.263 127.221 -13 57 1 0 1
31.4841 -148.152 30600 74.3962 -21.6262 153.217 128.729 -13 57 1 0 1
108.515 -105.152 30950 -17.7972 3.55864 170.73 130.175 -13 57 1 0 1
-10.6224 -94.0234 31300 -57.0336 55.3795 152.178 131.643 -13 57 1 0 1
11.6321 51.9566 31650 38.968 52.4953 158.757 133.159 -13 57 1 0 1
-32.4379 165.285 32000 -82.8118 0.918759 150.397 134.663 -13 57 1 0 1
-83.9523 81.342 32350 35.0863 -19.5056 166.933 136.133 -13 57 1 0 1
16.5602 23.9411 32700 23.6428 -59.9168 159.151 137.585 -13 57 1 0 1
-29.6948 -88.5246 33050 -27.2375 -41.4963 164.36 139.047 -13 57 1 0 1
42.7511 -163.457 33400 78.2252 24.8646 150.8 140.525 -13 57 1 0 1
55.0146 -54.1477 33750 -49.6875 26.0822 162.262 142.012 -13 57 1 0 1
106.561 40.5492 29900 39.8507 -58.2575 192.772 114.329 -13 58 1 0 1
102.618 -38.3046 30250 -12.9045 -6.09351 204.792 115.687 -13 58 1 0 1
83.772 -0.66523 30600 -27.3003 29.1028 201.373 117.012 -13 58 1 0 1
26.8774 -9.12597 30950 -28.9797 -31.1293 200.834 118.349 -13 58 1 0 1
-51.1603 -39.137 31300 -53.0615 20.5155 197.248 119.705 -13 58 1 0 1
-97.9394 16.102 31650 -13.8361 12.3301 204.45 121.05 -13 58 1 0 1
-110.771 -29.0001 32000 21.7153 -46.5341 198.762 122.383 -13 58 1 0 1
-56.3508 -41.6281 32350 17.5951 27.79 202.636 123.722 -13 58 1 0 1
-14.893 18.388 32700 44.1811 19.8482 199.493 125.066 -13 58 1 0 1
56.5538 5.8686 33050 32.3845 -10.951 202.422 126.409 -13 58 1 0 1
93.8665 43.1687 33400 -7.69909 46.1335 199.889 127.745 -13 58 1 0 1
61.7776 73.6226 33750 -1.87657 -12.234 204.915 129.075 -13 58 1 0 1
19.8679 5.13529 29900 45.9504 -39.4958 198.311 115.747 -13 59 1 0 1
51.1083 -82.5196 30250 16.1079 -40.8593 202.657 117.106 -13 59 1 0 1
135.79 -77.2647 30600 44.3956 64.1532 192.125 118.475 -13 59 1 0 1
119.13 0.805659 30950 -31.6982 -5.45763 204.851 119.839 -13 59 1 0 1
42.0729 -35.9059 31300 -61.0899 0.046591 198.158 121.191 -13 59 1 0 1
-30.2533 26.4535 31650 -26.7983 45.65 200.491 122.555 -13 59 1 0 1
-111.898 45.5035 32000 -48.4589 -41.6595 197.269 123.916 -13 59 1 0 1
-132.802 -16.5672 32350 1.12839 3.52908 207.328 125.259 -13 59 1 0 1
-102.372 53.9711 32700 56.7118 40.6499 195.269 126.61 -13 59 1 0 1
-11.8664 30.7084 33050 28.4973 -43.9978 200.626 127.98 -13 59 1 0 1
53.056 -19.4342 33400 49.336 5.38324 201.335 129.331 -13 59 1 0 1
113.128 12.9167 33750 27.8656 0.968835 205.478 130.667 -13 59 1 0 1
-52.631 -72.2818 29900 -43.3533 23.3193 197.54 114.404 -13 60 1 0 1
-72.0712 -22.2789 30250 11.8732 9.02618 203.034 115.741 -13 60 1 0 1
-35.484 -27.2303 30600 28.6394 4.58907 201.504 117.065 -13 60 1 0 1
-8.60946 12.7581 30950 5.86005 32.3386 200.911 118.395 -13 60 1 0 1
35.3269 53.4475 31300 43.1556 -3.32982 198.927 119.734 -13 60 1 0 1
78.253 24.8229 31650 7.24113 -3.70775 203.419 121.066 -13 60 1 0 1
61.3788 55.2506 32000 -33.0699 17.1315 200.145 122.392 -13 60 1 0 1
21.2658 34.0559 32350 -3.28915 -30.1405 201.311 123.724 -13 60 1 0 1
1.0667 -23.1648 32700 -33.2774 -22.0944 199.624 125.061 -13 60 1 0 1
-58.2283 -26.6784 33050 -25.4643 -1.91631 201.973 126.396 -13 60 1 0 1
-66.3074 -71.3401 33400 27.5704 -32.3989 199.087 127.729 -13 60 1 0 1
-27.225 -74.9494 33750 -3.21897 18.1363 202.746 129.059 -13 60 1 0 1
5.74595 28.0889 29900 21.9139 -6.66983 197.431 113.104 -13 61 1 0 1
23.5042 3.80399 30250 1.25282 -10.2861 198.485 114.432 -13 61 1 0 1
27.4607 0.754584 30600 1.6581 4.70615 198.692 115.754 -13 61 1 0 1
28.6621 0.647106 30950 2.00191 -8.66087 198.556 117.077 -13 61 1 0 1
17.7425 -27.5961 31300 -20.361 -13.0038 197.281 118.405 -13 61 1 0 1
-12.5903 -25.5844 31650 -7.15075 5.52501 198.55 119.733 -13 61 1 0 1
-12.5803 -24.4931 32000 4.72545 -0.681365 198.698 121.056 -13 61 1 0 1
-13.9255 -19.9862 32350 -8.94773 5.39878 198.48 122.378 -13 61 1 0 1
-28.7143 6.78591 32700 3.28824 23.1734 197.372 123.707 -13 61 1 0 1
-8.81133 28.6823 33050 7.45079 3.09245 198.591 125.034 -13 61 1 0 1
-12.837 28.95 33400 -6.94774 -4.89887 198.573 126.357 -13 61 1 0 1
-10.9947 22.5134 33750 9.54415 1.64772 198.519 127.68 -13 61 1 0 1
64.657 32.804 29900 7.12623 -45.0977 189.754 114.676 -13 62 1 0 1
27.3846 -14.6555 30250 -27.7754 -2.98047 193.16 116.029 -13 62 1 0 1
-9.00471 -26.8619 30600 -8.43208 -17.1394 194.233 117.366 -13 62 1 0 1
-13.7577 -57.5239 30950 -10.6545 -14.0118 194.374 118.699 -13 62 1 0 1
-65.3837 -47.014 31300 -25.529 36.4206 190.034 120.047 -13 62 1 0 1
-56.6946 3.23438 31650 18.0741 3.67548 194.296 121.395 -13 62 1 0 1
-21.5652 -3.57776 32000 21.7238 3.40707 193.927 122.73 -13 62 1 0 1
3.78147 26.3543 32350 11.4039 21.9947 193.591 124.066 -13 62 1 0 1
50.8227 39.2287 32700 30.283 -20.3181 191.732 125.411 -13 62 1 0 1
65.0097 1.79617 33050 -4.33161 -2.38177 195.107 126.751 -13 62 1 0 1
43.1362 25.0245 33400 -26.2355 11.0997 193.08 128.085 -13 62 1 0 1
5.51375 5.81962 33750 -11.0256 -22.5687 193.547 129.425 -13 62 1 0 1
18.4489 -20.1315 29900 -17.5003 22.4809 208.316 113.654 -13 63 1 0 1
19.8334 29.711 30250 7.85649 33.9304 207.351 114.975 -13 63 1 0 1
-14.3931 85.547 30600 -50.2011 10.6625 203.896 116.311 -13 63 1 0 1
-65.355 68.0829 30950 -1.02262 -3.47903 210.224 117.638 -13 63 1 0 1
-23.6084 77.5449 31300 41.5537 -9.96353 205.867 118.957 -13 63 1 0 1
0.674492 26.3216 31650 -11.2517 -35.0756 207.004 120.286 -13 63 1 0 1
1.23443 -37.521 32000 26.7971 -32.3437 206.017 121.617 -13 63 1 0 1
52.6912 -63.878 32350 16.9917 -16.4466 208.921 122.943 -13 63 1 0 1
19.9736 -109.143 32700 -54.4766 -9.0947 202.872 124.275 -13 63 1 0 1
-27.659 -75.3477 33050 8.58792 23.2413 208.791 125.608 -13 63 1 0 1
5.00022 -32.0237 33400 9.03699 37.2172 206.738 126.931 -13 63 1 0 1
-22.1916 24.1744 33750 -25.4298 29.8399 206.568 128.26 -13 63 1 0 1
-12.6863 4.36979 29900 18.5415 2.82538 187.402 114.789 -13 64 1 0 1
15.6615 -12.28 30250 13.0387 -11.9738 187.504 116.134 -13 64 1 0 1
48.5341 -5.99658 30600 11.9927 22.6773 186.583 117.482 -13 64 1 0 1
46.5496 22.3812 30950 -1.24639 -1.14448 188.331 118.826 -13 64 1 0 1
42.3397 -7.24832 31300 -15.4787 -20.5271 186.575 120.171 -13 64 1 0 1
5.51674 -10.0552 31650 -15.1714 11.2119 187.391 121.52 -13 64 1 0 1
-23.7737 -3.63554 32000 -13.9458 -10.6701 187.518 122.864 -13 64 1 0 1
-37.005 -25.9631 32350 -8.68915 -4.35234 188.088 124.207 -13 64 1 0 1
-57.2838 1.01851 32700 2.5607 29.6396 185.974 125.555 -13 64 1 0 1
-30.2503 23.2289 33050 11.4415 -6.69394 187.871 126.903 -13 64 1 0 1
-11.2565 4.06794 33400 14.7613 -5.15472 187.688 128.246 -13 64 1 0 1
14.9736 15.2277 33750 14.0768 9.7135 187.56 129.589 -13 64 1 0 1
3.68602 52.0951 29900 31.8051 0.548462 190.359 114.05 -13 65 1 0 1
34.2004 28.7023 30250 -0.181406 -9.40059 192.769 115.391 -13 65 1 0 1
21.0266 24.5107 30600 -10.4511 -3.95153 192.675 116.723 -13 65 1 0 1
19.7623 4.49968 30950 7.99503 -16.4538 192.13 118.057 -13 65 1 0 1
13.5618 -37.9021 31300 -23.8821 -19.3376 190.536 119.401 -13 65 1 0 1
-25.4259 -42.8844 31650 -7.85 0.318077 192.839 120.742 -13 65 1 0 1
-10.1545 -51.6024 32000 20.151 1.67127 191.936 122.076 -13 65 1 0 1
-0.238349 -31.8855 32350 -11.5698 11.8152 192.289 123.411 -13 65 1 0 1
-21.9855 4.10257 32700 2.16355 28.3328 190.895 124.753 -13 65 1 0 1
3.38171 36.6397 33050 10.8775 10.2239 192.42 126.094 -13 65 1 0 1
-9.26532 53.9324 33400 -21.2245 -0.41746 191.828 127.43 -13 65 1 0 1
-23.3398 41.0932 33750 9.23691 -2.04757 192.767 128.765 -13 65 1 0 1
0.352765 1.14144 29900 -5.74793 -8.25276 208.194 112.282 -13 66 1 0 1
-13.6299 -4.92246 30250 -7.93256 -2.98626 208.264 113.593 -13 66 1 0 1
-16.4533 -19.9125 30600 8.32396 -10.5981 208.001 114.903 -13 66 1 0 1
-2.45852 -23.9539 30950 1.84691 2.36277 208.415 116.214 -13 66 1 0 1
-7.99065 -16.6293 31300 -2.98723 7.61 208.276 117.523 -13 66 1 0 1
-1.48595 -8.04491 31650 8.80317 1.54036 208.245 118.833 -13 66 1 0 1
13.4373 1.33761 32000 4.00584 11.5061 208.08 120.144 -13 66 1 0 1
10.7488 15.5414 32350 -1.09246 3.52682 208.404 121.454 -13 66 1 0 1
15.901 13.2551 32700 2.86846 -6.4305 208.318 122.763 -13 66 1 0 1
10.8254 7.9174 33050 -7.13309 2.37634 208.301 124.073 -13 66 1 0 1
-7.45481 9.03261 33400 -11.9269 -6.56931 207.992 125.384 -13 66 1 0 1
-17.1406 -6.03203 33750 -3.04737 -5.60972 208.339 126.694 -13 66 1 0 1
32.6562 -55.2117 29900 -27.9076 3.03476 207.3 113.352 -13 67 1 0 1
15.8902 -21.3682 30250 8.9464 28.4935 207.049 114.671 -13 67 1 0 1
12.0823 37.6949 30600 -27.5235 30.5484 205.111 116 -13 67 1 0 1
-37.6461 56.3282 30950 -15.3768 7.43459 208.493 117.324 -13 67 1 0 1
-18.5007 82.4803 31300 35.2317 5.2107 206.138 118.642 -13 67 1 0 1
8.01774 58.9979 31650 -11.5277 -17.824 208.112 119.961 -13 67 1 0 1
-21.9494 14.908 32000 -3.75427 -38.7309 205.541 121.285 -13 67 1 0 1
6.94616 -35.3576 32350 20.1606 -21.4355 207.112 122.613 -13 67 1 0 1
-0.772447 -76.191 32700 -31.5648 -14.3747 206.296 123.934 -13 67 1 0 1
-33.5358 -74.3234 33050 5.21911 -0.659522 209.126 125.251 -13 67 1 0 1
14.8624 -68.939 33400 35.3085 26.1797 204.522 126.575 -13 67 1 0 1
21.4652 -11.6505 33750 -17.9224 26.3278 206.753 127.905 -13 67 1 0 1
18.1703 27.6359 29900 -9.65026 -39.7229 208.259 113.815 -13 68 1 0 1
-32.8431 -11.9731 30250 -36.8911 -15.9184 208.395 115.144 -13 68 1 0 1
-57.1959 -75.2398 30600 25.4345 -47.1231 205.367 116.48 -13 68 1 0 1
-9.26706 -104.588 30950 2.22672 0.287163 212.221 117.806 -13 68 1 0 1
-50.9968 -78.6107 31300 -24.7706 41.9472 206.567 119.127 -13 68 1 0 1
-29.7124 -22.2262 31650 35.9977 13.5792 208.717 120.458 -13 68 1 0 1
25.6652 15.6693 32000 13.8228 41.0237 207.772 121.788 -13 68 1 0 1
17.9798 75.1632 32350 0.809778 25.7747 210.661 123.112 -13 68 1 0 1
68.9583 84.2699 32700 40.6061 -30.2771 206.101 124.438 -13 68 1 0 1
76.1316 36.3412 33050 -22.1133 -3.09003 211.056 125.763 -13 68 1 0 1
14.4581 41.1109 33400 -43.9511 -16.6036 206.968 127.089 -13 68 1 0 1
-20.5816 -18.0267 33750 -6.86406 -36.7318 208.918 128.421 -13 68 1 0 1
-72.3555 -78.8981 29900 -19.7806 47.8748 201.833 114.961 -13 69 1 0 1
-37.7138 -22.8867 30250 43.0935 6.37822 203.77 116.302 -13 69 1 0 1
37.053 10.3 30600 25.3849 47.1063 201.386 117.65 -13 69 1 0 1
39.2464 86.4537 30950 5.70677 30.5015 206.051 118.992 -13 69 1 0 1
103.7 82.6848 31300 39.8289 -49.9134 198.348 120.337 -13 69 1 0 1
93.5287 16.9533 31650 -30.4515 -0.75369 206.136 121.682 -13 69 1 0 1
22.6124 28.8026 32000 -48.2152 -14.6738 202.188 123.02 -13 69 1 0 1
-22.9343 -37.9285 32350 -15.8444 -43.61 203.143 124.367 -13 69 1 0 1
-94.7058 -65.026 32700 -51.9741 31.6234 199.295 125.719 -13 69 1 0 1
-123.583 -10.2111 33050 3.02565 -1.9858 208.343 127.056 -13 69 1 0 1
-83.0463 -64.7552 33400 56.9507 -24.9169 198.886 128.397 -13 69 1 0 1
-8.67414 -27.0266 33750 17.8537 46.0687 202.432 129.754 -13 69 1 0 1
55.2806 -23.8274 29900 0.263742 -37.6969 205.127 112.614 -13 70 1 0 1
36.0822 -59.9214 30250 -1.7242 -3.01554 208.534 113.934 -13 70 1 0 1
55.7657 -35.2867 30600 6.07614 32.1702 205.977 115.25 -13 70 1 0 1
31.5998 -4.62543 30950 -23.0291 -1.10086 207.285 116.57 -13 70 1 0 1
-9.8594 -1.74894 31300 -21.0728 15.7941 206.894 117.889 -13 70 1 0 1
-26.295 32.8524 31650 -8.85938 15.9757 207.761 119.206 -13 70 1 0 1
-60.2315 27.8317 32000 -18.0006 -26.7791 206.052 120.524 -13 70 1 0 1
-58.5424 -4.75875 32350 8.18628 0.852158 208.4 121.841 -13 70 1 0 1
-36.6242 17.4493 32700 23.7562 10.7082 206.929 123.156 -13 70 1 0 1
-3.51499 3.66523 33050 12.0235 -18.6779 207.377 124.473 -13 70 1 0 1
26.3779 -14.6693 33400 22.5122 5.44639 207.273 125.789 -13 70 1 0 1
49.5083 2.81302 33750 8.88902 1.76501 208.366 127.103 -13 70 1 0 1
-41.7915 -95.392 29900 -57.4154 -2.78757 192.071 116.175 -13 71 1 0 1
-94.8437 -65.1805 30250 2.53404 0.670546 200.472 117.523 -13 71 1 0 1
-35.6553 -89.3727 30600 57.2049 7.86537 191.993 118.871 -13 71 1 0 1
7.87603 -19.5905 30950 -6.01785 45.7815 195.099 120.237 -13 71 1 0 1
28.9184 51.3806 31300 40.4905 19.9755 195.339 121.591 -13 71 1 0 1
89.2718 54.673 31650 16.565 11.6029 199.466 122.932 -13 71 1 0 1
51.5687 113.004 32000 -63.3264 15.9275 189.557 124.291 -13 71 1 0 1
-11.3721 64.6139 32350 4.86494 -39.8458 196.429 125.659 -13 71 1 0 1
-7.30766 -6.53051 32700 -21.5067 -35.6328 196.121 127.007 -13 71 1 0 1
-68.5613 -40.6381 33050 -31.2216 -20.4335 196.986 128.354 -13 71 1 0 1
-55.9437 -119.645 33400 58.9163 -34.6196 188.484 129.724 -13 71 1 0 1
14.218 -99.5758 33750 -4.31492 26.7795 198.646 131.088 -13 71 1 0 1
37.8562 5.14836 29900 -23.0842 -28.4353 184.195 116.685 -13 72 1 0 1
-21.996 -0.482717 30250 -30.064 9.52707 185.134 118.048 -13 72 1 0 1
-68.3688 -26.0063 30600 -3.39857 -36.9919 184.09 119.409 -13 72 1 0 1
-49.1693 -61.4717 30950 0.13295 3.44901 187.769 120.761 -13 72 1 0 1
-61.6731 -16.6153 31300 10.3206 36.8769 183.855 122.116 -13 72 1 0 1
-8.94292 4.25877 31650 29.9987 -9.96942 185.121 123.478 -13 72 1 0 1
45.2036 12.4816 32000 17.4586 27.5164 184.952 124.837 -13 72 1 0 1
50.766 54.3421 32350 7.56343 6.58641 187.533 126.188 -13 72 1 0 1
79.6213 16.7585 32700 -2.30227 -42.4869 182.917 127.546 -13 72 1 0 1
32.8907 -14.2334 33050 -27.0016 10.5362 185.551 128.91 -13 72 1 0 1
-19.5643 -4.88659 33400 -26.0606 -14.7149 185.401 130.267 -13 72 1 0 1
-47.1455 -44.747 33750 -16.036 -13.5236 186.626 131.62 -13 72 1 0 1
23.521 25.5421 29900 20.5811 -21.665 211.506 111.577 -13 73 1 0 1
29.5318 -10.8758 30250 -3.64374 -12.9068 213.186 112.888 -13 73 1 0 1
33.6396 -15.4845 30600 5.07683 5.85405 213.466 114.191 -13 73 1 0 1
34.3282 -14.0575 30950 -3.23279 -10.0611 213.345 115.494 -13 73 1 0 1
9.0768 -38.236 31300 -28.8924 -5.40528 211.575 116.804 -13 73 1 0 1
-22.581 -23.8267 31650 -6.11149 9.92007 213.289 118.114 -13 73 1 0 1
-23.1294 -20.6601 32000 3.68055 -1.94025 213.566 119.417 -13 73 1 0 1
-24.1545 -15.8344 32350 -7.82609 9.19865 213.265 120.72 -13 73 1 0 1
-30.5031 16.7639 32700 10.9392 24.7425 211.887 122.029 -13 73 1 0 1
-4.14822 34.4248 33050 8.96225 1.22748 213.415 123.338 -13 73 1 0 1
-7.88324 34.2425 33400 -8.15203 -4.35038 213.407 124.641 -13 73 1 0 1
-6.80805 26.9735 33750 10.9533 -0.608831 213.325 125.945 -13 73 1 0 1
52.4947 27.7745 29900 26.0713 -20.651 192.821 114.017 -13 74 1 0 1
66.1698 -6.07552 30250 -0.024478 -0.204354 195.668 115.353 -13 74 1 0 1
53.1986 26.8113 30600 -24.9197 20.1794 193.023 116.689 -13 74 1 0 1
12.3175 18.1058 30950 -11.2776 -20.7157 194.241 118.029 -13 74 1 0 1
-16.6211 -12.5516 31300 -25.0378 -3.13499 194.034 119.366 -13 74 1 0 1
-52.1814 -1.75535 31650 -15.1083 -0.286068 195.084 120.701 -13 74 1 0 1
-59.326 -40.8253 32000 20.3553 -30.1572 192.256 122.041 -13 74 1 0 1
-20.0082 -49.6899 32350 6.00909 12.8406 195.154 123.38 -13 74 1 0 1
-19.2016 -14.9115 32700 9.34703 21.7919 194.226 124.714 -13 74 1 0 1
16.1354 1.38762 33050 22.3594 2.38684 194.372 126.05 -13 74 1 0 1
40.6241 32.4107 33400 -6.55716 28.749 193.434 127.388 -13 74 1 0 1
17.482 57.312 33750 -1.2277 1.45684 195.659 128.723 -13 74 1 0 1
8.52194 6.50357 29900 4.25185 -14.302 183.511 115.187 -13 75 1 0 1
0.0565784 -14.8085 30250 -5.63646 -7.392 183.882 116.536 -13 75 1 0 1
6.86264 -26.684 30600 11.7739 -0.132394 183.74 117.884 -13 75 1 0 1
16.998 -19.158 30950 -2.69549 0.871981 184.095 119.232 -13 75 1 0 1
0.219548 -19.1444 31300 -11.0868 5.99387 183.685 120.579 -13 75 1 0 1
-3.69977 -1.8707 31650 4.13217 7.68602 183.91 121.928 -13 75 1 0 1
-3.12598 11.3808 32000 -5.80797 4.44929 183.971 123.275 -13 75 1 0 1
-12.7728 13.0164 32350 -1.57137 1.67992 184.102 124.622 -13 75 1 0 1
-4.51565 19.9314 32700 9.29517 0.169419 183.882 125.969 -13 75 1 0 1
1.38821 11.4023 33050 -3.89006 -4.96976 184.009 127.316 -13 75 1 0 1
-6.16163 -1.81955 33400 0.888652 -9.13619 183.888 128.663 -13 75 1 0 1
2.29702 -11.7313 33750 3.26448 -2.60015 184.07 130.01 -13 75 1 0 1
12.24 109.623 29900 59.4977 -21.404 189.505 114.741 -13 76 1 0 1
41.5292 35.4317 30250 -19.4735 -31.8693 196.253 116.108 -13 76 1 0 1
15.8333 -15.5295 30600 5.13214 -30.059 197.435 117.447 -13 76 1 0 1
46.4321 -59.3173 30950 12.4019 -28.8166 197.297 118.784 -13 76 1 0 1
-3.22473 -118.328 31300 -65.2049 -3.22519 188.807 120.15 -13 76 1 0 1
-58.1083 -70.8888 31650 10.095 20.6383 198.45 121.511 -13 76 1 0 1
-14.5692 -43.5575 32000 22.2101 27.5719 196.613 122.847 -13 76 1 0 1
-21.9924 16.012 32350 -18.2123 34.8968 195.859 124.19 -13 76 1 0 1
-4.10941 88.5415 32700 47.9431 24.924 192.329 125.549 -13 76 1 0 1
56.0056 84.2647 33050 2.65737 -1.52219 199.752 126.895 -13 76 1 0 1
6.44617 89.7381 33400 -44.0486 -18.4239 193.986 128.235 -13 76 1 0 1
-10.6689 28.3212 33750 19.3979 -32.0132 196.238 129.585 -13 76 1 0 1
52.1432 35.1918 29900 7.7555 -42.627 201.001 113.262 -13 77 1 0 1
20.2314 -12.0962 30250 -27.1112 -8.48484 203.646 114.596 -13 77 1 0 1
-9.05711 -33.7277 30600 -1.65878 -20.026 204.634 115.917 -13 77 1 0 1
-4.70508 -61.8577 30950 -7.86505 -13.6636 205.013 117.234 -13 77 1 0 1
-54.0935 -58.266 31300 -31.4258 30.9606 200.83 118.564 -13 77 1 0 1
-56.4933 -9.93142 31650 16.1142 7.69628 204.841 119.895 -13 77 1 0 1
-23.1239 -10.2741 32000 21.1217 6.2123 204.436 121.213 -13 77 1 0 1
-3.4491 21.0373 32350 6.94648 24.0399 204.09 122.534 -13 77 1 0 1
35.6876 45.7429 32700 33.81 -8.59334 202.637 123.861 -13 77 1 0 1
62.5855 19.634 33050 0.781819 -2.06284 205.606 125.184 -13 77 1 0 1
41.4244 41.7858 33400 -29.0211 10.1908 203.305 126.503 -13 77 1 0 1
7.08379 22.504 33750 -5.20185 -22.3579 204.333 127.827 -13 77 1 0 1
52.0687 60.2142 29900 35.4939 -27.1682 200.859 112.831 -13 78 1 0 1
63.4753 12.8256 30250 -11.3815 -7.93809 205.304 114.161 -13 78 1 0 1
34.6854 18.9178 30600 -22.3618 -0.649596 204.552 115.479 -13 78 1 0 1
12.7614 -9.3878 30950 -5.03905 -26.226 204.032 116.799 -13 78 1 0 1
-22.8723 -46.2753 31300 -37.0855 -1.77562 202.395 118.129 -13 78 1 0 1
-62.8907 -28.5739 31650 -7.97706 1.10999 205.614 119.453 -13 78 1 0 1
-47.2097 -56.5159 32000 30.5379 -15.1507 202.929 120.774 -13 78 1 0 1
-12.6323 -41.8816 32350 0.0052464 21.3939 204.657 122.098 -13 78 1 0 1
-12.0883 3.26324 32700 15.1497 25.9451 203.567 123.422 -13 78 1 0 1
27.671 23.9883 33050 20.3483 7.96312 204.609 124.746 -13 78 1 0 1
31.4734 59.2417 33400 -22.3897 22.1551 203.347 126.068 -13 78 1 0 1
1.32751 65.8181 33750 2.46221 -4.58117 205.706 127.388 -13 78 1 0 1
-4.53306 25.8304 29900 37.2558 -0.0454968 185.76 115.159 -13 79 1 0 1
41.9395 -9.06385 30250 15.5269 -18.0406 187.958 116.516 -13 79 1 0 1
75.5119 2.73726 30600 6.92961 30.006 186.939 117.864 -13 79 1 0 1
63.6542 28.1273 30950 -2.84521 -11.1045 189.112 119.209 -13 79 1 0 1
45.4212 -24.4483 31300 -32.9034 -26.1694 184.736 120.566 -13 79 1 0 1
-16.66 -18.4794 31650 -22.198 16.2251 187.453 121.928 -13 79 1 0 1
-50.9879 -19.8771 32000 -9.09846 -19.8695 188.194 123.274 -13 79 1 0 1
-55.4309 -42.9334 32350 -10.048 3.47978 189.16 124.615 -13 79 1 0 1
-72.9735 10.7686 32700 15.7748 43.4936 183.723 125.975 -13 79 1 0 1
-17.0195 35.2274 33050 22.3146 -10.5378 187.845 127.338 -13 79 1 0 1
12.1312 23.9674 33400 12.0874 4.61129 189.017 128.681 -13 79 1 0 1
33.1719 40.4725 33750 18.3353 5.66112 188.485 130.022 -13 79 1 0 1
23.1543 39.2502 29900 -1.50143 -33.2747 205.611 113.597 -13 80 1 0 1
-15.5334 4.13441 30250 -33.0758 -11.2416 205.341 114.923 -13 80 1 0 1
-50.0013 -46.1038 30600 9.75409 -43.5062 203.464 116.256 -13 80 1 0 1
-16.5195 -84.997 30950 3.46661 -6.81135 208.151 117.582 -13 80 1 0 1
-51.996 -70.7549 31300 -23.4584 32.8553 204.342 118.903 -13 80 1 0 1
-38.3318 -27.2357 31650 29.0349 5.81525 206.176 120.229 -13 80 1 0 1
18.2552 -7.63968 32000 24.2786 31.3841 204.478 121.559 -13 80 1 0 1
24.9838 48.7602 32350 1.48667 25.2842 206.746 122.886 -13 80 1 0 1
63.2942 60.0523 32700 30.2109 -21.7341 204.94 124.209 -13 80 1 0 1
71.0778 28.5648 33050 -13.8625 3.93584 207.793 125.528 -13 80 1 0 1
18.8082 48.8069 33400 -44.8641 -5.22795 203.336 126.856 -13 80 1 0 1
-24.0679 2.52089 33750 -8.31554 -30.1821 205.926 128.19 -13 80 1 0 1
7.65037 3.87211 29900 -18.4266 24.5882 207.338 113.928 -13 81 1 0 1
1.78614 55.6625 30250 -3.97135 32.0898 207.093 115.25 -13 81 1 0 1
-55.396 84.7474 30600 -50.82 -19.0373 202.455 116.588 -13 81 1 0 1
-84.6183 38.3708 30950 10.3577 -6.32071 209.251 117.918 -13 81 1 0 1
-38.7596 50.2688 31300 40.4583 -5.22108 205.594 119.24 -13 81 1 0 1
-4.32031 0.312546 31650 2.7954 -39.5208 205.824 120.571 -13 81 1 0 1
32.5443 -55.0352 32000 44.8991 -9.16034 204.532 121.906 -13 81 1 0 1
86.4839 -44.7208 32350 13.2173 -6.09958 209.097 123.232 -13 81 1 0 1
57.5022 -92.7934 32700 -53.1064 -19.6447 201.809 124.564 -13 81 1 0 1
-0.477375 -61.7658 33050 -1.57727 33.914 206.835 125.904 -13 81 1 0 1
-2.56504 -2.39155 33400 -19.5608 31.5789 206.285 127.231 -13 81 1 0 1
-56.5518 27.0351 33750 -31.3949 17.7158 206.48 128.559 -13 81 1 0 1
2.31778 38.6853 29900 23.4 14.5754 208.845 112.293 -13 82 1 0 1
35.2908 43.687 30250 7.13768 4.73753 210.483 113.606 -13 82 1 0 1
14.6702 62.4804 30600 -28.9119 2.54099 208.648 114.919 -13 82 1 0 1
-6.51122 42.4157 30950 8.35463 -14.7746 209.972 116.232 -13 82 1 0 1
14.0009 8.64998 31300 1.59895 -28.5899 208.702 117.547 -13 82 1 0 1
-7.82547 -28.3353 31650 -14.7647 -17.0257 209.448 118.863 -13 82 1 0 1
-0.255592 -61.3974 32000 25.5535 -12.4629 208.73 120.178 -13 82 1 0 1
25.9237 -62.4141 32350 -4.67677 -2.20866 210.593 121.49 -13 82 1 0 1
-16.8025 -59.4212 32700 -32.5782 22.2502 206.93 122.808 -13 82 1 0 1
-27.8512 -10.7919 33050 11.621 21.1769 209.267 124.131 -13 82 1 0 1
-18.3321 17.5335 33400 -6.06811 14.646 210.06 125.442 -13 82 1 0 1
-34.5825 39.9368 33750 -4.46233 19.3939 209.715 126.752 -13 82 1 0 1
119.909 29.9683 29900 9.91728 -67.1768 180.517 116.332 -13 83 1 0 1
64.5288 -31.4538 30250 -34.1226 9.72791 189.575 117.717 -13 83 1 0 1
5.10929 -9.80756 30600 -33.8069 -6.30906 189.776 119.07 -13 83 1 0 1
-39.8312 -52.446 30950 -25.513 -23.7684 189.689 120.423 -13 83 1 0 1
-113.652 -27.968 31300 -22.267 58.38 182.465 121.801 -13 83 1 0 1
-84.7715 35.1629 31650 21.1693 -6.63819 191.587 123.172 -13 83 1 0 1
-42.6245 -5.1721 32000 37.2052 -14.0966 188.718 124.523 -13 83 1 0 1
19.8476 21.7856 32350 28.9343 26.594 188.821 125.883 -13 83 1 0 1
91.4398 17.2128 32700 28.3498 -43.0317 185.855 127.251 -13 83 1 0 1
89.2781 -39.4303 33050 -5.08602 1.3202 192.795 128.607 -13 83 1 0 1
74.991 11.4654 33400 -31.5332 33.1122 187.368 129.958 -13 83 1 0 1
5.8808 5.98954 33750 -29.8431 -25.7702 188.793 131.322 -13 83 1 0 1
33.6841 28.3847 29900 -7.0655 -28.1106 204.105 113.429 -13 84 1 0 1
-5.10774 7.43439 30250 -29.284 -0.132239 204.062 114.754 -13 84 1 0 1
-47.4539 -20.4043 30600 -6.38987 -35.132 203.037 116.082 -13 84 1 0 1
-35.1945 -60.8817 30950 -0.1758 -7.99246 205.998 117.405 -13 84 1 0 1
-61.4448 -42.4453 31300 -11.3761 31.6102 203.397 118.726 -13 84 1 0 1
-41.4185 -11.5454 31650 23.2671 -3.65335 204.803 120.049 -13 84 1 0 1
8.66926 -14.5697 32000 29.5407 15.9518 203.401 121.375 -13 84 1 0 1
32.6321 27.4696 32350 8.67179 19.9448 205.002 122.701 -13 84 1 0 1
65.3085 27.0726 32700 17.2517 -24.1055 204.011 124.022 -13 84 1 0 1
63.7772 1.38443 33050 -8.44735 7.08807 205.858 125.34 -13 84 1 0 1
30.3158 33.3558 33400 -36.3349 10.0869 202.675 126.665 -13 84 1 0 1
-17.5058 10.8392 33750 -15.5492 -20.8164 204.509 127.994 -13 84 1 0 1
-35.9095 -82.9489 29900 -37.9762 31.5422 196.449 114.724 -13 85 1 0 1
-36.3517 -21.1221 30250 25.753 20.2479 199.89 116.069 -13 85 1 0 1
1.6437 17.8977 30600 4.87621 31.5088 200.031 117.402 -13 85 1 0 1
-11.631 67.187 30950 -1.12367 26.7009 200.786 118.733 -13 85 1 0 1
44.8797 93.2705 31300 51.2086 -20.87 194.862 120.08 -13 85 1 0 1
70.3027 37.3563 31650 -15.462 -13.9359 201.484 121.426 -13 85 1 0 1
26.7799 27.6162 32000 -26.4897 -16.4824 200.139 122.754 -13 85 1 0 1
13.2593 -25.7289 32350 1.64203 -37.0965 199.124 124.089 -13 85 1 0 1
-32.9502 -79.1857 32700 -53.3275 -0.755685 195.409 125.44 -13 85 1 0 1
-85.6753 -47.6551 33050 -3.96561 4.81265 202.461 126.783 -13 85 1 0 1
-52.8527 -72.2438 33400 41.4217 -6.01179 198.185 128.113 -13 85 1 0 1
-16.4157 -31.5744 33750 -4.63774 37.4771 199.006 129.452 -13 85 1 0 1
-5.16938 17.7356 29900 -17.4738 -14.9481 219.636 112.364 -13 86 1 0 1
-43.7789 10.3662 30250 -28.519 -5.32899 218.923 113.666 -13 86 1 0 1
-72.8154 -38.722 30600 11.4142 -47.9143 215.274 114.983 -13 86 1 0 1
-35.7458 -74.3472 30950 8.75722 1.25383 220.659 116.295 -13 86 1 0 1
-48.0858 -49.1851 31300 -4.79405 29.7041 218.777 117.595 -13 86 1 0 1
-21.0704 -23.3614 31650 30.7469 -1.11088 218.683 118.899 -13 86 1 0 1
35.4078 -7.59636 32000 26.5915 32.9698 216.737 120.214 -13 86 1 0 1
46.1769 44.5736 32350 4.47576 19.4903 219.93 121.524 -13 86 1 0 1
75.5973 38.1501 32700 16.488 -29.2525 218.269 122.827 -13 86 1 0 1
67.8441 11.3629 33050 -15.6733 8.83212 220.103 124.129 -13 86 1 0 1
21.0776 39.2528 33400 -44.4942 3.05051 216.287 125.44 -13 86 1 0 1
-29.1941 7.32458 33750 -17.3801 -24.3836 218.797 126.755 -13 86 1 0 1
33.7899 3.15567 29900 -10.8734 -30.1312 199.665 113.43 -13 87 1 0 1
-5.20572 -18.8677 30250 -21.089 -1.01566 201.113 114.76 -13 87 1 0 1
-23.5063 -35.5561 30600 4.12678 -16.2383 201.523 116.082 -13 87 1 0 1
-15.3781 -49.4846 30950 -6.75658 -1.12118 202.103 117.401 -13 87 1 0 1
-44.7297 -27.3831 31300 -10.0068 30.0911 199.717 118.728 -13 87 1 0 1
-27.2753 6.9144 31650 17.2072 3.53804 201.454 120.055 -13 87 1 0 1
-2.91329 11.4114 32000 9.41978 8.12765 201.836 121.376 -13 87 1 0 1
6.55601 31.2825 32350 8.41823 11.7049 201.704 122.696 -13 87 1 0 1
40.3104 30.4705 32700 19.56 -20.2206 200.252 124.021 -13 87 1 0 1
42.647 0.161248 33050 -7.87134 -3.04651 202.043 125.346 -13 87 1 0 1
23.5932 9.13582 33400 -16.4405 2.79261 201.53 126.666 -13 87 1 0 1
1.55773 -6.62991 33750 -8.84335 -15.3724 201.44 127.987 -13 87 1 0 1
-36.4908 -44.7336 29900 -18.5187 16.3931 206.873 112.788 -13 88 1 0 1
-36.6865 -20.1311 30250 13.5276 1.78381 207.899 114.102 -13 88 1 0 1
-1.72462 -18.5631 30600 22.5072 12.8312 206.729 115.418 -13 88 1 0 1
14.5382 16.8494 30950 3.81542 20.0871 207.341 116.736 -13 88 1 0 1
40.47 30.5753 31300 21.5431 -10.5233 206.962 118.051 -13 88 1 0 1
54.9425 11.6437 31650 -0.449464 2.19339 208.334 119.365 -13 88 1 0 1
35.2141 35.7499 32000 -27.1504 10.241 206.316 120.68 -13 88 1 0 1
1.90225 18.6051 32350 -7.0764 -20.3127 207.233 121.999 -13 88 1 0 1
-16.8456 -8.61593 32700 -19.8018 -5.29761 207.336 123.315 -13 88 1 0 1
-47.7171 -5.30519 33050 -15.6241 -3.41378 207.732 124.629 -13 88 1 0 1
-54.0715 -42.6861 33400 19.2965 -28.6995 205.456 125.949 -13 88 1 0 1
-20.8609 -51.8275 33750 3.83883 11.4539 207.996 127.267 -13 88 1 0 1
-0.539357 0.59349 29900 -0.20623 -3.24629 193.935 113.733 -13 89 1 0 1
-3.06307 -3.39732 30250 -1.18336 -1.91423 193.949 115.063 -13 89 1 0 1
-0.0596891 -7.33057 30600 4.63344 -0.372287 193.907 116.392 -13 89 1 0 1
5.57453 -3.99171 30950 1.16698 1.60461 193.952 117.722 -13 89 1 0 1
5.64902 -5.14338 31300 -1.38932 -1.88815 193.948 119.051 -13 89 1 0 1
4.17876 -6.16755 31650 1.01335 0.596502 193.959 120.381 -13 89 1 0 1
7.0676 -1.73179 32000 -0.23301 3.90345 193.923 121.711 -13 89 1 0 1
2.85877 0.276127 32350 -2.85177 -1.56006 193.935 123.04 -13 89 1 0 1
-4.01372 -0.645524 32700 -4.20304 2.55101 193.9 124.37 -13 89 1 0 1
-8.80313 5.86953 33050 -2.87421 2.32202 193.927 125.7 -13 89 1 0 1
-16.3466 1.37557 33400 -1.98401 -7.20304 193.819 127.03 -13 89 1 0 1
-14.0816 -4.75005 33750 1.02816 2.34901 193.946 128.36 -13 89 1 0 1
86.5862 9.00658 29900 17.4401 -54.0559 216.181 111.413 -13 90 1 0 1
71.9175 -49.1636 30250 -9.67574 -6.67829 223.209 112.728 -13 90 1 0 1
71.5046 -23.6707 30600 -7.94599 29.4732 221.424 114.025 -13 90 1 0 1
37.7387 -11.7252 30950 -26.0268 -15.7788 221.436 115.326 -13 90 1 0 1
-20.4364 -28.7688 31300 -42.9117 13.1189 218.968 116.638 -13 90 1 0 1
-60.7661 11.3399 31650 -15.6241 16.7688 222.34 117.948 -13 90 1 0 1
-86.0867 -6.88069 32000 -2.50615 -34.6913 220.795 119.248 -13 90 1 0 1
-70.8138 -30.8853 32350 5.10412 12.2359 223.125 120.547 -13 90 1 0 1
-55.1964 18.5686 32700 30.9798 32.7547 218.924 121.855 -13 90 1 0 1
0.655362 25.3839 33050 26.3015 -12.6903 221.602 123.166 -13 90 1 0 1
32.7707 22.7628 33400 13.314 13.5099 222.712 124.463 -13 90 1 0 1
48.1571 42.5989 33750 17.0188 2.78776 222.852 125.758 -13 90 1 0 1
175.17 79.7127 29900 -17.2218 -126.288 149.99 123.069 -13 91 1 0 1
-37.7963 5.51803 30250 -108.303 31.1608 161.374 124.727 -13 91 1 0 1
-212.689 -125.873 30600 52.8773 -132.376 135.73 126.435 -13 91 1 0 1
-31.4232 -116.447 30950 19.493 84.033 176.92 128.068 -13 91 1 0 1
39.1165 38.2497 31300 84.06 35.5315 174.395 129.557 -13 91 1 0 1
187.448 15.2669 31650 58.938 2.19704 187.786 131.008 -13 91 1 0 1
150.621 182.809 32000 -143.904 33.8303 129.96 132.629 -13 91 1 0 1
15.6559 -68.1594 32350 21.6514 -134.471 142.095 134.498 -13 91 1 0 1
-31.4293 23.8837 29900 11.3584 20.3004 191.605 114.126 -13 92 1 0 1
-5.35215 34.8299 30250 5.68967 -3.2981 192.9 115.462 -13 92 1 0 1
-8.64761 24.5409 30600 -1.61848 -9.17142 192.787 116.794 -13 92 1 0 1
5.58621 14.4779 30950 15.3643 -1.99172 192.389 118.127 -13 92 1 0 1
31.6193 -9.50484 31300 1.71061 -25.6179 191.297 119.466 -13 92 1 0 1
15.8461 -39.5008 31650 -4.37368 -6.35257 192.858 120.805 -13 92 1 0 1
30.1403 -35.9931 32000 10.2259 13.5214 192.266 122.138 -13 92 1 0 1
22.6757 -20.2426 32350 -14.7277 -2.50872 192.433 123.472 -13 92 1 0 1
-16.9835 -15.8434 32700 -20.4981 18.8301 190.994 124.813 -13 92 1 0 1
-26.3219 24.0607 33050 -0.733349 15.1461 192.415 126.154 -13 92 1 0 1
-46.6908 26.9498 33400 -13.0702 -14.831 191.997 127.489 -13 92 1 0 1
-46.9783 11.1959 33750 7.01146 7.56833 192.736 128.824 -13 92 1 0 1
54.4127 8.74052 29900 36.9822 -26.9848 199.722 113.936 -13 93 1 0 1
84.2153 -42.3532 30250 15.0748 -10.1779 204.093 115.27 -13 93 1 0 1
113.121 6.9201 30600 -10.5917 55.4041 196.985 116.61 -13 93 1 0 1
59.602 38.6274 30950 -23.8202 -19.236 202.602 117.955 -13 93 1 0 1
14.2463 -5.43367 31300 -39.3253 -11.6601 200.755 119.291 -13 93 1 0 1
-48.1994 14.1674 31650 -32.053 14.5925 201.853 120.629 -13 93 1 0 1
-100.185 -19.5295 32000 -5.35284 -51.8384 198.164 121.972 -13 93 1 0 1
-74.562 -66.0384 32350 5.28852 6.24702 204.739 123.307 -13 93 1 0 1
-75.2894 -11.3013 32700 19.9428 43.3246 199.274 124.64 -13 93 1 0 1
-12.2425 8.54069 33050 35.7266 -13.0518 201.341 125.983 -13 93 1 0 1
47.0464 12.8442 33400 23.9566 28.9055 201.434 127.318 -13 93 1 0 1
62.0245 60.2534 33750 13.1167 11.9459 204.133 128.646 -13 93 1 0 1
2.84411 32.9374 29900 40.289 -13.9494 186.921 115.008 -13 94 1 0 1
38.5348 -21.755 30250 8.18537 -25.751 189.809 116.367 -13 94 1 0 1
75.4501 -26.5565 30600 19.4203 25.2445 189.058 117.712 -13 94 1 0 1
76.6329 1.69238 30950 -5.58561 -10.2034 191.369 119.054 -13 94 1 0 1
39.3368 -45.8487 31300 -44.049 -15.207 185.973 120.41 -13 94 1 0 1
-21.2875 -16.9235 31650 -15.1324 25.4654 189.42 121.773 -13 94 1 0 1
-53.202 -0.736866 32000 -17.042 -12.2453 190.57 123.116 -13 94 1 0 1
-70.2861 -18.0731 32350 -10.6038 7.42476 191.285 124.453 -13 94 1 0 1
-68.8208 41.7839 32700 32.1419 37.5429 185.243 125.812 -13 94 1 0 1
-5.66616 45.1865 33050 16.4924 -19.0581 190.059 127.174 -13 94 1 0 1
14.9701 19.0292 33400 13.4698 -4.59557 191.193 128.513 -13 94 1 0 1
45.0114 22.0134 33750 21.6449 -2.229 190.484 129.852 -13 94 1 0 1
-49.2123 -53.4861 29900 -21.6785 25.5493 185.339 115.75 -13 95 1 0 1
-40.4561 -14.7226 30250 20.5277 2.86963 187.2 117.102 -13 95 1 0 1
5.23827 -5.96125 30600 20.3944 20.053 186.159 118.454 -13 95 1 0 1
15.2877 41.0956 30950 3.77748 21.8466 187.034 119.806 -13 95 1 0 1
57.9591 49.7738 31300 27.889 -24.2762 184.679 121.16 -13 95 1 0 1
61.9772 8.98497 31650 -12.3695 -1.26737 187.933 122.513 -13 95 1 0 1
24.4898 21.9551 32000 -27.8205 -3.4309 186.246 123.861 -13 95 1 0 1
-4.30745 -17.3837 32350 -7.24898 -27.2835 186.216 125.215 -13 95 1 0 1
-49.4703 -43.2116 32700 -34.3697 14.2457 184.633 126.573 -13 95 1 0 1
-75.3003 -7.92219 33050 -0.832828 1.08296 188.339 127.926 -13 95 1 0 1
-53.9595 -41.1344 33400 31.7227 -15.1467 185.034 129.276 -13 95 1 0 1
-11.2158 -16.3936 33750 6.86459 28.813 186 130.633 -13 95 1 0 1
-48.5004 27.8966 29900 27.2232 23.9744 179.445 116.019 -13 96 1 0 1
4.1546 21.6648 30250 15.843 -17.3076 181.565 117.387 -13 96 1 0 1
33.8236 8.4955 30600 14.5485 8.82595 182.282 118.742 -13 96 1 0 1
52.7469 25.6376 30950 13.29 -2.02837 182.58 120.094 -13 96 1 0 1
67.7832 -25.3471 31300 -19.113 -38.8007 177.892 121.463 -13 96 1 0 1
13.1679 -42.2763 31650 -16.4633 12.3018 181.917 122.836 -13 96 1 0 1
-6.24629 -23.335 32000 -10.5007 2.66039 182.754 124.188 -13 96 1 0 1
-32.9328 -30.5421 32350 -20.8369 -2.59531 181.866 125.54 -13 96 1 0 1
-72.7076 12.4957 32700 2.99925 44.4534 177.57 126.914 -13 96 1 0 1
-32.7019 50.9792 33050 13.0239 -4.20813 182.562 128.285 -13 96 1 0 1
-25.9999 28.0182 33400 6.79706 -14.8027 182.349 129.637 -13 96 1 0 1
5.58556 24.4842 33750 23.3714 7.57748 181.419 130.992 -13 96 1 0 1
-15.6455 19.3293 29900 36.5759 11.2009 188.102 115.052 -13 97 1 0 1
41.5833 -1.89575 30250 23.1064 -14.9547 189.968 116.407 -13 97 1 0 1
79.5559 19.1798 30600 3.00089 35.5825 188.601 117.756 -13 97 1 0 1
62.6659 48.2676 30950 -0.190619 -10.0582 191.688 119.099 -13 97 1 0 1
59.5225 -9.88011 31300 -26.0546 -37.5796 186.425 120.454 -13 97 1 0 1
-6.81582 -21.6804 31650 -28.9496 12.0904 189.371 121.816 -13 97 1 0 1
-47.7669 -29.5869 32000 -9.0169 -23.9158 190.243 123.162 -13 97 1 0 1
-51.3564 -59.8171 32350 -12.6116 -1.5927 191.53 124.501 -13 97 1 0 1
-86.5983 -8.51301 32700 4.30545 52.3507 184.625 125.862 -13 97 1 0 1
-33.4045 33.6226 33050 27.0081 -6.48484 189.932 127.228 -13 97 1 0 1
3.36119 25.0956 33400 15.5731 6.64258 191.204 128.569 -13 97 1 0 1
27.2503 50.3828 33750 20.0672 13.0764 190.452 129.908 -13 97 1 0 1
-14.2099 3.52363 29900 18.2777 17.6009 187.715 114.934 -13 98 1 0 1
27.852 8.18607 30250 20.2715 -1.68423 188.327 116.282 -13 98 1 0 1
48.2722 36.7136 30600 -8.65911 26.4397 187.368 117.628 -13 98 1 0 1
26.852 53.5691 30950 2.36612 -5.85384 189.317 118.972 -13 98 1 0 1
43.5875 14.8617 31300 -4.48825 -33.3473 186.41 120.32 -13 98 1 0 1
3.32964 -15.2028 31650 -23.8361 -1.59047 187.91 121.674 -13 98 1 0 1
-23.3417 -35.2856 32000 1.22446 -20.4166 188.315 123.019 -13 98 1 0 1
-15.5722 -59.4922 32350 -7.97416 -6.24267 189.152 124.36 -13 98 1 0 1
-58.4903 -36.9802 32700 -16.1762 37.8292 184.901 125.714 -13 98 1 0 1
-37.8911 12.1093 33050 20.2006 5.38373 188.266 127.072 -13 98 1 0 1
-10.3603 17.9852 33400 8.56384 8.81026 189.024 128.413 -13 98 1 0 1
-1.81923 44.1608 33750 9.50791 17.4792 188.375 129.754 -13 98 1 0 1
-11.5373 -75.6048 29900 -25.992 28.9075 211.145 113.414 -13 99 1 0 1
-1.81111 -23.0668 30250 29.5349 25.3929 211.132 114.735 -13 99 1 0 1
30.1773 39.2648 30600 -10.3221 47.5287 209.113 116.065 -13 99 1 0 1
-6.89683 89.1732 30950 -7.82642 19.9276 213.624 117.389 -13 99 1 0 1
40.2243 104.382 31300 47.5112 -22.5203 208.157 118.711 -13 99 1 0 1
56.5225 52.8123 31650 -23.3738 -14.9547 212.894 120.035 -13 99 1 0 1
0.703361 27.5061 32000 -28.1206 -33.8241 210.14 121.358 -13 99 1 0 1
-3.81891 -40.2573 32350 5.7492 -38.9785 211.048 122.685 -13 99 1 0 1
-44.5759 -87.0752 32700 -51.0401 1.55332 208.533 124.014 -13 99 1 0 1
-88.8653 -61.8498 33050 1.25984 -1.45105 214.686 125.334 -13 99 1 0 1
-38.633 -88.4725 33400 54.6874 1.4397 207.608 126.658 -13 99 1 0 1
4.95205 -35.2143 33750 -4.27796 41.226 210.656 127.992 -13 99 1 0 1
-12.8168 1.14319 29900 1.55871 3.73945 190.791 114.174 -13 100 1 0 1
-7.48274 1.65434 30250 2.46498 -3.34482 190.789 115.508 -13 100 1 0 1
0.919955 -4.39752 30600 7.33112 0.300964 190.693 116.844 -13 100 1 0 1
10.9314 2.47667 30950 4.28736 3.11823 190.761 118.179 -13 100 1 0 1
18.675 -3.58157 31300 0.215334 -9.07696 190.618 119.514 -13 100 1 0 1
13.1345 -12.233 31650 -1.19839 0.805376 190.829 120.849 -13 100 1 0 1
13.2502 -3.65613 32000 -3.00776 6.25928 190.708 122.184 -13 100 1 0 1
2.49926 -2.91215 32350 -6.61071 -4.21718 190.673 123.52 -13 100 1 0 1
-13.8043 -3.18796 32700 -8.34353 7.75048 190.494 124.856 -13 100 1 0 1
-19.6153 11.5075 33050 -2.79545 3.35136 190.785 126.192 -13 100 1 0 1
-27.9986 1.85232 33400 0.0439307 -12.0752 190.452 127.528 -13 100 1 0 1
-18.774 -5.70912 33750 4.45265 5.33952 190.708 128.864 -13 100 1 0 1
