#BLTrackFile VirtualDetector/det8
#x y z Px Py Pz t PDGid EventID TrackID ParentID Weight
#mm mm mm MeV/c MeV/c MeV/c ns - - - - -
#BLTrackFile VirtualDetector/det8
#x y z Px Py Pz t PDGid EventID TrackID ParentID Weight
#mm mm mm MeV/c MeV/c MeV/c ns - - - - -
#BLTrackFile VirtualDetector/det8
#x y z Px Py Pz t PDGid EventID TrackID ParentID Weight
#mm mm mm MeV/c MeV/c MeV/c ns - - - - -
#BLTrackFile VirtualDetector/det8
#x y z Px Py Pz t PDGid EventID TrackID ParentID Weight
#mm mm mm MeV/c MeV/c MeV/c ns - - - - -
#BLTrackFile VirtualDetector/det8
#x y z Px Py Pz t PDGid EventID TrackID ParentID Weight
#mm mm mm MeV/c MeV/c MeV/c ns - - - - -
#BLTrackFile VirtualDetector/det8
#x y z Px Py Pz t PDGid EventID TrackID ParentID Weight
#mm mm mm MeV/c MeV/c MeV/c ns - - - - -
#BLTrackFile VirtualDetector/det8
#x y z Px Py Pz t PDGid EventID TrackID ParentID Weight
#mm mm mm MeV/c MeV/c MeV/c ns - - - - -
#BLTrackFile VirtualDetector/det8
#x y z Px Py Pz t PDGid EventID TrackID ParentID Weight
#mm mm mm MeV/c MeV/c MeV/c ns - - - - -
#BLTrackFile VirtualDetector/det8
#x y z Px Py Pz t PDGid EventID TrackID ParentID Weight
#mm mm mm MeV/c MeV/c MeV/c ns - - - - -
#BLTrackFile VirtualDetector/det8
#x y z Px Py Pz t PDGid EventID TrackID ParentID Weight
#mm mm mm MeV/c MeV/c MeV/c ns - - - - -
#BLTrackFile VirtualDetector/det8
#x y z Px Py Pz t PDGid EventID TrackID ParentID Weight
#mm mm mm MeV/c MeV/c MeV/c ns - - - - -
#BLTrackFile VirtualDetector/det8
#x y z Px Py Pz t PDGid EventID TrackID ParentID Weight
#mm mm mm MeV/c MeV/c MeV/c ns - - - - -
102.036 -23.8397 34100 8.34425 -59.4783 201.568 129.725 -13 1 1 0 1
77.0227 -80.6194 34450 -3.79327 1.33222 210.288 131.059 -13 1 1 0 1
90.1129 -27.3916 34800 -11.2388 51.371 203.646 132.386 -13 1 1 0 1
29.81 4.89544 35150 -39.9136 -11.2366 206.198 133.725 -13 1 1 0 1
-38.7098 6.11624 35500 -32.7913 28.0793 205.848 135.059 -13 1 1 0 1
-65.0211 58.921 35850 -17.4901 17.2518 208.886 136.386 -13 1 1 0 1
-114.559 23.2692 36200 -10.5026 -58.7573 201.679 137.722 -13 1 1 0 1
-78.4345 -29.2728 36550 25.0395 8.01317 208.677 139.06 -13 1 1 0 1
-34.2178 3.76443 36900 36.7063 9.97444 206.858 140.383 -13 1 1 0 1
20.5574 -21.3535 37250 28.5257 -24.6376 206.921 141.711 -13 1 1 0 1
84.245 -17.6858 37600 30.0728 39.2836 204.425 143.046 -13 1 1 0 1
91.4248 34.6334 37950 -0.126018 2.47371 210.312 144.371 -13 1 1 0 1
-2.3953 -21.5681 34100 -8.53228 -12.4193 200.271 129.171 -13 2 1 0 1
-17.6428 -33.2221 34450 -1.26012 -7.27444 200.701 130.492 -13 2 1 0 1
6.86514 -44.4225 34800 24.3587 6.25095 199.256 131.817 -13 2 1 0 1
23.501 -19.3533 35150 -4.28317 10.4112 200.521 133.143 -13 2 1 0 1
12.1821 -8.17605 35500 -4.44465 7.1445 200.661 134.463 -13 2 1 0 1
15.321 7.85861 35850 4.64386 11.8792 200.432 135.784 -13 2 1 0 1
4.69706 32.9945 36200 -19.7566 7.83897 199.709 137.108 -13 2 1 0 1
-19.6358 26.8009 36550 -3.0673 -4.48639 200.764 138.432 -13 2 1 0 1
-11.6675 26.0687 36900 8.73135 -2.38195 200.633 139.752 -13 2 1 0 1
-11.029 13.7109 37250 -8.53018 -9.62345 200.425 141.072 -13 2 1 0 1
-19.3697 -15.0421 37600 8.15909 -19.6398 199.708 142.397 -13 2 1 0 1
2.31195 -30.0309 37950 6.45486 -2.00666 200.723 143.721 -13 2 1 0 1
8.71959 46.6086 34100 24.5944 17.0898 192.773 130.751 -13 3 1 0 1
45.8635 55.0667 34450 5.32994 8.58887 194.824 132.088 -13 3 1 0 1
8.15584 80.1581 34800 -41.184 -3.97202 190.648 133.432 -13 3 1 0 1
-19.3261 39.1799 35150 11.8448 -22.0312 193.476 134.779 -13 3 1 0 1
1.33151 -4.55897 35500 -4.06124 -28.8211 192.902 136.12 -13 3 1 0 1
-28.836 -43.2518 35850 -14.2393 -20.4065 193.492 137.461 -13 3 1 0 1
-2.11613 -88.787 36200 43.9282 -8.20878 189.899 138.811 -13 3 1 0 1
38.4604 -65.4223 36550 -7.70951 10.3806 194.657 140.157 -13 3 1 0 1
-4.65205 -45.0035 36900 -23.2887 27.9233 191.668 141.498 -13 3 1 0 1
0.452126 12.4671 37250 16.1939 27.5003 192.458 142.847 -13 3 1 0 1
-8.11836 64.131 37600 -32.0335 17.3453 191.655 144.194 -13 3 1 0 1
-50.2594 66.7806 37950 -2.00891 5.85357 194.988 145.534 -13 3 1 0 1
73.9207 58.6101 34100 42.8904 -27.5008 190.007 131.067 -13 4 1 0 1
95.0391 8.33634 34450 -5.9041 -0.699286 196.63 132.415 -13 4 1 0 1
59.499 45.3254 34800 -41.5556 14.5147 191.732 133.758 -13 4 1 0 1
6.30502 11.9853 35150 -11.533 -35.1229 193.215 135.111 -13 4 1 0 1
-37.6839 -34.8131 35500 -40.0746 -0.914094 192.592 136.462 -13 4 1 0 1
-86.6144 -15.0191 35850 -15.4226 -2.82308 196.094 137.804 -13 4 1 0 1
-75.4469 -71.3781 36200 42.6834 -32.8889 189.196 139.156 -13 4 1 0 1
-12.7719 -58.479 36550 7.49112 28.9181 194.438 140.513 -13 4 1 0 1
-1.33099 -3.16802 36900 21.9785 24.7464 193.915 141.856 -13 4 1 0 1
52.227 12.452 37250 28.6828 7.8692 194.458 143.199 -13 4 1 0 1
65.4931 71.9374 37600 -31.1874 40.5705 189.947 144.553 -13 4 1 0 1
10.5134 83.8014 37950 -4.15301 -12.9433 196.25 145.903 -13 4 1 0 1
-8.84364 17.1384 34100 -34.0114 35.185 200.367 132.926 -13 5 1 0 1
-31.7273 94.2359 34450 -17.6822 39.9981 201.567 134.274 -13 5 1 0 1
-128.463 91.8281 34800 -52.0967 -66.7208 188.085 135.659 -13 5 1 0 1
-110.86 1.07716 35150 38.0973 -2.55444 202.691 137.039 -13 5 1 0 1
-32.6957 15.327 35500 50.4708 -13.2186 199.548 138.386 -13 5 1 0 1
20.8251 -56.6443 35850 23.5261 -49.3357 198.882 139.743 -13 5 1 0 1
120.033 -79.6296 36200 61.7612 50.3886 190.232 141.13 -13 5 1 0 1
136.742 0.709867 36550 -15.855 0.369987 205.646 142.495 -13 5 1 0 1
80.1411 -48.9153 36900 -61.1406 -17.5859 196.2 143.843 -13 5 1 0 1
-1.84615 3.41172 37250 -26.9687 52.3691 197.666 145.215 -13 5 1 0 1
-87.9314 52.2245 37600 -63.0453 -22.3997 195.103 146.59 -13 5 1 0 1
-143.407 -3.0331 37950 -14.7599 0.491053 205.727 147.941 -13 5 1 0 1
2.33829 18.9139 34100 7.16173 -8.652 207.567 127.919 -13 6 1 0 1
0.639709 3.67405 34450 -6.42287 -7.17502 207.647 129.23 -13 6 1 0 1
-3.72364 -11.4034 34800 5.18743 -9.35583 207.595 130.541 -13 6 1 0 1
8.22413 -19.5272 35150 3.61069 -3.73722 207.806 131.852 -13 6 1 0 1
-0.0441557 -27.7458 35500 -11.8129 -0.729623 207.533 133.162 -13 6 1 0 1
-8.54343 -21.9251 35850 3.93972 2.19126 207.822 134.473 -13 6 1 0 1
6.92008 -15.6092 36200 8.65859 9.88556 207.455 135.784 -13 6 1 0 1
6.52862 0.97197 36550 -5.21497 6.55496 207.702 137.096 -13 6 1 0 1
2.76892 11.1656 36900 2.33972 5.63885 207.781 138.406 -13 6 1 0 1
6.38337 18.9007 37250 -1.82899 5.65919 207.786 139.716 -13 6 1 0 1
-11.1979 24.3459 37600 -15.3666 -5.64813 207.225 141.028 -13 6 1 0 1
-21.996 9.71959 37950 1.04767 -3.81907 207.833 142.34 -13 6 1 0 1
2.90627 14.8163 34100 -33.7082 -13.4186 196.434 132.462 -13 8 1 0 1
-60.5308 27.7405 34450 -37.9773 8.49455 195.93 133.806 -13 8 1 0 1
-118.244 -31.5756 34800 7.29664 -67.1652 187.985 135.179 -13 8 1 0 1
-61.0181 -80.3337 35150 17.3147 12.8857 198.588 136.543 -13 8 1 0 1
-47.627 -29.7977 35500 21.1748 31.4834 196.121 137.88 -13 8 1 0 1
16.8999 -21.6466 35850 42.5615 -11.7842 194.814 139.227 -13 8 1 0 1
94.327 13.3282 36200 17.4388 57.7867 190.419 140.597 -13 8 1 0 1
75.0909 79.4538 36550 -4.02834 3.93048 199.678 141.951 -13 8 1 0 1
90.3651 32.9106 36900 -8.98481 -47.2632 193.877 143.29 -13 8 1 0 1
28.9467 6.01852 37250 -41.1765 15.4736 194.854 144.644 -13 8 1 0 1
-54.7772 3.58466 37600 -38.3712 -37.2569 192.464 146.007 -13 8 1 0 1
-78.3391 -65.4037 37950 -12.6695 -18.3743 198.506 147.36 -13 8 1 0 1
15.8807 14.4021 34100 5.42045 -8.55788 192.397 129.897 -13 9 1 0 1
13.2167 3.79575 34450 -5.13632 0.0997094 192.595 131.23 -13 9 1 0 1
1.30406 5.06743 34800 -6.72657 -3.01548 192.523 132.562 -13 9 1 0 1
-3.01053 -5.15944 35150 -0.129326 -5.67762 192.58 133.895 -13 9 1 0 1
-9.77558 -11.3221 35500 -6.43811 0.962453 192.554 135.227 -13 9 1 0 1
-15.068 -8.99901 35850 0.62969 -2.59666 192.645 136.558 -13 9 1 0 1
-3.71269 -17.8486 36200 11.7129 -0.900494 192.305 137.891 -13 9 1 0 1
7.78799 -9.50018 36550 0.0552111 4.69462 192.607 139.224 -13 9 1 0 1
4.9665 -3.88002 36900 -1.34516 3.1829 192.633 140.556 -13 9 1 0 1
6.47216 3.6532 37250 1.65593 5.55198 192.577 141.888 -13 9 1 0 1
-0.249997 15.6214 37600 -10.3063 3.16566 192.362 143.221 -13 9 1 0 1
-13.7563 12.6653 37950 -2.36795 -0.66165 192.648 144.554 -13 9 1 0 1
8.34098 23.0882 34100 -6.82323 -3.6061 205.358 128.943 -13 10 1 0 1
-9.73472 28.0711 34450 -16.756 6.24501 204.724 130.258 -13 10 1 0 1
-48.1601 12.6139 34800 -14.0715 -29.6139 202.871 131.582 -13 10 1 0 1
-41.2091 -24.5796 35150 7.25369 -5.24667 205.308 132.905 -13 10 1 0 1
-37.1037 -14.3381 35500 5.44714 11.1808 205.126 134.218 -13 10 1 0 1
-18.1093 -16.2296 35850 14.3461 -13.4635 204.559 135.534 -13 10 1 0 1
24.5311 -28.555 36200 29.9165 12.4744 202.931 136.859 -13 10 1 0 1
48.3811 3.43841 36550 4.53648 9.04677 205.254 138.182 -13 10 1 0 1
51.9631 -10.2978 36900 -8.26397 -17.0617 204.627 139.497 -13 10 1 0 1
31.7065 -11.7192 37250 -7.36656 15.4398 204.79 140.814 -13 10 1 0 1
6.27792 21.1527 37600 -28.4676 9.73726 203.289 142.137 -13 10 1 0 1
-35.3731 11.4028 37950 -16.5637 -6.49 204.732 143.46 -13 10 1 0 1
1.35059 -82.8446 34100 -50.4201 -28.9361 182.177 134.543 -13 11 1 0 1
-70.8245 -78.565 34450 -8.78051 1.07538 191.023 135.912 -13 11 1 0 1
-25.8628 -97.4621 34800 48.0117 8.9773 184.885 137.267 -13 11 1 0 1
0.734169 -34.9903 35150 -17.959 37.1225 186.728 138.636 -13 11 1 0 1
-6.5386 44.8652 35500 30.3592 37.6086 185.019 140.009 -13 11 1 0 1
58.6981 69.6541 35850 18.5062 10.9151 190.017 141.372 -13 11 1 0 1
24.1021 111.315 36200 -52.6163 3.06105 183.821 142.733 -13 11 1 0 1
-14.6854 61.696 36550 16.8749 -30.3482 188.049 144.101 -13 11 1 0 1
13.6263 -7.89978 36900 -11.3111 -43.94 185.767 145.468 -13 11 1 0 1
-42.5467 -56.7745 37250 -25.9214 -20.3006 188.372 146.834 -13 11 1 0 1
-20.8725 -115.636 37600 52.0853 -14.6167 183.417 148.202 -13 11 1 0 1
25.9001 -84.3842 37950 -14.9186 20.1855 189.574 149.565 -13 11 1 0 1
61.204 -25.0783 34100 -31.1152 -26.6295 187.999 131.846 -13 12 1 0 1
4.23972 -15.1154 34450 -19.3051 24.108 189.913 133.201 -13 12 1 0 1
-39.2962 8.2995 34800 -26.8587 -9.6054 190.282 134.549 -13 12 1 0 1
-67.8975 -16.947 35150 -12.6127 -0.49221 191.993 135.89 -13 12 1 0 1
-76.1789 30.5153 35500 22.7112 36.5287 187.538 137.24 -13 12 1 0 1
-23.7652 37.1515 35850 15.3167 -20.6138 190.686 138.594 -13 12 1 0 1
5.89567 -0.0830037 36200 25.7014 -8.55067 190.492 139.939 -13 12 1 0 1
51.0496 8.34151 36550 23.1374 2.11632 191 141.282 -13 12 1 0 1
75.8809 -36.9687 36900 -15.5183 -40.7595 187.4 142.636 -13 12 1 0 1
30.9426 -57.4241 37250 -9.83051 13.1321 191.708 143.987 -13 12 1 0 1
23.3337 -17.868 37600 -15.0933 22.8627 190.448 145.328 -13 12 1 0 1
-24.6427 -6.65308 37950 -29.9192 -1.53878 190.061 146.675 -13 12 1 0 1
47.6395 3.82566 34100 14.8703 -38.6715 218.531 126.835 -13 13 1 0 1
41.4635 -43.9853 34450 -3.62274 -13.4345 221.989 128.141 -13 13 1 0 1
57.6203 -37.4123 34800 11.251 21.8858 221.059 129.437 -13 13 1 0 1
49.9914 -18.43 35150 -14.757 -7.42334 221.81 130.734 -13 13 1 0 1
7.53171 -36.3647 35500 -37.1364 3.14698 219.28 132.039 -13 13 1 0 1
-28.8719 -6.1874 35850 -10.3518 19.3647 221.338 133.345 -13 13 1 0 1
-47.9911 0.281431 36200 -10.646 -11.4698 221.873 134.64 -13 13 1 0 1
-56.4904 -9.83356 36550 -6.36184 8.49251 222.171 135.934 -13 13 1 0 1
-52.547 32.4889 36900 24.2049 30.9584 218.925 137.239 -13 13 1 0 1
-10.8097 43.0993 37250 13.4524 -9.3313 221.821 138.544 -13 13 1 0 1
-3.44566 27.6273 37600 3.97773 -8.60509 222.222 139.838 -13 13 1 0 1
14.7929 22.0297 37950 19.4648 -1.31908 221.567 141.133 -13 13 1 0 1
-29.2391 -27.1496 34100 9.14459 27.5419 198.773 130.156 -13 14 1 0 1
14.8199 -6.10406 34450 31.9644 1.89973 198.312 131.49 -13 14 1 0 1
58.3132 33.2814 34800 0.339682 42.3258 196.37 132.832 -13 14 1 0 1
36.5663 76.8632 35150 0.655555 5.55816 200.802 134.167 -13 14 1 0 1
69.4286 47.1976 35500 11.0089 -42.3555 196.055 135.502 -13 14 1 0 1
36.9022 1.77378 35850 -30.7071 -1.67277 198.512 136.844 -13 14 1 0 1
-14.6189 -11.1014 36200 -19.7523 -25.2302 198.308 138.179 -13 14 1 0 1
-25.4171 -60.8943 36550 -9.88828 -22.9347 199.322 139.513 -13 14 1 0 1
-82.5902 -56.8554 36900 -32.5388 40.0111 194.148 140.858 -13 14 1 0 1
-79.685 -1.31076 37250 17.5939 1.90359 200.099 142.202 -13 14 1 0 1
-37.5891 -19.809 37600 33.2095 -1.16779 198.113 143.533 -13 14 1 0 1
1.30915 18.4307 37950 13.6511 32.306 197.795 144.871 -13 14 1 0 1
-1.04918 -25.464 34100 -13.3053 16.5233 194.757 130.292 -13 15 1 0 1
3.36328 8.71941 34450 10.6445 17.4465 194.84 131.626 -13 15 1 0 1
-1.2056 43.0702 34800 -20.1392 12.9224 194.443 132.96 -13 15 1 0 1
-26.8943 46.8609 35150 0.407239 3.35093 195.88 134.292 -13 15 1 0 1
5.63859 51.4801 35500 26.8594 -13.1478 193.613 135.626 -13 15 1 0 1
16.3361 12.5545 35850 -10.337 -17.9813 194.808 136.964 -13 15 1 0 1
7.71958 -18.5365 36200 8.03313 -16.3904 195.057 138.297 -13 15 1 0 1
28.115 -39.4132 36550 4.91622 -14.2913 195.326 139.628 -13 15 1 0 1
-4.27688 -67.368 36900 -37.5135 2.00714 192.274 140.968 -13 15 1 0 1
-35.5172 -35.5669 37250 4.42048 13.9245 195.364 142.309 -13 15 1 0 1
-16.9734 -19.4447 37600 8.46635 12.6625 195.316 143.639 -13 15 1 0 1
-24.0033 11.0233 37950 -10.4105 21.3815 194.461 144.972 -13 15 1 0 1
4.16488 19.0311 34100 28.9416 16.1139 202.397 129.062 -13 16 1 0 1
53.2205 20.5851 34450 21.6015 2.89906 203.928 130.389 -13 16 1 0 1
59.4294 62.7687 34800 -25.219 30.8217 201.186 131.717 -13 16 1 0 1
22.3758 69.4787 35150 1.3532 -13.9132 204.613 133.043 -13 16 1 0 1
39.5541 21.8301 35500 -4.53833 -39.7026 201.159 134.371 -13 16 1 0 1
-4.26681 -17.6476 35850 -29.9247 -9.26285 202.683 135.706 -13 16 1 0 1
-29.283 -54.0719 36200 9.80108 -29.5058 202.72 137.033 -13 16 1 0 1
-9.56772 -81.8898 36550 -7.09621 -7.73066 204.821 138.354 -13 16 1 0 1
-62.3275 -62.148 36900 -28.534 43.2273 198.442 139.69 -13 16 1 0 1
-49.9083 -0.192938 37250 24.7537 12.6771 203.196 141.032 -13 16 1 0 1
-15.1796 15.4692 37600 11.333 15.9316 204.156 142.353 -13 16 1 0 1
-9.34438 53.2112 37950 7.5027 26.4968 203.233 143.674 -13 16 1 0 1
-33.4421 63.5064 34100 44.9158 -7.79283 218.912 127.107 -13 17 1 0 1
1.49375 14.8577 34450 0.750747 -38.1843 220.323 128.421 -13 17 1 0 1
23.6026 -37.3106 34800 35.1392 -16.8981 220.183 129.732 -13 17 1 0 1
73.7252 -42.7348 35150 19.5819 -11.4863 222.453 131.037 -13 17 1 0 1
57.051 -96.2464 35500 -48.5672 -29.8926 216.214 132.352 -13 17 1 0 1
2.14294 -88.0298 35850 -0.655837 21.0061 222.619 133.667 -13 17 1 0 1
23.8861 -43.0475 36200 4.5631 39.525 220.04 134.972 -13 17 1 0 1
-9.53657 3.11719 36550 -33.4402 19.1019 220.267 136.283 -13 17 1 0 1
-37.8142 56.201 36900 12.2167 43.2721 219.041 137.597 -13 17 1 0 1
-9.0445 96.6621 37250 -1.65231 13.7211 223.181 138.903 -13 17 1 0 1
-62.3597 89.4258 37600 -40.9931 -38.8358 216.361 140.216 -13 17 1 0 1
-64.8497 31.0977 37950 25.8149 -12.7336 221.748 141.532 -13 17 1 0 1
0.964683 1.43407 34100 7.47703 18.9442 203.197 128.959 -13 18 1 0 1
27.4436 22.7946 34450 14.6098 12.4734 203.309 130.28 -13 18 1 0 1
21.2809 60.1303 34800 -26.7456 17.7333 201.678 131.606 -13 18 1 0 1
-10.1072 59.5666 35150 2.6292 -5.74782 204.117 132.928 -13 18 1 0 1
18.5963 39.5489 35500 14.936 -26.1704 201.979 134.25 -13 18 1 0 1
6.89392 -2.47071 35850 -18.3357 -16.9482 202.683 135.577 -13 18 1 0 1
-5.11813 -38.4332 36200 11.994 -21.8395 202.689 136.901 -13 18 1 0 1
17.4736 -60.5463 36550 0.0499537 -11.8701 203.87 138.221 -13 18 1 0 1
-25.2393 -70.6813 36900 -37.2774 17.8893 199.985 139.55 -13 18 1 0 1
-42.4535 -25.6248 37250 11.9732 15.2713 203.291 140.882 -13 18 1 0 1
-17.7579 -7.67744 37600 9.54799 15.0039 203.439 142.201 -13 18 1 0 1
-20.8132 26.8374 37950 -4.7073 24.8959 202.637 143.523 -13 18 1 0 1
29.016 39.1289 34100 46.1776 -8.71824 199.915 129.131 -13 19 1 0 1
76.5231 -0.244361 34450 14.6419 -11.2402 204.532 130.467 -13 19 1 0 1
88.8215 32.16 34800 -15.514 35.1979 201.729 131.791 -13 19 1 0 1
53.8086 42.0924 35150 -6.62235 -22.1752 204.055 133.117 -13 19 1 0 1
32.931 -18.6698 35500 -35.4587 -30.5198 199.964 134.454 -13 19 1 0 1
-34.7562 -23.6564 35850 -30.3302 6.72557 203 135.794 -13 19 1 0 1
-63.609 -50.7171 36200 6.74674 -32.2748 202.699 137.12 -13 19 1 0 1
-46.7665 -73.8478 36550 -8.48401 5.92667 205.103 138.441 -13 19 1 0 1
-77.1113 -18.6925 36900 3.49613 53.8843 198.138 139.78 -13 19 1 0 1
-25.5259 28.7724 37250 31.8268 1.07866 202.88 141.126 -13 19 1 0 1
9.93047 38.6228 37600 7.78727 16.1159 204.582 142.447 -13 19 1 0 1
19.0686 67.3547 37950 17.2189 14.2177 204.146 143.765 -13 19 1 0 1
6.2709 -33.0447 34100 -13.1138 -7.4491 198.058 129.402 -13 20 1 0 1
-7.27448 -31.6965 34450 3.56578 2.24577 198.586 130.726 -13 20 1 0 1
12.8955 -20.8384 34800 10.431 15.765 197.729 132.051 -13 20 1 0 1
9.39279 5.5203 35150 -7.62928 9.61821 198.251 133.378 -13 20 1 0 1
7.43516 19.2986 35500 6.48035 4.54506 198.473 134.702 -13 20 1 0 1
15.162 22.6092 35850 -1.59385 4.07442 198.583 136.025 -13 20 1 0 1
-4.59109 27.9018 36200 -16.6427 -6.72571 197.818 137.35 -13 20 1 0 1
-14.2858 6.1339 36550 3.13755 -10.0198 198.353 138.677 -13 20 1 0 1
-13.044 -5.43143 36900 -3.71375 -3.57171 198.564 140 -13 20 1 0 1
-21.4593 -11.2802 37250 -3.61609 -7.19112 198.468 141.323 -13 20 1 0 1
-10.7792 -31.5484 37600 17.7521 -6.49309 197.73 142.649 -13 20 1 0 1
8.82573 -23.2487 37950 0.21985 7.5438 198.488 143.975 -13 20 1 0 1
12.1173 42.6361 34100 27.7483 -4.49127 195.611 129.237 -13 21 1 0 1
35.7733 18.8949 34450 -0.149707 -7.53957 197.477 130.568 -13 21 1 0 1
25.4292 20.6557 34800 -10.639 1.01321 197.332 131.893 -13 21 1 0 1
18.4371 6.4539 35150 3.78862 -15.1111 197.006 133.219 -13 21 1 0 1
9.41461 -29.325 35500 -21.4566 -15.6977 195.824 134.552 -13 21 1 0 1
-24.9819 -32.7175 35850 -8.82965 -0.0101788 197.423 135.883 -13 21 1 0 1
-16.1684 -44.9874 36200 17.3875 -3.96904 196.814 137.21 -13 21 1 0 1
-3.39381 -34.1221 36550 -7.93295 9.44288 197.236 138.536 -13 21 1 0 1
-22.314 -3.76627 36900 0.0728434 25.7313 195.939 139.868 -13 21 1 0 1
-0.838264 26.0151 37250 11.6472 8.96083 197.074 141.2 -13 21 1 0 1
-4.72419 42.5934 37600 -14.9712 3.99165 197.013 142.527 -13 21 1 0 1
-17.1467 40.0097 37950 6.3943 1.52065 197.512 143.852 -13 21 1 0 1
-23.6882 -62.0917 34100 -31.7657 1.3925 202.496 129.518 -13 22 1 0 1
-48.1121 -43.8543 34450 5.97171 1.56673 204.884 130.839 -13 22 1 0 1
-9.36879 -48.1946 34800 31.755 11.6539 202.167 132.162 -13 22 1 0 1
11.0297 -5.20717 35150 -3.60126 25.5346 203.349 133.49 -13 22 1 0 1
22.3567 28.8227 35500 20.6453 8.12408 203.773 134.812 -13 22 1 0 1
50.4759 30.5489 35850 7.18934 8.12847 204.69 136.13 -13 22 1 0 1
28.0364 63.0779 36200 -35.6399 10.2088 201.597 137.455 -13 22 1 0 1
-9.33955 41.4593 36550 -0.32788 -19.7814 204.02 138.783 -13 22 1 0 1
-5.82892 9.25333 36900 -6.795 -17.7194 204.097 140.102 -13 22 1 0 1
-33.8893 -10.7866 37250 -19.086 -12.5788 203.699 141.422 -13 22 1 0 1
-37.913 -56.9384 37600 24.9115 -28.1933 201.495 142.751 -13 22 1 0 1
-0.0743157 -66.0629 37950 1.80953 6.17013 204.876 144.075 -13 22 1 0 1
127.73 -33.9265 34100 -28.7848 -65.8717 190.51 131.896 -13 23 1 0 1
46.5192 -57.4506 34450 -28.5105 29.0066 199.518 133.266 -13 23 1 0 1
-2.2488 -5.3982 34800 -39.8974 11.8449 199.322 134.61 -13 23 1 0 1
-69.4777 -22.0561 35150 -37.7314 -8.51133 199.914 135.952 -13 23 1 0 1
-121.678 37.819 35500 10.6012 66.2949 192.235 137.316 -13 23 1 0 1
-65.7302 80.5336 35850 14.8933 -17.0228 202.361 138.671 -13 23 1 0 1
-51.7264 18.7635 36200 27.0921 -38.6951 198.066 140.009 -13 23 1 0 1
22.4291 3.7299 36550 44.3645 8.16405 198.562 141.36 -13 23 1 0 1
87.5121 -34.7252 36900 7.66719 -53.9094 196.206 142.714 -13 23 1 0 1
65.5635 -89.9344 37250 0.74438 -2.03068 203.61 144.054 -13 23 1 0 1
93.1861 -38.364 37600 -3.27409 55.836 195.789 145.395 -13 23 1 0 1
31.6865 5.44944 37950 -43.2383 -6.7271 198.864 146.75 -13 23 1 0 1
60.9703 45.2847 34100 8.19603 -48.5162 206.784 128.793 -13 24 1 0 1
23.9083 -6.26693 34450 -33.6653 -8.72842 209.693 130.123 -13 24 1 0 1
-17.1589 -31.9304 34800 -7.29096 -27.9641 210.584 131.441 -13 24 1 0 1
-14.7379 -72.1781 35150 -8.51263 -18.5488 211.576 132.754 -13 24 1 0 1
-70.1434 -68.2492 35500 -36.2018 37.0979 206.141 134.08 -13 24 1 0 1
-72.1035 -14.6612 35850 19.4083 6.09645 211.582 135.406 -13 24 1 0 1
-28.3126 -21.0208 36200 31.6306 5.93807 210.107 136.721 -13 24 1 0 1
2.43783 17.9243 36550 10.1991 30.3653 210.13 138.039 -13 24 1 0 1
46.9154 46.6953 36900 38.3313 -9.65136 208.85 139.362 -13 24 1 0 1
79.0836 20.1448 37250 4.17113 0.755802 212.515 140.677 -13 24 1 0 1
56.9276 55.8084 37600 -38.0256 19.4907 208.219 141.994 -13 24 1 0 1
8.78911 38.8675 37950 -8.82912 -26.0836 210.766 143.316 -13 24 1 0 1
53.5634 -35.7507 34100 -21.67 -19.8557 198.019 129.879 -13 25 1 0 1
21.1072 -29.7257 34450 -4.64298 19.6272 199.169 131.208 -13 25 1 0 1
7.09506 11.3217 34800 -21.974 17.5075 198.207 132.539 -13 25 1 0 1
-34.135 15.9983 35150 -18.0787 0.516594 199.369 133.869 -13 25 1 0 1
-43.3922 43.4984 35500 14.9085 21.4186 198.48 135.197 -13 25 1 0 1
-19.9632 48.8046 35850 -1.94461 -10.3097 199.913 136.522 -13 25 1 0 1
-31.6314 10.9416 36200 5.91494 -30.1874 197.811 137.852 -13 25 1 0 1
3.97897 -17.2305 36550 21.6086 -5.40124 198.945 139.185 -13 25 1 0 1
20.2127 -40.959 36900 -8.35336 -18.2156 199.183 140.511 -13 25 1 0 1
5.75782 -55.2522 37250 5.03151 -2.17391 200.113 141.835 -13 25 1 0 1
38.2655 -37.7277 37600 14.9043 29.1732 197.49 143.164 -13 25 1 0 1
23.8538 2.9135 37950 -18.9504 9.405 199.067 144.497 -13 25 1 0 1
-66.194 -15.7841 34100 15.8784 41.6479 188.666 131.81 -13 26 1 0 1
-2.43695 7.34281 34450 36.3797 -9.10794 190.198 133.17 -13 26 1 0 1
56.3893 25.3826 34800 15.1397 35.9555 189.894 134.525 -13 26 1 0 1
57.3205 74.4857 35150 10.3284 7.99302 193.419 135.87 -13 26 1 0 1
99.9461 26.8499 35500 1.94558 -57.7983 185.033 137.231 -13 26 1 0 1
44.1218 -23.3816 35850 -34.4237 6.90917 190.654 138.603 -13 26 1 0 1
-11.8808 -18.98 36200 -24.9319 -16.7966 191.515 139.951 -13 26 1 0 1
-39.4786 -64.5219 36550 -20.7903 -20.7402 191.623 141.296 -13 26 1 0 1
-110.28 -36.2941 36900 -22.4913 60.0469 182.948 142.671 -13 26 1 0 1
-78.4597 31.6242 37250 24.917 -2.5097 192.235 144.044 -13 26 1 0 1
-36.1628 5.89584 37600 30.0291 -5.75827 191.433 145.388 -13 26 1 0 1
11.3005 37.9708 37950 25.2733 28.4762 190.084 146.737 -13 26 1 0 1
10.7508 18.0684 34100 1.09585 34.6505 214.11 129.446 -13 27 1 0 1
34.4274 68.833 34450 8.82694 33.8147 214.064 130.762 -13 27 1 0 1
-19.0444 121.454 34800 -67.0881 -1.22762 206.258 132.101 -13 27 1 0 1
-70.2101 77.729 35150 10.486 -16.5462 216.012 133.434 -13 27 1 0 1
-18.9597 61.2791 35500 35.9901 -26.8189 212.203 134.75 -13 27 1 0 1
-9.50447 -6.02806 35850 -14.0355 -44.1514 211.893 136.077 -13 27 1 0 1
10.4683 -80.7739 36200 48.6683 -28.3545 209.457 137.413 -13 27 1 0 1
74.3079 -88.7408 36550 10.9436 -9.9423 216.394 138.737 -13 27 1 0 1
22.858 -123.464 36900 -65.1037 3.27197 206.871 140.066 -13 27 1 0 1
-23.4047 -65.3949 37250 13.5876 38.2626 213.064 141.405 -13 27 1 0 1
-0.916461 0.65487 37600 -8.58208 44.2143 212.171 142.731 -13 27 1 0 1
-46.8286 55.3372 37950 -26.6934 32.4568 212.789 144.057 -13 27 1 0 1
19.1999 60.2102 34100 37.3071 3.92612 198.623 129.246 -13 28 1 0 1
57.9885 43.7609 34450 2.77767 -1.20183 202.112 130.575 -13 28 1 0 1
29.4968 61.2744 34800 -32.8916 1.2985 199.436 131.901 -13 28 1 0 1
4.07495 29.7073 35150 6.62879 -25.0983 200.46 133.231 -13 28 1 0 1
5.12728 -20.9052 35500 -19.1289 -26.8024 199.434 134.564 -13 28 1 0 1
-37.7051 -43.0879 35850 -16.5339 -11.4014 201.134 135.894 -13 28 1 0 1
-21.9154 -81.1091 36200 36.4876 -13.5038 198.355 137.226 -13 28 1 0 1
13.6219 -67.2309 36550 -7.30612 12.3182 201.626 138.556 -13 28 1 0 1
-21.2193 -33.9096 36900 -12.8297 34.4927 198.756 139.887 -13 28 1 0 1
-1.59905 17.5562 37250 20.3045 20.6143 200.053 141.223 -13 28 1 0 1
1.05863 59.2803 37600 -22.9865 19.2278 199.9 142.553 -13 28 1 0 1
-29.7924 70.4002 37950 1.72694 7.48052 201.989 143.877 -13 28 1 0 1
54.7688 -1.50637 34100 37.7871 -37.6995 216.065 127.925 -13 29 1 0 1
81.0144 -63.3215 34450 17.5653 -19.2122 221.033 129.243 -13 29 1 0 1
129.454 -24.9437 34800 10.4036 64.1063 212.874 130.566 -13 29 1 0 1
93.2737 27.1559 35150 -26.5932 -12.0088 220.64 131.89 -13 29 1 0 1
42.114 -16.312 35500 -48.5851 -15.9188 216.609 133.208 -13 29 1 0 1
-27.821 8.18043 35850 -35.5494 26.9333 218.046 134.532 -13 29 1 0 1
-92.8944 3.43738 36200 -30.6036 -41.3986 216.524 135.853 -13 29 1 0 1
-105.947 -47.6385 36550 -8.74773 -1.00581 222.386 137.164 -13 29 1 0 1
-116.735 15.2509 36900 25.3567 59.8408 212.86 138.485 -13 29 1 0 1
-48.5902 41.2884 37250 32.5087 -21.7981 219.092 139.815 -13 29 1 0 1
1.6046 6.77646 37600 38.1462 -4.02265 219.23 141.128 -13 29 1 0 1
56.8141 29.4109 37950 35.1484 13.7098 219.34 142.44 -13 29 1 0 1
23.9571 31.7747 34100 8.12065 -9.51608 201.915 128.849 -13 30 1 0 1
19.9015 21.4899 34450 -11.255 2.89234 201.968 130.168 -13 30 1 0 1
-12.1321 20.7526 34800 -18.9074 -13.7571 200.947 131.491 -13 30 1 0 1
-20.5717 -9.26537 35150 2.07018 -12.2252 201.922 132.814 -13 30 1 0 1
-27.1431 -17.3761 35500 -7.15048 3.1716 202.151 134.133 -13 30 1 0 1
-30.6767 -17.2764 35850 2.95578 -9.3129 202.066 135.45 -13 30 1 0 1
-3.5614 -38.7183 36200 27.9611 -1.38574 200.356 136.775 -13 30 1 0 1
24.5054 -19.2434 36550 2.85223 10.5104 202.009 138.1 -13 30 1 0 1
22.0936 -13.5426 36900 -3.94258 0.779608 202.263 139.417 -13 30 1 0 1
21.688 -2.87599 37250 4.05571 12.6172 201.868 140.736 -13 30 1 0 1
12.4106 29.1922 37600 -21.3905 14.6392 200.635 142.06 -13 30 1 0 1
-20.981 30.3884 37950 -9.0491 -2.15715 202.089 143.384 -13 30 1 0 1
9.91399 28.8806 34100 -32.4311 -9.90128 192.977 134.17 -13 31 1 0 1
-53.5302 49.8891 34450 -41.4512 15.1094 190.902 135.522 -13 31 1 0 1
-135.488 -10.5098 34800 -3.32662 -79.4949 179.051 136.926 -13 31 1 0 1
-70.0972 -78.2686 35150 26.6071 11.3544 193.786 138.32 -13 31 1 0 1
-40.9618 -33.9628 35500 25.6543 21.8822 193.01 139.663 -13 31 1 0 1
24.3039 -42.401 35850 43.6494 -18.5457 190.107 141.016 -13 31 1 0 1
119.02 -2.87013 36200 21.9484 71.1634 181.229 142.416 -13 31 1 0 1
85.0161 77.141 36550 -15.8063 0.294796 195.295 143.798 -13 31 1 0 1
76.6844 31.623 36900 -19.5433 -35.9178 191.619 145.139 -13 31 1 0 1
9.1406 25.8781 37250 -43.4783 22.1511 189.76 146.498 -13 31 1 0 1
-90.9557 13.5647 37600 -39.5666 -55.1429 183.804 147.891 -13 31 1 0 1
-95.1983 -71.1475 37950 0.152759 -12.5114 195.534 149.264 -13 31 1 0 1
-68.7509 56.2003 34100 39.0843 23.3311 188.327 131.502 -13 32 1 0 1
-12.8689 34.2466 34450 9.46231 -31.4628 190.944 132.859 -13 32 1 0 1
17.4539 -16.8553 34800 33.3066 -11.1809 190.538 134.21 -13 32 1 0 1
72.4829 -8.63689 35150 24.0165 -1.64967 192.248 135.557 -13 32 1 0 1
81.4947 -67.1567 35500 -33.2041 -41.3905 186.342 136.916 -13 32 1 0 1
22.2994 -72.0861 35850 -6.50761 21.7915 192.41 138.275 -13 32 1 0 1
21.5235 -18.5271 36200 -15.6232 30.6586 190.67 139.621 -13 32 1 0 1
-34.165 2.29181 36550 -34.2762 3.1531 190.668 140.972 -13 32 1 0 1
-71.1738 55.1125 36900 13.7411 46.3916 187.611 142.333 -13 32 1 0 1
-31.2398 88.4011 37250 0.651471 -4.43381 193.698 143.683 -13 32 1 0 1
-60.9028 44.5637 37600 -4.23698 -44.8292 188.445 145.032 -13 32 1 0 1
-14.9195 -0.308934 37950 35.9489 -2.21373 190.373 146.391 -13 32 1 0 1
-32.7601 78.975 34100 39.3529 24.2297 197.153 129.599 -13 33 1 0 1
17.2682 73.3268 34450 1.44139 -11.4973 202.166 130.934 -13 33 1 0 1
-8.20388 49.6707 34800 -13.5793 -25.0654 200.481 132.259 -13 33 1 0 1
9.7449 8.67162 35150 25.6198 -18.6717 200 133.589 -13 33 1 0 1
31.8582 -46.9817 35500 -16.4902 -38.8885 198.043 134.929 -13 33 1 0 1
-8.15873 -81.0971 35850 -6.00009 -9.89159 202.167 136.263 -13 33 1 0 1
31.7266 -84.8263 36200 34.8436 22.2139 198.236 137.594 -13 33 1 0 1
35.9256 -39.6654 36550 -24.2712 12.0677 200.675 138.928 -13 33 1 0 1
-15.5941 -9.0027 36900 -18.2951 35.5339 198.514 140.265 -13 33 1 0 1
-10.1885 51.8704 37250 4.94259 28.0179 200.489 141.603 -13 33 1 0 1
-49.753 78.3576 37600 -40.1685 -13.2767 198.029 142.939 -13 33 1 0 1
-72.8685 45.9383 37950 11.2797 0.50894 202.183 144.27 -13 33 1 0 1
31.5665 91.1025 34100 47.8421 -25.5499 158.599 136.45 -13 34 1 0 1
40.6913 13.5979 34450 -24.2734 -19.904 164.651 137.88 -13 34 1 0 1
7.26374 -28.3564 34800 4.51272 -23.9798 165.831 139.279 -13 34 1 0 1
33.7415 -64.3259 35150 3.41084 -18.9512 166.507 140.671 -13 34 1 0 1
-29.7838 -92.5825 35500 -48.0282 22.8894 158.948 142.092 -13 34 1 0 1
-40.7199 -19.0559 35850 24.489 18.6473 164.766 143.518 -13 34 1 0 1
-1.77148 22.7561 36200 -1.18067 26.6415 165.481 144.919 -13 34 1 0 1
-27.0027 63.477 36550 -4.24327 18.7048 166.515 146.313 -13 34 1 0 1
30.9962 88.7827 36900 43.8258 -22.3129 160.24 147.728 -13 34 1 0 1
37.3667 21.1769 37250 -25.4605 -16.358 164.862 149.148 -13 34 1 0 1
-6.49854 -21.4172 37600 -0.700106 -30.2381 164.865 150.551 -13 34 1 0 1
18.8323 -67.0968 37950 3.958 -18.1576 166.583 151.948 -13 34 1 0 1
4.72806 11.1221 34100 -5.10844 -7.88433 175.404 133.281 -13 35 1 0 1
-13.8916 7.88749 34450 -11.7186 0.582261 175.263 134.646 -13 35 1 0 1
-31.2802 -12.5175 34800 3.92084 -18.8807 174.594 136.014 -13 35 1 0 1
-10.8101 -26.4186 35150 5.29982 2.97283 175.55 137.381 -13 35 1 0 1
-9.47094 -15.3192 35500 2.26907 6.71622 175.512 138.744 -13 35 1 0 1
5.7799 -13.2579 35850 11.7914 -2.89858 175.235 140.108 -13 35 1 0 1
31.6801 0.974572 36200 4.25856 19.3643 174.533 141.477 -13 35 1 0 1
19.8254 22.572 36550 -4.67682 -0.222998 175.593 142.844 -13 35 1 0 1
17.1314 10.9208 36900 -4.81556 -8.04017 175.405 144.208 -13 35 1 0 1
-2.20238 11.2154 37250 -12.5 5.97198 175.108 145.573 -13 35 1 0 1
-33.1997 2.66285 37600 -9.3898 -19.2101 174.349 146.942 -13 35 1 0 1
-29.1188 -23.7118 37950 1.666 -1.3896 175.642 148.31 -13 35 1 0 1
47.5088 52.8271 34100 20.4819 -32.3243 193.764 129.961 -13 36 1 0 1
34.5251 7.64988 34450 -22.0832 -7.29322 196.132 131.301 -13 36 1 0 1
-1.79518 -7.37719 34800 -11.7648 -18.6517 196.271 132.634 -13 36 1 0 1
-3.63792 -43.9049 35150 -2.84217 -19.1227 196.558 133.966 -13 36 1 0 1
-44.1563 -56.6946 35500 -31.4094 17.8199 194.177 135.304 -13 36 1 0 1
-57.1685 -21.97 35850 10.1759 2.6114 197.227 136.639 -13 36 1 0 1
-20.7111 -31.4539 36200 28.3917 4.52387 195.403 137.972 -13 36 1 0 1
4.36919 3.53049 36550 2.69555 23.9659 196.028 139.308 -13 36 1 0 1
29.0618 32.6083 36900 24.9524 -0.272955 195.924 140.641 -13 36 1 0 1
54.8022 21.7659 37250 3.67627 4.27121 197.426 141.971 -13 36 1 0 1
31.7547 51.7071 37600 -33.1275 10.3397 194.434 143.305 -13 36 1 0 1
-6.90821 30.7458 37950 -3.63471 -19.4912 196.509 144.643 -13 36 1 0 1
9.83247 17.9511 34100 8.75794 -5.57826 194.51 129.541 -13 37 1 0 1
13.2176 7.05149 34450 -3.21773 -1.93495 194.751 130.87 -13 37 1 0 1
4.45539 6.37711 34800 -5.05238 -2.52539 194.705 132.198 -13 37 1 0 1
2.7281 -2.51197 35150 1.67259 -5.95037 194.689 133.527 -13 37 1 0 1
-1.75199 -13.9822 35500 -8.00367 -3.72781 194.587 134.856 -13 37 1 0 1
-12.0972 -14.6898 35850 -1.04667 -1.73425 194.776 136.185 -13 37 1 0 1
-2.12525 -20.9895 36200 10.7479 0.37123 194.49 137.514 -13 37 1 0 1
5.91602 -12.5504 36550 -2.63833 4.23029 194.723 138.844 -13 37 1 0 1
-2.23478 -3.68832 36900 -2.46586 7.76498 194.616 140.173 -13 37 1 0 1
1.16786 9.09134 37250 2.43447 6.12382 194.675 141.502 -13 37 1 0 1
-6.06887 18.6817 37600 -10.0274 0.657097 194.528 142.831 -13 37 1 0 1
-16.2404 14.5298 37950 0.124258 0.576602 194.786 144.16 -13 37 1 0 1
1.04331 101.892 34100 55.1196 -0.788697 194.761 129.778 -13 38 1 0 1
45.3442 58.6208 34450 -8.71999 -20.2969 201.203 131.124 -13 38 1 0 1
13.3209 30.4236 34800 -13.5576 -24.2674 200.495 132.451 -13 38 1 0 1
25.8866 -17.2986 35150 17.1395 -29.4739 199.52 133.782 -13 38 1 0 1
10.2087 -82.3987 35500 -44.2661 -24.8961 195.938 135.13 -13 38 1 0 1
-46.6492 -80.7537 35850 -3.84967 1.91465 202.367 136.469 -13 38 1 0 1
-4.66329 -84.1415 36200 38.2348 16.3927 198.092 137.8 -13 38 1 0 1
7.61412 -32.59 36550 -20.3846 27.0165 199.563 139.138 -13 38 1 0 1
-15.738 27.4533 36900 12.0696 39.4404 198.166 140.48 -13 38 1 0 1
24.7293 69.7698 37250 12.4532 18.7108 201.161 141.816 -13 38 1 0 1
-13.5781 101.263 37600 -47.8902 -5.7982 196.58 143.154 -13 38 1 0 1
-44.2366 61.999 37950 15.5313 -14.1455 201.32 144.492 -13 38 1 0 1
65.4654 18.5589 34100 17.392 -33.8925 177.618 132.535 -13 39 1 0 1
55.1049 -24.8897 34450 -8.87567 0.741827 181.439 133.901 -13 39 1 0 1
38.5915 1.85274 34800 -18.6254 13.9714 180.159 135.258 -13 39 1 0 1
1.25218 -9.01363 35150 -16.0225 -17.3543 180.115 136.619 -13 39 1 0 1
-44.8834 -17.2947 35500 -23.1858 19.4728 179.116 137.985 -13 39 1 0 1
-56.3747 17.5992 35850 -1.122 1.76358 181.646 139.345 -13 39 1 0 1
-52.3002 -14.5878 36200 18.5074 -22.2634 179.336 140.704 -13 39 1 0 1
-11.1312 -12.8738 36550 13.6733 16.5381 180.386 142.068 -13 39 1 0 1
21.8896 7.11971 36900 20.4832 -5.46396 180.416 143.428 -13 39 1 0 1
44.8322 -13.4003 37250 8.99608 -2.75534 181.414 144.784 -13 39 1 0 1
53.9662 17.9355 37600 -13.4997 25.932 179.29 146.144 -13 39 1 0 1
16.6361 26.0696 37950 -11.2109 -12.2308 180.898 147.506 -13 39 1 0 1
-25.805 -19.7775 34100 -18.8105 11.4388 180.207 132.383 -13 40 1 0 1
-36.3113 6.79687 34450 0.850652 4.60616 181.486 133.739 -13 40 1 0 1
-32.2519 -4.70645 34800 9.25566 -9.23141 181.076 135.091 -13 40 1 0 1
-12.0817 1.78858 35150 7.98455 13.1143 180.897 136.446 -13 40 1 0 1
17.5632 17.7454 35500 20.7059 -6.98111 180.227 137.804 -13 40 1 0 1
36.5798 -7.54198 35850 4.17969 -6.79648 181.372 139.161 -13 40 1 0 1
43.2239 5.85725 36200 -5.49993 14.9367 180.848 140.515 -13 40 1 0 1
24.8195 7.12578 36550 -6.26839 -13.2043 180.958 141.869 -13 40 1 0 1
-2.23413 -20.0912 36900 -24.9687 -2.00671 179.811 143.229 -13 40 1 0 1
-35.7603 0.592788 37250 -10.4376 8.97709 181.024 144.59 -13 40 1 0 1
-51.3234 -14.1595 37600 3.38456 -19.4173 180.474 145.945 -13 40 1 0 1
-35.9163 -22.2234 37950 1.50059 12.3231 181.122 147.3 -13 40 1 0 1
-32.1352 44.6105 34100 30.0711 14.6298 203.532 128.334 -13 41 1 0 1
7.05777 33.619 34450 7.44922 -14.931 205.585 129.657 -13 41 1 0 1
13.3111 15.1267 34800 6.20234 -6.40136 206.069 130.971 -13 41 1 0 1
33.3219 8.35024 35150 16.7349 -7.64844 205.439 132.286 -13 41 1 0 1
46.7819 -33.8358 35500 -15.1164 -33.4882 202.963 133.611 -13 41 1 0 1
11.2548 -56.4604 35850 -7.96764 0.979252 206.105 134.934 -13 41 1 0 1
22.5737 -44.6059 36200 8.75237 16.2854 205.431 136.248 -13 41 1 0 1
9.06188 -25.241 36550 -21.3022 2.38053 205.145 137.565 -13 41 1 0 1
-32.9634 -2.78279 36900 -14.3677 31.3251 203.362 138.89 -13 41 1 0 1
-29.2287 42.8303 37250 1.77389 15.1253 205.699 140.215 -13 41 1 0 1
-52.6541 42.5625 37600 -17.1266 -19.4841 204.624 141.532 -13 41 1 0 1
-51.1014 20.7528 37950 12.9266 5.79404 205.775 142.849 -13 41 1 0 1
15.4497 -0.232122 34100 -28.0604 -11.0403 188.486 132.095 -13 42 1 0 1
-33.7845 15.702 34450 -24.26 13.282 188.869 133.445 -13 42 1 0 1
-79.4153 -8.17392 34800 -6.3422 -39.6131 186.62 134.801 -13 42 1 0 1
-57.3609 -45.0939 35150 7.20242 6.40059 190.64 136.15 -13 42 1 0 1
-47.2339 -4.11614 35500 20.7847 24.7878 188.122 137.496 -13 42 1 0 1
4.74539 -4.48659 35850 26.6314 -15.6085 188.371 138.848 -13 42 1 0 1
59.2607 0.70153 36200 20.1544 29.7123 187.476 140.203 -13 42 1 0 1
63.9086 42.2711 36550 3.72247 1.99894 190.837 141.55 -13 42 1 0 1
73.4986 -0.290001 36900 -15.2048 -36.6592 186.712 142.899 -13 42 1 0 1
20.3675 -14.0015 37250 -25.4773 16.4791 188.456 144.255 -13 42 1 0 1
-31.5729 -0.296673 37600 -27.66 -14.8412 188.285 145.608 -13 42 1 0 1
-60.5731 -36.8676 37950 -15.8512 -8.30646 190.043 146.955 -13 42 1 0 1
-34.9578 38.0414 34100 17.2912 28.7895 199.367 129.19 -13 43 1 0 1
0.838718 55.7332 34450 7.09674 -0.231657 202.051 130.518 -13 43 1 0 1
-14.205 49.2796 34800 -13.1727 -13.7682 201.276 131.838 -13 43 1 0 1
-5.81006 26.4386 35150 20.1906 -6.9644 201.045 133.16 -13 43 1 0 1
30.528 -4.75679 35500 6.50658 -33.3623 199.298 134.492 -13 43 1 0 1
14.7313 -49.1483 35850 -6.33137 -15.1425 201.509 135.822 -13 43 1 0 1
37.9477 -58.1315 36200 22.7845 12.8699 200.475 137.146 -13 43 1 0 1
42.7866 -36.9787 36550 -15.1238 -2.13283 201.598 138.468 -13 43 1 0 1
-8.3077 -37.9168 36900 -33.6501 19.758 198.374 139.801 -13 43 1 0 1
-28.6047 14.3433 37250 0.268929 24.9911 200.625 141.138 -13 43 1 0 1
-49.9662 33.4805 37600 -20.4101 -7.54182 201.002 142.462 -13 43 1 0 1
-65.4173 23.767 37950 0.752386 11.6348 201.839 143.783 -13 43 1 0 1
-10.155 -52.603 34100 -24.9259 -37.9252 202.719 131.294 -13 44 1 0 1
-59.9186 -89.6855 34450 -10.7999 -24.6079 205.991 132.626 -13 44 1 0 1
5.47573 -137.024 34800 74.9999 10.4771 193.442 133.986 -13 44 1 0 1
54.9431 -64.0389 35150 -18.0454 34.4905 204.057 135.354 -13 44 1 0 1
16.7878 -12.5873 35500 -7.29497 36.6435 204.349 136.686 -13 44 1 0 1
41.5351 47.8474 35850 18.2 38.0686 203.406 138.02 -13 44 1 0 1
0.910797 122.963 36200 -68.5764 15.2069 195.501 139.383 -13 44 1 0 1
-66.7946 88.3269 36550 3.53374 -17.0732 207.004 140.735 -13 44 1 0 1
-20.7729 72.1136 36900 33.1326 -24.6181 203.594 142.06 -13 44 1 0 1
-19.4879 8.65726 37250 -22.8899 -39.8827 202.583 143.396 -13 44 1 0 1
-17.7872 -77.3315 37600 43.0477 -41.6795 198.908 144.753 -13 44 1 0 1
51.4589 -96.0674 37950 12.5277 -5.69359 207.281 146.095 -13 44 1 0 1
11.1105 8.29639 34100 2.85378 -6.74381 190.972 130.112 -13 45 1 0 1
7.97118 0.675515 34450 -3.5721 0.0525185 191.079 131.447 -13 45 1 0 1
1.08112 1.57424 34800 -3.44373 -1.43849 191.076 132.781 -13 45 1 0 1
-1.02531 -3.63569 35150 -0.0763547 -3.03669 191.088 134.115 -13 45 1 0 1
-5.14004 -7.36418 35500 -3.94299 0.272367 191.071 135.45 -13 45 1 0 1
-8.43258 -6.54422 35850 0.561211 -1.84348 191.102 136.784 -13 45 1 0 1
-0.601313 -11.8572 36200 7.54051 -0.0709827 190.963 138.118 -13 45 1 0 1
6.26196 -6.63409 36550 -0.442361 2.21067 191.099 139.453 -13 45 1 0 1
2.10852 -4.14459 36900 -2.76816 2.54043 191.075 140.787 -13 45 1 0 1
0.850077 2.90308 37250 0.260211 4.35794 191.062 142.121 -13 45 1 0 1
-5.11689 9.43833 37600 -6.77313 0.216421 190.992 143.456 -13 45 1 0 1
-13.1721 6.53211 37950 -1.54407 0.751867 191.104 144.791 -13 45 1 0 1
66.0837 -35.4072 34100 -34.4374 -22.9194 211.868 128.751 -13 46 1 0 1
16.5896 -21.7281 34450 -15.8514 28.3538 213.41 130.069 -13 46 1 0 1
-19.6304 17.0652 34800 -33.7398 6.10249 213.128 131.385 -13 46 1 0 1
-65.0995 6.61844 35150 -21.1869 0.350579 214.826 132.697 -13 46 1 0 1
-76.0976 50.143 35500 22.3345 37.7972 211.357 134.012 -13 46 1 0 1
-35.4856 62.6221 35850 6.18125 -16.4668 215.151 135.327 -13 46 1 0 1
-34.8292 15.5172 36200 14.4684 -34.0927 212.668 136.639 -13 46 1 0 1
13.0875 -9.8296 36550 31.7542 -3.93613 213.484 137.957 -13 46 1 0 1
45.3545 -42.7849 36900 -3.45967 -34.125 213.126 139.271 -13 46 1 0 1
28.5982 -74.7087 37250 4.18452 -5.07756 215.768 140.579 -13 46 1 0 1
64.4822 -49.1832 37600 16.0739 41.2023 211.289 141.893 -13 46 1 0 1
42.5166 -2.08731 37950 -27.1913 6.33768 214.055 143.212 -13 46 1 0 1
-10.9139 -49.8707 34100 -15.9567 9.4455 197.776 129.877 -13 47 1 0 1
-9.57169 -28.4843 34450 16.4878 7.22307 197.827 131.204 -13 47 1 0 1
23.7658 -1.00976 34800 7.61616 28.9768 196.371 132.538 -13 47 1 0 1
11.4383 39.5982 35150 -5.8977 14.1996 198.048 133.871 -13 47 1 0 1
31.3446 49.2055 35500 20.1973 -10.9301 197.312 135.198 -13 47 1 0 1
36.9863 27.936 35850 -11.6585 -0.890642 198.299 136.525 -13 47 1 0 1
-0.55497 26.2545 36200 -23.4755 -15.0998 196.673 137.856 -13 47 1 0 1
-12.9223 -14.8865 36550 1.32386 -21.608 197.461 139.189 -13 47 1 0 1
-34.4363 -36.961 36900 -22.9289 4.22426 197.271 140.519 -13 47 1 0 1
-54.6597 -23.6136 37250 -0.474646 -4.36355 198.595 141.846 -13 47 1 0 1
-27.8728 -49.6202 37600 32.2812 -5.9139 195.914 143.178 -13 47 1 0 1
5.05113 -23.1659 37950 1.10808 22.1664 197.4 144.513 -13 47 1 0 1
52.0252 58.3825 34100 20.8303 -39.1893 205.03 128.628 -13 48 1 0 1
34.759 7.23979 34450 -26.6785 -10.7203 207.799 129.956 -13 48 1 0 1
-3.7216 -14.1789 34800 -10.9623 -23.3145 208.191 131.274 -13 48 1 0 1
-3.86468 -54.4087 35150 -4.10544 -22.0769 208.574 132.59 -13 48 1 0 1
-50.8458 -68.0544 35500 -38.4057 20.9832 205.163 133.915 -13 48 1 0 1
-68.1808 -28.2799 35850 10.9397 4.31165 209.449 135.237 -13 48 1 0 1
-28.7497 -38.8563 36200 33.5077 3.48971 207.056 136.554 -13 48 1 0 1
1.15951 -1.87997 36550 3.88223 28.7005 207.77 137.876 -13 48 1 0 1
27.4004 34.6922 36900 29.6439 4.67221 207.621 139.196 -13 48 1 0 1
62.0524 27.9509 37250 8.92454 5.68257 209.512 140.511 -13 48 1 0 1
42.4183 64.9775 37600 -37.5639 17.4953 205.646 141.831 -13 48 1 0 1
-1.94257 49.9823 37950 -3.72738 -20.0933 208.781 143.154 -13 48 1 0 1
33.159 16.2182 34100 6.02942 -17.315 201.132 128.713 -13 49 1 0 1
24.8919 -1.40418 34450 -8.48337 1.40886 201.783 130.033 -13 49 1 0 1
7.38523 5.66145 34800 -12.3114 -0.622423 201.59 131.353 -13 49 1 0 1
-6.26736 -7.16445 35150 -5.08208 -9.26055 201.69 132.673 -13 49 1 0 1
-22.7354 -12.1864 35500 -10.7241 6.77484 201.567 133.992 -13 49 1 0 1
-29.5978 -2.37256 35850 -0.385676 -2.4731 201.951 135.311 -13 49 1 0 1
-20.1116 -19.9579 36200 15.2236 -9.16139 201.183 136.631 -13 49 1 0 1
1.39128 -16.0733 36550 4.81765 7.5768 201.766 137.952 -13 49 1 0 1
6.01894 -6.26177 36900 3.38089 3.14757 201.913 139.271 -13 49 1 0 1
14.6956 -2.82561 37250 6.39893 3.77933 201.829 140.589 -13 49 1 0 1
17.7524 15.5257 37600 -8.50234 13.1928 201.355 141.909 -13 49 1 0 1
-0.146797 23.163 37950 -4.76621 -0.579862 201.909 143.229 -13 49 1 0 1
95.1776 -27.5851 34100 1.01357 -54.0683 211.223 128.133 -13 50 1 0 1
68.3187 -72.8838 34450 -4.58396 3.96047 217.951 129.451 -13 50 1 0 1
77.4216 -24.7964 34800 -10.4401 45.9404 212.885 130.764 -13 50 1 0 1
26.0284 5.25491 35150 -35.8038 -7.43403 214.947 132.085 -13 50 1 0 1
-30.6881 8.67026 35500 -27.4643 24.0553 214.957 133.401 -13 50 1 0 1
-53.6126 52.1925 35850 -16.7836 15.7811 216.815 134.712 -13 50 1 0 1
-99.6157 24.6262 36200 -14.7005 -50.9794 211.481 136.032 -13 50 1 0 1
-77.6479 -24.7798 36550 18.5172 3.25779 217.223 137.351 -13 50 1 0 1
-46.0029 5.13162 36900 30.6444 15.0654 215.345 138.659 -13 50 1 0 1
1.86674 -9.96253 37250 25.1392 -23.0257 215.354 139.972 -13 50 1 0 1
56.3669 -19.0805 37600 33.2175 23.7959 214.172 141.288 -13 50 1 0 1
79.6429 21.2235 37950 8.61353 5.97523 217.783 142.599 -13 50 1 0 1
-6.36876 -0.297848 34100 8.91114 8.52808 192.505 129.996 -13 51 1 0 1
14.7285 2.53286 34450 11.3172 -0.206623 192.568 131.329 -13 51 1 0 1
26.9888 19.3235 34800 -3.87634 15.8785 192.206 132.664 -13 51 1 0 1
15.8855 31.5358 35150 1.38545 -1.67046 192.888 133.997 -13 51 1 0 1
27.5402 11.6649 35500 -0.0399582 -19.8214 191.879 135.332 -13 51 1 0 1
7.62415 -8.37893 35850 -13.2648 -2.00632 192.433 136.668 -13 51 1 0 1
-7.51181 -18.4102 36200 -0.734916 -10.4293 192.617 138.002 -13 51 1 0 1
-5.72428 -33.8939 36550 -5.26893 -6.56639 192.716 139.334 -13 51 1 0 1
-34.7375 -27.0639 36900 -15.2523 20.7133 191.177 140.672 -13 51 1 0 1
-32.2376 4.24468 37250 8.51738 4.853 192.651 142.01 -13 51 1 0 1
-19.1195 2.99233 37600 7.22082 0.292819 192.765 143.342 -13 51 1 0 1
-10.009 16.9673 37950 5.01726 13.7694 192.343 144.675 -13 51 1 0 1
29.526 12.5763 34100 -3.56817 -0.0671858 178.906 133.277 -13 52 1 0 1
22.9997 27.8676 34450 -5.9066 17.2372 178.011 134.635 -13 52 1 0 1
-24.1261 51.0409 34800 -34.9463 -12.7176 175.035 136.011 -13 52 1 0 1
-45.572 7.47928 35150 5.92319 -11.6508 178.464 137.384 -13 52 1 0 1
-31.8595 3.55839 35500 8.14924 -1.2871 178.751 138.741 -13 52 1 0 1
-24.5341 -18.5612 35850 1.6267 -20.9648 177.702 140.101 -13 52 1 0 1
16.8804 -55.6963 36200 38.6656 3.40266 174.681 141.479 -13 52 1 0 1
52.3307 -20.5257 36550 -0.813835 9.42202 178.692 142.853 -13 52 1 0 1
34.785 -25.4736 36900 -17.2407 -0.856369 178.107 144.211 -13 52 1 0 1
18.5064 1.69328 37250 0.68746 23.3772 177.407 145.575 -13 52 1 0 1
-12.3104 46.421 37600 -35.6344 4.84934 175.291 146.951 -13 52 1 0 1
-56.1236 24.2852 37950 -6.50827 -4.9708 178.754 148.323 -13 52 1 0 1
0.306535 -26.4333 34100 -17.3558 -6.76631 179.405 132.352 -13 53 1 0 1
-22.5111 -19.8803 34450 -2.33218 2.90758 180.331 133.709 -13 53 1 0 1
-12.1654 -22.8985 34800 11.224 1.5655 180.013 135.064 -13 53 1 0 1
-4.64805 -6.39439 35150 -3.3802 11.1658 179.992 136.419 -13 53 1 0 1
0.105663 16.8927 35500 12.6714 7.31716 179.775 137.776 -13 53 1 0 1
20.8331 14.9831 35850 4.81286 -0.949345 180.303 139.132 -13 53 1 0 1
15.8566 23.668 36200 -10.4901 2.90697 180.04 140.486 -13 53 1 0 1
6.21023 12.5912 36550 2.89517 -10.1112 180.062 141.841 -13 53 1 0 1
3.79536 -11.7776 36900 -11.7275 -10.0841 179.705 143.198 -13 53 1 0 1
-20.7273 -13.9336 37250 -8.52363 0.0206087 180.168 144.555 -13 53 1 0 1
-21.5089 -28.5629 37600 10.4403 -8.26823 179.877 145.91 -13 53 1 0 1
-9.6324 -24.2098 37950 -3.98413 8.54704 180.123 147.265 -13 53 1 0 1
13.449 23.623 34100 41.2025 -8.44205 201.18 129.052 -13 54 1 0 1
58.4256 -16.4665 34450 17.9808 -16.9973 204.034 130.386 -13 54 1 0 1
92.0095 6.15498 34800 3.49253 39.288 201.709 131.713 -13 54 1 0 1
71.7931 35.2784 35150 -6.72261 -13.2184 204.993 133.037 -13 54 1 0 1
50.9233 -19.5289 35500 -35.1617 -30.5609 200.18 134.371 -13 54 1 0 1
-14.9722 -19.1927 35850 -28.7095 15.2838 202.939 135.711 -13 54 1 0 1
-55.3883 -24.7617 36200 -11.7806 -24.701 203.699 137.035 -13 54 1 0 1
-62.1955 -54.2105 36550 -13.1105 0.180593 205.11 138.354 -13 54 1 0 1
-90.9541 -0.650775 36900 8.22868 53.8791 198.17 139.693 -13 54 1 0 1
-39.0969 38.914 37250 26.0278 -7.35732 203.742 141.036 -13 54 1 0 1
-6.47014 23.7948 37600 17.8625 -0.0973882 204.751 142.356 -13 54 1 0 1
24.6083 42.304 37950 24.3866 13.3286 203.642 143.676 -13 54 1 0 1
-59.6352 -151.464 34100 -76.6708 39.0513 178.557 135.349 -13 55 1 0 1
-73.8869 -48.3456 34450 43.0197 27.9566 191.452 136.759 -13 55 1 0 1
5.02123 9.56794 34800 19.0682 53.6056 189.866 138.136 -13 55 1 0 1
-12.7173 103.731 35150 -5.54678 47.1192 192.445 139.51 -13 55 1 0 1
82.8135 147.877 35500 79.2314 -44.1142 176.245 140.925 -13 55 1 0 1
96.6622 41.8297 35850 -41.8598 -21.1927 192.574 142.342 -13 55 1 0 1
11.4069 7.26851 36200 -33.3257 -43.0344 190.587 143.712 -13 55 1 0 1
5.79047 -89.986 36550 -0.567 -53.8866 190.741 145.088 -13 55 1 0 1
-97.5895 -139.156 36900 -81.4179 46.0968 174.735 146.516 -13 55 1 0 1
-116.221 -33.0737 37250 36.3447 15.6997 194.213 147.933 -13 55 1 0 1
-33.8178 -23.7667 37600 44.0116 27.0185 191.361 149.294 -13 55 1 0 1
-5.71863 65.9631 37950 6.00598 56.7544 189.813 150.669 -13 55 1 0 1
21.912 16.754 34100 -15.4913 9.63979 201.758 130.653 -13 56 1 0 1
5.22465 51.6567 34450 -13.4816 26.6888 200.363 131.978 -13 56 1 0 1
-61.9385 67.343 34800 -46.4031 -29.6386 194.956 133.329 -13 56 1 0 1
-81.5679 8.79345 35150 10.2895 -10.0773 202.069 134.673 -13 56 1 0 1
-52.2618 20.8008 35500 26.6158 4.358 200.778 135.996 -13 56 1 0 1
-20.6071 -11.5784 35850 9.60697 -34.0187 199.474 137.327 -13 56 1 0 1
33.0218 -58.8676 36200 50.6333 2.21734 196.14 138.676 -13 56 1 0 1
85.1406 -26.2548 36550 9.71256 5.37036 202.278 140.017 -13 56 1 0 1
69.5105 -60.1166 36900 -35.629 -20.6841 198.349 141.346 -13 56 1 0 1
23.9961 -39.2724 37250 -4.38683 32.1773 199.962 142.683 -13 56 1 0 1
1.96902 23.1873 37600 -35.667 24.6068 197.893 144.025 -13 56 1 0 1
-62.9552 28.7457 37950 -27.9227 3.3033 200.621 145.366 -13 56 1 0 1
-36 39.5368 34100 4.85905 68.8177 157.222 143.491 -13 57 1 0 1
40.4338 127.357 34450 18.8743 26.6449 168.558 144.945 -13 57 1 0 1
-50.2861 158.856 34800 -67.6034 -48.5407 150.172 146.411 -13 57 1 0 1
-17.929 32.6713 35150 65.0301 -29.2689 156.181 147.927 -13 57 1 0 1
65.9787 -105.629 35500 -41.2246 -78.9901 146.763 149.48 -13 57 1 0 1
-51.9045 -145.733 35850 -9.51926 3.73834 171.387 150.969 -13 57 1 0 1
25.5315 -124.982 36200 43.0566 51.7047 157.959 152.394 -13 57 1 0 1
-23.8677 -15.0437 36550 -60.3312 33.5121 157.211 153.874 -13 57 1 0 1
-65.6579 138.728 36900 70.1677 64.211 142.939 155.438 -13 57 1 0 1
57.7317 115.301 37250 -1.70658 -28.9265 169.229 156.946 -13 57 1 0 1
9.30799 61.4706 37600 -14.725 -41.0978 166.049 158.349 -13 57 1 0 1
58.0988 -16.0487 37950 40.7984 -34.6692 163.131 159.774 -13 57 1 0 1
68.4797 12.5538 34100 -18.3009 -46.7667 199.051 130.412 -13 58 1 0 1
3.87219 -14.7135 34450 -37.2216 7.34961 201.752 131.756 -13 58 1 0 1
-47.9028 -29.7737 34800 -13.4963 -30.748 202.524 133.088 -13 58 1 0 1
-51.8157 -70.5061 35150 -12.1693 -8.08584 204.768 134.412 -13 58 1 0 1
-95.2827 -30.6371 35500 -7.87574 53.92 197.924 135.751 -13 58 1 0 1
-55.1633 18.0257 35850 29.6594 -5.21997 203.068 137.093 -13 58 1 0 1
-5.02581 5.20772 36200 29.8344 7.06357 202.986 138.421 -13 58 1 0 1
31.904 40.5795 36550 21.6558 20.871 203.073 139.749 -13 58 1 0 1
90.0772 26.888 36900 23.7478 -44.1199 199.08 141.088 -13 58 1 0 1
80.6809 -24.3071 37250 -12.3496 1.65445 204.91 142.422 -13 58 1 0 1
53.8851 10.6635 37600 -31.2819 19.3595 201.966 143.747 -13 58 1 0 1
-0.335642 -3.54857 37950 -25.4517 -24.0421 202.281 145.08 -13 58 1 0 1
128.411 -66.7873 34100 -42.4111 -63.433 192.812 132.03 -13 59 1 0 1
43.0037 -75.3832 34450 -20.5605 36.7497 203.041 133.398 -13 59 1 0 1
8.77436 -3.54466 34800 -39.9487 29.0435 201.394 134.743 -13 59 1 0 1
-71.1124 1.24609 35150 -44.3102 -0.247537 202.572 136.089 -13 59 1 0 1
-113.526 71.9484 35500 24.5392 65.1254 195.334 137.451 -13 59 1 0 1
-51.5218 104.531 35850 7.61626 -18.9828 206.35 138.802 -13 59 1 0 1
-60.8024 35.0386 36200 15.439 -53.5226 199.739 140.141 -13 59 1 0 1
13.4015 -6.88682 36550 49.8098 -3.31008 201.263 141.496 -13 59 1 0 1
73.1173 -58.102 36900 -1.61206 -55.0267 199.921 142.848 -13 59 1 0 1
44.9507 -112.122 37250 4.32729 -7.08699 207.195 144.183 -13 59 1 0 1
97.1695 -68.2449 37600 16.8296 63.8171 196.578 145.529 -13 59 1 0 1
47.1558 0.326526 37950 -47.0981 4.63218 201.889 146.89 -13 59 1 0 1
-43.8393 -15.6908 34100 10.7838 45.4411 198.152 130.397 -13 60 1 0 1
13.4696 25.3049 34450 35.2878 8.35232 200.326 131.742 -13 60 1 0 1
41.648 67.6839 34800 -13.3473 34.1978 200.244 133.077 -13 60 1 0 1
18.3429 94.9114 35150 10.2273 3.09354 203.301 134.402 -13 60 1 0 1
75.2952 56.8539 35500 21.5396 -56.5587 194.377 135.75 -13 60 1 0 1
41.5269 -15.2159 35850 -34.4572 -13.5897 200.184 137.108 -13 60 1 0 1
2.04739 -41.4178 36200 -5.33564 -23.7036 202.126 138.437 -13 60 1 0 1
1.67725 -83.0692 36550 -13.4207 -24.8966 201.607 139.762 -13 60 1 0 1
-79.848 -84.5584 36900 -51.2691 47.632 191.176 141.126 -13 60 1 0 1
-85.3569 -2.02023 37250 22.575 15.9735 201.695 142.49 -13 60 1 0 1
-47.2711 0.755071 37600 21.6701 5.40489 202.353 143.814 -13 60 1 0 1
-24.741 41.8211 37950 11.2526 37.7611 199.732 145.143 -13 60 1 0 1
17.5583 16.9785 34100 15.2193 -15.5609 197.56 129.008 -13 61 1 0 1
22.3173 -11.1203 34450 -1.97977 -8.90484 198.546 130.335 -13 61 1 0 1
27.6913 -12.0255 34800 3.9834 7.13612 198.587 131.658 -13 61 1 0 1
26.1526 -7.54911 35150 -3.47026 -6.56187 198.617 132.98 -13 61 1 0 1
6.12986 -24.9704 35500 -20.4033 -2.72389 197.686 134.307 -13 61 1 0 1
-16.8901 -11.866 35850 -4.33912 7.91131 198.55 135.634 -13 61 1 0 1
-20.287 -10.1895 36200 0.726552 -3.75739 198.718 136.956 -13 61 1 0 1
-20.6972 -10.2205 36550 -4.1516 5.69127 198.63 138.279 -13 61 1 0 1
-22.3177 13.6011 36900 9.90815 15.9663 197.865 139.605 -13 61 1 0 1
-1.04358 21.9845 37250 6.22282 -1.99287 198.648 140.93 -13 61 1 0 1
-1.09617 19.1076 37600 -2.98138 -2.52555 198.717 142.253 -13 61 1 0 1
1.97018 15.2081 37950 7.39425 -0.88509 198.616 143.575 -13 61 1 0 1
-28.6672 -20.1067 34100 -26.4713 4.71665 193.309 130.764 -13 62 1 0 1
-56.8578 0.768255 34450 -8.77824 1.81588 194.964 132.1 -13 62 1 0 1
-56.4114 -31.1222 34800 20.5308 -23.5489 192.653 133.436 -13 62 1 0 1
-18.2607 -29.7236 35150 9.29876 17.7663 194.137 134.775 -13 62 1 0 1
1.73958 2.52907 35500 20.6757 8.86153 193.869 136.111 -13 62 1 0 1
38.7883 -3.59777 35850 18.819 -3.11331 194.236 137.446 -13 62 1 0 1
60.5266 27.3953 36200 -8.33008 30.7225 192.557 138.785 -13 62 1 0 1
33.0712 44.8978 36550 -4.57907 -9.74226 194.873 140.122 -13 62 1 0 1
29.8866 8.54868 36900 -14.1799 -23.0103 193.289 141.458 -13 62 1 0 1
-12.9787 -1.31236 37250 -24.889 4.55593 193.523 142.797 -13 62 1 0 1
-49.6732 -22.7122 37600 -4.51678 -29.1889 192.922 144.137 -13 62 1 0 1
-40.7924 -53.2575 37950 -3.87595 -0.442229 195.131 145.472 -13 62 1 0 1
-16.2691 91.2971 34100 42.8928 31.1503 203.463 129.598 -13 63 1 0 1
39.8551 98.6847 34450 2.0783 1.07225 210.243 130.927 -13 63 1 0 1
-11.9558 97.2975 34800 -43.6328 -26.6784 203.941 132.253 -13 63 1 0 1
-19.489 34.0797 35150 26.9535 -29.4627 206.429 133.589 -13 63 1 0 1
14.1383 -28.0292 35500 -7.01345 -45.3038 205.197 134.925 -13 63 1 0 1
-22.8326 -83.2051 35850 -11.5555 -27.6275 208.112 136.256 -13 63 1 0 1
28.3557 -121.628 36200 60.0835 10.4977 201.214 137.596 -13 63 1 0 1
63.7162 -72.932 36550 -19.6953 14.9463 208.797 138.932 -13 63 1 0 1
0.319716 -48.5014 36900 -35.6219 36.6033 203.958 140.265 -13 63 1 0 1
-5.58387 29.1963 37250 11.4568 42.5031 205.596 141.608 -13 63 1 0 1
-37.2408 88.3489 37600 -49.9901 8.99181 204.029 142.946 -13 63 1 0 1
-88.1595 76.0066 37950 -1.05134 7.32478 210.126 144.272 -13 63 1 0 1
48.7387 5.32126 34100 10.9477 -24.0109 186.481 130.937 -13 64 1 0 1
44.0453 -23.0246 34450 -2.49116 1.49367 188.316 132.282 -13 64 1 0 1
39.1102 4.52946 34800 -14.0592 18.5255 186.897 133.626 -13 64 1 0 1
6.1128 5.90927 35150 -13.8134 -11.4943 187.479 134.973 -13 64 1 0 1
-23.4729 -3.06005 35500 -15.7559 8.75007 187.474 136.317 -13 64 1 0 1
-38.5619 15.7045 35850 -7.17501 1.60223 188.195 137.66 -13 64 1 0 1
-47.7622 -12.355 36200 9.95226 -24.6267 186.456 139.005 -13 64 1 0 1
-17.2363 -24.8288 36550 10.0857 8.04675 187.896 140.352 -13 64 1 0 1
-3.18959 -7.72802 36900 10.3604 5.07299 187.985 141.693 -13 64 1 0 1
17.9962 -11.2593 37250 12.628 -2.82385 187.894 143.035 -13 64 1 0 1
39.0059 8.55845 37600 -0.869831 22.909 186.938 144.38 -13 64 1 0 1
20.5436 29.6331 37950 -5.91066 -0.967646 188.243 145.724 -13 64 1 0 1
14.0609 30.9452 34100 20.22 -20.9552 190.789 130.105 -13 65 1 0 1
15.8437 -10.6848 34450 -8.07228 -16.0885 192.158 131.447 -13 65 1 0 1
20.5685 -30.5469 34800 13.2386 -2.44949 192.529 132.782 -13 65 1 0 1
34.4136 -30.2774 35150 -1.38583 -7.07653 192.864 134.114 -13 65 1 0 1
3.03178 -48.599 35500 -29.9616 3.15308 190.633 135.455 -13 65 1 0 1
-21.2123 -19.7123 35850 2.89333 14.2769 192.448 136.796 -13 65 1 0 1
-15.3119 -2.46255 36200 -1.12566 7.26749 192.859 138.129 -13 65 1 0 1
-25.5585 10.672 36550 -6.76826 11.1882 192.555 139.461 -13 65 1 0 1
-14.3707 42.5654 36900 23.5636 11.9724 191.18 140.8 -13 65 1 0 1
14.9099 36.7181 37250 1.017 -6.38704 192.89 142.138 -13 65 1 0 1
0.361272 26.6639 37600 -9.31469 -10.8959 192.466 143.471 -13 65 1 0 1
4.67434 4.83209 37950 10.3591 -10.3955 192.44 144.805 -13 65 1 0 1
-24.266 -1.80276 34100 -0.992869 9.48224 208.219 128.004 -13 66 1 0 1
-18.1947 5.40212 34450 3.85022 -3.19616 208.377 129.314 -13 66 1 0 1
-8.25084 -4.84832 34800 10.599 -3.49589 208.138 130.624 -13 66 1 0 1
8.19239 1.0777 35150 8.12408 5.79417 208.198 131.934 -13 66 1 0 1
22.9472 -1.96979 35500 5.5531 -10.8433 208.081 133.245 -13 66 1 0 1
24.0491 -15.6073 35850 1.8382 -1.1139 208.426 134.555 -13 66 1 0 1
29.3232 -2.29199 36200 -2.85801 13.7141 207.966 135.866 -13 66 1 0 1
15.2119 4.6101 36550 -8.36029 -5.67539 208.192 137.176 -13 66 1 0 1
-2.78395 -4.28691 36900 -13.813 1.61943 207.972 138.488 -13 66 1 0 1
-20.3917 8.15009 37250 -9.18707 6.26612 208.14 139.799 -13 66 1 0 1
-37.9398 -1.07944 37600 -4.53665 -16.8476 207.705 141.111 -13 66 1 0 1
-33.9209 -15.9636 37950 0.911558 3.83172 208.4 142.422 -13 66 1 0 1
8.22485 32.5158 34100 12.3324 25.1013 207.314 129.226 -13 67 1 0 1
36.7941 62.1218 34450 6.53369 20.3856 208.094 130.543 -13 67 1 0 1
-7.43257 98.1412 34800 -52.048 -3.33089 202.586 131.875 -13 67 1 0 1
-44.9915 58.1984 35150 10.846 -17.8818 208.144 133.206 -13 67 1 0 1
-7.92912 31.5929 35500 18.1019 -27.3005 206.611 134.526 -13 67 1 0 1
-14.4432 -22.3211 35850 -13.6229 -32.6175 206.184 135.851 -13 67 1 0 1
6.88018 -80.8186 36200 44.1145 -18.3579 203.662 137.186 -13 67 1 0 1
57.8346 -77.003 36550 2.56933 -2.1298 209.165 138.511 -13 67 1 0 1
10.1854 -90.2751 36900 -47.5829 12.9916 203.294 139.837 -13 67 1 0 1
-17.1165 -34.5238 37250 13.2392 32.5023 206.227 141.173 -13 67 1 0 1
-6.18747 21.3494 37600 -15.425 31.5767 206.219 142.499 -13 67 1 0 1
-47.5333 56.3436 37950 -16.9518 22.5319 207.283 143.823 -13 67 1 0 1
-62.0166 -49.1866 34100 -37.1038 11.0982 208.67 129.744 -13 68 1 0 1
-91.2844 -25.1926 34450 -2.02378 -6.71966 212.117 131.059 -13 68 1 0 1
-55.6242 -71.1035 34800 51.6667 -18.2627 205.037 132.386 -13 68 1 0 1
6.16621 -40.7173 35150 11.4996 33.2963 209.29 133.723 -13 68 1 0 1
28.6019 1.19249 35500 24.1671 10.3414 210.599 135.04 -13 68 1 0 1
71.03 4.034 35850 24.7731 10.1235 210.54 136.354 -13 68 1 0 1
78.3476 68.4933 36200 -35.3349 45.9659 204.161 137.688 -13 68 1 0 1
17.5979 80.449 36550 -10.8548 -17.5373 211.229 139.021 -13 68 1 0 1
20.5313 39.9557 36900 -5.94947 -29.4135 210.101 140.334 -13 68 1 0 1
-22.182 12.8736 37250 -36.9617 -8.05476 208.835 141.654 -13 68 1 0 1
-68.0802 -40.4281 37600 3.58599 -52.6731 205.562 142.99 -13 68 1 0 1
-37.1063 -90.0498 37950 3.04108 -6.73439 212.105 144.317 -13 68 1 0 1
44.765 33.407 34100 50.674 5.33158 202.049 131.102 -13 69 1 0 1
112.318 14.6177 34450 28.1015 4.88005 206.413 132.439 -13 69 1 0 1
110.264 95.4392 34800 -55.2125 53.2519 193.741 133.799 -13 69 1 0 1
25.6903 87.2348 35150 -11.1766 -38.9601 204.395 135.165 -13 69 1 0 1
12.0483 9.65493 35500 -30.4921 -40.1636 202.181 136.508 -13 69 1 0 1
-66.0838 -18.1254 35850 -45.7112 -11.785 202.957 137.856 -13 69 1 0 1
-93.3835 -101.515 36200 40.2017 -61.7009 194.928 139.223 -13 69 1 0 1
-22.0756 -124.982 36550 2.7905 16.0262 207.739 140.576 -13 69 1 0 1
-57.9128 -64.5568 36900 -7.16846 58.8051 199.776 141.915 -13 69 1 0 1
-1.96842 2.00633 37250 49.1832 16.7872 201.79 143.273 -13 69 1 0 1
51.5752 65.7841 37600 -8.18247 55.749 200.612 144.626 -13 69 1 0 1
15.437 123.605 37950 2.1013 17.0282 207.667 145.964 -13 69 1 0 1
53.9831 -24.199 34100 -13.5845 -23.7429 206.761 128.418 -13 70 1 0 1
27.3103 -30.517 34450 -5.93037 13.1955 208.061 129.733 -13 70 1 0 1
17.0199 2.34186 34800 -16.7798 17.719 207.13 131.048 -13 70 1 0 1
-17.6596 8.82226 35150 -18.0537 -1.64204 207.774 132.365 -13 70 1 0 1
-35.8097 26.1485 35500 2.74054 19.332 207.647 133.678 -13 70 1 0 1
-26.2766 40.3781 35850 -3.47726 -3.05821 208.512 134.989 -13 70 1 0 1
-40.9629 11.9333 36200 1.32066 -28.7765 206.564 136.305 -13 70 1 0 1
-15.1208 -14.7889 36550 17.1733 -2.38745 207.841 137.622 -13 70 1 0 1
2.56077 -21.526 36900 2.92254 -8.23236 208.38 138.933 -13 70 1 0 1
5.66605 -35.2625 37250 8.07441 -7.33997 208.277 140.243 -13 70 1 0 1
36.5833 -28.3397 37600 16.911 22.2919 206.678 141.559 -13 70 1 0 1
34.9647 4.13055 37950 -9.21899 6.69864 208.252 142.875 -13 70 1 0 1
-17.8405 -39.2913 34100 -2.4315 47.2146 194.835 132.434 -13 71 1 0 1
32.784 22.9273 34450 38.9994 26.6733 194.842 133.792 -13 71 1 0 1
44.6838 106.604 34800 -43.949 45.3698 190.279 135.164 -13 71 1 0 1
-19.7613 120.484 35150 2.57572 -5.17765 200.406 136.517 -13 71 1 0 1
41.7467 87.6434 35500 32.7381 -51.6649 190.931 137.87 -13 71 1 0 1
14.6133 2.13573 35850 -40.9583 -29.648 194.009 139.243 -13 71 1 0 1
-21.9109 -71.4097 36200 19.3199 -48.0181 193.693 140.606 -13 71 1 0 1
24.1704 -119.539 36550 0.746996 -20.4177 199.445 141.953 -13 71 1 0 1
-59.4843 -125.81 36900 -61.3642 47.7162 184.807 143.328 -13 71 1 0 1
-60.2759 -26.9545 37250 39.1884 28.2051 194.589 144.72 -13 71 1 0 1
-2.70825 26.6746 37600 7.28528 43.3038 195.621 146.075 -13 71 1 0 1
-23.2411 97.8527 37950 -2.81487 39.6897 196.501 147.425 -13 71 1 0 1
-91.7204 -12.104 34100 -4.79287 47.7121 181.576 132.984 -13 72 1 0 1
-51.9147 30.3279 34450 21.7166 -8.47232 186.349 134.351 -13 72 1 0 1
-12.1811 6.23641 34800 26.8376 -1.41458 185.868 135.703 -13 72 1 0 1
30.8012 34.797 35150 23.633 18.2472 185.413 137.058 -13 72 1 0 1
91.9904 11.9411 35500 16.1711 -48.5723 180.689 138.431 -13 72 1 0 1
68.4373 -43.4233 35850 -13.2176 2.21988 187.322 139.798 -13 72 1 0 1
49.7207 -8.93981 36200 -22.0303 19.3661 185.496 141.148 -13 72 1 0 1
-1.12661 -20.177 36550 -27.2081 -21.8238 184.534 142.505 -13 72 1 0 1
-73.1926 -18.6448 36900 -31.4337 38.3907 181.128 143.881 -13 72 1 0 1
-79.8071 42.9771 37250 0.55838 6.62237 187.684 145.247 -13 72 1 0 1
-84.8957 2.52885 37600 16.3562 -35.7867 183.633 146.601 -13 72 1 0 1
-31.5487 -3.64742 37950 24.9443 24.3504 184.538 147.963 -13 72 1 0 1
21.4526 15.8024 34100 14.2343 -19.4196 212.246 127.253 -13 73 1 0 1
23.3571 -13.766 34450 -3.00777 -9.84363 213.359 128.561 -13 73 1 0 1
28.5571 -15.8687 34800 5.28362 6.70363 213.437 129.864 -13 73 1 0 1
28.5121 -11.669 35150 -3.89076 -6.85129 213.462 131.167 -13 73 1 0 1
7.20063 -28.9082 35500 -22.7305 -3.08441 212.372 132.474 -13 73 1 0 1
-17.1332 -16.2318 35850 -4.88346 8.5349 213.381 133.781 -13 73 1 0 1
-19.4308 -13.2459 36200 1.15541 -2.34463 213.591 135.084 -13 73 1 0 1
-21.2323 -11.5582 36550 -5.88214 6.37043 213.431 136.387 -13 73 1 0 1
-25.8467 13.4644 36900 8.61819 19.3739 212.552 137.693 -13 73 1 0 1
-5.60618 26.823 37250 6.57345 0.150876 213.506 138.999 -13 73 1 0 1
-8.10733 24.3161 37600 -4.93134 -4.69378 213.499 140.302 -13 73 1 0 1
-5.31138 18.552 37950 8.84618 0.120409 213.424 141.605 -13 73 1 0 1
40.2177 38.6005 34100 10.0165 -26.016 193.672 130.057 -13 74 1 0 1
22.2536 8.34762 34450 -20.2629 -2.04452 194.606 131.393 -13 74 1 0 1
-13.6719 -3.75017 34800 -12.1319 -19.3266 194.333 132.728 -13 74 1 0 1
-14.864 -37.8834 35150 -1.63931 -13.8617 195.17 134.062 -13 74 1 0 1
-43.4786 -40.5911 35500 -19.3032 17.73 193.905 135.396 -13 74 1 0 1
-44.7282 -15.4568 35850 11.2118 -1.88952 195.338 136.728 -13 74 1 0 1
-8.63574 -26.1375 36200 26.6109 5.60818 193.769 138.064 -13 74 1 0 1
15.413 5.75778 36550 3.99954 18.4875 194.752 139.401 -13 74 1 0 1
35.6764 20.194 36900 15.358 -6.71991 194.949 140.732 -13 74 1 0 1
46.4893 9.8641 37250 -0.234176 6.36302 195.565 142.061 -13 74 1 0 1
23.535 38.4768 37600 -29.5046 9.0856 193.218 143.397 -13 74 1 0 1
-13.8737 20.6293 37950 -7.21426 -15.4474 194.924 144.735 -13 74 1 0 1
-1.15172 -16.0874 34100 -5.35549 0.849103 184.037 131.357 -13 75 1 0 1
-2.07131 -10.4303 34450 4.92443 2.35616 184.036 132.703 -13 75 1 0 1
9.1624 0.198209 34800 1.85559 10.3213 183.818 134.051 -13 75 1 0 1
3.52623 14.497 35150 -2.02902 4.18647 184.058 135.398 -13 75 1 0 1
10.9759 16.1951 35500 6.35003 -5.22879 183.933 136.745 -13 75 1 0 1
10.7364 5.93172 35850 -4.82473 -1.72946 184.046 138.092 -13 75 1 0 1
-0.330318 1.43494 36200 -4.15525 -6.34272 183.961 139.439 -13 75 1 0 1
-0.0556605 -12.833 36550 0.312578 -7.32529 183.971 140.786 -13 75 1 0 1
-13.8614 -20.2266 36900 -12.0389 4.87667 183.658 142.134 -13 75 1 0 1
-22.0754 -6.78787 37250 1.46002 1.97122 184.101 143.482 -13 75 1 0 1
-13.3889 -11.0282 37600 7.86179 -0.460165 183.948 144.829 -13 75 1 0 1
-6.7317 0.433051 37950 -0.698703 10.018 183.843 146.176 -13 75 1 0 1
5.22326 -35.647 34100 -18.2953 -35.5351 195.737 130.931 -13 76 1 0 1
-39.6129 -69.7469 34450 -12.2189 -17.024 198.674 132.27 -13 76 1 0 1
2.24427 -104.88 34800 52.1199 4.54807 192.804 133.616 -13 76 1 0 1
38.1904 -57.8511 35150 -14.2811 21.7477 198.074 134.965 -13 76 1 0 1
1.00326 -19.242 35500 -10.1835 31.9702 196.938 136.301 -13 76 1 0 1
20.5184 33.2034 35850 16.5846 27.434 197.187 137.64 -13 76 1 0 1
-0.954307 87.301 36200 -44.1272 13.4155 194.379 138.986 -13 76 1 0 1
-47.2504 71.0839 36550 3.07437 -6.81079 199.636 140.325 -13 76 1 0 1
-4.87619 63.6064 36900 30.4116 -20.8438 196.344 141.658 -13 76 1 0 1
-1.42567 10.1457 37250 -18.7295 -28.4257 196.854 142.999 -13 76 1 0 1
-8.28704 -49.5207 37600 24.2661 -30.2506 195.976 144.342 -13 76 1 0 1
35.7801 -70.5514 37950 7.52424 -9.31124 199.417 145.678 -13 76 1 0 1
-9.24869 -12.0817 34100 -20.7038 -10.4746 204.305 129.148 -13 77 1 0 1
-42.7227 -12.6231 34450 -14.727 -3.12703 205.066 130.467 -13 77 1 0 1
-44.491 -45.2096 34800 21.0754 -22.76 203.265 131.788 -13 77 1 0 1
-11.8079 -48.1134 35150 3.3932 11.3959 205.274 133.109 -13 77 1 0 1
-16.7494 -19.6689 35500 4.05581 20.4428 204.559 134.426 -13 77 1 0 1
10.6557 -1.6526 35850 21.1396 3.88895 204.492 135.746 -13 77 1 0 1
35.3641 25.4966 36200 -2.33513 26.3453 203.91 137.067 -13 77 1 0 1
19.971 49.9666 36550 -0.0610736 2.69856 205.601 138.385 -13 77 1 0 1
39.5152 33.5362 36900 8.06383 -24.1451 204.037 139.703 -13 77 1 0 1
22.0892 7.63981 37250 -19.8034 -1.11516 204.66 141.023 -13 77 1 0 1
-13.7045 -1.41439 37600 -15.6309 -17.958 204.236 142.343 -13 77 1 0 1
-22.7333 -34.4099 37950 -5.9751 -13.7169 205.073 143.663 -13 77 1 0 1
31.2096 42.3848 34100 14.4243 -29.8655 203.082 128.71 -13 78 1 0 1
16.3705 1.46726 34450 -20.4663 -11.643 204.421 130.035 -13 78 1 0 1
-6.36639 -23.86 34800 1.00217 -20.1179 204.784 131.355 -13 78 1 0 1
4.83013 -50.2159 35150 -0.867543 -13.308 205.34 132.672 -13 78 1 0 1
-31.1008 -59.4026 35500 -30.434 15.5333 202.916 133.994 -13 78 1 0 1
-43.8843 -26.5684 35850 11.0751 6.62882 205.367 135.317 -13 78 1 0 1
-11.946 -23.0618 36200 20.7407 10.6428 204.448 136.635 -13 78 1 0 1
0.38449 9.97534 36550 -0.87183 21.2474 204.671 137.955 -13 78 1 0 1
20.1571 38.0188 36900 24.2798 2.82509 204.315 139.275 -13 78 1 0 1
44.8803 30.7048 37250 1.84906 3.24317 205.739 140.592 -13 78 1 0 1
19.9309 50.4889 37600 -30.4047 3.34117 203.486 141.912 -13 78 1 0 1
-9.28614 27.6661 37950 -0.13904 -17.4094 205.035 143.234 -13 78 1 0 1
76.3607 4.35545 34100 4.35019 -44.5553 184.094 131.382 -13 79 1 0 1
43.6621 -37.8863 34450 -15.5935 3.59299 188.782 132.74 -13 79 1 0 1
25.1196 -16.1061 34800 -14.131 10.5094 188.639 134.082 -13 79 1 0 1
-7.83996 -23.0962 35150 -20.7167 -11.8631 187.949 135.426 -13 79 1 0 1
-58.1637 -11.3763 35500 -17.9585 32.1937 185.838 136.781 -13 79 1 0 1
-53.1722 31.493 35850 4.84288 2.45498 189.381 138.131 -13 79 1 0 1
-49.5262 5.02264 36200 12.6503 -21.4587 187.815 139.474 -13 79 1 0 1
-12.7683 1.34837 36550 18.7456 13.4184 188.051 140.82 -13 79 1 0 1
30.4153 9.12477 36900 22.1386 -15.7439 187.502 142.169 -13 79 1 0 1
45.6899 -23.7898 37250 5.14824 -6.77966 189.268 143.514 -13 79 1 0 1
58.1885 -0.211505 37600 -6.04027 26.2116 187.54 144.858 -13 79 1 0 1
27.5714 13.6835 37950 -14.3961 -10.864 188.599 146.203 -13 79 1 0 1
-52.8206 -21.6783 34100 -23.3179 7.37556 206.851 129.509 -13 80 1 0 1
-74.5796 -9.18047 34450 -6.26377 -9.7395 207.97 130.822 -13 80 1 0 1
-53.0294 -59.212 34800 42.5475 -25.0534 202.355 132.152 -13 80 1 0 1
6.38423 -45.25 35150 13.5342 23.2967 206.542 133.487 -13 80 1 0 1
22.1447 -17.5938 35500 12.9085 6.63475 207.786 134.802 -13 80 1 0 1
51.8864 -14.1077 35850 22.9432 8.00485 206.87 136.116 -13 80 1 0 1
71.4287 42.0726 36200 -20.3362 45.5701 202.226 137.449 -13 80 1 0 1
22.1442 67.2794 36550 -12.7677 -8.2912 207.735 138.78 -13 80 1 0 1
22.6444 41.4097 36900 -2.54217 -20.8166 207.234 140.093 -13 80 1 0 1
-9.58006 24.1748 37250 -31.085 -1.54854 205.954 141.411 -13 80 1 0 1
-60.992 -12.9991 37600 -9.69584 -45.7732 202.969 142.746 -13 80 1 0 1
-44.6572 -65.5894 37950 3.50808 -9.82107 208.031 144.074 -13 80 1 0 1
-58.3889 97.7933 34100 44.9021 41.9601 200.391 129.904 -13 81 1 0 1
5.37377 104.133 34450 2.64685 -13.2454 209.167 131.242 -13 81 1 0 1
-28.2122 67.171 34800 -15.788 -40.235 205.098 132.565 -13 81 1 0 1
2.58814 11.3193 35150 38.1898 -20.9229 205.03 133.899 -13 81 1 0 1
43.3451 -53.7058 35500 -11.2654 -52.308 202.658 135.244 -13 81 1 0 1
3.38626 -106.892 35850 -4.11547 -17.3728 208.841 136.578 -13 81 1 0 1
60.8438 -107.025 36200 45.4169 37.88 201.087 137.912 -13 81 1 0 1
59.8027 -43.0091 36550 -34.1974 13.0815 206.38 139.253 -13 81 1 0 1
-10.8736 -14.1637 36900 -31.1442 40.5759 203.266 140.593 -13 81 1 0 1
-18.3381 64.1462 37250 -0.396849 39.9677 205.757 141.935 -13 81 1 0 1
-78.2046 95.1093 37600 -54.0433 -24.5604 201.021 143.279 -13 81 1 0 1
-105.279 46.3114 37950 14.3014 0.846854 209.113 144.612 -13 81 1 0 1
1.13245 77.3455 34100 45.6375 3.96128 205.616 128.077 -13 82 1 0 1
44.2122 51.011 34450 0.156481 -12.6018 210.28 129.401 -13 82 1 0 1
22.5541 43.1034 34800 -18.0052 -9.70103 209.662 130.711 -13 82 1 0 1
20.4141 11.6374 35150 13.233 -24.1435 208.85 132.024 -13 82 1 0 1
20.4707 -44.6427 35500 -26.7778 -32.0064 206.482 133.35 -13 82 1 0 1
-27.2709 -64.465 35850 -12.453 -6.19156 210.198 134.672 -13 82 1 0 1
-4.24385 -81.5041 36200 32.9984 2.11935 208.046 135.986 -13 82 1 0 1
14.0271 -56.4411 36550 -15.7694 13.474 209.634 137.301 -13 82 1 0 1
-26.1909 -19.1386 36900 -12.5344 38.97 206.641 138.625 -13 82 1 0 1
-9.16818 36.1333 37250 14.6098 22.8298 208.906 139.95 -13 82 1 0 1
-22.0159 67.2829 37600 -28.1443 5.0817 208.707 141.266 -13 82 1 0 1
-46.1765 62.8004 37950 6.81091 6.28625 210.453 142.577 -13 82 1 0 1
-59.7684 -7.10927 34100 -32.5626 26.1024 188.298 132.683 -13 83 1 0 1
-82.4311 41.7754 34450 -10.3344 6.17603 192.491 134.032 -13 83 1 0 1
-99.8652 -10.0778 34800 18.8762 -47.8026 185.893 135.388 -13 83 1 0 1
-35.4776 -27.1122 35150 27.4398 23.0937 189.503 136.753 -13 83 1 0 1
22.3729 3.88289 35500 37.2424 -7.86863 189.074 138.11 -13 83 1 0 1
69.1932 -35.9036 35850 23.3772 -13.7477 190.951 139.463 -13 83 1 0 1
113.958 9.86832 36200 -4.92806 56.0053 184.491 140.828 -13 83 1 0 1
62.5515 45.4835 36550 -20.3706 -19.1789 190.827 142.193 -13 83 1 0 1
19.7171 -4.71763 36900 -39.513 -13.9602 188.259 143.549 -13 83 1 0 1
-49.0812 18.6404 37250 -33.5245 18.1278 189.064 144.911 -13 83 1 0 1
-110.97 -16.456 37600 -6.56449 -55.5349 184.582 146.282 -13 83 1 0 1
-79.2919 -64.2335 37950 7.93981 12.0736 192.325 147.642 -13 83 1 0 1
-46.7057 0.626422 34100 -15.3717 12.5417 205.196 129.313 -13 84 1 0 1
-59.8161 17.1107 34450 -8.21111 -5.09977 205.926 130.628 -13 84 1 0 1
-60.3421 -27.5856 34800 23.6015 -32.7193 202.167 131.954 -13 84 1 0 1
-11.2512 -36.2425 35150 17.6111 13.6265 204.947 133.283 -13 84 1 0 1
10.5871 -19.1918 35500 13.1949 1.06147 205.728 134.599 -13 84 1 0 1
36.2878 -27.3118 35850 20.7316 -2.17165 205.096 135.915 -13 84 1 0 1
71.0342 9.02549 36200 0.224677 41.9082 201.848 137.245 -13 84 1 0 1
42.889 44.9926 36550 -11.463 -2.82184 205.815 138.572 -13 84 1 0 1
34.7543 21.0365 36900 -11.0047 -17.7718 205.091 139.888 -13 84 1 0 1
-0.289593 17.3326 37250 -25.8178 9.4329 204.312 141.208 -13 84 1 0 1
-52.6298 5.41988 37600 -21.9676 -32.1956 202.435 142.538 -13 84 1 0 1
-58.4304 -40.4059 37950 -2.83918 -8.24698 205.969 143.863 -13 84 1 0 1
-0.667133 41.394 34100 38.8438 30.2908 196.476 130.802 -13 85 1 0 1
68.3097 53.1196 34450 24.3062 7.30407 200.96 132.148 -13 85 1 0 1
54.0595 103.664 34800 -46.5639 23.3272 195.747 133.489 -13 85 1 0 1
6.53101 83.3879 35150 9.69601 -26.1298 200.63 134.83 -13 85 1 0 1
34.9252 13.8738 35500 -7.20653 -52.3595 195.54 136.18 -13 85 1 0 1
-23.2482 -43.4928 35850 -34.507 -19.7856 198.613 137.536 -13 85 1 0 1
-28.2083 -102.303 36200 37.2556 -30.0458 196.821 138.88 -13 85 1 0 1
15.26 -108.777 36550 -10.5484 3.02403 202.259 140.214 -13 85 1 0 1
-52.7797 -73.9557 36900 -32.913 55.1348 192.11 141.569 -13 85 1 0 1
-29.656 12.6895 37250 34.1094 27.296 197.79 142.938 -13 85 1 0 1
-4.46482 64.042 37600 -14.907 29.8883 199.784 144.276 -13 85 1 0 1
-32.0715 98.7774 37950 4.97915 22.2095 201.274 145.605 -13 85 1 0 1
-60.5256 -0.923154 34100 -16.9162 16.5982 219.562 128.057 -13 86 1 0 1
-72.9444 16.7124 34450 -8.08909 -8.12362 220.539 129.355 -13 86 1 0 1
-69.2718 -35.0552 34800 30.1355 -38.5988 215.339 130.667 -13 86 1 0 1
-13.0285 -45.5702 35150 21.3904 14.9604 219.289 131.983 -13 86 1 0 1
9.32859 -27.1254 35500 13.6015 3.08307 220.396 133.282 -13 86 1 0 1
37.9303 -32.4268 35850 26.0298 -1.35827 219.293 134.581 -13 86 1 0 1
80.0634 7.61888 36200 4.56945 49.7897 215.102 135.898 -13 86 1 0 1
54.8644 53.4551 36550 -11.2684 1.51711 220.544 137.211 -13 86 1 0 1
52.504 29.2764 36900 -7.60248 -24.4751 219.345 138.509 -13 86 1 0 1
18.1037 18.951 37250 -29.201 11.0143 218.621 139.812 -13 86 1 0 1
-41.6738 16.7357 37600 -34.5157 -28.1174 216.303 141.128 -13 86 1 0 1
-65.0344 -32.7659 37950 -9.67885 -15.6299 220.071 142.439 -13 86 1 0 1
-26.6281 -19.419 34100 -20.138 8.63123 201.028 129.311 -13 87 1 0 1
-42.4459 0.962747 34450 -2.80766 2.71621 202.181 130.633 -13 87 1 0 1
-38.6833 -16.816 34800 13.7031 -13.8079 201.281 131.953 -13 87 1 0 1
-14.3306 -13.5905 35150 7.67484 13.4593 201.624 133.274 -13 87 1 0 1
5.01875 7.82742 35500 18.1535 3.22422 201.377 134.597 -13 87 1 0 1
31.2923 -1.84763 35850 12.1696 -4.05226 201.812 135.918 -13 87 1 0 1
45.4538 16.6937 36200 -4.53041 20.6488 201.111 137.24 -13 87 1 0 1
29.2634 27.8771 36550 -2.87938 -8.15014 202.034 138.561 -13 87 1 0 1
23.6463 -0.828987 36900 -14.2522 -17.368 200.967 139.883 -13 87 1 0 1
-10.2886 -5.74807 37250 -18.2363 4.84411 201.337 141.208 -13 87 1 0 1
-35.6835 -17.3016 37600 -4.73249 -18.8824 201.28 142.53 -13 87 1 0 1
-34.5474 -37.1074 37950 -5.8147 0.360394 202.135 143.85 -13 87 1 0 1
-24.6612 -17.7212 34100 7.44952 25.722 206.618 128.583 -13 88 1 0 1
10.9064 4.22066 34450 25.4154 4.59493 206.74 129.903 -13 88 1 0 1
38.6995 35.3998 34800 -3.05372 30.463 206.085 131.223 -13 88 1 0 1
23.6563 65.4478 35150 3.9777 5.48461 208.236 132.54 -13 88 1 0 1
58.1468 43.4125 35500 15.6539 -36.891 204.456 133.861 -13 88 1 0 1
39.7746 -1.15218 35850 -22.664 -6.1173 207.02 135.187 -13 88 1 0 1
5.23578 -10.2705 36200 -14.5449 -14.7643 207.313 136.503 -13 88 1 0 1
-6.1669 -45.3478 36550 -9.79335 -22.0919 206.94 137.819 -13 88 1 0 1
-57.7391 -54.5218 36900 -37.0917 25.8343 203.384 139.148 -13 88 1 0 1
-74.83 -8.67641 37250 6.15458 6.22986 208.163 140.474 -13 88 1 0 1
-51.4552 -26.7327 37600 26.1176 -9.4345 206.488 141.789 -13 88 1 0 1
-19.4364 -4.06627 37950 8.30688 28.7314 206.189 143.109 -13 88 1 0 1
-8.71971 6.09683 34100 8.15179 5.3897 193.716 129.69 -13 89 1 0 1
6.17463 4.82223 34450 6.08424 -2.9315 193.845 131.021 -13 89 1 0 1
14.4012 8.25833 34800 1.20451 6.49753 193.85 132.351 -13 89 1 0 1
14.844 14.9018 35150 3.62988 -0.848473 193.927 133.681 -13 89 1 0 1
22.8966 -1.0241 35500 -2.46543 -15.1 193.358 135.013 -13 89 1 0 1
7.71328 -14.3616 35850 -7.0118 -0.339695 193.836 136.345 -13 89 1 0 1
2.91534 -14.8041 36200 0.0253974 -0.814272 193.961 137.674 -13 89 1 0 1
-1.08318 -18.8179 36550 -6.92427 -3.76826 193.802 139.004 -13 89 1 0 1
-23.8241 -12.6593 36900 -10.7056 15.4197 193.052 140.337 -13 89 1 0 1
-23.7915 11.1687 37250 2.95597 4.88986 193.878 141.671 -13 89 1 0 1
-24.076 7.22296 37600 0.965669 -6.43124 193.854 143 -13 89 1 0 1
-16.9124 7.6786 37950 5.23985 8.36965 193.711 144.331 -13 89 1 0 1
81.837 5.08669 34100 3.65007 -47.317 218.422 127.067 -13 90 1 0 1
55.4912 -35.6889 34450 -15.5614 1.79559 222.969 128.375 -13 90 1 0 1
38.8734 -13.2083 34800 -16.2149 15.9712 222.356 129.671 -13 90 1 0 1
5.31712 -14.782 35150 -23.3205 -13.4181 221.893 130.969 -13 90 1 0 1
-42.264 -16.1731 35500 -28.4722 22.0965 220.593 132.274 -13 90 1 0 1
-61.5285 19.7046 35850 -7.37045 7.74459 223.262 133.576 -13 90 1 0 1
-73.0442 -6.39168 36200 7.06353 -32.4636 221.035 134.874 -13 90 1 0 1
-46.2052 -24.6232 36550 12.5738 11.4415 222.871 136.174 -13 90 1 0 1
-23.8772 6.33626 36900 24.768 15.2332 221.619 137.473 -13 90 1 0 1
15.8651 3.09204 37250 21.2887 -9.14331 222.314 138.774 -13 90 1 0 1
45.4506 12.4334 37600 9.15661 22.676 222.177 140.072 -13 90 1 0 1
46.5884 37.3622 37950 5.31387 1.66423 223.449 141.367 -13 90 1 0 1
-12.0597 35.7129 34100 32.547 1.21232 190.244 130.166 -13 92 1 0 1
24.625 6.53306 34450 7.81939 -17.6918 192.04 131.511 -13 92 1 0 1
43.3677 -1.32864 34800 9.65276 10.0375 192.509 132.846 -13 92 1 0 1
51.4651 8.20407 35150 5.32563 -8.71355 192.742 134.178 -13 92 1 0 1
41.9098 -36.69 35500 -28.2719 -24.4697 189.356 135.524 -13 92 1 0 1
-6.83158 -35.49 35850 -12.4473 12.4966 192.205 136.871 -13 92 1 0 1
-17.5156 -24.0016 36200 -3.58473 0.250953 192.979 138.204 -13 92 1 0 1
-31.9454 -23.8917 36550 -15.7428 4.55297 192.315 139.536 -13 92 1 0 1
-54.3471 18.8229 36900 9.18098 36.5396 189.299 140.883 -13 92 1 0 1
-17.732 46.8238 37250 11.1838 -2.15393 192.676 142.229 -13 92 1 0 1
-18.1571 34.1189 37600 -1.526 -11.6067 192.657 143.561 -13 92 1 0 1
-0.840971 24.804 37950 19.0627 2.09178 192.057 144.895 -13 92 1 0 1
103.658 22.389 34100 5.97338 -53.3889 197.735 129.985 -13 93 1 0 1
65.1792 -21.8155 34450 -25.4871 10.1206 203.059 131.326 -13 93 1 0 1
16.7088 6.40108 34800 -36.0548 2.39056 201.691 132.657 -13 93 1 0 1
-32.0028 -24.74 35150 -23.9162 -22.244 202.283 133.99 -13 93 1 0 1
-87.7681 -15.6259 35500 -22.6704 39.1275 199.85 135.327 -13 93 1 0 1
-85.6229 28.5083 35850 4.39711 -4.72996 204.801 136.656 -13 93 1 0 1
-68.1515 -21.4099 36200 33.6638 -31.9115 199.583 137.988 -13 93 1 0 1
-4.81515 -18.4632 36550 25.9974 22.2475 202.026 139.328 -13 93 1 0 1
41.931 -2.28389 36900 26.0465 -13.3775 202.8 140.657 -13 93 1 0 1
69.2185 -29.5364 37250 16.2937 -1.80012 204.246 141.979 -13 93 1 0 1
89.5572 21.3396 37600 -16.6485 48.2484 198.444 143.315 -13 93 1 0 1
35.9638 47.7757 37950 -20.6355 -13.3619 203.423 144.655 -13 93 1 0 1
73.1847 -28.7722 34100 -12.9795 -44.0002 186.153 131.209 -13 94 1 0 1
27.505 -56.5678 34450 -11.9334 8.89907 191.144 132.564 -13 94 1 0 1
22.6292 -26.7473 34800 -8.00093 19.1884 190.592 133.902 -13 94 1 0 1
-12.787 -15.1709 35150 -25.5833 -1.81823 189.999 135.244 -13 94 1 0 1
-55.2187 15.477 35500 -3.97218 36.4905 188.176 136.596 -13 94 1 0 1
-35.0538 53.6931 35850 4.22549 1.94128 191.666 137.942 -13 94 1 0 1
-47.2291 29.0149 36200 -0.113223 -27.0794 189.8 139.282 -13 94 1 0 1
-16.1326 6.03388 36550 23.6819 3.3532 190.225 140.626 -13 94 1 0 1
27.4807 -4.74864 36900 14.5935 -23.4014 189.729 141.971 -13 94 1 0 1
29.1569 -43.1542 37250 2.52947 -11.0793 191.385 143.313 -13 94 1 0 1
55.3775 -31.3452 37600 10.2952 26.7172 189.572 144.654 -13 94 1 0 1
37.9142 -2.58903 37950 -17.7491 -3.02403 190.875 145.996 -13 94 1 0 1
22.3884 29.6236 34100 34.5132 5.68945 185.067 131.992 -13 95 1 0 1
70.8132 14.5014 34450 15.8352 0.516526 187.676 133.346 -13 95 1 0 1
66.9976 61.7104 34800 -32.8738 28.5099 183.248 134.704 -13 95 1 0 1
17.7429 52.1959 35150 -2.6904 -24.6843 186.7 136.065 -13 95 1 0 1
10.6639 -4.69064 35500 -22.6059 -26.981 185.026 137.423 -13 95 1 0 1
-46.1752 -20.2788 35850 -26.6008 -5.03793 186.388 138.782 -13 95 1 0 1
-57.0231 -71.3977 36200 28.5944 -32.9956 183.213 140.143 -13 95 1 0 1
-11.3268 -77.1423 36550 -1.78057 13.3631 187.861 141.5 -13 95 1 0 1
-36.0791 -29.2542 36900 0.301767 39.2694 184.205 142.857 -13 95 1 0 1
8.8935 14.4494 37250 30.2279 9.86666 185.641 144.221 -13 95 1 0 1
33.325 58.9092 37600 -16.0092 30.9561 185.092 145.579 -13 95 1 0 1
1.00219 81.6818 37950 3.11369 2.64957 188.3 146.929 -13 95 1 0 1
59.0193 2.67356 34100 13.8933 -37.1654 178.723 132.363 -13 96 1 0 1
45.5115 -45.2671 34450 -5.56393 -4.06313 182.945 133.728 -13 96 1 0 1
51.5268 -21.3103 34800 -4.26414 23.9895 181.446 135.082 -13 96 1 0 1
18.6388 -8.91175 35150 -20.9679 -10.7429 181.552 136.44 -13 96 1 0 1
-32.6601 -11.1352 35500 -23.6786 21.1321 180.303 137.804 -13 96 1 0 1
-44.6786 31.0937 35850 -3.05807 9.50851 182.802 139.165 -13 96 1 0 1
-61.3167 10.5036 36200 1.44375 -27.1877 181.039 140.52 -13 96 1 0 1
-32.7976 -7.5586 36550 15.4136 10.4251 182.127 141.878 -13 96 1 0 1
4.99516 10.7785 36900 24.1752 -4.90639 181.405 143.236 -13 96 1 0 1
31.565 -17.8205 37250 9.26136 -11.9835 182.447 144.593 -13 96 1 0 1
56.3748 -5.43865 37600 3.90566 24.4955 181.387 145.948 -13 96 1 0 1
38.8232 15.8565 37950 -9.09443 -7.09477 182.711 147.303 -13 96 1 0 1
86.1873 23.6007 34100 17.5726 -48.743 184.827 131.272 -13 97 1 0 1
62.6992 -32.3551 34450 -17.0852 0.27433 191.19 132.632 -13 97 1 0 1
37.8446 -9.13598 34800 -19.9529 11.1282 190.587 133.972 -13 97 1 0 1
-0.735704 -24.0537 35150 -21.3135 -19.7954 189.735 135.316 -13 97 1 0 1
-61.4419 -26.6601 35500 -30.2384 30.4022 187.101 136.674 -13 97 1 0 1
-71.0877 22.8147 35850 2.24818 4.57074 191.884 138.024 -13 97 1 0 1
-64.3689 -9.25377 36200 19.7032 -25.0224 189.291 139.365 -13 97 1 0 1
-20.062 -7.51627 36550 17.9659 20.5597 190 140.713 -13 97 1 0 1
25.8859 17.2679 36900 30.8562 -8.0146 189.286 142.062 -13 97 1 0 1
58.0962 -13.1574 37250 11.2552 -6.92786 191.497 143.407 -13 97 1 0 1
71.065 18.9368 37600 -12.9741 31.6484 188.88 144.75 -13 97 1 0 1
32.7334 30.9237 37950 -12.163 -15.5025 190.938 146.096 -13 97 1 0 1
51.3074 49.8746 34100 32.6629 -26.6876 184.667 131.112 -13 98 1 0 1
60.3263 0.55838 34450 -9.7546 -6.94519 189.044 132.467 -13 98 1 0 1
37.4064 10.5596 34800 -18.1817 3.7339 188.511 133.808 -13 98 1 0 1
14.4526 -12.3488 35150 -6.9648 -23.1471 187.874 135.152 -13 98 1 0 1
-27.4083 -43.9229 35500 -35.6739 5.56531 185.95 136.508 -13 98 1 0 1
-61.0306 -14.6171 35850 -3.64472 4.60637 189.332 137.858 -13 98 1 0 1
-47.3933 -37.6898 36200 23.9704 -13.1725 187.438 139.201 -13 98 1 0 1
-15.9487 -21.9623 36550 2.63971 21.5885 188.17 140.548 -13 98 1 0 1
1.15271 20.6046 36900 24.5434 13.6261 187.331 141.898 -13 98 1 0 1
42.1499 19.3531 37250 13.8996 0.37833 188.912 143.244 -13 98 1 0 1
40.7315 48.5456 37600 -22.0738 17.8514 187.284 144.589 -13 98 1 0 1
9.67798 43.9202 37950 0.366714 -13.6194 188.932 145.935 -13 98 1 0 1
14.756 30.3929 34100 30.8673 29.2249 210.444 129.318 -13 99 1 0 1
72.0681 52.8048 34450 24.1752 18.5317 212.523 130.64 -13 99 1 0 1
49.2031 118.119 34800 -59.1354 28.0944 204.469 131.978 -13 99 1 0 1
-12.9002 98.0719 35150 4.84756 -25.1579 213.16 133.313 -13 99 1 0 1
20.9804 43.7566 35500 8.13972 -47.9861 209.105 134.638 -13 99 1 0 1
-17.0795 -20.8638 35850 -34.9057 -29.9127 209.716 135.972 -13 99 1 0 1
-27.8009 -93.2177 36200 36.2208 -42.2989 207.347 137.309 -13 99 1 0 1
24.9983 -118.22 36550 -0.719727 -7.55834 214.56 138.634 -13 99 1 0 1
-42.6886 -110.86 36900 -51.9889 42.9241 203.835 139.969 -13 99 1 0 1
-46.4548 -28.5558 37250 32.2997 30.4031 210.062 141.317 -13 99 1 0 1
-3.88292 23.769 37600 2.75741 40.5314 210.816 142.644 -13 99 1 0 1
-25.4323 84.3093 37950 -5.28717 37.0526 211.407 143.967 -13 99 1 0 1
-4.77824 8.90156 34100 13.7566 3.51661 190.306 130.201 -13 100 1 0 1
16.0892 0.998228 34450 8.22406 -5.03498 190.591 131.538 -13 100 1 0 1
28.7386 9.19363 34800 0.616886 12.6762 190.412 132.875 -13 100 1 0 1
23.7745 19.7339 35150 1.48832 -3.37984 190.799 134.21 -13 100 1 0 1
26.3772 -3.68715 35500 -8.33371 -17.3281 189.863 135.549 -13 100 1 0 1
1.2972 -13.882 35850 -11.0155 2.44597 190.501 136.888 -13 100 1 0 1
-10.5434 -17.1819 36200 -1.13732 -6.64216 190.716 138.223 -13 100 1 0 1
-12.541 -26.6107 36550 -6.92686 -2.38146 190.694 139.559 -13 100 1 0 1
-35.0681 -10.638 36900 -6.07368 22.0016 189.465 140.899 -13 100 1 0 1
-23.245 15.248 37250 8.10488 2.19874 190.65 142.239 -13 100 1 0 1
-15.6634 11.323 37600 3.5479 -2.70099 190.783 143.574 -13 100 1 0 1
-6.1864 17.205 37950 7.8379 8.63905 190.478 144.909 -13 100 1 0 1
