#BLTrackFile VirtualDetector/det9
#x y z Px Py Pz t PDGid EventID TrackID ParentID Weight
#mm mm mm MeV/c MeV/c MeV/c ns - - - - -
-80.8342 38.5462 38300 38.7355 31.3376 193.697 147.025 -13 1 1 0 1
-2.72039 -26.3001 38300 -5.3556 7.6549 199.784 145.164 -13 2 1 0 1
10.4936 32.8412 38300 18.0332 18.4483 198.332 146.041 -13 3 1 0 1
81.7325 73.9172 38300 41.2196 -39.2059 191.742 146.668 -13 4 1 0 1
32.1681 -14.4224 38300 -56.1514 10.373 191.679 151.423 -13 5 1 0 1
12.265 15.0594 38300 19.7564 -3.08372 198.999 144.757 -13 6 1 0 1
-123.851 -22.3768 38300 -4.82204 60.0477 190.715 148.677 -13 8 1 0 1
32.5131 14.0913 38300 12.0329 -18.5668 198.774 144.748 -13 9 1 0 1
-12.3826 11.2424 38300 31.9912 0.548185 197.427 145.672 -13 10 1 0 1
-15.5108 147.979 38300 86.1862 9.78755 180.214 148.714 -13 11 1 0 1
94.8613 -24.7997 38300 -2.21721 -57.124 191.658 146.687 -13 12 1 0 1
-0.238157 1.82145 38300 11.3745 -5.089 199.613 144.74 -13 13 1 0 1
71.2525 61.5069 38300 43.7669 -28.1005 193.121 146.381 -13 14 1 0 1
-0.0432393 -24.4005 38300 -12.4891 16.2347 198.951 145.68 -13 15 1 0 1
22.4194 27.7406 38300 5.24786 -33.2204 197.154 145.803 -13 16 1 0 1
15.8882 -13.5348 38300 19.1951 -23.3514 197.705 146.07 -13 17 1 0 1
15.1269 63.2219 38300 36.1222 -25.0472 195.112 145.56 -13 18 1 0 1
8.77477 -0.282027 38300 -18.1336 -16.8736 198.462 145.845 -13 19 1 0 1
4.89027 -25.0547 38300 -8.19975 3.08626 199.81 145.093 -13 20 1 0 1
17.4986 47.0185 38300 29.6028 -11.7411 197.45 144.806 -13 21 1 0 1
34.5041 77.0123 38300 51.5305 -5.33645 193.176 146.241 -13 22 1 0 1
-118.949 62.1345 38300 33.1774 63.8064 186.626 148.613 -13 23 1 0 1
86.5391 63.3128 38300 44.0039 -45.0336 189.833 146.623 -13 24 1 0 1
-1.47938 24.2525 38300 -0.163232 16.6646 199.307 145.849 -13 25 1 0 1
-87.6196 -24.3246 38300 1.43457 48.286 194.081 147.018 -13 26 1 0 1
-1.43657 30.7327 38300 4.14447 36.2442 196.648 147.966 -13 27 1 0 1
11.0345 41.7534 38300 20.9949 -27.2655 197.02 145.553 -13 28 1 0 1
90.1709 3.62289 38300 -15.6989 -44.9988 194.241 147.177 -13 29 1 0 1
-33.1338 27.2291 38300 15.8249 8.04184 199.213 145.05 -13 30 1 0 1
-81.2982 27.3417 38300 -24.4303 37.0056 195.026 150.038 -13 31 1 0 1
-71.6933 70.1082 38300 35.101 32.7747 194.151 146.682 -13 32 1 0 1
21.1551 -0.843099 38300 16.426 -35.2748 196.181 146.053 -13 33 1 0 1
-27.3649 -65.5476 38300 -38.823 -0.658349 196.197 146.617 -13 34 1 0 1
40.4167 22.8984 38300 1.76459 -28.6278 197.935 145.33 -13 35 1 0 1
26.807 35.6046 38300 5.98429 -28.2147 197.912 145.608 -13 36 1 0 1
19.5151 19.5167 38300 11.4951 -10.9198 199.372 144.678 -13 37 1 0 1
10.1434 -32.6231 38300 -10.6876 -31.659 197.191 146.218 -13 38 1 0 1
21.1094 8.65643 38300 -13.7048 -17.6983 198.746 145.703 -13 39 1 0 1
-37.0978 -2.77533 38300 4.95497 21.5174 198.779 145.14 -13 40 1 0 1
46.8916 -8.02139 38300 1.78635 -28.4527 197.96 145.062 -13 41 1 0 1
104.831 16.5339 38300 17.5887 -56.9515 190.914 146.683 -13 42 1 0 1
7.78308 44.7205 38300 41.3387 -18.2593 194.829 145.522 -13 43 1 0 1
19.6412 118.547 38300 60.8936 9.89955 190.25 148.45 -13 44 1 0 1
29.2862 14.5866 38300 13.84 -19.586 198.558 144.737 -13 45 1 0 1
52.9452 -41.2227 38300 -41.1488 -15.1823 195.134 147.216 -13 46 1 0 1
4.50954 -17.0059 38300 3.48985 14.4315 199.45 145.629 -13 47 1 0 1
10.2903 13.5021 38300 30.4972 8.74952 197.47 145.898 -13 48 1 0 1
-15.2232 21.2106 38300 8.04098 5.07289 199.775 144.839 -13 49 1 0 1
98.5305 -25.0869 38300 -10.5241 -51.4446 192.986 146.688 -13 50 1 0 1
-9.6625 -10.5173 38300 -1.38507 0.88675 199.995 144.844 -13 51 1 0 1
9.10362 36.1869 38300 2.45494 7.40315 199.85 145.879 -13 52 1 0 1
-3.83613 -22.4509 38300 -10.4899 0.890459 199.724 145.01 -13 53 1 0 1
26.2176 8.51903 38300 -14.4751 -16.9584 198.756 145.753 -13 54 1 0 1
-75.9101 -58.2962 38300 29.8331 83.3562 179.342 155.514 -13 55 1 0 1
-67.9037 56.7915 38300 45.6199 17.0296 193.984 147.125 -13 56 1 0 1
92.0566 -148.559 38300 -120.39 4.16352 159.657 155.923 -13 57 1 0 1
-83.0497 -0.660534 38300 20.2571 47.831 193.139 147.069 -13 58 1 0 1
-96.595 66.9989 38300 60.9819 36.4299 186.963 149.083 -13 59 1 0 1
71.863 68.0801 38300 31.4696 -56.8535 189.151 147.111 -13 60 1 0 1
21.0963 8.25942 38300 8.65101 -17.0356 199.087 144.719 -13 61 1 0 1
-28.6021 -20.3911 38300 -27.5098 4.25777 198.056 146.155 -13 62 1 0 1
31.5724 -61.7989 38300 -37.5728 6.94498 196.319 147.275 -13 63 1 0 1
-34.7095 17.7776 38300 14.8931 10.431 199.174 145.006 -13 64 1 0 1
12.6238 58.8607 38300 36.2086 -10.6724 196.407 144.973 -13 65 1 0 1
40.2152 35.7349 38300 26.3046 -23.114 196.912 144.915 -13 66 1 0 1
33.1217 -77.0674 38300 -30.8493 -28.1746 195.59 146.648 -13 67 1 0 1
15.4958 20.277 38300 -13.9051 -35.1729 196.394 147.625 -13 68 1 0 1
-86.11 -82.8299 38300 -30.8603 46.852 191.973 148.726 -13 69 1 0 1
-21.7599 43.082 38300 39.4487 -1.73232 196.066 145.513 -13 70 1 0 1
62.7942 139.522 38300 75.3329 -38.4421 181.241 148.872 -13 71 1 0 1
66.2772 19.924 38300 -14.3171 -44.6072 194.438 147.378 -13 72 1 0 1
0.830848 22.8247 38300 16.3541 -1.60968 199.325 144.627 -13 73 1 0 1
44.7595 39.1707 38300 10.242 -28.8368 197.647 145.428 -13 74 1 0 1
19.7943 42.0232 38300 28.4159 -9.1659 197.76 144.783 -13 75 1 0 1
-3.65563 -90.9289 38300 -42.4672 8.70084 195.248 146.98 -13 76 1 0 1
10.4558 33.0861 38300 41.0058 5.74469 195.669 145.906 -13 77 1 0 1
-27.4359 -20.7837 38300 2.66964 19.0162 199.078 145.374 -13 78 1 0 1
-42.165 24.4931 38300 31.4933 20.0155 196.49 145.556 -13 79 1 0 1
86.5517 72.4888 38300 38.3131 -44.2066 191.256 146.774 -13 80 1 0 1
29.6858 -33.2568 38300 -36.3958 10.0514 196.406 147.605 -13 81 1 0 1
7.42508 -32.21 38300 -13.6429 5.87775 199.45 145.382 -13 82 1 0 1
-20.3987 -1.64868 38300 -37.0827 4.45525 196.484 147.908 -13 83 1 0 1
69.539 29.1336 38300 36.4283 -30.7484 194.238 146.255 -13 84 1 0 1
38.7399 52.0294 38300 20.7739 -50.2595 192.467 147.355 -13 85 1 0 1
-49.2515 -1.87862 38300 -15.4531 10.1697 199.145 146.284 -13 86 1 0 1
-29.6515 18.6264 38300 28.3994 23.4105 196.586 145.553 -13 87 1 0 1
19.2782 21.6345 38300 2.10958 -30.6197 197.633 145.68 -13 88 1 0 1
-2.78394 5.4613 38300 5.3464 -1.33639 199.925 144.685 -13 89 1 0 1
46.1087 3.4054 38300 9.82898 -20.9468 198.659 145 -13 90 1 0 1
94.2248 154.509 38300 110.277 -21.9418 165.406 157.114 -13 91 1 0 1
-29.4627 34.6878 38300 21.0572 16.6169 198.195 144.968 -13 92 1 0 1
-87.111 8.71453 38300 0.931012 38.4669 196.266 146.598 -13 93 1 0 1
14.969 26.4875 38300 37.5036 -22.3385 195.18 145.82 -13 94 1 0 1
-46.6861 -51.1625 38300 -29.1698 13.582 197.397 146.288 -13 95 1 0 1
10.0565 -5.67489 38300 -20.7726 -3.78588 198.884 145.737 -13 96 1 0 1
6.85606 22.8324 38300 40.3459 -1.65677 195.884 145.926 -13 97 1 0 1
-32.0984 -17.1799 38300 3.07337 21.2722 198.844 145.351 -13 98 1 0 1
-0.272522 -48.7133 38300 -14.7248 29.2436 197.304 147.359 -13 99 1 0 1
-4.24461 9.01927 38300 5.09845 -3.42542 199.907 144.728 -13 100 1 0 1
