#BLTrackFile VirtualDetector/Det2
#x y z Px Py Pz t PDGid EventID TrackID ParentID Weight
#mm mm mm MeV/c MeV/c MeV/c ns - - - - -
-3.06534 -82.8135 4200 -46.5793 -39.4946 226.025 18.4611 -13 1 1 0 1
-15.6082 -1.19128 4200 -24.0513 1.13998 229.073 18.1033 -13 2 1 0 1
-25.8683 -1.84834 4200 -31.5854 5.4295 225.771 18.245 -13 3 1 0 1
-75.5163 73.3492 4200 13.576 61.5576 219.828 18.5427 -13 4 1 0 1
187.623 123.662 4200 40.185 -140.844 180.569 19.3899 -13 5 1 0 1
-18.8192 15.6319 4200 -3.92607 2.29269 233.104 17.9924 -13 6 1 0 1
70.0834 16.7014 4200 95.4771 -17.8916 204.95 20.346 -13 7 1 0 1
-22.6549 216.415 4200 135.512 -31.2484 183.071 19.3569 -13 8 1 0 1
2.86246 -8.62327 4200 2.16677 -11.7234 226.752 18.0581 -13 9 1 0 1
2.17215 23.7093 4200 5.90647 31.2384 230.014 18.1825 -13 10 1 0 1
76.86 60.1146 4200 62.5887 -32.0702 215.295 18.5698 -13 11 1 0 1
-3.40099 34.103 4200 22.7884 32.5257 223.461 18.2773 -13 12 1 0 1
-2.93908 7.19559 4200 55.5612 -6.45807 12.9004 19.0705 -11 13 1001 1 1
49.7099 -194.961 4200 0.89555 -27.9901 101.894 17.7825 12 13 1002 1 1
-78.3041 52.0395 4200 -3.27933 58.8742 222.677 18.4693 -13 14 1 0 1
21.1515 -4.2881 4200 -12.5983 -16.8321 227.393 18.0618 -13 15 1 0 1
-8.51544 8.26326 4200 25.8523 -2.53883 230.577 18.0775 -13 16 1 0 1
20.7969 -1.10579 4200 18.8479 25.1876 237.367 18.179 -13 17 1 0 1
-19.6017 1.61425 4200 17.0622 11.2557 230.782 18.0382 -13 18 1 0 1
23.0449 1.48871 4200 26.5101 -24.3246 229.34 18.1334 -13 19 1 0 1
-15.2516 -10.989 4200 -23.2041 -5.88613 228.2 18.0974 -13 20 1 0 1
7.80048 6.6113 4200 16.0017 3.16528 228.467 18.0425 -13 21 1 0 1
-66.8694 -10.8556 4200 -41.7474 29.9372 226.231 18.3338 -13 22 1 0 1
39.059 175.464 4200 107.664 -14.5165 204.367 18.906 -13 23 1 0 1
-18.3228 2.98234 4200 -29.6028 26.85 231.6 18.1818 -13 24 1 0 1
-15.1615 -45.2441 4200 -34.2762 -24.0011 226.238 18.2678 -13 25 1 0 1
49.9828 -41.1875 4200 -1.9916 -54.2316 220.977 18.4024 -13 26 1 0 1
42.9691 16.2538 4200 51.4387 -4.32498 231.063 18.3965 -13 27 1 0 1
24.4661 4.60952 4200 32.2062 -5.5027 228.53 18.1761 -13 28 1 0 1
-0.564006 34.6222 4200 11.0688 45.6461 234.364 18.2987 -13 29 1 0 1
22.0907 -0.899131 4200 10.6766 10.9937 230.412 18.1056 -13 30 1 0 1
-104.532 -167.755 4200 -62.5772 118.059 185.203 19.6776 -13 31 1 0 1
-44.3521 -91.051 4200 -63.0111 -5.35658 218.534 18.5377 -13 32 1 0 1
4.03795 10.809 4200 25.1506 20.1517 228.739 18.1611 -13 33 1 0 1
44.1963 -5.8215 4200 18.1612 -34.1198 213.577 18.3906 -13 34 1 0 1
51.5515 -35.1489 4200 -1.39767 -40.212 216.556 18.3284 -13 35 1 0 1
16.1509 -13.5741 4200 17.3226 -24.6149 227.015 18.1884 -13 36 1 0 1
3.22999 -13.0974 4200 2.79636 -7.02183 227.789 18.0414 -13 37 1 0 1
24.9954 9.90841 4200 37.5606 -1.81991 227.883 18.2354 -13 38 1 0 1
36.8185 -31.4625 4200 -1.60438 -38.9306 219.227 18.2874 -13 39 1 0 1
-14.34 -6.658 4200 -14.0562 13.2959 221.776 18.1334 -13 40 1 0 1
9.77949 17.6538 4200 5.46734 -10.5206 232.202 17.9767 -13 41 1 0 1
-24.6765 64.6314 4200 24.8442 44.373 220.566 18.4019 -13 42 1 0 1
-11.4663 32.5832 4200 14.5787 31.513 228.244 18.1266 -13 43 1 0 1
139.495 -46.5341 4200 2.93181 -86.5133 216.425 18.794 -13 44 1 0 1
7.24237 0.0148492 4200 4.28152 -8.3158 226.251 18.0458 -13 45 1 0 1
-2.3125 74.4726 4200 43.7676 42.2845 228.377 18.377 -13 46 1 0 1
-12.3129 10.811 4200 -23.0278 10.9349 228.037 18.1738 -13 47 1 0 1
-1.99603 6.45841 4200 -23.095 18.1994 232.056 18.1335 -13 48 1 0 1
5.5331 -16.8316 4200 -0.733089 3.85079 230.753 18.0063 -13 49 1 0 1
0.067298 83.8927 4200 41.922 42.9829 229.489 18.4185 -13 50 1 0 1
-3.11759 0.106843 4200 -12.111 3.66783 226.807 18.058 -13 51 1 0 1
-59.3308 -87.3496 4200 -57.9136 10.0852 213.636 18.5519 -13 52 1 0 1
-0.963672 -16.0154 4200 -15.686 -3.53269 221.565 18.1228 -13 53 1 0 1
5.73286 7.02333 4200 15.1463 -23.6812 230.503 18.0796 -13 54 1 0 1
163.353 -0.227677 4200 -76.4309 -99.1749 192.075 19.8369 -13 55 1 0 1
-57.0491 -73.6676 4200 -60.9218 -1.55134 222.85 18.5296 -13 56 1 0 1
80.2672 103.594 4200 26.522 -101.983 191.612 19.7588 -13 57 1 0 1
61.0939 -35.8469 4200 5.4354 -59.4872 224.297 18.372 -13 58 1 0 1
125.386 163.704 4200 95.0312 -84.5844 195.134 19.0983 -13 59 1 0 1
-48.631 -16.7134 4200 -43.0265 27.3225 225.75 18.2812 -13 60 1 0 1
8.76763 -1.59435 4200 1.98519 -6.79962 229.392 17.9979 -13 61 1 0 1
48.274 -6.76758 4200 22.3811 -38.8704 223.613 18.254 -13 62 1 0 1
57.2326 42.6785 4200 57.5043 -7.60555 226.802 18.4233 -13 63 1 0 1
10.3346 23.939 4200 11.0768 17.5072 224.381 18.1751 -13 64 1 0 1
5.72544 12.0849 4200 19.3934 6.14361 226.287 18.0825 -13 65 1 0 1
-4.98333 13.3165 4200 13.6062 0.0746351 232.977 17.9599 -13 66 1 0 1
31.2811 14.0125 4200 42.292 2.60322 229.803 18.2862 -13 67 1 0 1
-58.9366 45.075 4200 -11.5822 56.6888 227.655 18.457 -13 68 1 0 1
-139.905 173.968 4200 128.29 57.6497 186.199 19.2851 -13 69 1 0 1
-4.16431 -1.69165 4200 5.52951 25.3238 231.981 18.0592 -13 70 1 0 1
63.2118 -26.89 4200 21.6877 -53.8069 222.765 18.5238 -13 71 1 0 1
-44.5109 76.9805 4200 29.155 52.5818 216.943 18.5076 -13 72 1 0 1
-1.64355 0.40089 4200 -1.04966 5.26885 235.381 17.9188 -13 73 1 0 1
3.95733 -17.6671 4200 6.91831 -24.2371 226.871 18.174 -13 74 1 0 1
1.1911 4.10045 4200 10.8326 -1.42064 223.379 18.0955 -13 75 1 0 1
55.009 13.5845 4200 44.071 -25.0153 224.255 18.3728 -13 76 1 0 1
-22.2408 -1.58643 4200 -28.9785 20.2029 229.545 18.14 -13 77 1 0 1
9.13224 -1.83569 4200 -18.5331 6.69792 231.471 18.0503 -13 78 1 0 1
-2.41416 -10.0918 4200 -5.29479 16.6189 225.109 18.1088 -13 79 1 0 1
-41.2266 50.3566 4200 -4.59872 49.4273 227.974 18.3959 -13 80 1 0 1
2.9949 4.87664 4200 29.171 24.356 230.732 18.2348 -13 81 1 0 1
14.0413 0.988355 4200 -13.7907 -16.9217 233.243 17.9991 -13 82 1 0 1
-25.7934 94.6535 4200 44.7384 46.5669 217.774 18.5604 -13 83 1 0 1
-35.5259 50.5165 4200 1.42882 47.9008 227.468 18.3395 -13 84 1 0 1
-80.2171 -22.5595 4200 -47.7882 40.3236 222.4 18.4339 -13 85 1 0 1
4.49277 -21.0823 4200 16.1633 -34.8396 235.219 18.2257 -13 86 1 0 1
-15.4144 -12.2605 4200 -25.5543 11.9273 229.158 18.0619 -13 87 1 0 1
17.8717 3.32917 4200 32.291 -10.4056 230.859 18.1316 -13 88 1 0 1
-3.92604 -3.08562 4200 -7.02416 2.32516 227.464 18.0267 -13 89 1 0 1
-9.88177 23.9282 4200 3.80813 -11.7898 239.086 17.9472 -13 90 1 0 1
116.537 -142.501 4200 -140.438 -15.1805 179.902 19.7555 -13 91 1 0 1
-11.1233 -5.99682 4200 -3.07211 13.3712 226.79 18.0453 -13 92 1 0 1
24.1045 -71.2962 4200 -24.9043 -49.7563 225.188 18.4249 -13 93 1 0 1
-10.787 36.4182 4200 19.0271 32.0603 223.602 18.2159 -13 94 1 0 1
165.11 -27.5622 4200 -11.7642 -94.4505 204.249 18.7891 -13 95 1 0 1
36.6979 -30.4858 4200 -5.29942 -38.484 219.823 18.2466 -13 96 1 0 1
-12.6199 10.4918 4200 -6.48187 28.9623 224.83 18.1814 -13 97 1 0 1
-3.36781 -0.436627 4200 -15.3485 12.1309 224.92 18.1232 -13 98 1 0 1
111.755 0.992313 4200 40.2284 -61.7547 224.067 18.5755 -13 99 1 0 1
7.26333 -3.63777 4200 -2.27747 2.14008 226.312 18.0476 -13 100 1 0 1
