# ReferenceParticle
#x y z Px Py Pz t PDGid EventID TrackID ParentID Weight Bx By Bz Ex Ey Ez
# Event -1 Track 1
-0.000811901 0.00143502 0 -3.82564 -2.37079 221.754 0 -13 -1 1 0 1 0.0140794 -0.00811386 3.99386 0 0 0 
-1.85077 -0.499243 99.9811 -4.14457 0.0926623 221.761 0.369478 -13 -1 1 0 1 0.00500164 -0.010034 3.57328 0 0 0 
-3.58666 -0.0745256 199.965 -3.49056 1.54082 221.767 0.738956 -13 -1 1 0 1 -0.0158991 -0.00778925 2.4359 0 0 0 
-5.02495 0.65842 299.952 -2.98008 1.47362 221.775 1.10843 -13 -1 1 0 1 -0.0365331 -0.0016392 0.862495 0 0 0 
-6.35273 1.06609 399.942 -2.95377 0.150878 221.78 1.47791 -13 -1 1 0 1 -0.0503894 0.000286826 -0.852815 0 0 0 
-7.64619 0.656582 499.932 -2.63044 -2.06742 221.775 1.84739 -13 -1 1 0 1 -0.0522377 -0.00710278 -2.42737 0 0 0 
-8.50525 -0.788157 599.918 -0.895641 -4.18037 221.759 2.21687 -13 -1 1 0 1 -0.0341762 -0.0181063 -3.56671 0 0 0 
-8.2645 -2.82396 699.896 2.01864 -4.41819 221.747 2.58635 -13 -1 1 0 1 -4.37023e-05 -0.0162668 -3.9891 0 0 0 
-6.81917 -4.40457 799.872 4.07676 -2.30629 221.751 2.95582 -13 -1 1 0 1 0.027211 0.00310527 -3.56897 0 0 0 
-4.91031 -4.81793 899.852 4.08423 0.392052 221.762 3.3253 -13 -1 1 0 1 0.0329403 0.0221706 -2.43151 0 0 0 
-3.29603 -4.20884 999.837 3.0366 2.09982 221.769 3.69478 -13 -1 1 0 1 0.0245595 0.0268206 -0.858228 0 0 0 
-2.11428 -3.09734 1099.82 2.33975 2.66515 221.772 4.06426 -13 -1 1 0 1 0.0119562 0.0189588 0.856645 0 0 0 
-1.04851 -1.94597 1199.81 2.52659 2.2803 221.774 4.43374 -13 -1 1 0 1 -0.00195502 0.00643899 2.43047 0 0 0 
0.233882 -1.20016 1299.8 3.15389 0.852198 221.776 4.80321 -13 -1 1 0 1 -0.0135173 -0.00308216 3.56917 0 0 0 
1.70557 -1.29159 1399.79 3.20994 -1.29723 221.773 5.17269 -13 -1 1 0 1 -0.0140874 -0.008114 3.992 0 0 0 
2.98933 -2.30542 1499.78 2.39529 -3.03525 221.766 5.54217 -13 -1 1 0 1 -0.00101334 -0.0162961 3.57326 0 0 0 
3.88291 -3.85036 1599.76 1.69245 -3.62981 221.764 5.91165 -13 -1 1 0 1 0.0163443 -0.031562 2.43693 0 0 0 
4.6849 -5.44297 1699.74 2.08209 -3.31495 221.765 6.28113 -13 -1 1 0 1 0.0303677 -0.0474996 0.863962 0 0 0 
5.93925 -6.72482 1799.73 3.6309 -2.20948 221.759 6.6506 -13 -1 1 0 1 0.0409907 -0.0553226 -0.85147 0 0 0 
8.00139 -7.24048 1899.7 5.42365 0.17599 221.734 7.02008 -13 -1 1 0 1 0.0454271 -0.0465785 -2.43059 0 0 0 
10.5859 -6.37552 1999.67 5.60701 3.74614 221.697 7.38956 -13 -1 1 0 1 0.0302165 -0.0192772 -3.57127 0 0 0 
12.6167 -3.99945 2099.62 2.98158 6.38524 221.688 7.75904 -13 -1 1 0 1 -0.0138793 0.00806249 -3.9954 0 0 0 
13.1075 -1.12984 2199.57 -0.711636 5.74708 221.724 8.12851 -13 -1 1 0 1 -0.0659962 0.0126098 -3.57701 0 0 0 
12.244 0.779752 2299.55 -2.72841 2.4856 221.769 8.49799 -13 -1 1 0 1 -0.0954725 0.00179166 -2.44052 0 0 0 
10.9349 1.06698 2399.54 -2.90036 -1.12727 221.778 8.86747 -13 -1 1 0 1 -0.0982744 -0.00180378 -0.867356 0 0 0 
9.63207 -0.107927 2499.52 -3.03586 -3.9035 221.745 9.23695 -13 -1 1 0 1 -0.0847102 0.00963271 0.84801 0 0 0 
7.96134 -2.23686 2599.49 -4.68182 -5.21037 221.689 9.60643 -13 -1 1 0 1 -0.0577804 0.0274928 2.42675 0 0 0 
5.2051 -4.40194 2699.42 -7.60266 -3.85316 221.636 9.9759 -13 -1 1 0 1 -0.0220552 0.0329696 3.56741 0 0 0 
1.28498 -5.25494 2799.34 -9.34791 0.417529 221.603 10.3454 -13 -1 1 0 1 -4.11571e-05 0.0164023 3.99276 0 0 0 
-2.74889 -3.97687 2899.25 -8.08174 5.00325 221.596 10.7149 -13 -1 1 0 1 -0.0105263 -0.00125471 3.57778 0 0 0 
-5.79587 -1.13543 2999.16 -5.47592 7.10103 221.619 11.0843 -13 -1 1 0 1 -0.0390973 0.003787 2.44539 0 0 0 
-7.91269 2.03583 3099.09 -4.29246 6.63006 221.659 11.4538 -13 -1 1 0 1 -0.0635297 0.0259353 0.875013 0 0 0 
-10.0129 4.59542 3199.03 -5.34451 4.46573 221.691 11.8233 -13 -1 1 0 1 -0.0787735 0.0460751 -0.839967 0 0 0 
-12.8825 5.7992 3298.98 -7.34458 0.555241 221.678 12.1928 -13 -1 1 0 1 -0.0816794 0.0482293 -2.42104 0 0 0 
-16.3713 4.86591 3398.92 -7.60798 -4.78254 221.618 12.5623 -13 -1 1 0 1 -0.0551108 0.0281065 -3.56762 0 0 0 
-19.1986 1.6885 3498.82 -4.41641 -8.75076 221.583 12.9317 -13 -1 1 0 1 0.013125 0.00822113 -3.99982 0 0 0 
-20.1685 -2.32756 3598.74 -0.0539428 -8.248 221.647 13.3012 -13 -1 1 0 1 0.0949272 0.0163372 -3.58848 0 0 0 
-19.651 -5.18202 3698.69 1.7709 -4.04498 221.756 13.6707 -13 -1 1 0 1 0.148965 0.0408801 -2.45549 0 0 0 
-19.013 -5.84014 3798.68 0.759292 1.13941 221.796 14.0402 -13 -1 1 0 1 0.169744 0.050868 -0.882825 0 0 0 
-19.0029 -4.1622 3898.67 -0.486968 6.30177 221.71 14.4096 -13 -1 1 0 1 0.169984 0.033741 0.834168 0 0 0 
-19.0228 -0.200394 3998.59 1.07574 11.0921 221.52 14.7791 -13 -1 1 0 1 0.145569 -0.00300421 2.41658 0 0 0 
-17.3831 5.42348 4098.41 6.79134 13.0628 221.311 15.1486 -13 -1 1 0 1 0.0853928 -0.0293818 3.56362 0 0 0 
-12.7294 10.6589 4198.16 13.519 9.11638 221.2 15.5181 -13 -1 1 0 1 0.0151128 -0.00898036 3.99684 0 0 0 
-5.89827 13.01 4297.89 15.7655 1.12399 221.236 15.8876 -13 -1 1 0 1 -0.0110432 0.0441853 3.59123 0 0 0 
0.70219 11.9692 4397.67 12.979 -5.04285 221.363 16.257 -13 -1 1 0 1 0.0143439 0.0764021 2.46736 0 0 0 
5.68314 9.17219 4497.5 9.30434 -6.63063 221.506 16.6265 -13 -1 1 0 1 0.0539032 0.0701284 0.902002 0 0 0 
9.38724 6.52893 4597.4 7.4713 -4.62767 221.626 16.996 -13 -1 1 0 1 0.0828065 0.046596 -0.812372 0 0 0 
12.62 5.33553 4697.34 6.90839 -0.3848 221.692 17.3655 -13 -1 1 0 1 0.0912385 0.0262292 -2.39764 0 0 0 
15.467 6.30688 4797.29 5.39341 4.62798 221.686 17.7349 -13 -1 1 0 1 0.065515 0.0116228 -3.55383 0 0 0 
17.184 9.20969 4897.23 2.02642 7.67375 221.658 18.1044 -13 -1 1 0 1 0.00206395 -0.0151629 -3.99928 0 0 0 
17.3769 12.6253 4997.17 -0.777909 6.86287 221.693 18.4739 -13 -1 1 0 1 -0.0700123 -0.065378 -3.60218 0 0 0 
16.9992 15.0256 5097.14 -0.274507 3.58746 221.771 18.8434 -13 -1 1 0 1 -0.120401 -0.116851 -2.47885 0 0 0 
17.5898 15.7874 5197.13 3.22802 -0.27531 221.776 19.2129 -13 -1 1 0 1 -0.151588 -0.141951 -0.910154 0 0 0 
20.0054 14.6168 5297.09 7.33558 -5.2382 221.617 19.5823 -13 -1 1 0 1 -0.175371 -0.131101 0.807858 0 0 0 
23.7799 10.7009 5396.94 8.5891 -12.4931 221.281 19.9518 -13 -1 1 0 1 -0.178518 -0.0834228 2.39626 0 0 0 
26.7486 3.31106 5496.62 3.33495 -19.8334 220.886 20.3213 -13 -1 1 0 1 -0.125543 -0.02198 3.55576 0 0 0 
25.9119 -6.23745 5596.15 -7.4431 -21.0229 220.676 20.6908 -13 -1 1 0 1 -0.0184409 -0.00710469 4.00544 0 0 0 
20.393 -14.3189 5695.65 -15.9556 -13.7539 220.798 21.0602 -13 -1 1 0 1 0.0670123 -0.0633668 3.61743 0 0 0 
12.7244 -18.3116 5795.27 -16.8231 -4.2753 221.12 21.4297 -13 -1 1 0 1 0.0773514 -0.131857 2.5051 0 0 0 
5.97799 -18.8174 5895.04 -12.7041 1.15779 221.433 21.7992 -13 -1 1 0 1 0.0410743 -0.160067 0.944659 0 0 0 
1.34293 -17.9717 5994.93 -7.96887 1.99071 221.648 22.1687 -13 -1 1 0 1 0.00223925 -0.151102 -0.77124 0 0 0 
-1.34838 -17.3774 6094.89 -4.11459 0.453287 221.762 22.5382 -13 -1 1 0 1 -0.0205014 -0.120003 -2.36431 0 0 0 
-2.47795 -17.5803 6194.88 -1.02805 -1.22858 221.794 22.9076 -13 -1 1 0 1 -0.023737 -0.0685086 -3.53486 0 0 0 
-2.45784 -18.3062 6294.88 0.817085 -1.78483 221.791 23.2771 -13 -1 1 0 1 -0.0146354 0.004053 -3.99709 0 0 0 
-2.08738 -19.0791 6394.87 0.402273 -1.63556 221.794 23.6466 -13 -1 1 0 1 -0.00454857 0.0825707 -3.61869 0 0 0 
-2.4502 -19.8538 6494.87 -2.34816 -1.91295 221.779 24.0161 -13 -1 1 0 1 0.00746691 0.145049 -2.50971 0 0 0 
-4.45962 -20.8374 6594.84 -6.81072 -2.34735 221.683 24.3855 -13 -1 1 0 1 0.0314604 0.182546 -0.948935 0 0 0 
-8.77606 -21.6841 6694.74 -12.4591 -0.849909 221.448 24.755 -13 -1 1 0 1 0.0711024 0.192668 0.767654 0 0 0 
-15.606 -20.8991 6794.5 -17.3961 5.25065 221.055 25.1245 -13 -1 1 0 1 0.110217 0.161404 2.36148 0 0 0 
-23.6309 -16.2413 6894.06 -16.8238 15.802 220.596 25.494 -13 -1 1 0 1 0.101397 0.0849087 3.53544 0 0 0 
-29.4052 -6.96148 6993.45 -7.49844 24.2206 220.346 25.8635 -13 -1 1 0 1 0.00831969 0.0182495 4.00761 0 0 0 
-29.9021 4.12175 7092.81 4.93717 23.2187 220.526 26.2329 -13 -1 1 0 1 -0.114123 0.0308956 3.64418 0 0 0 
-25.9052 12.859 7192.34 11.3712 14.9839 221.001 26.6024 -13 -1 1 0 1 -0.176839 0.100529 2.54835 0 0 0 
-20.826 17.6857 7292.09 10.1661 6.89502 221.46 26.9719 -13 -1 1 0 1 -0.171809 0.157457 0.99486 0 0 0 
-17.2863 19.5721 7392.01 5.27332 1.9437 221.729 27.3414 -13 -1 1 0 1 -0.141373 0.173741 -0.723072 0 0 0 
-16.0727 19.6916 7492 0.333256 -1.31675 221.796 27.7108 -13 -1 1 0 1 -0.107029 0.149454 -2.32645 0 0 0 
-16.6075 18.3968 7591.98 -2.1178 -4.389 221.747 28.0803 -13 -1 1 0 1 -0.0605376 0.0887132 -3.51473 0 0 0 
-17.3984 15.9279 7691.95 -0.801186 -6.12208 221.714 28.4498 -13 -1 1 0 1 0.00801393 0.0137003 -4.0003 0 0 0 
-17.0021 13.4226 7791.92 2.64762 -4.34083 221.742 28.8193 -13 -1 1 0 1 0.077954 -0.0439502 -3.64411 0 0 0 
-15.1173 12.4704 7891.89 5.50779 0.40102 221.731 29.1888 -13 -1 1 0 1 0.114967 -0.0809445 -2.55044 0 0 0 
-12.1355 13.8257 7991.84 7.78419 5.44847 221.597 29.5582 -13 -1 1 0 1 0.111107 -0.114238 -0.998698 0 0 0 
-7.85586 17.0734 8091.69 11.627 8.42356 221.335 29.9277 -13 -1 1 0 1 0.075919 -0.146439 0.715506 0 0 0 
-1.2649 20.7219 8191.4 17.8785 6.73203 220.976 30.2972 -13 -1 1 0 1 0.0199214 -0.154097 2.31461 0 0 0 
8.11503 22.0858 8290.94 22.9898 -1.80263 220.598 30.6667 -13 -1 1 0 1 -0.0228717 -0.104472 3.50369 0 0 0 
18.3068 18.5168 8390.34 20.6315 -13.935 220.398 31.0361 -13 -1 1 0 1 0.00648189 -0.0157918 4.00127 0 0 0 
25.524 10.343 8489.73 10.6808 -20.8089 220.563 31.4056 -13 -1 1 0 1 0.107818 0.0304175 3.66556 0 0 0 
28.0429 1.16927 8589.27 1.29884 -18.6021 221.015 31.7751 -13 -1 1 0 1 0.200751 0.000629083 2.58979 0 0 0 
27.6786 -5.74063 8689.03 -1.8137 -11.7574 221.481 32.1446 -13 -1 1 0 1 0.238069 -0.0552151 1.04636 0 0 0 
27.1723 -9.39857 8788.96 0.0813899 -4.53202 221.754 32.5141 -13 -1 1 0 1 0.235135 -0.0885779 -0.671135 0 0 0 
27.8801 -9.85434 8888.95 2.83126 2.51101 221.768 32.8835 -13 -1 1 0 1 0.204949 -0.0831735 -2.2836 0 0 0 
29.2353 -7.21644 8988.9 2.41609 8.88119 221.609 33.253 -13 -1 1 0 1 0.132316 -0.0470861 -3.49095 0 0 0 
29.4006 -2.44113 9088.78 -2.16677 11.314 221.501 33.6225 -13 -1 1 0 1 0.014321 -0.0174419 -4.0039 0 0 0 
27.2633 2.00421 9188.66 -6.87071 7.44243 221.569 33.992 -13 -1 1 0 1 -0.100837 -0.0225518 -3.67388 0 0 0 
23.8231 3.73688 9288.58 -7.68648 0.057812 221.667 34.3614 -13 -1 1 0 1 -0.163288 -0.0375032 -2.59826 0 0 0 
20.7402 2.14443 9388.51 -5.87556 -6.86961 221.616 34.7309 -13 -1 1 0 1 -0.17657 -0.026947 -1.0548 0 0 0 
18.3119 -2.20765 9488.39 -5.43765 -12.1459 221.401 35.1004 -13 -1 1 0 1 -0.161588 0.0115173 0.659181 0 0 0 
15.1745 -8.45247 9588.14 -9.29036 -14.9597 221.1 35.4699 -13 -1 1 0 1 -0.119612 0.0544501 2.2657 0 0 0 
9.36463 -14.8853 9687.76 -16.7292 -12.4041 220.82 35.8394 -13 -1 1 0 1 -0.05469 0.059551 3.47048 0 0 0 
0.425948 -18.5759 9787.28 -21.9257 -3.07858 220.692 36.2088 -13 -1 1 0 1 -0.0142571 0.00200174 3.9918 0 0 0 
-9.21941 -17.4619 9886.8 -19.5767 7.49648 220.807 36.5783 -13 -1 1 0 1 -0.0466661 -0.0700455 3.67986 0 0 0 
-16.5055 -12.7603 9986.41 -12.5548 12.0784 221.115 36.9478 -13 -1 1 0 1 -0.122513 -0.0908239 2.62477 0 0 0 
-20.8204 -7.59686 10086.2 -7.19953 9.95913 221.46 37.3173 -13 -1 1 0 1 -0.183169 -0.0653576 1.09315 0 0 0 
-23.551 -4.31531 10186.1 -5.37275 4.21523 221.695 37.6867 -13 -1 1 0 1 -0.210114 -0.0357403 -0.620811 0 0 0 
-25.8143 -4.01925 10286.1 -4.50531 -3.01038 221.734 38.0562 -13 -1 1 0 1 -0.200161 -0.0254366 -2.23901 0 0 0 
-27.2184 -6.91689 10386 -1.12614 -9.39826 221.598 38.4257 -13 -1 1 0 1 -0.138206 -0.0252214 -3.46258 0 0 0 
-26.4044 -11.7643 10485.9 4.87681 -11.0202 221.473 38.7952 -13 -1 1 0 1 -0.0302643 0.000856208 -4.00085 0 0 0 
-23.1384 -15.8977 10585.7 8.82402 -6.51006 221.529 39.1647 -13 -1 1 0 1 0.0695354 0.0647548 -3.69549 0 0 0 
-19.2943 -17.3113 10685.6 7.36762 0.181274 221.678 39.5341 -13 -1 1 0 1 0.119869 0.123763 -2.63919 0 0 0 
-16.9963 -15.9738 10785.6 2.6212 5.44643 221.718 39.9036 -13 -1 1 0 1 0.135473 0.140434 -1.10412 0 0 0 
-16.8268 -12.5586 10885.5 -1.4742 9.68575 221.584 40.2731 -13 -1 1 0 1 0.14007 0.115624 0.61057 0 0 0 
-17.7549 -7.18366 10985.4 -1.80236 14.1831 221.339 40.6426 -13 -1 1 0 1 0.128666 0.0640312 2.22619 0 0 0 
-17.6046 0.0271989 11085.1 3.36033 17.2145 221.106 41.012 -13 -1 1 0 1 0.0806502 0.0143634 3.44675 0 0 0 
-14.2392 7.47883 11184.8 11.5697 14.6827 221.011 41.3815 -13 -1 1 0 1 0.00924359 0.0113219 3.98721 0 0 0 
-7.7057 12.3981 11284.4 16.3847 6.62758 221.095 41.751 -13 -1 1 0 1 -0.0264968 0.0587489 3.69227 0 0 0 
-0.422036 13.5372 11384.2 15.0871 -0.970098 221.285 42.1205 -13 -1 1 0 1 -0.00138618 0.102675 2.65179 0 0 0 
5.50302 12.2767 11484 11.1268 -3.74329 221.49 42.49 -13 -1 1 0 1 0.0487574 0.111298 1.12869 0 0 0 
9.72582 10.8391 11583.9 7.79318 -2.05077 221.654 42.8594 -13 -1 1 0 1 0.0884719 0.0998901 -0.581968 0 0 0 
12.6114 10.7916 11683.8 4.94318 2.0522 221.736 43.2289 -13 -1 1 0 1 0.101771 0.086763 -2.20205 0 0 0 
13.9968 12.6671 11783.8 0.929459 5.97273 221.718 43.5984 -13 -1 1 0 1 0.0775329 0.0670852 -3.43501 0 0 0 
13.311 15.6858 11883.8 -3.8787 6.71326 221.665 43.9679 -13 -1 1 0 1 0.0233547 0.019216 -3.98958 0 0 0 
10.8738 18.1457 11983.7 -6.25642 3.78089 221.68 44.3373 -13 -1 1 0 1 -0.0243634 -0.0560004 -3.70359 0 0 0 
8.32849 19.0046 12083.7 -4.395 0.198978 221.757 44.7068 -13 -1 1 0 1 -0.0442191 -0.121906 -2.66316 0 0 0 
7.29694 18.5657 12183.7 0.0296333 -1.90968 221.792 45.0763 -13 -1 1 0 1 -0.0513674 -0.15256 -1.13614 0 0 0 
8.38855 17.3503 12283.6 4.70118 -3.60167 221.721 45.4458 -13 -1 1 0 1 -0.0626244 -0.149292 0.577969 0 0 0 
11.2912 15.0595 12383.6 7.71048 -6.94137 221.558 45.8153 -13 -1 1 0 1 -0.0727667 -0.115188 2.19944 0 0 0 
14.7194 10.8253 12483.4 6.62055 -11.8986 221.382 46.1847 -13 -1 1 0 1 -0.0560688 -0.0572688 3.43156 0 0 0 
16.4809 4.64706 12583.2 0.54459 -14.7425 221.309 46.5542 -13 -1 1 0 1 0.00217161 -0.011384 3.98541 0 0 0 
15.0525 -1.59494 12683 -6.53852 -12.0202 221.378 46.9237 -13 -1 1 0 1 0.0649441 -0.0136044 3.70239 0 0 0 
11.2049 -5.67661 12782.8 -9.71124 -5.95561 221.508 47.2932 -13 -1 1 0 1 0.0844291 -0.045114 2.66952 0 0 0 
6.90258 -7.17557 12882.7 -8.93852 -1.16011 221.617 47.6626 -13 -1 1 0 1 0.0638293 -0.0667542 1.14944 0 0 0 
3.32701 -7.18625 12982.7 -6.89222 0.633372 221.692 48.0321 -13 -1 1 0 1 0.0320959 -0.0697419 -0.561047 0 0 0 
0.658742 -6.95494 13082.6 -4.97973 0.108129 221.745 48.4016 -13 -1 1 0 1 0.00672469 -0.0625821 -2.18267 0 0 0 
-1.15689 -7.24113 13182.6 -3.02704 -1.42304 221.775 48.7711 -13 -1 1 0 1 -0.0046651 -0.0485187 -3.41919 0 0 0 
-2.03346 -8.16914 13282.6 -0.872861 -2.51826 221.784 49.1406 -13 -1 1 0 1 -0.00142195 -0.0223359 -3.98002 0 0 0 
-2.04718 -9.32946 13382.6 0.593204 -2.458 221.786 49.51 -13 -1 1 0 1 0.00651194 0.0167485 -3.70393 0 0 0 
-1.74842 -10.311 13482.6 0.442017 -1.90357 221.792 49.8795 -13 -1 1 0 1 0.0101951 0.056138 -2.67312 0 0 0 
-1.87789 -11.0927 13582.6 -1.22304 -1.61379 221.791 50.249 -13 -1 1 0 1 0.0126715 0.0830055 -1.15235 0 0 0 
-2.99495 -11.7502 13682.6 -3.84089 -1.18617 221.764 50.6185 -13 -1 1 0 1 0.0202019 0.0930491 0.559712 0 0 0 
-5.36411 -11.9517 13782.5 -6.56821 0.624904 221.702 50.9879 -13 -1 1 0 1 0.0309495 0.0812253 2.18276 0 0 0 
-8.65331 -10.8761 13882.5 -7.52102 4.4016 221.629 51.3574 -13 -1 1 0 1 0.0286964 0.0433781 3.42017 0 0 0 
-11.577 -7.98128 13982.4 -4.81784 8.12081 221.599 51.7269 -13 -1 1 0 1 -0.00521469 -0.00214894 3.9816 0 0 0 
-12.635 -4.08446 14082.3 0.195799 8.4443 221.64 52.0964 -13 -1 1 0 1 -0.0567968 -0.0211956 3.70654 0 0 0 
-11.6224 -0.914411 14182.3 3.8439 5.24276 221.705 52.4659 -13 -1 1 0 1 -0.0884737 -0.0110116 2.67723 0 0 0 
-9.57846 0.546158 14282.2 4.87097 1.34525 221.743 52.8353 -13 -1 1 0 1 -0.0889623 0.00248185 1.15791 0 0 0 
-7.39746 0.495674 14382.2 4.77487 -1.29758 221.745 53.2048 -13 -1 1 0 1 -0.0722749 0.00521505 -0.553157 0 0 0 
-5.20954 -0.363874 14482.2 5.0475 -2.21258 221.732 53.5743 -13 -1 1 0 1 -0.0491421 0.00126237 -2.17583 0 0 0 
-2.77452 -1.21376 14582.1 5.74625 -1.24363 221.723 53.9438 -13 -1 1 0 1 -0.025977 0.000780619 -3.41382 0 0 0 
-0.146541 -1.26127 14682.1 5.67518 1.16154 221.725 54.3132 -13 -1 1 0 1 -0.0141961 0.00703526 -3.97689 0 0 0 
2.11611 -0.202241 14782.1 4.17346 3.3412 221.736 54.6827 -13 -1 1 0 1 -0.0202256 0.00879231 -3.70515 0 0 0 
3.57418 1.50855 14882 2.39388 3.97284 221.752 55.0522 -13 -1 1 0 1 -0.0336728 -0.00260555 -2.67879 0 0 0 
4.45073 3.18705 14982 1.73472 3.32704 221.769 55.4217 -13 -1 1 0 1 -0.0434484 -0.0193432 -1.16087 0 0 0 
5.33537 4.41099 15082 2.35338 2.00089 221.779 55.7912 -13 -1 1 0 1 -0.0492748 -0.0293649 0.546113 0 0 0 
6.63547 4.87804 15182 3.36507 -0.0758576 221.775 56.1606 -13 -1 1 0 1 -0.0509966 -0.0249985 2.16983 0 0 0 
8.20104 4.23492 15282 3.26637 -2.81142 221.759 56.5301 -13 -1 1 0 1 -0.0395733 -0.00563573 3.40975 0 0 0 
9.25634 2.46218 15382 1.09927 -4.73493 221.747 56.8996 -13 -1 1 0 1 -0.00727929 0.0142916 3.97458 0 0 0 
9.06421 0.358719 15482 -1.88114 -4.13837 221.754 57.2691 -13 -1 1 0 1 0.0314497 0.0165338 3.70299 0 0 0 
7.77095 -0.966378 15581.9 -3.5448 -1.57695 221.767 57.6385 -13 -1 1 0 1 0.0529019 0.00594247 2.67586 0 0 0 
6.10082 -1.06315 15681.9 -3.71307 1.03012 221.767 58.008 -13 -1 1 0 1 0.0535881 0.00035264 1.15734 0 0 0 
4.4427 -0.18912 15781.9 -3.73185 2.65303 221.753 58.3775 -13 -1 1 0 1 0.0433501 0.00573409 -0.549753 0 0 0 
2.60018 1.13175 15881.9 -4.60665 2.95117 221.733 58.747 -13 -1 1 0 1 0.027976 0.0155533 -2.17312 0 0 0 
0.197877 2.20384 15981.8 -6.03601 1.48667 221.713 59.1165 -13 -1 1 0 1 0.0130118 0.0183112 -3.41299 0 0 0 
-2.69369 2.23932 16081.8 -6.49783 -1.45788 221.701 59.4859 -13 -1 1 0 1 0.0118675 0.00994178 -3.97939 0 0 0 
-5.37857 0.95083 16181.8 -5.1726 -4.00258 221.704 59.8554 -13 -1 1 0 1 0.031829 0.00396577 -3.71081 0 0 0 
-7.29423 -1.05254 16281.7 -3.4304 -4.5158 221.728 60.2249 -13 -1 1 0 1 0.0596859 0.0119154 -2.68657 0 0 0 
-8.66754 -2.84419 16381.7 -2.92463 -3.19526 221.758 60.5944 -13 -1 1 0 1 0.0813579 0.0256626 -1.1698 0 0 0 
-10.1273 -3.75445 16481.7 -3.67346 -0.651172 221.769 60.9638 -13 -1 1 0 1 0.0956008 0.0311039 0.536926 0 0 0 
-11.9522 -3.25083 16581.7 -4.20991 3.06874 221.739 61.3333 -13 -1 1 0 1 0.0991423 0.020133 2.16127 0 0 0 
-13.5709 -0.9216 16681.6 -2.45183 7.14222 221.672 61.7028 -13 -1 1 0 1 0.0772201 -0.00215482 3.40312 0 0 0 
-13.7295 2.83382 16781.5 2.04516 8.87466 221.613 62.0723 -13 -1 1 0 1 0.0249845 -0.0102726 3.97093 0 0 0 
-11.7641 6.43813 16881.5 6.29285 6.50128 221.616 62.4418 -13 -1 1 0 1 -0.0269067 0.0137265 3.70327 0 0 0 
-8.56439 8.40344 16981.4 7.30907 2.20852 221.669 62.8112 -13 -1 1 0 1 -0.0466328 0.0481693 2.67923 0 0 0 
-5.56868 8.62295 17081.3 5.74326 -0.901862 221.724 63.1807 -13 -1 1 0 1 -0.0397051 0.0644414 1.16193 0 0 0 
-3.43517 7.88133 17181.3 3.80151 -2.12041 221.758 63.5502 -13 -1 1 0 1 -0.0256744 0.0590715 -0.545965 0 0 0 
-2.00877 6.89128 17281.3 2.70098 -2.12501 221.774 63.9197 -13 -1 1 0 1 -0.0130371 0.0400355 -2.17209 0 0 0 
-0.852642 6.07601 17381.3 2.55851 -1.378 221.781 64.2891 -13 -1 1 0 1 -0.00325815 0.0145243 -3.41643 0 0 0 
0.36902 5.74309 17481.3 2.88533 -0.0165147 221.782 64.6586 -13 -1 1 0 1 0.000418109 -0.0115635 -3.98736 0 0 0 
1.74231 6.09168 17581.3 3.19528 1.53749 221.772 65.0281 -13 -1 1 0 1 -0.00639074 -0.0359389 -3.72333 0 0 0 
3.27542 7.05585 17681.2 3.69048 2.6125 221.754 65.3976 -13 -1 1 0 1 -0.0230138 -0.0589828 -2.70286 0 0 0 
5.19861 8.30087 17781.2 5.02511 2.70706 221.727 65.7671 -13 -1 1 0 1 -0.0459832 -0.0780365 -1.18888 0 0 0 
7.96987 9.25354 17881.2 7.4012 1.16222 221.674 66.1365 -13 -1 1 0 1 -0.0733986 -0.0864216 0.515858 0 0 0 
11.8657 8.9444 17981.1 9.66114 -3.03629 221.569 66.506 -13 -1 1 0 1 -0.0966259 -0.073513 2.13919 0 0 0 
16.2257 6.13953 18081 8.90336 -9.59407 221.414 66.8755 -13 -1 1 0 1 -0.089251 -0.0371301 3.38313 0 0 0 
19.1126 0.507349 18180.8 3.16294 -14.6867 221.291 67.245 -13 -1 1 0 1 -0.029577 -0.00865714 3.95592 0 0 0 
18.8108 -6.20167 18280.5 -4.2553 -14.0201 221.316 67.6145 -13 -1 1 0 1 0.0499762 -0.0282209 3.69406 0 0 0 
15.8875 -11.4539 18380.3 -7.80386 -8.94851 221.483 67.9839 -13 -1 1 0 1 0.0936378 -0.0807857 2.67309 0 0 0 
12.5275 -14.3199 18480.2 -6.46345 -4.07341 221.669 68.3534 -13 -1 1 0 1 0.0947558 -0.121233 1.15473 0 0 0 
10.4112 -15.4401 18580.2 -2.75434 -1.17455 221.78 68.7229 -13 -1 1 0 1 0.0803623 -0.131675 -0.558469 0 0 0 
10.0425 -15.4998 18680.2 0.960963 0.917698 221.797 69.0924 -13 -1 1 0 1 0.0645886 -0.112036 -2.1941 0 0 0 
10.9952 -14.5447 18780.2 2.80345 3.37634 221.757 69.4618 -13 -1 1 0 1 0.0403589 -0.0638914 -3.45212 0 0 0 
12.0838 -12.5403 18880.2 1.5011 5.21456 221.734 69.8313 -13 -1 1 0 1 -0.00320818 -0.00332101 -4.03827 0 0 0 
12.0312 -10.2709 18980.1 -1.85091 4.30073 221.751 70.2008 -13 -1 1 0 1 -0.0525875 0.0418288 -3.78981 0 0 0 
10.4966 -9.07149 19080.1 -4.74919 0.749536 221.748 70.5703 -13 -1 1 0 1 -0.0784076 0.0664352 -2.7849 0 0 0 
7.8964 -9.64261 19180.1 -6.74385 -3.14217 221.676 70.9398 -13 -1 1 0 1 -0.0712824 0.0861357 -1.28662 0 0 0 
4.30995 -11.641 19280 -9.4127 -5.2877 221.538 71.3092 -13 -1 1 0 1 -0.0400848 0.1066 0.401375 0 0 0 
-0.830072 -13.8758 19379.8 -13.5561 -3.87396 221.352 71.6787 -13 -1 1 0 1 0.00429854 0.112554 2.00619 0 0 0 
-7.80463 -14.3803 19479.6 -16.8748 2.42462 221.144 72.0482 -13 -1 1 0 1 0.0357047 0.0812075 3.22996 0 0 0 
-15.2524 -11.2811 19579.3 -15.0711 11.2604 221.001 72.4177 -13 -1 1 0 1 0.0106413 0.0238611 3.78123 0 0 0 
-20.5754 -4.80959 19678.9 -8.07548 16.3611 221.049 72.7871 -13 -1 1 0 1 -0.0724981 -0.00192684 3.49216 0 0 0 
-22.6543 2.4407 19778.6 -1.79451 14.8454 221.296 73.1566 -13 -1 1 0 1 -0.154528 0.0290332 2.42786 0 0 0 
-22.9799 8.03205 19878.5 -0.540799 9.66528 221.589 73.5261 -13 -1 1 0 1 -0.197528 0.0791012 0.841968 0 0 0 
-23.7657 11.0122 19978.4 -3.35265 3.40122 221.749 73.8956 -13 -1 1 0 1 -0.212612 0.108126 -0.971222 0 0 0 
-26.0328 10.8782 20078.4 -6.31124 -4.30007 221.669 74.2651 -13 -1 1 0 1 -0.207722 0.0972965 -2.74982 0 0 0 
-28.7016 6.99168 20178.3 -4.32816 -12.7399 221.392 74.6345 -13 -1 1 0 1 -0.160477 0.0495955 -4.20877 0 0 0 
-28.8393 0.132592 20278 4.59844 -16.2256 221.159 75.004 -13 -1 1 0 1 -0.0591398 0.00832914 -5.07383 0 0 0 
-24.4682 -6.05468 20377.7 14.016 -9.57959 221.15 75.3735 -13 -1 1 0 1 0.0391443 0.0137123 -5.20744 0 0 0 
-17.4212 -7.61869 20477.4 15.6972 2.81909 221.227 75.743 -13 -1 1 0 1 0.072049 0.0325361 -4.71624 0 0 0 
-11.4269 -3.94127 20577.2 10.1449 12.6222 221.209 76.1124 -13 -1 1 0 1 0.0574353 0.0209419 -3.89244 0 0 0 
-8.51177 2.94405 20676.9 2.89452 17.1328 221.119 76.4819 -13 -1 1 0 1 0.0391459 -0.0104416 -3.02156 0 0 0 
-8.31766 8.98477 20752.2 -1.53971 18.1054 221.055 76.761 -13 -1 1 0 1 0.0319716 -0.0311467 -2.43403 0 0 0 

