# AllTracks
#x y z Px Py Pz t PDGid EventID TrackID ParentID Weight Bx By Bz Ex Ey Ez
# Event -2 Track 1
-11.2945 14.0917 0 0.731734 -1.1308 199.995 0 -13 -2 1 0 1 0.0742436 -0.0777254 -1.99165 0 0 0 
-11.2894 14.0922 0.4995 0.745057 -1.11858 199.995 0.0018845 -13 -2 1 0 1 0.0743028 -0.0778624 -1.98586 0 0 0 
-11.2894 14.0922 0.5005 0.745084 -1.11855 199.995 0.00188827 -13 -2 1 0 1 0.0743029 -0.0778626 -1.98585 0 0 0 
-10.2585 14.204 100.494 3.38862 1.60881 199.965 0.379139 -13 -2 1 0 1 0.0786575 -0.0972157 -0.689597 0 0 0 
-7.81403 15.5949 200.453 6.54661 3.69506 199.859 0.75639 -13 -2 1 0 1 0.0616806 -0.10927 0.714055 0 0 0 
-3.55165 17.4772 300.342 10.5847 3.25652 199.693 1.13364 -13 -2 1 0 1 0.0295099 -0.104529 2.00392 0 0 0 
2.6326 18.1937 400.145 13.725 -1.01755 199.526 1.51089 -13 -2 1 0 1 0.00202197 -0.066639 2.93653 0 0 0 
9.47524 16.0826 499.884 12.7957 -7.42421 199.452 1.88814 -13 -2 1 0 1 0.0115245 -0.00671333 3.28202 0 0 0 
14.7053 11.1911 599.623 7.70218 -11.4026 199.526 2.26539 -13 -2 1 0 1 0.0595476 0.0309027 2.93781 0 0 0 
17.1605 5.47565 699.426 2.45272 -10.7744 199.695 2.64264 -13 -2 1 0 1 0.106693 0.0256327 2.00606 0 0 0 
17.6614 0.865317 799.317 0.0930263 -7.44846 199.861 3.0199 -13 -2 1 0 1 0.127218 9.59506e-05 0.716383 0 0 0 
17.6976 -1.89917 899.277 0.350271 -3.61399 199.967 3.39715 -13 -2 1 0 1 0.125459 -0.0203086 -0.691136 0 0 0 
18.1389 -2.76867 999.27 1.37258 0.105772 199.995 3.7744 -13 -2 1 0 1 0.106416 -0.0256372 -1.98538 0 0 0 
18.8876 -1.87508 1099.26 1.34528 3.29169 199.968 4.15165 -13 -2 1 0 1 0.0644089 -0.0185342 -2.92483 0 0 0 
19.2205 0.209407 1199.24 -0.181382 4.60862 199.947 4.5289 -13 -2 1 0 1 0.000546937 -0.0133283 -3.27626 0 0 0 
18.7146 2.25982 1299.22 -1.65988 3.16371 199.968 4.90615 -13 -2 1 0 1 -0.0629028 -0.019758 -2.93524 0 0 0 
17.8335 3.07354 1399.21 -1.58504 -0.0692256 199.994 5.2834 -13 -2 1 0 1 -0.104104 -0.0273569 -2.00373 0 0 0 
17.3096 2.12389 1499.2 -0.47316 -3.7476 199.964 5.66065 -13 -2 1 0 1 -0.122544 -0.0218748 -0.713525 0 0 0 
17.2278 -0.686355 1599.16 -0.155334 -7.49429 199.86 6.0379 -13 -2 1 0 1 -0.124295 -0.00115487 0.693607 0 0 0 
16.7109 -5.29782 1699.05 -2.45223 -10.7389 199.696 6.41515 -13 -2 1 0 1 -0.104475 0.0247417 1.98655 0 0 0 
14.273 -10.9869 1798.86 -7.63641 -11.3457 199.532 6.7924 -13 -2 1 0 1 -0.0587059 0.0307143 2.9255 0 0 0 
9.08388 -15.8595 1898.6 -12.7099 -7.41276 199.458 7.16965 -13 -2 1 0 1 -0.0119966 -0.00588432 3.27924 0 0 0 
2.27479 -17.9794 1998.34 -13.6848 -1.06049 199.528 7.54691 -13 -2 1 0 1 -0.00333994 -0.0651427 2.94415 0 0 0 
-3.90597 -17.2927 2098.14 -10.6097 3.18241 199.693 7.92416 -13 -2 1 0 1 -0.0314756 -0.103061 2.01908 0 0 0 
-8.19375 -15.4555 2198.03 -6.61877 3.58442 199.858 8.30141 -13 -2 1 0 1 -0.0642492 -0.108226 0.732679 0 0 0 
-10.6795 -14.1366 2297.99 -3.47383 1.42527 199.965 8.67866 -13 -2 1 0 1 -0.0816618 -0.0969338 -0.674753 0 0 0 
-11.7428 -14.1411 2397.98 -0.774657 -1.40083 199.994 9.05591 -13 -2 1 0 1 -0.0772315 -0.0786019 -1.97496 0 0 0 
-11.4193 -15.3439 2497.97 2.07151 -3.08046 199.966 9.43316 -13 -2 1 0 1 -0.0498608 -0.0468569 -2.92052 0 0 0 
-9.79554 -16.8254 2597.95 4.1374 -2.4625 199.942 9.81041 -13 -2 1 0 1 -0.0122668 0.00543464 -3.27999 0 0 0 
-7.69825 -17.5558 2697.92 3.7761 -0.385 199.964 10.1877 -13 -2 1 0 1 0.0150157 0.0644314 -2.94776 0 0 0 
-6.43377 -17.2891 2797.92 0.983823 1.28708 199.993 10.5649 -13 -2 1 0 1 0.0292151 0.105251 -2.02246 0 0 0 
-6.8773 -16.4011 2897.91 -2.80246 2.22832 199.968 10.9422 -13 -2 1 0 1 0.0426765 0.119365 -0.735036 0 0 0 
-9.18712 -14.9528 2997.87 -6.29176 3.81621 199.865 11.3194 -13 -2 1 0 1 0.0610458 0.110919 0.672455 0 0 0 
-12.8889 -12.2412 3097.76 -8.06596 7.39354 199.701 11.6967 -13 -2 1 0 1 0.0736275 0.0807715 1.9717 0 0 0 
-16.6245 -7.33469 3197.57 -6.12357 12.2022 199.534 12.0739 -13 -2 1 0 1 0.0565057 0.0373303 2.91694 0 0 0 
-18.3272 -0.425448 3297.31 -0.239315 14.7226 199.457 12.4512 -13 -2 1 0 1 0.00173571 0.0133738 3.27877 0 0 0 
-16.8347 6.56054 3397.05 5.81238 12.4786 199.526 12.8284 -13 -2 1 0 1 -0.0545177 0.0337166 2.95254 0 0 0 
-13.1747 11.6224 3496.85 8.07389 7.69521 199.689 13.2057 -13 -2 1 0 1 -0.0740997 0.0762229 2.03391 0 0 0 
-9.40468 14.4534 3596.74 6.53601 3.98463 199.854 13.5829 -13 -2 1 0 1 -0.0623558 0.107102 0.750635 0 0 0 
-6.93638 15.9593 3696.7 3.17862 2.31088 199.961 13.9602 -13 -2 1 0 1 -0.0434227 0.116809 -0.656774 0 0 0 
-6.28835 16.8979 3796.69 -0.559176 1.43303 199.994 14.3374 -13 -2 1 0 1 -0.0291286 0.104565 -1.9598 0 0 0 
-7.35764 17.2777 3896.68 -3.45074 -0.0745684 199.97 14.7147 -13 -2 1 0 1 -0.0152087 0.0663078 -2.91157 0 0 0 
-9.35256 16.73 3996.66 -4.0697 -2.07303 199.948 15.0919 -13 -2 1 0 1 0.01043 0.00866461 -3.27923 0 0 0 
-11.0086 15.4213 4096.64 -2.24859 -2.80631 199.968 15.4692 -13 -2 1 0 1 0.0467405 -0.044521 -2.95604 0 0 0 
-11.4506 14.3084 4196.63 0.502194 -1.31062 199.995 15.8464 -13 -2 1 0 1 0.0745531 -0.0781002 -2.03727 0 0 0 
-11.4148 14.3088 4200.5 0.608136 -1.21725 199.995 15.861 -13 -2 1 0 1 0.0750508 -0.0791635 -1.99253 0 0 0 
-11.4148 14.3088 4200.5 0.608163 -1.21722 199.995 15.861 -13 -2 1 0 1 0.075051 -0.0791637 -1.99252 0 0 0 
-10.4367 14.3717 4300.49 3.31007 1.52023 199.967 16.2383 -13 -2 1 0 1 0.0799108 -0.0984226 -0.695777 0 0 0 
-8.02277 15.7287 4400.45 6.4991 3.65151 199.861 16.6155 -13 -2 1 0 1 0.0631283 -0.110226 0.711611 0 0 0 
-3.77884 17.6023 4500.34 10.5587 3.26543 199.694 16.9928 -13 -2 1 0 1 0.030818 -0.105279 2.00172 0 0 0 
2.39951 18.3344 4600.15 13.7297 -0.968572 199.526 17.37 -13 -2 1 0 1 0.00279487 -0.0671349 2.93449 0 0 0 
9.25371 16.2507 4699.89 12.836 -7.37069 199.452 17.7473 -13 -2 1 0 1 0.0115128 -0.00673334 3.28008 0 0 0 
14.5087 11.3792 4799.62 7.75545 -11.3806 199.525 18.1245 -13 -2 1 0 1 0.0588738 0.0315166 2.93594 0 0 0 
16.9861 5.6641 4899.43 2.48382 -10.7943 199.693 18.5018 -13 -2 1 0 1 0.10567 0.0267083 2.00431 0 0 0 
17.4929 1.0346 4999.32 0.0846239 -7.50445 199.859 18.879 -13 -2 1 0 1 0.126033 0.00126042 0.714778 0 0 0 
17.5165 -1.76695 5099.28 0.311841 -3.70754 199.965 19.2563 -13 -2 1 0 1 0.124186 -0.0193975 -0.692577 0 0 0 
17.9379 -2.69443 5199.27 1.33908 -0.0331485 199.996 19.6335 -13 -2 1 0 1 0.105221 -0.0252061 -1.98979 0 0 0 
18.6812 -1.87974 5299.26 1.36458 3.12044 199.971 20.0108 -13 -2 1 0 1 0.0636819 -0.01855 -2.92895 0 0 0 
19.0434 0.120906 5399.24 -0.0833884 4.45464 199.95 20.388 -13 -2 1 0 1 0.000516069 -0.0133332 -3.28015 0 0 0 
18.6011 2.10961 5499.22 -1.512 3.07556 199.971 20.7653 -13 -2 1 0 1 -0.0625474 -0.0192616 -2.93896 0 0 0 
17.7951 2.89665 5599.21 -1.44039 -0.0922901 199.995 21.1425 -13 -2 1 0 1 -0.103904 -0.0263422 -2.00729 0 0 0 
17.336 1.94401 5699.21 -0.360417 -3.74374 199.965 21.5198 -13 -2 1 0 1 -0.122746 -0.020633 -0.716922 0 0 0 
17.3018 -0.865745 5799.17 -0.0776262 -7.50116 199.859 21.897 -13 -2 1 0 1 -0.124826 8.79738e-05 0.690391 0 0 0 
16.814 -5.48759 5899.06 -2.41455 -10.7745 199.695 22.2743 -13 -2 1 0 1 -0.105075 0.0258419 1.98666 0 0 0 
14.3835 -11.2004 5998.86 -7.64506 -11.4014 199.528 22.6515 -13 -2 1 0 1 -0.0590821 0.0314393 2.92567 0 0 0 
9.17973 -16.0999 6098.6 -12.7561 -7.45977 199.453 23.0288 -13 -2 1 0 1 -0.0120014 -0.00587306 3.27944 0 0 0 
2.34497 -18.2365 6198.34 -13.7343 -1.07879 199.525 23.406 -13 -2 1 0 1 -0.00310759 -0.0659961 2.94433 0 0 0 
-3.85335 -17.5527 6298.14 -10.6256 3.18627 199.692 23.7833 -13 -2 1 0 1 -0.031174 -0.104559 2.0192 0 0 0 
-8.13652 -15.711 6398.03 -6.58309 3.59744 199.859 24.1605 -13 -2 1 0 1 -0.0638546 -0.109997 0.732728 0 0 0 
-10.591 -14.3826 6497.99 -3.38534 1.4538 199.966 24.5378 -13 -2 1 0 1 -0.0810488 -0.0986432 -0.674757 0 0 0 
-11.5999 -14.3631 6597.98 -0.650589 -1.32778 199.995 24.915 -13 -2 1 0 1 -0.0764015 -0.0798941 -1.97499 0 0 0 
-11.2148 -15.5123 6697.97 2.18312 -2.93738 199.967 25.2923 -13 -2 1 0 1 -0.0491616 -0.0474329 -2.92053 0 0 0 
-9.55163 -16.9079 6797.95 4.17508 -2.2706 199.944 25.6696 -13 -2 1 0 1 -0.0122488 0.0054289 -3.27995 0 0 0 
-7.45903 -17.5436 6897.93 3.72277 -0.20934 199.965 26.0468 -13 -2 1 0 1 0.0142272 0.0643903 -2.94768 0 0 0 
-6.23576 -17.2036 6997.92 0.881886 1.40173 199.993 26.4241 -13 -2 1 0 1 0.0280773 0.104758 -2.02238 0 0 0 
-6.73129 -16.273 7097.91 -2.90185 2.2881 199.966 26.8013 -13 -2 1 0 1 0.0416652 0.118476 -0.735001 0 0 0 
-9.08416 -14.8027 7197.87 -6.36219 3.84908 199.862 27.1786 -13 -2 1 0 1 0.0603294 0.109874 0.672428 0 0 0 
-12.8122 -12.0769 7297.76 -8.10023 7.41901 199.698 27.5558 -13 -2 1 0 1 0.0731792 0.079814 1.97162 0 0 0 
-16.5564 -7.15858 7397.57 -6.12517 12.2234 199.532 27.9331 -13 -2 1 0 1 0.0562716 0.0367257 2.91684 0 0 0 
-18.2546 -0.240685 7497.31 -0.223222 14.7357 199.456 28.3103 -13 -2 1 0 1 0.00173091 0.0133561 3.27871 0 0 0 
-16.7542 6.7505 7597.05 5.82423 12.4881 199.525 28.6876 -13 -2 1 0 1 -0.0542526 0.0343368 2.95256 0 0 0 
-13.0931 11.819 7696.85 8.06423 7.71489 199.689 29.0648 -13 -2 1 0 1 -0.0736328 0.0773484 2.03399 0 0 0 
-9.33574 14.6647 7796.74 6.49316 4.02373 199.854 29.4421 -13 -2 1 0 1 -0.0618805 0.108563 0.750713 0 0 0 
-6.89994 16.1937 7896.69 3.08906 2.361 199.962 29.8193 -13 -2 1 0 1 -0.0431711 0.118441 -0.656745 0 0 0 
-6.31073 17.1537 7996.69 -0.70486 1.46074 199.994 30.1966 -13 -2 1 0 1 -0.0292613 0.106063 -1.95986 0 0 0 
-7.46339 17.5315 8096.68 -3.63096 -0.11768 199.967 30.5738 -13 -2 1 0 1 -0.015577 0.0671916 -2.91173 0 0 0 
-9.54426 16.9394 8196.65 -4.22104 -2.20493 199.943 30.9511 -13 -2 1 0 1 0.0104052 0.00869387 -3.27945 0 0 0 
-11.2563 15.5512 8296.63 -2.31681 -2.98075 199.965 31.3283 -13 -2 1 0 1 0.0475463 -0.0449422 -2.95627 0 0 0 
-11.712 14.3549 8396.62 0.509234 -1.46091 199.994 31.7056 -13 -2 1 0 1 0.0760486 -0.0783659 -2.03747 0 0 0 
-11.6756 14.3529 8400.5 0.617504 -1.36544 199.995 31.7202 -13 -2 1 0 1 0.0765626 -0.0794212 -1.99261 0 0 0 
-11.6756 14.3529 8400.5 0.617532 -1.36542 199.995 31.7202 -13 -2 1 0 1 0.0765627 -0.0794215 -1.9926 0 0 0 
-10.6839 14.355 8500.49 3.34728 1.42661 199.967 32.0975 -13 -2 1 0 1 0.0816264 -0.0983086 -0.695795 0 0 0 
-8.25221 15.6782 8600.45 6.52966 3.60809 199.861 32.4747 -13 -2 1 0 1 0.0647182 -0.109877 0.711615 0 0 0 
-3.99695 17.5403 8700.34 10.5739 3.26074 199.694 32.852 -13 -2 1 0 1 0.032077 -0.104921 2.0017 0 0 0 
2.1872 18.2772 8800.15 13.7403 -0.94744 199.525 33.2292 -13 -2 1 0 1 0.00350688 -0.0669423 2.93442 0 0 0 
9.04867 16.2062 8899.89 12.856 -7.34548 199.451 33.6065 -13 -2 1 0 1 0.0115131 -0.00673379 3.27997 0 0 0 
14.3164 11.3427 8999.62 7.78535 -11.3775 199.524 33.9837 -13 -2 1 0 1 0.0582278 0.0313925 2.93584 0 0 0 
16.8093 5.62016 9099.43 2.51418 -10.8284 199.691 34.361 -13 -2 1 0 1 0.104646 0.0264534 2.00427 0 0 0 
17.331 0.963721 9199.31 0.115376 -7.57759 199.857 34.7382 -13 -2 1 0 1 0.124908 0.000769183 0.71481 0 0 0 
17.3736 -1.88292 9299.27 0.36235 -3.81274 199.964 35.1155 -13 -2 1 0 1 0.123194 -0.0202016 -0.69249 0 0 0 
17.8318 -2.86674 9399.26 1.4404 -0.147242 199.995 35.4927 -13 -2 1 0 1 0.104607 -0.0262038 -1.98969 0 0 0 
18.6421 -2.10149 9499.26 1.53014 3.04642 199.971 35.87 -13 -2 1 0 1 0.0635531 -0.0192997 -2.9289 0 0 0 
19.0966 -0.117196 9599.24 0.109404 4.46774 199.95 36.2472 -13 -2 1 0 1 0.000521617 -0.0133397 -3.2802 0 0 0 
18.7436 1.89961 9699.21 -1.35693 3.16787 199.97 36.6245 -13 -2 1 0 1 -0.0630206 -0.0185614 -2.93909 0 0 0 
17.9985 2.7409 9799.21 -1.35129 0.0218632 199.996 37.0017 -13 -2 1 0 1 -0.105078 -0.0254448 -2.00744 0 0 0 
17.5712 1.83955 9899.2 -0.317755 -3.6587 199.966 37.379 -13 -2 1 0 1 -0.124378 -0.0199098 -0.717031 0 0 0 
17.5526 -0.940016 9999.16 -0.0542675 -7.46716 199.861 37.7562 -13 -2 1 0 1 -0.12657 0.000603551 0.690354 0 0 0 
17.0735 -5.55837 10099.1 -2.40431 -10.7935 199.694 38.1335 -13 -2 1 0 1 -0.106584 0.0262542 1.98672 0 0 0 
14.6422 -11.2908 10198.9 -7.66118 -11.4561 199.525 38.5107 -13 -2 1 0 1 -0.0599652 0.0317502 2.9258 0 0 0 
9.42189 -16.2189 10298.6 -12.8049 -7.512 199.448 38.888 -13 -2 1 0 1 -0.0120163 -0.00586273 3.27961 0 0 0 
2.55871 -18.373 10398.3 -13.7935 -1.09256 199.521 39.2652 -13 -2 1 0 1 -0.00240132 -0.0664444 2.9445 0 0 0 
-3.66479 -17.6841 10498.1 -10.6628 3.2197 199.69 39.6425 -13 -2 1 0 1 -0.0300904 -0.105312 2.01937 0 0 0 
-7.95803 -15.8154 10598 -6.58665 3.67094 199.858 40.0197 -13 -2 1 0 1 -0.0626193 -0.110719 0.732905 0 0 0 
-10.4088 -14.4407 10698 -3.37169 1.56552 199.966 40.397 -13 -2 1 0 1 -0.079784 -0.0990475 -0.674569 0 0 0 
-11.4143 -14.3558 10798 -0.658481 -1.17912 199.996 40.7742 -13 -2 1 0 1 -0.0753235 -0.0798536 -1.97479 0 0 0 
-11.0479 -15.4261 10898 2.11025 -2.77815 199.97 41.1515 -13 -2 1 0 1 -0.0485936 -0.0471423 -2.92034 0 0 0 
-9.44035 -16.7509 10997.9 4.02948 -2.15635 199.948 41.5287 -13 -2 1 0 1 -0.0122439 0.00543411 -3.27979 0 0 0 
-7.42974 -17.3494 11097.9 3.55079 -0.175921 199.969 41.906 -13 -2 1 0 1 0.0141278 0.0637436 -2.9476 0 0 0 
-6.28732 -17.0094 11197.9 0.736628 1.37572 199.994 42.2832 -13 -2 1 0 1 0.0283713 0.103638 -2.02239 0 0 0 
-6.84466 -16.0963 11297.9 -3.00403 2.25185 199.965 42.6605 -13 -2 1 0 1 0.0424482 0.117252 -0.735089 0 0 0 
-9.23923 -14.6384 11397.9 -6.42813 3.84026 199.86 43.0377 -13 -2 1 0 1 0.0614057 0.108734 0.672307 0 0 0 
-12.9917 -11.9066 11497.8 -8.13107 7.45203 199.696 43.415 -13 -2 1 0 1 0.0742259 0.0788257 1.97152 0 0 0 
-16.7406 -6.96347 11597.6 -6.11174 12.2854 199.529 43.7922 -13 -2 1 0 1 0.0569104 0.0360587 2.91683 0 0 0 
-18.4212 -0.0146471 11697.3 -0.169337 14.7908 199.452 44.1695 -13 -2 1 0 1 0.00175489 0.0133347 3.27883 0 0 0 
-16.8903 6.9957 11797 5.88518 12.5072 199.522 44.5467 -13 -2 1 0 1 -0.054693 0.0351369 2.9528 0 0 0 
-13.2056 12.0644 11896.8 8.09222 7.69872 199.688 44.924 -13 -2 1 0 1 -0.0742768 0.0787529 2.03426 0 0 0 
-9.44688 14.896 11996.7 6.46975 3.98473 199.856 45.3012 -13 -2 1 0 1 -0.0626504 0.110164 0.750948 0 0 0 
-7.03496 16.3995 12096.7 3.01951 2.2958 199.964 45.6785 -13 -2 1 0 1 -0.0441118 0.119876 -0.656584 0 0 0 
-6.48685 17.3161 12196.7 -0.792899 1.34873 199.994 46.0557 -13 -2 1 0 1 -0.0302925 0.107018 -1.95979 0 0 0 
-7.67759 17.6235 12296.7 -3.68523 -0.285436 199.966 46.433 -13 -2 1 0 1 -0.0163221 0.0675195 -2.91176 0 0 0 
-9.76615 16.9403 12396.6 -4.19269 -2.39187 199.942 46.8102 -13 -2 1 0 1 0.010374 0.00870267 -3.27954 0 0 0 
-11.4429 15.4671 12496.6 -2.21039 -3.12495 199.964 47.1875 -13 -2 1 0 1 0.0481496 -0.0446616 -2.95639 0 0 0 
-11.8365 14.2158 12596.6 0.642027 -1.53706 199.993 47.5647 -13 -2 1 0 1 0.0767572 -0.0775661 -2.03763 0 0 0 
-11.7975 14.2129 12600.5 0.750672 -1.43882 199.994 47.5794 -13 -2 1 0 1 0.0772675 -0.0786104 -1.99259 0 0 0 
-11.7975 14.2129 12600.5 0.750699 -1.43879 199.994 47.5794 -13 -2 1 0 1 0.0772676 -0.0786106 -1.99258 0 0 0 
-10.7428 14.1907 12700.5 3.46115 1.39643 199.965 47.9567 -13 -2 1 0 1 0.0820341 -0.0971676 -0.695787 0 0 0 
-8.26285 15.5019 12800.5 6.60763 3.58542 199.859 48.3339 -13 -2 1 0 1 0.0647909 -0.108653 0.711578 0 0 0 
-3.97878 17.35 12900.3 10.6105 3.22592 199.693 48.7112 -13 -2 1 0 1 0.0319715 -0.103819 2.0016 0 0 0 
2.21274 18.0668 13000.1 13.7338 -0.990321 199.526 49.0884 -13 -2 1 0 1 0.00342121 -0.0662353 2.93427 0 0 0 
9.06251 15.9762 13099.9 12.8198 -7.378 199.453 49.4657 -13 -2 1 0 1 0.0115121 -0.006734 3.27982 0 0 0 
14.3111 11.1012 13199.6 7.75063 -11.3916 199.525 49.8429 -13 -2 1 0 1 0.0582074 0.0305824 2.93575 0 0 0 
16.7933 5.37395 13299.4 2.51004 -10.836 199.691 50.2202 -13 -2 1 0 1 0.104552 0.0250324 2.00425 0 0 0 
17.324 0.71254 13399.3 0.157277 -7.59071 199.856 50.5975 -13 -2 1 0 1 0.124859 -0.000970645 0.71484 0 0 0 
17.4008 -2.14093 13499.3 0.457752 -3.82336 199.963 50.9747 -13 -2 1 0 1 0.123383 -0.0219909 -0.692459 0 0 0 
17.9196 -3.12282 13599.3 1.58455 -0.121698 199.994 51.352 -13 -2 1 0 1 0.105119 -0.0276874 -1.9897 0 0 0 
18.8072 -2.32712 13699.3 1.68505 3.14732 199.968 51.7292 -13 -2 1 0 1 0.0641158 -0.0200631 -2.929 0 0 0 
19.3278 -0.272718 13799.2 0.208228 4.64118 199.946 52.1065 -13 -2 1 0 1 0.000531916 -0.0133442 -3.28038 0 0 0 
19.0011 1.837 13899.2 -1.35118 3.35386 199.968 52.4837 -13 -2 1 0 1 -0.0638779 -0.0183529 -2.93932 0 0 0 
18.2404 2.76129 13999.2 -1.41086 0.161725 199.995 52.861 -13 -2 1 0 1 -0.106474 -0.0255628 -2.00764 0 0 0 
17.7779 1.91502 14099.2 -0.391131 -3.57664 199.968 53.2382 -13 -2 1 0 1 -0.125812 -0.0204327 -0.717174 0 0 0 
17.7265 -0.834488 14199.2 -0.108972 -7.42555 199.862 53.6155 -13 -2 1 0 1 -0.12778 -0.000128083 0.69027 0 0 0 
17.2269 -5.43847 14299 -2.4315 -10.7757 199.695 53.9927 -13 -2 1 0 1 -0.107477 0.0255607 1.98668 0 0 0 
14.7877 -11.1661 14398.8 -7.66773 -11.4537 199.525 54.37 -13 -2 1 0 1 -0.0604624 0.0313298 2.92578 0 0 0 
9.56622 -16.0952 14498.6 -12.8059 -7.51623 199.448 54.7472 -13 -2 1 0 1 -0.0120258 -0.00586497 3.27958 0 0 0 
2.70118 -18.2499 14598.3 -13.8014 -1.08798 199.521 55.1245 -13 -2 1 0 1 -0.00193088 -0.0660321 2.94448 0 0 0 
-3.52911 -17.5531 14698.1 -10.6827 3.24857 199.688 55.5017 -13 -2 1 0 1 -0.0293099 -0.104554 2.0194 0 0 0 
-7.83646 -15.6624 14798 -6.62509 3.73045 199.856 55.879 -13 -2 1 0 1 -0.0617766 -0.109656 0.733003 0 0 0 
-10.3145 -14.2515 14898 -3.4461 1.64781 199.964 56.2562 -13 -2 1 0 1 -0.079128 -0.0977322 -0.674406 0 0 0 
-11.3708 -14.1254 14998 -0.790099 -1.10418 199.996 56.6335 -13 -2 1 0 1 -0.0750704 -0.0785141 -1.97458 0 0 0 
-11.0846 -15.1708 15098 1.92615 -2.76238 199.972 57.0107 -13 -2 1 0 1 -0.0487206 -0.046272 -2.92014 0 0 0 
-9.57181 -16.5109 15197.9 3.84663 -2.23411 199.951 57.388 -13 -2 1 0 1 -0.0122562 0.00544654 -3.27967 0 0 0 
-7.63829 -17.1668 15297.9 3.43257 -0.318121 199.971 57.7652 -13 -2 1 0 1 0.0148128 0.0631373 -2.94759 0 0 0 
-6.53529 -16.9001 15397.9 0.693782 1.23505 199.995 58.1425 -13 -2 1 0 1 0.0297941 0.103008 -2.02247 0 0 0 
-7.10215 -16.0473 15497.9 -3.00621 2.1556 199.966 58.5197 -13 -2 1 0 1 0.0442296 0.116913 -0.735183 0 0 0 
-9.49524 -14.6245 15597.9 -6.42395 3.79557 199.861 58.897 -13 -2 1 0 1 0.0631797 0.108624 0.668794 0 0 0 
-13.2468 -11.9034 15697.7 -8.13168 7.45251 199.696 59.2742 -13 -2 1 0 1 0.0757054 0.0787965 1.9679 0 0 0 
-16.9959 -6.9512 15797.6 -6.10961 12.3177 199.527 59.6515 -13 -2 1 0 1 0.0577794 0.0360098 2.91312 0 0 0 
-18.6726 0.0169655 15897.3 -0.155602 14.8311 199.45 60.0287 -13 -2 1 0 1 0.00176776 0.0133295 3.27499 0 0 0 
-17.1329 7.04368 15997 5.90414 12.5286 199.52 60.406 -13 -2 1 0 1 -0.0555003 0.0352992 2.94876 0 0 0 
-13.441 12.1149 16096.8 8.0999 7.68593 199.688 60.7832 -13 -2 1 0 1 -0.0756366 0.0790553 2.02995 0 0 0 
-9.68316 14.9302 16196.7 6.45852 3.93154 199.857 61.1605 -13 -2 1 0 1 -0.0642925 0.110419 0.746327 0 0 0 
-7.27897 16.3952 16296.7 3.0041 2.19336 199.966 61.5377 -13 -2 1 0 1 -0.0458071 0.119849 -0.658075 0 0 0 
-6.73245 17.2481 16396.7 -0.776236 1.19851 199.995 61.915 -13 -2 1 0 1 -0.0317258 0.106626 -1.96143 0 0 0 
-7.8975 17.4745 16496.7 -3.59369 -0.450051 199.968 62.2922 -13 -2 1 0 1 -0.0170836 0.0670099 -2.91351 0 0 0 
-9.91951 16.7189 16596.6 -4.02312 -2.5054 199.944 62.6695 -13 -2 1 0 1 0.0103528 0.00868286 -3.28141 0 0 0 
-11.5031 15.2116 16696.6 -2.01929 -3.14647 199.965 63.0467 -13 -2 1 0 1 0.0483399 -0.0438228 -2.95842 0 0 0 
-11.8093 13.9686 16796.6 0.793255 -1.49054 199.993 63.424 -13 -2 1 0 1 0.0765951 -0.0761455 -2.03987 0 0 0 
-11.7679 13.9668 16800.5 0.899798 -1.39062 199.993 63.4387 -13 -2 1 0 1 0.0770902 -0.0771804 -1.9948 0 0 0 
-11.7679 13.9668 16800.5 0.899826 -1.39059 199.993 63.4387 -13 -2 1 0 1 0.0770904 -0.0771807 -1.99479 0 0 0 
-10.6531 13.9742 16900.5 3.55326 1.45867 199.963 63.8159 -13 -2 1 0 1 0.0813946 -0.0956502 -0.701536 0 0 0 
-8.13914 15.3128 17000.5 6.65397 3.62957 199.857 64.1932 -13 -2 1 0 1 0.0639207 -0.107322 0.705376 0 0 0 
-3.84059 17.1769 17100.3 10.6239 3.24714 199.692 64.5704 -13 -2 1 0 1 0.0311697 -0.102794 1.99493 0 0 0 
2.35188 17.9016 17200.1 13.7271 -0.976137 199.526 64.9477 -13 -2 1 0 1 0.00296528 -0.0656528 2.92714 0 0 0 
9.19816 15.8206 17299.9 12.8177 -7.35196 199.454 65.3249 -13 -2 1 0 1 0.0115402 -0.00670882 3.27225 0 0 0 
14.4532 10.9624 17399.6 7.78268 -11.351 199.526 65.7022 -13 -2 1 0 1 0.0587298 0.0301327 2.92772 0 0 0 
16.9634 5.2578 17499.4 2.59064 -10.7864 199.692 66.0794 -13 -2 1 0 1 0.105594 0.0243621 1.99566 0 0 0 
17.5459 0.625285 17599.3 0.281837 -7.52059 199.859 66.4567 -13 -2 1 0 1 0.126468 -0.00159117 0.705548 0 0 0 
17.6912 -2.18095 17699.3 0.601526 -3.69728 199.965 66.834 -13 -2 1 0 1 0.125458 -0.022293 -0.699107 0 0 0 
18.2767 -3.07755 17799.3 1.69517 0.097095 199.993 67.2112 -13 -2 1 0 1 0.107258 -0.0274555 -1.99709 0 0 0 
19.1941 -2.15049 17899.3 1.68067 3.44439 199.964 67.5885 -13 -2 1 0 1 0.0655058 -0.0194954 -2.93718 0 0 0 
19.6726 0.0532639 17999.2 0.0455013 4.92135 199.94 67.9657 -13 -2 1 0 1 0.000632179 -0.0133577 -3.28938 0 0 0 
19.2365 2.27658 18099.2 -1.60728 3.51812 199.963 68.343 -13 -2 1 0 1 -0.0645646 -0.0198319 -2.94916 0 0 0 
18.3494 3.25136 18199.2 -1.64325 0.207614 199.993 68.7202 -13 -2 1 0 1 -0.106995 -0.0283962 -2.01843 0 0 0 
17.7928 2.41246 18299.2 -0.528322 -3.58066 199.968 69.0975 -13 -2 1 0 1 -0.125796 -0.0238909 -0.729086 0 0 0 
17.702 -0.339261 18399.1 -0.128101 -7.42592 199.862 69.4747 -13 -2 1 0 1 -0.127458 -0.00359163 0.673575 0 0 0 
17.2235 -4.94278 18499 -2.32875 -10.7806 199.696 69.852 -13 -2 1 0 1 -0.107289 0.0226147 1.96825 0 0 0 
14.8612 -10.6874 18598.8 -7.47291 -11.53 199.528 70.2292 -13 -2 1 0 1 -0.0605449 0.0295639 2.90536 0 0 0 
9.74112 -15.6863 18698.6 -12.6159 -7.72299 199.453 70.6065 -13 -2 1 0 1 -0.0119053 -0.00610367 3.25694 0 0 0 
2.94519 -17.9727 18798.3 -13.7287 -1.39538 199.524 70.9837 -13 -2 1 0 1 -0.00106734 -0.0653957 2.91935 0 0 0 
-3.28581 -17.4367 18898.1 -10.7532 2.92551 199.69 71.361 -13 -2 1 0 1 -0.0279452 -0.104203 1.99139 0 0 0 
-7.65166 -15.7016 18998 -6.77349 3.4313 199.856 71.7382 -13 -2 1 0 1 -0.0606195 -0.110267 0.701575 0 0 0 
-10.2028 -14.4378 19098 -3.5733 1.35303 199.964 72.1155 -13 -2 1 0 1 -0.0785414 -0.0993803 -0.706462 0 0 0 
-11.296 -14.4629 19198 -0.793844 -1.41235 199.994 72.4927 -13 -2 1 0 1 -0.0748899 -0.0808971 -2.01134 0 0 0 
-10.9643 -15.6555 19297.9 2.11763 -3.02599 199.966 72.87 -13 -2 1 0 1 -0.048605 -0.0484651 -2.96253 0 0 0 
-9.31184 -17.0925 19397.9 4.19524 -2.3424 199.943 73.2472 -13 -2 1 0 1 -0.012534 0.00471448 -3.32875 0 0 0 
-7.19465 -17.7552 19497.9 3.79234 -0.245792 199.964 73.6245 -13 -2 1 0 1 0.0130834 0.0642203 -3.00466 0 0 0 
-5.93436 -17.4301 19597.9 0.954522 1.36896 199.993 74.0017 -13 -2 1 0 1 0.0260817 0.105032 -2.08919 0 0 0 
-6.39808 -16.5294 19697.9 -2.85039 2.18789 199.968 74.379 -13 -2 1 0 1 0.0390005 0.119059 -0.813783 0 0 0 
-8.73767 -15.1432 19797.8 -6.37277 3.60037 199.866 74.7562 -13 -2 1 0 1 0.0572766 0.110869 0.575441 0 0 0 
-12.5112 -12.5897 19897.7 -8.30352 6.97992 199.706 75.1335 -13 -2 1 0 1 0.0702168 0.0813609 1.85609 0 0 0 
-16.4511 -7.92031 19997.5 -6.74151 11.705 199.544 75.5107 -13 -2 1 0 1 0.0538425 0.038152 2.77798 0 0 0 
-18.5909 -1.2157 20097.3 -1.36988 14.466 199.472 75.888 -13 -2 1 0 1 -0.00127802 0.0130824 3.11006 0 0 0 
-17.7654 5.77133 20197 4.31951 12.7666 199.546 76.2652 -13 -2 1 0 1 -0.0613642 0.0322357 2.74526 0 0 0 
-14.8908 11.1106 20296.9 6.44757 8.47224 199.717 76.6425 -13 -2 1 0 1 -0.0881315 0.0763438 1.77567 0 0 0 
-11.9682 14.3699 20396.8 4.73981 4.82761 199.886 77.0197 -13 -2 1 0 1 -0.0845882 0.111914 0.424417 0 0 0 
-10.4906 16.1762 20496.7 0.97872 2.53262 199.982 77.397 -13 -2 1 0 1 -0.0734838 0.126593 -1.07087 0 0 0 
-11.0404 16.8774 20596.7 -3.06835 0.0934698 199.977 77.7742 -13 -2 1 0 1 -0.0646868 0.116362 -2.49789 0 0 0 
-13.2412 16.0235 20696.7 -5.19557 -3.718 199.898 78.1515 -13 -2 1 0 1 -0.0486872 0.077698 -3.61967 0 0 0 
-15.5475 13.1657 20796.6 -3.31355 -7.40908 199.836 78.5287 -13 -2 1 0 1 -0.011923 0.0262889 -4.22196 0 0 0 
-16.0394 9.19833 20896.5 1.54469 -7.71428 199.846 78.906 -13 -2 1 0 1 0.0319837 -0.00665369 -4.22436 0 0 0 
-14.1447 6.1242 20996.5 5.63658 -4.11185 199.879 79.2832 -13 -2 1 0 1 0.0523275 -0.0151021 -3.75147 0 0 0 
-10.8735 5.28647 21096.4 7.01143 0.723275 199.876 79.6605 -13 -2 1 0 1 0.0447088 -0.0168019 -3.05164 0 0 0 
-7.45166 6.67166 21196.3 6.4843 4.57237 199.843 80.0377 -13 -2 1 0 1 0.0273048 -0.0207304 -2.34773 0 0 0 
-5.76096 8.25994 21252.2 5.88841 6.06697 199.822 80.2485 -13 -2 1 0 1 0.0187329 -0.0234203 -1.99625 0 0 0 

# Event -1 Track 1
-11.2945 14.0917 0 0.731734 -1.1308 199.995 0 -13 -1 1 0 1 0.0742436 -0.0777254 -1.99165 0 0 0 
-11.2894 14.0922 0.4995 0.745057 -1.11858 199.995 0.0018845 -13 -1 1 0 1 0.0743028 -0.0778624 -1.98586 0 0 0 
-11.2894 14.0922 0.5005 0.745084 -1.11855 199.995 0.00188827 -13 -1 1 0 1 0.0743029 -0.0778626 -1.98585 0 0 0 
-10.2585 14.204 100.494 3.38862 1.60881 199.965 0.379139 -13 -1 1 0 1 0.0786575 -0.0972157 -0.689597 0 0 0 
-7.81403 15.5949 200.453 6.54661 3.69506 199.859 0.75639 -13 -1 1 0 1 0.0616806 -0.10927 0.714055 0 0 0 
-3.55165 17.4772 300.342 10.5847 3.25652 199.693 1.13364 -13 -1 1 0 1 0.0295099 -0.104529 2.00392 0 0 0 
2.6326 18.1937 400.145 13.725 -1.01755 199.526 1.51089 -13 -1 1 0 1 0.00202197 -0.066639 2.93653 0 0 0 
9.47524 16.0826 499.884 12.7957 -7.42421 199.452 1.88814 -13 -1 1 0 1 0.0115245 -0.00671333 3.28202 0 0 0 
14.7053 11.1911 599.623 7.70218 -11.4026 199.526 2.26539 -13 -1 1 0 1 0.0595476 0.0309027 2.93781 0 0 0 
17.1605 5.47565 699.426 2.45272 -10.7744 199.695 2.64264 -13 -1 1 0 1 0.106693 0.0256327 2.00606 0 0 0 
17.6614 0.865317 799.317 0.0930263 -7.44846 199.861 3.0199 -13 -1 1 0 1 0.127218 9.59506e-05 0.716383 0 0 0 
17.6976 -1.89917 899.277 0.350271 -3.61399 199.967 3.39715 -13 -1 1 0 1 0.125459 -0.0203086 -0.691136 0 0 0 
18.1389 -2.76867 999.27 1.37258 0.105772 199.995 3.7744 -13 -1 1 0 1 0.106416 -0.0256372 -1.98538 0 0 0 
18.8876 -1.87508 1099.26 1.34528 3.29169 199.968 4.15165 -13 -1 1 0 1 0.0644089 -0.0185342 -2.92483 0 0 0 
19.2205 0.209407 1199.24 -0.181382 4.60862 199.947 4.5289 -13 -1 1 0 1 0.000546937 -0.0133283 -3.27626 0 0 0 
18.7146 2.25982 1299.22 -1.65988 3.16371 199.968 4.90615 -13 -1 1 0 1 -0.0629028 -0.019758 -2.93524 0 0 0 
17.8335 3.07354 1399.21 -1.58504 -0.0692256 199.994 5.2834 -13 -1 1 0 1 -0.104104 -0.0273569 -2.00373 0 0 0 
17.3096 2.12389 1499.2 -0.47316 -3.7476 199.964 5.66065 -13 -1 1 0 1 -0.122544 -0.0218748 -0.713525 0 0 0 
17.2278 -0.686355 1599.16 -0.155334 -7.49429 199.86 6.0379 -13 -1 1 0 1 -0.124295 -0.00115487 0.693607 0 0 0 
16.7109 -5.29782 1699.05 -2.45223 -10.7389 199.696 6.41515 -13 -1 1 0 1 -0.104475 0.0247417 1.98655 0 0 0 
14.273 -10.9869 1798.86 -7.63641 -11.3457 199.532 6.7924 -13 -1 1 0 1 -0.0587059 0.0307143 2.9255 0 0 0 
9.08388 -15.8595 1898.6 -12.7099 -7.41276 199.458 7.16965 -13 -1 1 0 1 -0.0119966 -0.00588432 3.27924 0 0 0 
2.27479 -17.9794 1998.34 -13.6848 -1.06049 199.528 7.54691 -13 -1 1 0 1 -0.00333994 -0.0651427 2.94415 0 0 0 
-3.90597 -17.2927 2098.14 -10.6097 3.18241 199.693 7.92416 -13 -1 1 0 1 -0.0314756 -0.103061 2.01908 0 0 0 
-8.19375 -15.4555 2198.03 -6.61877 3.58442 199.858 8.30141 -13 -1 1 0 1 -0.0642492 -0.108226 0.732679 0 0 0 
-10.6795 -14.1366 2297.99 -3.47383 1.42527 199.965 8.67866 -13 -1 1 0 1 -0.0816618 -0.0969338 -0.674753 0 0 0 
-11.7428 -14.1411 2397.98 -0.774657 -1.40083 199.994 9.05591 -13 -1 1 0 1 -0.0772315 -0.0786019 -1.97496 0 0 0 
-11.4193 -15.3439 2497.97 2.07151 -3.08046 199.966 9.43316 -13 -1 1 0 1 -0.0498608 -0.0468569 -2.92052 0 0 0 
-9.79554 -16.8254 2597.95 4.1374 -2.4625 199.942 9.81041 -13 -1 1 0 1 -0.0122668 0.00543464 -3.27999 0 0 0 
-7.69825 -17.5558 2697.92 3.7761 -0.385 199.964 10.1877 -13 -1 1 0 1 0.0150157 0.0644314 -2.94776 0 0 0 
-6.43377 -17.2891 2797.92 0.983823 1.28708 199.993 10.5649 -13 -1 1 0 1 0.0292151 0.105251 -2.02246 0 0 0 
-6.8773 -16.4011 2897.91 -2.80246 2.22832 199.968 10.9422 -13 -1 1 0 1 0.0426765 0.119365 -0.735036 0 0 0 
-9.18712 -14.9528 2997.87 -6.29176 3.81621 199.865 11.3194 -13 -1 1 0 1 0.0610458 0.110919 0.672455 0 0 0 
-12.8889 -12.2412 3097.76 -8.06596 7.39354 199.701 11.6967 -13 -1 1 0 1 0.0736275 0.0807715 1.9717 0 0 0 
-16.6245 -7.33469 3197.57 -6.12357 12.2022 199.534 12.0739 -13 -1 1 0 1 0.0565057 0.0373303 2.91694 0 0 0 
-18.3272 -0.425448 3297.31 -0.239315 14.7226 199.457 12.4512 -13 -1 1 0 1 0.00173571 0.0133738 3.27877 0 0 0 
-16.8347 6.56054 3397.05 5.81238 12.4786 199.526 12.8284 -13 -1 1 0 1 -0.0545177 0.0337166 2.95254 0 0 0 
-13.1747 11.6224 3496.85 8.07389 7.69521 199.689 13.2057 -13 -1 1 0 1 -0.0740997 0.0762229 2.03391 0 0 0 
-9.40468 14.4534 3596.74 6.53601 3.98463 199.854 13.5829 -13 -1 1 0 1 -0.0623558 0.107102 0.750635 0 0 0 
-6.93638 15.9593 3696.7 3.17862 2.31088 199.961 13.9602 -13 -1 1 0 1 -0.0434227 0.116809 -0.656774 0 0 0 
-6.28835 16.8979 3796.69 -0.559176 1.43303 199.994 14.3374 -13 -1 1 0 1 -0.0291286 0.104565 -1.9598 0 0 0 
-7.35764 17.2777 3896.68 -3.45074 -0.0745684 199.97 14.7147 -13 -1 1 0 1 -0.0152087 0.0663078 -2.91157 0 0 0 
-9.35256 16.73 3996.66 -4.0697 -2.07303 199.948 15.0919 -13 -1 1 0 1 0.01043 0.00866461 -3.27923 0 0 0 
-11.0086 15.4213 4096.64 -2.24859 -2.80631 199.968 15.4692 -13 -1 1 0 1 0.0467405 -0.044521 -2.95604 0 0 0 
-11.4506 14.3084 4196.63 0.502194 -1.31062 199.995 15.8464 -13 -1 1 0 1 0.0745531 -0.0781002 -2.03727 0 0 0 
-11.4148 14.3088 4200.5 0.608136 -1.21725 199.995 15.861 -13 -1 1 0 1 0.0750508 -0.0791635 -1.99253 0 0 0 
-11.4148 14.3088 4200.5 0.608163 -1.21722 199.995 15.861 -13 -1 1 0 1 0.075051 -0.0791637 -1.99252 0 0 0 
-10.4367 14.3717 4300.49 3.31007 1.52023 199.967 16.2383 -13 -1 1 0 1 0.0799108 -0.0984226 -0.695777 0 0 0 
-8.02277 15.7287 4400.45 6.4991 3.65151 199.861 16.6155 -13 -1 1 0 1 0.0631283 -0.110226 0.711611 0 0 0 
-3.77884 17.6023 4500.34 10.5587 3.26543 199.694 16.9928 -13 -1 1 0 1 0.030818 -0.105279 2.00172 0 0 0 
2.39951 18.3344 4600.15 13.7297 -0.968572 199.526 17.37 -13 -1 1 0 1 0.00279487 -0.0671349 2.93449 0 0 0 
9.25371 16.2507 4699.89 12.836 -7.37069 199.452 17.7473 -13 -1 1 0 1 0.0115128 -0.00673334 3.28008 0 0 0 
14.5087 11.3792 4799.62 7.75545 -11.3806 199.525 18.1245 -13 -1 1 0 1 0.0588738 0.0315166 2.93594 0 0 0 
16.9861 5.6641 4899.43 2.48382 -10.7943 199.693 18.5018 -13 -1 1 0 1 0.10567 0.0267083 2.00431 0 0 0 
17.4929 1.0346 4999.32 0.0846239 -7.50445 199.859 18.879 -13 -1 1 0 1 0.126033 0.00126042 0.714778 0 0 0 
17.5165 -1.76695 5099.28 0.311841 -3.70754 199.965 19.2563 -13 -1 1 0 1 0.124186 -0.0193975 -0.692577 0 0 0 
17.9379 -2.69443 5199.27 1.33908 -0.0331485 199.996 19.6335 -13 -1 1 0 1 0.105221 -0.0252061 -1.98979 0 0 0 
18.6812 -1.87974 5299.26 1.36458 3.12044 199.971 20.0108 -13 -1 1 0 1 0.0636819 -0.01855 -2.92895 0 0 0 
19.0434 0.120906 5399.24 -0.0833884 4.45464 199.95 20.388 -13 -1 1 0 1 0.000516069 -0.0133332 -3.28015 0 0 0 
18.6011 2.10961 5499.22 -1.512 3.07556 199.971 20.7653 -13 -1 1 0 1 -0.0625474 -0.0192616 -2.93896 0 0 0 
17.7951 2.89665 5599.21 -1.44039 -0.0922901 199.995 21.1425 -13 -1 1 0 1 -0.103904 -0.0263422 -2.00729 0 0 0 
17.336 1.94401 5699.21 -0.360417 -3.74374 199.965 21.5198 -13 -1 1 0 1 -0.122746 -0.020633 -0.716922 0 0 0 
17.3018 -0.865745 5799.17 -0.0776262 -7.50116 199.859 21.897 -13 -1 1 0 1 -0.124826 8.79738e-05 0.690391 0 0 0 
16.814 -5.48759 5899.06 -2.41455 -10.7745 199.695 22.2743 -13 -1 1 0 1 -0.105075 0.0258419 1.98666 0 0 0 
14.3835 -11.2004 5998.86 -7.64506 -11.4014 199.528 22.6515 -13 -1 1 0 1 -0.0590821 0.0314393 2.92567 0 0 0 
9.17973 -16.0999 6098.6 -12.7561 -7.45977 199.453 23.0288 -13 -1 1 0 1 -0.0120014 -0.00587306 3.27944 0 0 0 
2.34497 -18.2365 6198.34 -13.7343 -1.07879 199.525 23.406 -13 -1 1 0 1 -0.00310759 -0.0659961 2.94433 0 0 0 
-3.85335 -17.5527 6298.14 -10.6256 3.18627 199.692 23.7833 -13 -1 1 0 1 -0.031174 -0.104559 2.0192 0 0 0 
-8.13652 -15.711 6398.03 -6.58309 3.59744 199.859 24.1605 -13 -1 1 0 1 -0.0638546 -0.109997 0.732728 0 0 0 
-10.591 -14.3826 6497.99 -3.38534 1.4538 199.966 24.5378 -13 -1 1 0 1 -0.0810488 -0.0986432 -0.674757 0 0 0 
-11.5999 -14.3631 6597.98 -0.650589 -1.32778 199.995 24.915 -13 -1 1 0 1 -0.0764015 -0.0798941 -1.97499 0 0 0 
-11.2148 -15.5123 6697.97 2.18312 -2.93738 199.967 25.2923 -13 -1 1 0 1 -0.0491616 -0.0474329 -2.92053 0 0 0 
-9.55163 -16.9079 6797.95 4.17508 -2.2706 199.944 25.6696 -13 -1 1 0 1 -0.0122488 0.0054289 -3.27995 0 0 0 
-7.45903 -17.5436 6897.93 3.72277 -0.20934 199.965 26.0468 -13 -1 1 0 1 0.0142272 0.0643903 -2.94768 0 0 0 
-6.23576 -17.2036 6997.92 0.881886 1.40173 199.993 26.4241 -13 -1 1 0 1 0.0280773 0.104758 -2.02238 0 0 0 
-6.73129 -16.273 7097.91 -2.90185 2.2881 199.966 26.8013 -13 -1 1 0 1 0.0416652 0.118476 -0.735001 0 0 0 
-9.08416 -14.8027 7197.87 -6.36219 3.84908 199.862 27.1786 -13 -1 1 0 1 0.0603294 0.109874 0.672428 0 0 0 
-12.8122 -12.0769 7297.76 -8.10023 7.41901 199.698 27.5558 -13 -1 1 0 1 0.0731792 0.079814 1.97162 0 0 0 
-16.5564 -7.15858 7397.57 -6.12517 12.2234 199.532 27.9331 -13 -1 1 0 1 0.0562716 0.0367257 2.91684 0 0 0 
-18.2546 -0.240685 7497.31 -0.223222 14.7357 199.456 28.3103 -13 -1 1 0 1 0.00173091 0.0133561 3.27871 0 0 0 
-16.7542 6.7505 7597.05 5.82423 12.4881 199.525 28.6876 -13 -1 1 0 1 -0.0542526 0.0343368 2.95256 0 0 0 
-13.0931 11.819 7696.85 8.06423 7.71489 199.689 29.0648 -13 -1 1 0 1 -0.0736328 0.0773484 2.03399 0 0 0 
-9.33574 14.6647 7796.74 6.49316 4.02373 199.854 29.4421 -13 -1 1 0 1 -0.0618805 0.108563 0.750713 0 0 0 
-6.89994 16.1937 7896.69 3.08906 2.361 199.962 29.8193 -13 -1 1 0 1 -0.0431711 0.118441 -0.656745 0 0 0 
-6.31073 17.1537 7996.69 -0.70486 1.46074 199.994 30.1966 -13 -1 1 0 1 -0.0292613 0.106063 -1.95986 0 0 0 
-7.46339 17.5315 8096.68 -3.63096 -0.11768 199.967 30.5738 -13 -1 1 0 1 -0.015577 0.0671916 -2.91173 0 0 0 
-9.54426 16.9394 8196.65 -4.22104 -2.20493 199.943 30.9511 -13 -1 1 0 1 0.0104052 0.00869387 -3.27945 0 0 0 
-11.2563 15.5512 8296.63 -2.31681 -2.98075 199.965 31.3283 -13 -1 1 0 1 0.0475463 -0.0449422 -2.95627 0 0 0 
-11.712 14.3549 8396.62 0.509234 -1.46091 199.994 31.7056 -13 -1 1 0 1 0.0760486 -0.0783659 -2.03747 0 0 0 
-11.6756 14.3529 8400.5 0.617504 -1.36544 199.995 31.7202 -13 -1 1 0 1 0.0765626 -0.0794212 -1.99261 0 0 0 
-11.6756 14.3529 8400.5 0.617532 -1.36542 199.995 31.7202 -13 -1 1 0 1 0.0765627 -0.0794215 -1.9926 0 0 0 
-10.6839 14.355 8500.49 3.34728 1.42661 199.967 32.0975 -13 -1 1 0 1 0.0816264 -0.0983086 -0.695795 0 0 0 
-8.25221 15.6782 8600.45 6.52966 3.60809 199.861 32.4747 -13 -1 1 0 1 0.0647182 -0.109877 0.711615 0 0 0 
-3.99695 17.5403 8700.34 10.5739 3.26074 199.694 32.852 -13 -1 1 0 1 0.032077 -0.104921 2.0017 0 0 0 
2.1872 18.2772 8800.15 13.7403 -0.94744 199.525 33.2292 -13 -1 1 0 1 0.00350688 -0.0669423 2.93442 0 0 0 
9.04867 16.2062 8899.89 12.856 -7.34548 199.451 33.6065 -13 -1 1 0 1 0.0115131 -0.00673379 3.27997 0 0 0 
14.3164 11.3427 8999.62 7.78535 -11.3775 199.524 33.9837 -13 -1 1 0 1 0.0582278 0.0313925 2.93584 0 0 0 
16.8093 5.62016 9099.43 2.51418 -10.8284 199.691 34.361 -13 -1 1 0 1 0.104646 0.0264534 2.00427 0 0 0 
17.331 0.963721 9199.31 0.115376 -7.57759 199.857 34.7382 -13 -1 1 0 1 0.124908 0.000769183 0.71481 0 0 0 
17.3736 -1.88292 9299.27 0.36235 -3.81274 199.964 35.1155 -13 -1 1 0 1 0.123194 -0.0202016 -0.69249 0 0 0 
17.8318 -2.86674 9399.26 1.4404 -0.147242 199.995 35.4927 -13 -1 1 0 1 0.104607 -0.0262038 -1.98969 0 0 0 
18.6421 -2.10149 9499.26 1.53014 3.04642 199.971 35.87 -13 -1 1 0 1 0.0635531 -0.0192997 -2.9289 0 0 0 
19.0966 -0.117196 9599.24 0.109404 4.46774 199.95 36.2472 -13 -1 1 0 1 0.000521617 -0.0133397 -3.2802 0 0 0 
18.7436 1.89961 9699.21 -1.35693 3.16787 199.97 36.6245 -13 -1 1 0 1 -0.0630206 -0.0185614 -2.93909 0 0 0 
17.9985 2.7409 9799.21 -1.35129 0.0218632 199.996 37.0017 -13 -1 1 0 1 -0.105078 -0.0254448 -2.00744 0 0 0 
17.5712 1.83955 9899.2 -0.317755 -3.6587 199.966 37.379 -13 -1 1 0 1 -0.124378 -0.0199098 -0.717031 0 0 0 
17.5526 -0.940016 9999.16 -0.0542675 -7.46716 199.861 37.7562 -13 -1 1 0 1 -0.12657 0.000603551 0.690354 0 0 0 
17.0735 -5.55837 10099.1 -2.40431 -10.7935 199.694 38.1335 -13 -1 1 0 1 -0.106584 0.0262542 1.98672 0 0 0 
14.6422 -11.2908 10198.9 -7.66118 -11.4561 199.525 38.5107 -13 -1 1 0 1 -0.0599652 0.0317502 2.9258 0 0 0 
9.42189 -16.2189 10298.6 -12.8049 -7.512 199.448 38.888 -13 -1 1 0 1 -0.0120163 -0.00586273 3.27961 0 0 0 
2.55871 -18.373 10398.3 -13.7935 -1.09256 199.521 39.2652 -13 -1 1 0 1 -0.00240132 -0.0664444 2.9445 0 0 0 
-3.66479 -17.6841 10498.1 -10.6628 3.2197 199.69 39.6425 -13 -1 1 0 1 -0.0300904 -0.105312 2.01937 0 0 0 
-7.95803 -15.8154 10598 -6.58665 3.67094 199.858 40.0197 -13 -1 1 0 1 -0.0626193 -0.110719 0.732905 0 0 0 
-10.4088 -14.4407 10698 -3.37169 1.56552 199.966 40.397 -13 -1 1 0 1 -0.079784 -0.0990475 -0.674569 0 0 0 
-11.4143 -14.3558 10798 -0.658481 -1.17912 199.996 40.7742 -13 -1 1 0 1 -0.0753235 -0.0798536 -1.97479 0 0 0 
-11.0479 -15.4261 10898 2.11025 -2.77815 199.97 41.1515 -13 -1 1 0 1 -0.0485936 -0.0471423 -2.92034 0 0 0 
-9.44035 -16.7509 10997.9 4.02948 -2.15635 199.948 41.5287 -13 -1 1 0 1 -0.0122439 0.00543411 -3.27979 0 0 0 
-7.42974 -17.3494 11097.9 3.55079 -0.175921 199.969 41.906 -13 -1 1 0 1 0.0141278 0.0637436 -2.9476 0 0 0 
-6.28732 -17.0094 11197.9 0.736628 1.37572 199.994 42.2832 -13 -1 1 0 1 0.0283713 0.103638 -2.02239 0 0 0 
-6.84466 -16.0963 11297.9 -3.00403 2.25185 199.965 42.6605 -13 -1 1 0 1 0.0424482 0.117252 -0.735089 0 0 0 
-9.23923 -14.6384 11397.9 -6.42813 3.84026 199.86 43.0377 -13 -1 1 0 1 0.0614057 0.108734 0.672307 0 0 0 
-12.9917 -11.9066 11497.8 -8.13107 7.45203 199.696 43.415 -13 -1 1 0 1 0.0742259 0.0788257 1.97152 0 0 0 
-16.7406 -6.96347 11597.6 -6.11174 12.2854 199.529 43.7922 -13 -1 1 0 1 0.0569104 0.0360587 2.91683 0 0 0 
-18.4212 -0.0146471 11697.3 -0.169337 14.7908 199.452 44.1695 -13 -1 1 0 1 0.00175489 0.0133347 3.27883 0 0 0 
-16.8903 6.9957 11797 5.88518 12.5072 199.522 44.5467 -13 -1 1 0 1 -0.054693 0.0351369 2.9528 0 0 0 
-13.2056 12.0644 11896.8 8.09222 7.69872 199.688 44.924 -13 -1 1 0 1 -0.0742768 0.0787529 2.03426 0 0 0 
-9.44688 14.896 11996.7 6.46975 3.98473 199.856 45.3012 -13 -1 1 0 1 -0.0626504 0.110164 0.750948 0 0 0 
-7.03496 16.3995 12096.7 3.01951 2.2958 199.964 45.6785 -13 -1 1 0 1 -0.0441118 0.119876 -0.656584 0 0 0 
-6.48685 17.3161 12196.7 -0.792899 1.34873 199.994 46.0557 -13 -1 1 0 1 -0.0302925 0.107018 -1.95979 0 0 0 
-7.67759 17.6235 12296.7 -3.68523 -0.285436 199.966 46.433 -13 -1 1 0 1 -0.0163221 0.0675195 -2.91176 0 0 0 
-9.76615 16.9403 12396.6 -4.19269 -2.39187 199.942 46.8102 -13 -1 1 0 1 0.010374 0.00870267 -3.27954 0 0 0 
-11.4429 15.4671 12496.6 -2.21039 -3.12495 199.964 47.1875 -13 -1 1 0 1 0.0481496 -0.0446616 -2.95639 0 0 0 
-11.8365 14.2158 12596.6 0.642027 -1.53706 199.993 47.5647 -13 -1 1 0 1 0.0767572 -0.0775661 -2.03763 0 0 0 
-11.7975 14.2129 12600.5 0.750672 -1.43882 199.994 47.5794 -13 -1 1 0 1 0.0772675 -0.0786104 -1.99259 0 0 0 
-11.7975 14.2129 12600.5 0.750699 -1.43879 199.994 47.5794 -13 -1 1 0 1 0.0772676 -0.0786106 -1.99258 0 0 0 
-10.7428 14.1907 12700.5 3.46115 1.39643 199.965 47.9567 -13 -1 1 0 1 0.0820341 -0.0971676 -0.695787 0 0 0 
-8.26285 15.5019 12800.5 6.60763 3.58542 199.859 48.3339 -13 -1 1 0 1 0.0647909 -0.108653 0.711578 0 0 0 
-3.97878 17.35 12900.3 10.6105 3.22592 199.693 48.7112 -13 -1 1 0 1 0.0319715 -0.103819 2.0016 0 0 0 
2.21274 18.0668 13000.1 13.7338 -0.990321 199.526 49.0884 -13 -1 1 0 1 0.00342121 -0.0662353 2.93427 0 0 0 
9.06251 15.9762 13099.9 12.8198 -7.378 199.453 49.4657 -13 -1 1 0 1 0.0115121 -0.006734 3.27982 0 0 0 
14.3111 11.1012 13199.6 7.75063 -11.3916 199.525 49.8429 -13 -1 1 0 1 0.0582074 0.0305824 2.93575 0 0 0 
16.7933 5.37395 13299.4 2.51004 -10.836 199.691 50.2202 -13 -1 1 0 1 0.104552 0.0250324 2.00425 0 0 0 
17.324 0.71254 13399.3 0.157277 -7.59071 199.856 50.5975 -13 -1 1 0 1 0.124859 -0.000970645 0.71484 0 0 0 
17.4008 -2.14093 13499.3 0.457752 -3.82336 199.963 50.9747 -13 -1 1 0 1 0.123383 -0.0219909 -0.692459 0 0 0 
17.9196 -3.12282 13599.3 1.58455 -0.121698 199.994 51.352 -13 -1 1 0 1 0.105119 -0.0276874 -1.9897 0 0 0 
18.8072 -2.32712 13699.3 1.68505 3.14732 199.968 51.7292 -13 -1 1 0 1 0.0641158 -0.0200631 -2.929 0 0 0 
19.3278 -0.272718 13799.2 0.208228 4.64118 199.946 52.1065 -13 -1 1 0 1 0.000531916 -0.0133442 -3.28038 0 0 0 
19.0011 1.837 13899.2 -1.35118 3.35386 199.968 52.4837 -13 -1 1 0 1 -0.0638779 -0.0183529 -2.93932 0 0 0 
18.2404 2.76129 13999.2 -1.41086 0.161725 199.995 52.861 -13 -1 1 0 1 -0.106474 -0.0255628 -2.00764 0 0 0 
17.7779 1.91502 14099.2 -0.391131 -3.57664 199.968 53.2382 -13 -1 1 0 1 -0.125812 -0.0204327 -0.717174 0 0 0 
17.7265 -0.834488 14199.2 -0.108972 -7.42555 199.862 53.6155 -13 -1 1 0 1 -0.12778 -0.000128083 0.69027 0 0 0 
17.2269 -5.43847 14299 -2.4315 -10.7757 199.695 53.9927 -13 -1 1 0 1 -0.107477 0.0255607 1.98668 0 0 0 
14.7877 -11.1661 14398.8 -7.66773 -11.4537 199.525 54.37 -13 -1 1 0 1 -0.0604624 0.0313298 2.92578 0 0 0 
9.56622 -16.0952 14498.6 -12.8059 -7.51623 199.448 54.7472 -13 -1 1 0 1 -0.0120258 -0.00586497 3.27958 0 0 0 
2.70118 -18.2499 14598.3 -13.8014 -1.08798 199.521 55.1245 -13 -1 1 0 1 -0.00193088 -0.0660321 2.94448 0 0 0 
-3.52911 -17.5531 14698.1 -10.6827 3.24857 199.688 55.5017 -13 -1 1 0 1 -0.0293099 -0.104554 2.0194 0 0 0 
-7.83646 -15.6624 14798 -6.62509 3.73045 199.856 55.879 -13 -1 1 0 1 -0.0617766 -0.109656 0.733003 0 0 0 
-10.3145 -14.2515 14898 -3.4461 1.64781 199.964 56.2562 -13 -1 1 0 1 -0.079128 -0.0977322 -0.674406 0 0 0 
-11.3708 -14.1254 14998 -0.790099 -1.10418 199.996 56.6335 -13 -1 1 0 1 -0.0750704 -0.0785141 -1.97458 0 0 0 
-11.0846 -15.1708 15098 1.92615 -2.76238 199.972 57.0107 -13 -1 1 0 1 -0.0487206 -0.046272 -2.92014 0 0 0 
-9.57181 -16.5109 15197.9 3.84663 -2.23411 199.951 57.388 -13 -1 1 0 1 -0.0122562 0.00544654 -3.27967 0 0 0 
-7.63829 -17.1668 15297.9 3.43257 -0.318121 199.971 57.7652 -13 -1 1 0 1 0.0148128 0.0631373 -2.94759 0 0 0 
-6.53529 -16.9001 15397.9 0.693782 1.23505 199.995 58.1425 -13 -1 1 0 1 0.0297941 0.103008 -2.02247 0 0 0 
-7.10215 -16.0473 15497.9 -3.00621 2.1556 199.966 58.5197 -13 -1 1 0 1 0.0442296 0.116913 -0.735183 0 0 0 
-9.49524 -14.6245 15597.9 -6.42395 3.79557 199.861 58.897 -13 -1 1 0 1 0.0631797 0.108624 0.668794 0 0 0 
-13.2468 -11.9034 15697.7 -8.13168 7.45251 199.696 59.2742 -13 -1 1 0 1 0.0757054 0.0787965 1.9679 0 0 0 
-16.9959 -6.9512 15797.6 -6.10961 12.3177 199.527 59.6515 -13 -1 1 0 1 0.0577794 0.0360098 2.91312 0 0 0 
-18.6726 0.0169655 15897.3 -0.155602 14.8311 199.45 60.0287 -13 -1 1 0 1 0.00176776 0.0133295 3.27499 0 0 0 
-17.1329 7.04368 15997 5.90414 12.5286 199.52 60.406 -13 -1 1 0 1 -0.0555003 0.0352992 2.94876 0 0 0 
-13.441 12.1149 16096.8 8.0999 7.68593 199.688 60.7832 -13 -1 1 0 1 -0.0756366 0.0790553 2.02995 0 0 0 
-9.68316 14.9302 16196.7 6.45852 3.93154 199.857 61.1605 -13 -1 1 0 1 -0.0642925 0.110419 0.746327 0 0 0 
-7.27897 16.3952 16296.7 3.0041 2.19336 199.966 61.5377 -13 -1 1 0 1 -0.0458071 0.119849 -0.658075 0 0 0 
-6.73245 17.2481 16396.7 -0.776236 1.19851 199.995 61.915 -13 -1 1 0 1 -0.0317258 0.106626 -1.96143 0 0 0 
-7.8975 17.4745 16496.7 -3.59369 -0.450051 199.968 62.2922 -13 -1 1 0 1 -0.0170836 0.0670099 -2.91351 0 0 0 
-9.91951 16.7189 16596.6 -4.02312 -2.5054 199.944 62.6695 -13 -1 1 0 1 0.0103528 0.00868286 -3.28141 0 0 0 
-11.5031 15.2116 16696.6 -2.01929 -3.14647 199.965 63.0467 -13 -1 1 0 1 0.0483399 -0.0438228 -2.95842 0 0 0 
-11.8093 13.9686 16796.6 0.793255 -1.49054 199.993 63.424 -13 -1 1 0 1 0.0765951 -0.0761455 -2.03987 0 0 0 
-11.7679 13.9668 16800.5 0.899798 -1.39062 199.993 63.4387 -13 -1 1 0 1 0.0770902 -0.0771804 -1.9948 0 0 0 
-11.7679 13.9668 16800.5 0.899826 -1.39059 199.993 63.4387 -13 -1 1 0 1 0.0770904 -0.0771807 -1.99479 0 0 0 
-10.6531 13.9742 16900.5 3.55326 1.45867 199.963 63.8159 -13 -1 1 0 1 0.0813946 -0.0956502 -0.701536 0 0 0 
-8.13914 15.3128 17000.5 6.65397 3.62957 199.857 64.1932 -13 -1 1 0 1 0.0639207 -0.107322 0.705376 0 0 0 
-3.84059 17.1769 17100.3 10.6239 3.24714 199.692 64.5704 -13 -1 1 0 1 0.0311697 -0.102794 1.99493 0 0 0 
2.35188 17.9016 17200.1 13.7271 -0.976137 199.526 64.9477 -13 -1 1 0 1 0.00296528 -0.0656528 2.92714 0 0 0 
9.19816 15.8206 17299.9 12.8177 -7.35196 199.454 65.3249 -13 -1 1 0 1 0.0115402 -0.00670882 3.27225 0 0 0 
14.4532 10.9624 17399.6 7.78268 -11.351 199.526 65.7022 -13 -1 1 0 1 0.0587298 0.0301327 2.92772 0 0 0 
16.9634 5.2578 17499.4 2.59064 -10.7864 199.692 66.0794 -13 -1 1 0 1 0.105594 0.0243621 1.99566 0 0 0 
17.5459 0.625285 17599.3 0.281837 -7.52059 199.859 66.4567 -13 -1 1 0 1 0.126468 -0.00159117 0.705548 0 0 0 
17.6912 -2.18095 17699.3 0.601526 -3.69728 199.965 66.834 -13 -1 1 0 1 0.125458 -0.022293 -0.699107 0 0 0 
18.2767 -3.07755 17799.3 1.69517 0.097095 199.993 67.2112 -13 -1 1 0 1 0.107258 -0.0274555 -1.99709 0 0 0 
19.1941 -2.15049 17899.3 1.68067 3.44439 199.964 67.5885 -13 -1 1 0 1 0.0655058 -0.0194954 -2.93718 0 0 0 
19.6726 0.0532639 17999.2 0.0455013 4.92135 199.94 67.9657 -13 -1 1 0 1 0.000632179 -0.0133577 -3.28938 0 0 0 
19.2365 2.27658 18099.2 -1.60728 3.51812 199.963 68.343 -13 -1 1 0 1 -0.0645646 -0.0198319 -2.94916 0 0 0 
18.3494 3.25136 18199.2 -1.64325 0.207614 199.993 68.7202 -13 -1 1 0 1 -0.106995 -0.0283962 -2.01843 0 0 0 
17.7928 2.41246 18299.2 -0.528322 -3.58066 199.968 69.0975 -13 -1 1 0 1 -0.125796 -0.0238909 -0.729086 0 0 0 
17.702 -0.339261 18399.1 -0.128101 -7.42592 199.862 69.4747 -13 -1 1 0 1 -0.127458 -0.00359163 0.673575 0 0 0 
17.2235 -4.94278 18499 -2.32875 -10.7806 199.696 69.852 -13 -1 1 0 1 -0.107289 0.0226147 1.96825 0 0 0 
14.8612 -10.6874 18598.8 -7.47291 -11.53 199.528 70.2292 -13 -1 1 0 1 -0.0605449 0.0295639 2.90536 0 0 0 
9.74112 -15.6863 18698.6 -12.6159 -7.72299 199.453 70.6065 -13 -1 1 0 1 -0.0119053 -0.00610367 3.25694 0 0 0 
2.94519 -17.9727 18798.3 -13.7287 -1.39538 199.524 70.9837 -13 -1 1 0 1 -0.00106734 -0.0653957 2.91935 0 0 0 
-3.28581 -17.4367 18898.1 -10.7532 2.92551 199.69 71.361 -13 -1 1 0 1 -0.0279452 -0.104203 1.99139 0 0 0 
-7.65166 -15.7016 18998 -6.77349 3.4313 199.856 71.7382 -13 -1 1 0 1 -0.0606195 -0.110267 0.701575 0 0 0 
-10.2028 -14.4378 19098 -3.5733 1.35303 199.964 72.1155 -13 -1 1 0 1 -0.0785414 -0.0993803 -0.706462 0 0 0 
-11.296 -14.4629 19198 -0.793844 -1.41235 199.994 72.4927 -13 -1 1 0 1 -0.0748899 -0.0808971 -2.01134 0 0 0 
-10.9643 -15.6555 19297.9 2.11763 -3.02599 199.966 72.87 -13 -1 1 0 1 -0.048605 -0.0484651 -2.96253 0 0 0 
-9.31184 -17.0925 19397.9 4.19524 -2.3424 199.943 73.2472 -13 -1 1 0 1 -0.012534 0.00471448 -3.32875 0 0 0 
-7.19465 -17.7552 19497.9 3.79234 -0.245792 199.964 73.6245 -13 -1 1 0 1 0.0130834 0.0642203 -3.00466 0 0 0 
-5.93436 -17.4301 19597.9 0.954522 1.36896 199.993 74.0017 -13 -1 1 0 1 0.0260817 0.105032 -2.08919 0 0 0 
-6.39808 -16.5294 19697.9 -2.85039 2.18789 199.968 74.379 -13 -1 1 0 1 0.0390005 0.119059 -0.813783 0 0 0 
-8.73767 -15.1432 19797.8 -6.37277 3.60037 199.866 74.7562 -13 -1 1 0 1 0.0572766 0.110869 0.575441 0 0 0 
-12.5112 -12.5897 19897.7 -8.30352 6.97992 199.706 75.1335 -13 -1 1 0 1 0.0702168 0.0813609 1.85609 0 0 0 
-16.4511 -7.92031 19997.5 -6.74151 11.705 199.544 75.5107 -13 -1 1 0 1 0.0538425 0.038152 2.77798 0 0 0 
-18.5909 -1.2157 20097.3 -1.36988 14.466 199.472 75.888 -13 -1 1 0 1 -0.00127802 0.0130824 3.11006 0 0 0 
-17.7654 5.77133 20197 4.31951 12.7666 199.546 76.2652 -13 -1 1 0 1 -0.0613642 0.0322357 2.74526 0 0 0 
-14.8908 11.1106 20296.9 6.44757 8.47224 199.717 76.6425 -13 -1 1 0 1 -0.0881315 0.0763438 1.77567 0 0 0 
-11.9682 14.3699 20396.8 4.73981 4.82761 199.886 77.0197 -13 -1 1 0 1 -0.0845882 0.111914 0.424417 0 0 0 
-10.4906 16.1762 20496.7 0.97872 2.53262 199.982 77.397 -13 -1 1 0 1 -0.0734838 0.126593 -1.07087 0 0 0 
-11.0404 16.8774 20596.7 -3.06835 0.0934698 199.977 77.7742 -13 -1 1 0 1 -0.0646868 0.116362 -2.49789 0 0 0 
-13.2412 16.0235 20696.7 -5.19557 -3.718 199.898 78.1515 -13 -1 1 0 1 -0.0486872 0.077698 -3.61967 0 0 0 
-15.5475 13.1657 20796.6 -3.31355 -7.40908 199.836 78.5287 -13 -1 1 0 1 -0.011923 0.0262889 -4.22196 0 0 0 
-16.0394 9.19833 20896.5 1.54469 -7.71428 199.846 78.906 -13 -1 1 0 1 0.0319837 -0.00665369 -4.22436 0 0 0 
-14.1447 6.1242 20996.5 5.63658 -4.11185 199.879 79.2832 -13 -1 1 0 1 0.0523275 -0.0151021 -3.75147 0 0 0 
-10.8735 5.28647 21096.4 7.01143 0.723275 199.876 79.6605 -13 -1 1 0 1 0.0447088 -0.0168019 -3.05164 0 0 0 
-7.45166 6.67166 21196.3 6.4843 4.57237 199.843 80.0377 -13 -1 1 0 1 0.0273048 -0.0207304 -2.34773 0 0 0 
-5.76096 8.25994 21252.2 5.88841 6.06697 199.822 80.2485 -13 -1 1 0 1 0.0187329 -0.0234203 -1.99625 0 0 0 

# Event 1 Track 1
-21.4115 13.9846 0 -35.4223 -9.56677 196.606 0.0870076 -13 1 1 0 1 0.132796 -0.0771809 -1.9946 0 0 0 
-21.4954 13.9568 0.4995 -35.3963 -9.60049 196.609 0.0889213 -13 1 1 0 1 0.133459 -0.0771532 -1.98882 0 0 0 
-21.4955 13.9567 0.5005 -35.3962 -9.60055 196.609 0.0889251 -13 1 1 0 1 0.133461 -0.0771531 -1.98881 0 0 0 
-38.0157 8.46746 98.9712 -31.0937 -10.4661 197.291 0.466176 -13 1 1 0 1 0.271339 -0.057477 -0.717204 0 0 0 
-53.1002 5.24466 197.764 -29.5634 -0.83177 197.801 0.843427 -13 1 1 0 1 0.377886 -0.0377639 0.683304 0 0 0 
-67.34 8.99482 296.64 -26.4489 16.8104 197.529 1.22068 -13 1 1 0 1 0.406698 -0.0567246 1.99744 0 0 0 
-77.9385 22.2638 395.133 -13.9502 35.4181 196.344 1.59793 -13 1 1 0 1 0.290676 -0.0855665 2.99455 0 0 0 
-79.6778 42.3611 493.021 7.62679 41.9566 195.401 1.97518 -13 1 1 0 1 0.0324884 -0.0177607 3.41833 0 0 0 
-71.168 61.1169 590.832 24.167 30.5747 196.166 2.35243 -13 1 1 0 1 -0.215516 0.187578 3.12984 0 0 0 
-58.3939 71.7099 689.406 24.0663 11.837 198.194 2.72968 -13 1 1 0 1 -0.325987 0.404202 2.20197 0 0 0 
-49.2418 73.7346 788.926 11.3027 -2.7038 199.662 3.10693 -13 1 1 0 1 -0.338284 0.508425 0.886393 0 0 0 
-47.48 69.7242 888.794 -3.89881 -13.1197 199.531 3.48418 -13 1 1 0 1 -0.333521 0.4871 -0.559886 0 0 0 
-52.1291 60.3702 988.224 -13.0407 -24.7917 198.029 3.86143 -13 1 1 0 1 -0.31573 0.358013 -1.90551 0 0 0 
-58.3039 44.699 1086.77 -9.08638 -37.4806 196.246 4.23868 -13 1 1 0 1 -0.221812 0.158507 -2.90839 0 0 0 
-58.891 24.2917 1184.63 8.30775 -41.8295 195.4 4.61594 -13 1 1 0 1 -0.0324298 -8.44974e-06 -3.33343 0 0 0 
-49.7054 5.48314 1282.36 27.445 -31.1006 195.652 4.99319 -13 1 1 0 1 0.140549 -0.0281522 -3.07277 0 0 0 
-33.186 -5.5237 1380.33 36.684 -12.8219 196.188 5.37044 -13 1 1 0 1 0.178668 0.0197547 -2.22339 0 0 0 
-14.5253 -8.20774 1478.52 37.0985 0.54598 196.528 5.74769 -13 1 1 0 1 0.0961985 0.0480744 -0.997357 0 0 0 
3.63539 -6.78337 1576.84 35.6436 3.26321 196.771 6.12494 -13 1 1 0 1 -0.0298155 0.0415766 0.381898 0 0 0 
21.1988 -6.76703 1675.28 34.415 -4.86723 196.957 6.50219 -13 1 1 0 1 -0.138074 0.0360034 1.703 0 0 0 
37.3237 -12.9342 1773.75 28.8126 -20.4673 196.853 6.87944 -13 1 1 0 1 -0.163846 0.0469934 2.75278 0 0 0 
48.5058 -26.9508 1872.09 14.5886 -34.2911 196.498 7.25669 -13 1 1 0 1 -0.0598565 0.0201078 3.29955 0 0 0 
51.4244 -45.1953 1970.33 -2.29557 -36.3955 196.647 7.63394 -13 1 1 0 1 0.115523 -0.11761 3.17762 0 0 0 
47.844 -61.5313 2068.91 -9.73175 -27.9218 197.802 8.01119 -13 1 1 0 1 0.24186 -0.327799 2.40215 0 0 0 
44.0144 -72.8659 2168.18 -3.55931 -17.6723 199.186 8.38844 -13 1 1 0 1 0.291659 -0.497737 1.17076 0 0 0 
45.7865 -79.4356 2267.91 11.5805 -8.50237 199.483 8.76569 -13 1 1 0 1 0.320684 -0.568392 -0.262698 0 0 0 
55.8684 -80.675 2367.34 28.2307 4.808 197.939 9.14295 -13 1 1 0 1 0.351608 -0.516799 -1.66895 0 0 0 
72.4671 -73.1755 2465.61 35.5161 26.3489 195.05 9.5202 -13 1 1 0 1 0.314653 -0.32303 -2.80766 0 0 0 
87.9932 -54.3081 2562.52 23.0602 47.584 192.883 9.89745 -13 1 1 0 1 0.10858 -0.0676804 -3.41251 0 0 0 
93.0291 -28.5998 2658.94 -3.77001 51.3594 193.256 10.2747 -13 1 1 0 1 -0.20959 0.067796 -3.31187 0 0 0 
85.1494 -6.46726 2756.06 -25.5073 34.7352 195.302 10.6519 -13 1 1 0 1 -0.433216 0.0384337 -2.54834 0 0 0 
70.0302 5.17719 2854.16 -32.8144 12.1958 196.913 11.0292 -13 1 1 0 1 -0.470205 -0.0285759 -1.34936 0 0 0 
53.6548 6.86095 2952.77 -32.2264 -3.88708 197.348 11.4065 -13 1 1 0 1 -0.384642 -0.0423875 0.040633 0 0 0 
37.6453 2.99922 3051.4 -32.3296 -9.77548 197.128 11.7837 -13 1 1 0 1 -0.246945 -0.0112187 1.40612 0 0 0 
20.878 -1.09135 3149.89 -34.8486 -4.78141 196.883 12.161 -13 1 1 0 1 -0.0996453 0.0161646 2.5277 0 0 0 
3.27851 -0.244171 3248.31 -34.4846 9.1891 196.79 12.5382 -13 1 1 0 1 -0.0061687 0.01345 3.17892 0 0 0 
-12.2961 8.28134 3346.69 -26.6398 24.2198 196.733 12.9155 -13 1 1 0 1 -0.0198613 0.0266054 3.1997 0 0 0 
-22.8502 22.6838 3445.06 -15.9042 31.8413 196.808 13.2927 -13 1 1 0 1 -0.104546 0.115753 2.58076 0 0 0 
-29.284 38.7729 3543.55 -11.4514 31.5083 197.17 13.67 -13 1 1 0 1 -0.187487 0.25907 1.47532 0 0 0 
-36.087 53.4468 3642.22 -17.496 26.5074 197.462 14.0472 -13 1 1 0 1 -0.253319 0.386687 0.110153 0 0 0 
-48.1739 64.3315 3740.86 -31.6938 15.6504 196.852 14.4245 -13 1 1 0 1 -0.31691 0.436814 -1.29336 0 0 0 
-67.6823 67.3044 3838.82 -45.046 -5.70352 194.778 14.8017 -13 1 1 0 1 -0.338378 0.35147 -2.52076 0 0 0 
-90.63 57.292 3935.54 -43.1471 -34.443 192.229 15.179 -13 1 1 0 1 -0.199999 0.140362 -3.32262 0 0 0 
-107.268 34.5945 4031.41 -20.7926 -52.8871 191.757 15.5562 -13 1 1 0 1 0.137273 -0.0337831 -3.46555 0 0 0 
-110.707 8.60637 4127.83 5.79829 -47.0592 194.299 15.9335 -13 1 1 0 1 0.490572 -0.0320289 -2.88614 0 0 0 
-106.19 -6.0988 4200.5 16.9153 -31.1856 196.828 16.2138 -13 1 1 0 1 0.642713 0.0400978 -2.08716 0 0 0 
-106.19 -6.0989 4200.5 16.9154 -31.1853 196.829 16.2138 -13 1 1 0 1 0.642714 0.0400984 -2.08715 0 0 0 
-96.7546 -15.5766 4299.54 18.9588 -7.02369 198.976 16.5911 -13 1 1 0 1 0.690056 0.111167 -0.736166 0 0 0 
-88.0612 -13.8648 4399.1 16.0022 12.9241 198.94 16.9683 -13 1 1 0 1 0.62727 0.0963709 0.709814 0 0 0 
-79.7757 -3.75774 4498.23 18.6509 26.1104 197.409 17.3456 -13 1 1 0 1 0.480338 0.0185601 2.02937 0 0 0 
-67.8991 10.3394 4596.5 29.9318 27.8344 195.779 17.7228 -13 1 1 0 1 0.250104 -0.0420761 2.97455 0 0 0 
-49.764 21.4346 4694.18 41.5465 14.1624 195.124 18.1001 -13 1 1 0 1 0.0221734 -0.0112228 3.3239 0 0 0 
-28.2338 23.0758 4791.76 42.3893 -7.80459 195.301 18.4773 -13 1 1 0 1 -0.0775626 0.0653626 3.00353 0 0 0 
-9.04115 14.5099 4889.49 33.5991 -24.851 195.585 18.8546 -13 1 1 0 1 -0.042497 0.0749844 2.11793 0 0 0 
5.57651 -0.0234645 4987.33 25.91 -31.6501 195.773 19.2318 -13 1 1 0 1 0.0433715 -0.00601873 0.879433 0 0 0 
18.3461 -15.714 5085.26 26.7984 -29.794 195.945 19.6091 -13 1 1 0 1 0.131458 -0.116943 -0.497551 0 0 0 
33.7498 -28.3783 5183.23 35.6552 -19.2097 195.857 19.9863 -13 1 1 0 1 0.206805 -0.181779 -1.8116 0 0 0 
53.9126 -33.1648 5281.01 43.8135 1.63694 195.135 20.3636 -13 1 1 0 1 0.214372 -0.143323 -2.8469 0 0 0 
75.4124 -26.0121 5378.34 39.4834 26.4369 194.274 20.7408 -13 1 1 0 1 0.0593744 -0.033902 -3.36949 0 0 0 
91.1208 -8.69537 5475.51 22.1467 39.7504 194.755 21.1181 -13 1 1 0 1 -0.244297 0.0104057 -3.21232 0 0 0 
97.843 10.462 5573.4 6.32361 34.0293 196.983 21.4953 -13 1 1 0 1 -0.530558 -0.0670165 -2.39334 0 0 0 
99.5764 23.3866 5672.51 2.72283 16.5808 199.293 21.8726 -13 1 1 0 1 -0.687541 -0.168563 -1.12635 0 0 0 
102.03 26.4398 5772.38 7.66508 -4.75175 199.797 22.2498 -13 1 1 0 1 -0.736796 -0.195788 0.326684 0 0 0 
106.758 18.3169 5871.88 9.69813 -27.8667 197.812 22.6271 -13 1 1 0 1 -0.691424 -0.123181 1.73656 0 0 0 
109.342 -0.884205 5969.93 -2.18774 -47.341 194.304 23.0043 -13 1 1 0 1 -0.490142 -0.00253429 2.85987 0 0 0 
102.269 -26.1244 6066.36 -27.1539 -49.6728 191.821 23.3816 -13 1 1 0 1 -0.138672 0.0255625 3.42921 0 0 0 
83.0201 -46.5924 6162.24 -47.2649 -29.0877 192.146 23.7588 -13 1 1 0 1 0.173957 -0.110386 3.29126 0 0 0 
58.3482 -53.8155 6258.78 -48.1803 -0.164326 194.11 24.1361 -13 1 1 0 1 0.283605 -0.27524 2.5115 0 0 0 
37.0303 -48.2742 6356.27 -36.1857 20.2426 195.655 24.5133 -13 1 1 0 1 0.237572 -0.322457 1.31581 0 0 0 
21.9354 -35.5519 6454.28 -25.2725 28.9845 196.269 24.8906 -13 1 1 0 1 0.148148 -0.251851 -0.0615355 0 0 0 
10.2814 -20.6457 6552.47 -22.9515 29.442 196.486 25.2678 -13 1 1 0 1 0.0584935 -0.131325 -1.41486 0 0 0 
-2.37761 -7.37235 6650.76 -28.5663 22.2576 196.695 25.6451 -13 1 1 0 1 -0.0211636 -0.029917 -2.53123 0 0 0 
-18.4113 0.230332 6749.15 -34.8884 7.04043 196.808 26.0223 -13 1 1 0 1 -0.04413 0.00670411 -3.18743 0 0 0 
-36.0264 -0.733792 6847.55 -34.1445 -10.3999 196.79 26.3996 -13 1 1 0 1 0.0489084 0.00797554 -3.21654 0 0 0 
-51.5581 -8.84998 6945.98 -27.7013 -20.1909 197.041 26.7768 -13 1 1 0 1 0.231099 0.0475426 -2.59578 0 0 0 
-64.2137 -18.9719 7044.66 -23.9797 -18.4858 197.695 27.1541 -13 1 1 0 1 0.411823 0.129309 -1.47689 0 0 0 
-76.7203 -25.7371 7143.63 -27.0389 -7.10045 198.037 27.5313 -13 1 1 0 1 0.544875 0.190202 -0.0940891 0 0 0 
-91.6249 -24.594 7242.46 -32.0881 13.1438 196.972 27.9086 -13 1 1 0 1 0.614368 0.173416 1.32493 0 0 0 
-107.22 -11.4508 7340.28 -27.6344 39.8237 194.038 28.2858 -13 1 1 0 1 0.55022 0.0696696 2.56274 0 0 0 
-116.069 14.1798 7436.42 -4.76284 59.9281 190.751 28.6631 -13 1 1 0 1 0.269428 -0.0197365 3.36324 0 0 0 
-110.461 44.3369 7531.49 26.6279 55.9858 190.149 29.0403 -13 1 1 0 1 -0.129917 0.0658327 3.4907 0 0 0 
-92.0304 66.3707 7627.17 43.1749 30.0324 192.962 29.4176 -13 1 1 0 1 -0.397598 0.298972 2.89938 0 0 0 
-71.1363 74.1445 7724.56 37.3914 2.30021 196.461 29.7948 -13 1 1 0 1 -0.449922 0.479396 1.77541 0 0 0 
-56.3171 70.4181 7823.33 21.4871 -15.4969 198.238 30.1721 -13 1 1 0 1 -0.398636 0.508842 0.385621 0 0 0 
-49.0891 59.8868 7922.48 8.71684 -25.8768 198.128 30.5493 -13 1 1 0 1 -0.331283 0.416474 -1.0386 0 0 0 
-45.8443 45.0618 8021.31 6.30542 -32.8602 197.182 30.9266 -13 1 1 0 1 -0.240744 0.250867 -2.2769 0 0 0 
-40.8071 28.0144 8119.71 15.4328 -33.8033 196.518 31.3038 -13 1 1 0 1 -0.102237 0.0842378 -3.08855 0 0 0 
-29.664 13.1333 8217.94 28.8972 -23.8547 196.459 31.6811 -13 1 1 0 1 0.0304856 -0.00178953 -3.28004 0 0 0 
-12.9473 5.4051 8316.19 36.5149 -6.71125 196.524 32.0583 -13 1 1 0 1 0.0601399 -0.0153146 -2.81471 0 0 0 
2.9831 5.38265 8400.5 37.137 5.68629 196.44 32.3821 -13 1 1 0 1 -0.00826282 -0.0274844 -1.99017 0 0 0 
2.98329 5.3827 8400.5 37.137 5.6864 196.44 32.3821 -13 1 1 0 1 -0.00826398 -0.0274848 -1.99016 0 0 0 
21.3573 10.0516 8498.68 36.6598 11.1502 196.296 32.7593 -13 1 1 0 1 -0.140418 -0.0683616 -0.725217 0 0 0 
40.1805 14.6177 8596.79 39.1153 5.15639 196.071 33.1366 -13 1 1 0 1 -0.27257 -0.103055 0.661599 0 0 0 
60.4509 13.2676 8694.67 41.1829 -12.3284 195.326 33.5138 -13 1 1 0 1 -0.349578 -0.0822284 1.96709 0 0 0 
79.656 1.13664 8791.98 33.1557 -36.3186 193.861 33.8911 -13 1 1 0 1 -0.281964 -0.00976966 2.96796 0 0 0 
91.0642 -21.6877 8888.59 10.5936 -52.1421 192.793 34.2683 -13 1 1 0 1 -0.0257641 0.00219943 3.42595 0 0 0 
89.939 -47.4143 8985.15 -13.6206 -47.2177 193.869 34.6456 -13 1 1 0 1 0.282364 -0.149877 3.1846 0 0 0 
80.2076 -66.4547 9082.78 -21.946 -27.8962 196.826 35.0228 -13 1 1 0 1 0.459612 -0.380005 2.29467 0 0 0 
70.9578 -75.4043 9181.9 -12.8868 -8.65829 199.397 35.4001 -13 1 1 0 1 0.498999 -0.53037 0.991803 0 0 0 
68.5014 -75.8104 9281.82 3.2892 6.71981 199.861 35.7773 -13 1 1 0 1 0.492426 -0.548381 -0.465845 0 0 0 
73.5771 -68.494 9381.38 15.4484 23.0762 198.063 36.1546 -13 1 1 0 1 0.461045 -0.436881 -1.85083 0 0 0 
81.5559 -52.4108 9479.72 13.4567 40.8997 195.311 36.5318 -13 1 1 0 1 0.333508 -0.225816 -2.91294 0 0 0 
84.1145 -29.1493 9576.89 -5.40033 49.3871 193.732 36.9091 -13 1 1 0 1 0.0710115 -0.0380665 -3.39472 0 0 0 
75.4827 -6.33345 9673.8 -28.1812 38.7451 194.178 37.2864 -13 1 1 0 1 -0.196032 0.00358172 -3.17743 0 0 0 
57.9522 7.58631 9771.19 -39.5077 16.3234 195.379 37.6636 -13 1 1 0 1 -0.305786 -0.0503315 -2.34914 0 0 0 
37.9438 10.5981 9869.08 -39.3464 -2.80808 196.072 38.0409 -13 1 1 0 1 -0.257317 -0.0790614 -1.13423 0 0 0 
18.9533 6.58787 9967.17 -36.9178 -11.3017 196.239 38.4181 -13 1 1 0 1 -0.13772 -0.0526206 0.242318 0 0 0 
0.488138 1.21099 10065.3 -37.4174 -8.32443 196.293 38.7954 -13 1 1 0 1 -0.00973503 -0.0134818 1.57516 0 0 0 
-18.4756 0.0119419 10163.5 -37.8155 4.98053 196.33 39.1726 -13 1 1 0 1 0.0715833 -0.00640267 2.6503 0 0 0 
-36.0921 6.96839 10261.6 -31.0538 22.6986 196.267 39.5499 -13 1 1 0 1 0.037488 -0.0161816 3.24478 0 0 0 
-48.2095 21.5533 10359.8 -16.8178 33.6911 196.424 39.9271 -13 1 1 0 1 -0.112633 0.0390287 3.19554 0 0 0 
-53.3677 38.5446 10458.2 -5.24383 32.4323 197.284 40.3044 -13 1 1 0 1 -0.275677 0.187408 2.49438 0 0 0 
-55.3919 52.7574 10557.1 -4.9266 23.7638 198.523 40.6816 -13 1 1 0 1 -0.377392 0.349565 1.3166 0 0 0 
-60.07 61.8828 10656.6 -15.0783 12.256 199.055 41.0589 -13 1 1 0 1 -0.437217 0.443176 -0.0935445 0 0 0 
-71.0552 64.1741 10755.9 -28.5829 -4.32576 197.9 41.4361 -13 1 1 0 1 -0.475456 0.424734 -1.50741 0 0 0 
-87.2718 56.2292 10854.2 -33.7504 -28.4334 195.071 41.8134 -13 1 1 0 1 -0.427948 0.274134 -2.69351 0 0 0 
-101.492 35.9251 10951 -19.6549 -51.024 192.381 42.1906 -13 1 1 0 1 -0.194382 0.0711545 -3.38854 0 0 0 
-104.508 8.47552 11047 8.28061 -54.5909 192.228 42.5679 -13 1 1 0 1 0.167394 -0.00762953 -3.388 0 0 0 
-94.4316 -14.8843 11143.6 29.3716 -36.2346 194.486 42.9451 -13 1 1 0 1 0.434648 0.0762989 -2.70012 0 0 0 
-78.0851 -26.7456 11241.5 33.4699 -11.5941 196.839 43.3224 -13 1 1 0 1 0.502042 0.179899 -1.53332 0 0 0 
-62.5441 -27.6212 11340.2 28.1218 6.60288 197.904 43.6996 -13 1 1 0 1 0.44164 0.202892 -0.142449 0 0 0 
-49.7372 -21.6102 11439.2 23.9037 16.0455 197.918 44.0769 -13 1 1 0 1 0.32947 0.152022 1.2509 0 0 0 
-37.6487 -12.9795 11538.1 25.3759 16.9878 197.656 44.4541 -13 1 1 0 1 0.188226 0.0759132 2.42463 0 0 0 
-23.8649 -6.18276 11636.9 29.6599 8.71229 197.597 44.8314 -13 1 1 0 1 0.0519671 0.0264217 3.14372 0 0 0 
-8.67981 -5.32603 11735.7 30.0055 -5.69258 197.655 45.2086 -13 1 1 0 1 -0.0107183 0.00649017 3.22965 0 0 0 
5.17301 -11.536 11834.5 24.8627 -18.1915 197.614 45.5859 -13 1 1 0 1 0.0231642 -0.0385524 2.66529 0 0 0 
16.299 -22.3032 11933.3 20.3846 -23.6265 197.551 45.9631 -13 1 1 0 1 0.104495 -0.131947 1.59835 0 0 0 
26.6955 -34.0148 12032.1 22.5259 -22.1289 197.492 46.3404 -13 1 1 0 1 0.192052 -0.233955 0.255466 0 0 0 
40.0006 -43.2206 12130.8 31.4899 -13.2444 197.062 46.7176 -13 1 1 0 1 0.275823 -0.286162 -1.139 0 0 0 
58.219 -45.5766 12229 40.4281 5.54527 195.794 47.0949 -13 1 1 0 1 0.316504 -0.23498 -2.37172 0 0 0 
78.3798 -36.501 12326.5 37.2992 30.8764 194.051 47.4721 -13 1 1 0 1 0.215196 -0.0883533 -3.20631 0 0 0 
92.5919 -16.1376 12423.3 17.3804 47.6589 193.46 47.8494 -13 1 1 0 1 -0.066539 0.0203174 -3.41145 0 0 0 
95.2 7.56173 12520.3 -5.80144 43.6627 195.09 48.2266 -13 1 1 0 1 -0.377328 -0.0254068 -2.9116 0 0 0 
90.4881 22.6167 12600.5 -15.4362 29.0776 197.273 48.535 -13 1 1 0 1 -0.527455 -0.130377 -2.06916 0 0 0 
90.488 22.6168 12600.5 -15.4362 29.0774 197.273 48.535 -13 1 1 0 1 -0.527456 -0.130378 -2.06915 0 0 0 
82.5922 32.0644 12699.7 -14.3214 9.02517 199.283 48.9123 -13 1 1 0 1 -0.573847 -0.224398 -0.731937 0 0 0 
77.096 32.2107 12799.5 -7.62737 -7.85007 199.701 49.2895 -13 1 1 0 1 -0.534741 -0.22775 0.713392 0 0 0 
74.2335 24.7664 12899.2 -5.17871 -21.2799 198.798 49.6668 -13 1 1 0 1 -0.428315 -0.149556 2.04094 0 0 0 
70.2821 11.9877 12998.3 -12.1963 -28.2064 197.626 50.044 -13 1 1 0 1 -0.232939 -0.047269 2.99422 0 0 0 
61.116 -1.30515 13096.9 -24.4481 -22.6228 197.208 50.4213 -13 1 1 0 1 0.00509906 -0.00656506 3.33883 0 0 0 
46.8084 -8.7375 13195.6 -31.1635 -6.03006 197.466 50.7985 -13 1 1 0 1 0.162538 -0.0349913 2.99088 0 0 0 
31.525 -7.25037 13294.4 -28.8614 11.2365 197.588 51.1758 -13 1 1 0 1 0.187203 -0.047239 2.06874 0 0 0 
18.2886 1.35613 13393.1 -24.4909 21.9009 197.284 51.553 -13 1 1 0 1 0.131018 0.00346674 0.801051 0 0 0 
6.10479 13.381 13491.6 -25.4742 24.9238 196.8 51.9303 -13 1 1 0 1 0.0453963 0.0862679 -0.58625 0 0 0 
-8.34929 24.8531 13589.9 -33.1651 19.3143 196.284 52.3075 -13 1 1 0 1 -0.0483359 0.138808 -1.8834 0 0 0 
-27.1401 30.9095 13687.9 -41.1466 3.23304 195.696 52.6848 -13 1 1 0 1 -0.100668 0.103363 -2.86769 0 0 0 
-47.7516 27.0945 13785.6 -38.9887 -18.4191 195.297 53.062 -13 1 1 0 1 -0.0244373 0.000513326 -3.31985 0 0 0 
-64.0654 13.827 13883.3 -25.0087 -32.2874 195.787 53.4393 -13 1 1 0 1 0.184624 -0.0525639 -3.09952 0 0 0 
-72.7224 -2.53581 13981.6 -10.6989 -30.7375 197.335 53.8165 -13 1 1 0 1 0.399737 0.00383253 -2.25465 0 0 0 
-76.4091 -15.1556 14080.7 -5.80984 -18.6645 199.043 54.1938 -13 1 1 0 1 0.524005 0.0969241 -0.992595 0 0 0 
-79.8835 -20.5446 14180.5 -8.80386 -2.45253 199.792 54.571 -13 1 1 0 1 0.563569 0.140121 0.442244 0 0 0 
-85.1132 -17.2417 14280.2 -11.1647 15.8814 199.057 54.9483 -13 1 1 0 1 0.522592 0.101491 1.82077 0 0 0 
-89.387 -4.94258 14379.4 -3.8432 32.2432 197.347 55.3255 -13 1 1 0 1 0.353416 0.013609 2.89258 0 0 0 
-87.1673 12.9166 14477.7 13.6512 36.2601 196.212 55.7028 -13 1 1 0 1 0.0587933 -0.0172746 3.39377 0 0 0 
-76.1773 28.28 14575.8 28.5684 22.6982 196.644 56.08 -13 1 1 0 1 -0.21491 0.0695051 3.18041 0 0 0 
-60.9421 34.3145 14674.4 30.0632 1.38334 197.724 56.4573 -13 1 1 0 1 -0.335782 0.179466 2.32979 0 0 0 
-47.6792 30.4349 14773.4 22.3631 -15.7094 198.125 56.8345 -13 1 1 0 1 -0.331239 0.204578 1.08205 0 0 0 
-38.3242 19.7573 14872.4 16.0273 -26.0063 197.654 57.2118 -13 1 1 0 1 -0.277902 0.14004 -0.317756 0 0 0 
-30.2657 5.34011 14971 17.8012 -30.6685 196.832 57.589 -13 1 1 0 1 -0.197583 0.0363513 -1.65273 0 0 0 
-19.0999 -9.60189 15069.3 27.8237 -27.4207 196.149 57.9663 -13 1 1 0 1 -0.0911907 -0.0355356 -2.70127 0 0 0 
-2.33464 -20.2472 15167.2 38.3777 -13.5157 195.819 58.3435 -13 1 1 0 1 -0.0142142 -0.0168993 -3.24281 0 0 0 
17.6821 -22.2495 15265.2 39.771 5.33241 195.934 58.7208 -13 1 1 0 1 -0.0509377 0.0570087 -3.13707 0 0 0 
35.9117 -16.0926 15363.3 32.3616 17.4081 196.596 59.098 -13 1 1 0 1 -0.190337 0.0875519 -2.41005 0 0 0 
50.0981 -6.89027 15461.8 25.0946 17.4747 197.65 59.4753 -13 1 1 0 1 -0.339938 0.0517169 -1.235 0 0 0 
61.922 -0.257203 15560.9 23.0062 7.68062 198.525 59.8525 -13 1 1 0 1 -0.443414 0.00825905 0.15405 0 0 0 
73.4051 -0.393211 15660.2 22.5362 -9.18188 198.515 60.2298 -13 1 1 0 1 -0.47632 0.0110328 1.5417 0 0 0 
83.2838 -9.91078 15759.2 15.1495 -28.5948 197.366 60.607 -13 1 1 0 1 -0.38362 0.0568732 2.69413 0 0 0 
86.6397 -27.5687 15857.5 -3.1456 -39.484 196.04 60.9843 -13 1 1 0 1 -0.133474 0.055752 3.34964 0 0 0 
79.9909 -46.2578 15955.5 -22.1222 -32.2139 196.146 61.3616 -13 1 1 0 1 0.159861 -0.0790985 3.30747 0 0 0 
66.9165 -57.723 16053.9 -27.3225 -12.879 197.707 61.7388 -13 1 1 0 1 0.331256 -0.274033 2.57632 0 0 0 
55.0696 -59.4506 16153.2 -18.4888 4.99796 199.082 62.1161 -13 1 1 0 1 0.3678 -0.386864 1.37132 0 0 0 
49.0439 -53.7089 16252.8 -5.86224 17.2546 199.169 62.4933 -13 1 1 0 1 0.353612 -0.376994 -0.0396806 0 0 0 
48.2846 -42.5362 16352.1 1.32907 27.3471 198.118 62.8706 -13 1 1 0 1 0.322259 -0.272631 -1.43122 0 0 0 
48.4762 -26.5696 16450.8 -2.6754 35.8998 196.735 63.2478 -13 1 1 0 1 0.239384 -0.119935 -2.56906 0 0 0 
43.7478 -7.95797 16549 -17.4515 36.5525 195.857 63.6251 -13 1 1 0 1 0.0897803 -0.00755116 -3.21563 0 0 0 
30.8986 7.77867 16646.8 -32.9539 24.4788 195.743 64.0023 -13 1 1 0 1 -0.0392616 -0.00643134 -3.21567 0 0 0 
12.4703 15.533 16744.8 -38.8895 6.65188 196.071 64.3796 -13 1 1 0 1 -0.0472112 -0.0665194 -2.57913 0 0 0 
1.49288 16.2183 16800.5 -38.0633 -1.3427 196.341 64.5938 -13 1 1 0 1 0.000361397 -0.0901789 -1.99436 0 0 0 
1.4927 16.2183 16800.5 -38.0632 -1.34282 196.341 64.5939 -13 1 1 0 1 0.000362417 -0.090179 -1.99435 0 0 0 
-16.6075 13.6287 16898.8 -34.2798 -7.12489 196.913 64.9711 -13 1 1 0 1 0.122569 -0.0931204 -0.725439 0 0 0 
-33.0267 10.9349 16997.4 -31.658 -1.93405 197.47 65.3484 -13 1 1 0 1 0.2372 -0.0772431 0.662212 0 0 0 
-48.1638 13.1922 17096.2 -28.2476 12.1145 197.625 65.7256 -13 1 1 0 1 0.292028 -0.0811409 1.96534 0 0 0 
-60.0529 23.5435 17194.9 -17.7027 28.8822 197.111 66.1029 -13 1 1 0 1 0.22473 -0.0894875 2.94787 0 0 0 
-64.4802 40.6037 17293.3 0.650575 36.9882 196.55 66.4801 -13 1 1 0 1 0.0274753 -0.0166643 3.3668 0 0 0 
-59.9708 57.9473 17391.7 15.6097 30.1789 197.094 66.8574 -13 1 1 0 1 -0.180353 0.177857 3.08499 0 0 0 
-51.3078 69.555 17490.6 16.4777 16.0565 198.674 67.2346 -13 1 1 0 1 -0.285861 0.39235 2.16727 0 0 0 
-45.5688 74.4471 17590.3 5.07963 4.18182 199.893 67.6119 -13 1 1 0 1 -0.313094 0.513995 0.85575 0 0 0 
-46.9213 74.108 17690.2 -10.5144 -5.66437 199.644 67.9891 -13 1 1 0 1 -0.329752 0.518359 -0.589869 0 0 0 
-55.4185 68.1433 17789.6 -22.0488 -19.1569 197.857 68.3664 -13 1 1 0 1 -0.335829 0.405322 -1.94593 0 0 0 
-66.7483 54.211 17888 -20.4048 -36.6238 195.558 68.7436 -13 1 1 0 1 -0.253769 0.194485 -2.95969 0 0 0 
-72.95 32.6847 17985.4 -2.14634 -47.0672 194.372 69.1209 -13 1 1 0 1 -0.0387442 0.0038763 -3.38896 0 0 0 
-68.0334 10.2114 18082.7 21.1265 -39.8057 194.858 69.4981 -13 1 1 0 1 0.194603 -0.0419431 -3.12 0 0 0 
-53.605 -5.08215 18180.4 34.3068 -20.6175 195.955 69.8754 -13 1 1 0 1 0.290705 0.0174648 -2.2551 0 0 0 
-35.681 -10.8307 18278.5 36.0802 -3.66538 196.686 70.2526 -13 1 1 0 1 0.240184 0.0659947 -1.01636 0 0 0 
-18.123 -10.4112 18377 34.1071 3.53256 197.04 70.6299 -13 1 1 0 1 0.123009 0.0670262 0.365264 0 0 0 
-1.42973 -9.07623 18475.6 32.7409 0.136949 197.303 71.0071 -13 1 1 0 1 0.00187466 0.0500696 1.68623 0 0 0 
14.3201 -11.6869 18574.3 29.5022 -11.5696 197.475 71.3844 -13 1 1 0 1 -0.0682298 0.0413157 2.72119 0 0 0 
26.9939 -20.9298 18673 20.072 -24.8633 197.432 71.7616 -13 1 1 0 1 -0.0369274 0.013 3.24584 0 0 0 
33.7569 -35.3078 18771.7 7.11522 -30.9961 197.457 72.1389 -13 1 1 0 1 0.0732699 -0.0945109 3.10842 0 0 0 
35.0926 -50.4201 18870.5 -0.123574 -28.3828 197.977 72.5161 -13 1 1 0 1 0.175293 -0.269961 2.33223 0 0 0 
35.5172 -63.151 18969.7 3.67605 -22.3802 198.711 72.8934 -13 1 1 0 1 0.233923 -0.43176 1.11015 0 0 0 
40.3384 -72.6275 19069.1 16.7927 -15.0722 198.724 73.2706 -13 1 1 0 1 0.281618 -0.519572 -0.30952 0 0 0 
52.9174 -77.2285 19168.2 33.3613 -1.77913 197.191 73.6479 -13 1 1 0 1 0.332504 -0.494486 -1.70886 0 0 0 
72.4289 -72.6278 19266.1 42.1738 21.7089 194.295 74.0251 -13 1 1 0 1 0.315532 -0.32165 -2.85085 0 0 0 
91.6231 -55.1564 19362.6 30.7839 46.8799 191.977 74.4024 -13 1 1 0 1 0.116838 -0.0708624 -3.47221 0 0 0 
100.314 -28.7491 19458.5 2.74212 54.6088 192.382 74.7796 -13 1 1 0 1 -0.220751 0.0668099 -3.39023 0 0 0 
95.0903 -4.50026 19555.3 -21.3603 39.4436 194.906 75.1569 -13 1 1 0 1 -0.479223 0.028391 -2.63851 0 0 0 
81.6827 9.29959 19653.4 -29.7926 15.7796 197.139 75.5341 -13 1 1 0 1 -0.544077 -0.0556372 -1.44186 0 0 0 
66.9197 12.1737 19752.2 -28.5792 -2.90114 197.928 75.9114 -13 1 1 0 1 -0.475274 -0.0796264 -0.0559418 0 0 0 
53.0198 7.92022 19851.1 -27.6391 -12.5187 197.686 76.2886 -13 1 1 0 1 -0.343305 -0.0428506 1.30551 0 0 0 
38.5419 1.33623 19949.9 -30.8461 -12.0379 197.241 76.6659 -13 1 1 0 1 -0.179209 0.00469042 2.41362 0 0 0 
22.1187 -2.38659 20048.4 -34.2777 -1.38851 197.037 77.0431 -13 1 1 0 1 -0.0366838 0.0168158 3.03472 0 0 0 
5.30314 0.768597 20146.9 -31.78 14.0264 196.962 77.4204 -13 1 1 0 1 0.0100923 0.0143065 3.00953 0 0 0 
-8.82995 10.916 20245.4 -24.5665 25.3281 196.864 77.7976 -13 1 1 0 1 -0.0419121 0.063963 2.33701 0 0 0 
-19.8295 24.7518 20343.8 -20.6351 28.7423 196.847 78.1749 -13 1 1 0 1 -0.132425 0.176 1.17678 0 0 0 
-30.9935 38.4745 20442.2 -25.6332 24.9208 196.78 78.5521 -13 1 1 0 1 -0.229948 0.296149 -0.249218 0 0 0 
-46.7602 48.1232 20540.4 -38.1026 11.6703 195.991 78.9294 -13 1 1 0 1 -0.334099 0.355574 -1.73649 0 0 0 
-68.5871 47.7961 20637.9 -47.1905 -15.3034 193.751 79.3066 -13 1 1 0 1 -0.397803 0.289359 -3.07873 0 0 0 
-90.3535 31.5235 20734 -35.1392 -49.2687 190.626 79.6839 -13 1 1 0 1 -0.302486 0.116009 -4.0448 0 0 0 
-99.3117 1.51014 20828.8 2.18401 -65.6196 188.918 80.0611 -13 1 1 0 1 -0.0336171 0.00720128 -4.43163 0 0 0 
-88.0086 -28.253 20923.4 40.505 -48.2407 189.823 80.4384 -13 1 1 0 1 0.194449 0.0646627 -4.22053 0 0 0 
-62.8552 -43.5775 21018.8 55.6197 -12.1711 191.726 80.8156 -13 1 1 0 1 0.224346 0.154366 -3.62605 0 0 0 
-36.0801 -41.2715 21115 48.9672 19.4535 192.936 81.1929 -13 1 1 0 1 0.136661 0.153455 -2.91179 0 0 0 
-15.2265 -26.3183 21211.6 34.068 38.2813 193.325 81.5701 -13 1 1 0 1 0.05123 0.085389 -2.24242 0 0 0 
-8.74003 -17.7734 21252.2 27.8121 42.8768 193.362 81.7285 -13 1 1 0 1 0.0274537 0.0528141 -1.99502 0 0 0 

# End of Event 1

