# ReferenceParticle
#x y z Px Py Pz t PDGid EventID TrackID ParentID Weight Bx By Bz Ex Ey Ez
# Event -1 Track 1
-0.000811901 0.00143502 0 -3.82564 -2.37079 221.754 0 -13 -1 1 0 1 0.0139789 -0.00805597 3.96536 0 0 0 
-1.85059 -0.503392 99.9811 -4.14683 0.0748755 221.761 0.369478 -13 -1 1 0 1 0.00496669 -0.00997926 3.54778 0 0 0 
-3.59026 -0.0888553 199.965 -3.50506 1.51574 221.767 0.738956 -13 -1 1 0 1 -0.0158108 -0.00783386 2.41852 0 0 0 
-5.03658 0.633179 299.952 -2.99901 1.45117 221.775 1.10843 -13 -1 1 0 1 -0.03637 -0.00183924 0.856342 0 0 0 
-6.37157 1.03191 399.942 -2.96538 0.134065 221.78 1.47791 -13 -1 1 0 1 -0.0501879 -2.0217e-06 -0.846727 0 0 0 
-7.66799 0.616813 499.932 -2.63304 -2.07454 221.775 1.84739 -13 -1 1 0 1 -0.0520175 -0.00733026 -2.41004 0 0 0 
-8.52862 -0.828631 599.917 -0.903242 -4.17768 221.759 2.21687 -13 -1 1 0 1 -0.0340274 -0.0181417 -3.54126 0 0 0 
-8.29537 -2.86415 699.896 1.99248 -4.42406 221.747 2.58635 -13 -1 1 0 1 -4.36549e-05 -0.016151 -3.96065 0 0 0 
-6.86434 -4.45359 799.872 4.04309 -2.34107 221.751 2.95582 -13 -1 1 0 1 0.0272 0.00328186 -3.54352 0 0 0 
-4.96885 -4.88842 899.853 4.05959 0.3347 221.763 3.3253 -13 -1 1 0 1 0.0331143 0.022505 -2.41417 0 0 0 
-3.36468 -4.30642 999.838 3.01309 2.04019 221.77 3.69478 -13 -1 1 0 1 0.0249599 0.0274476 -0.852103 0 0 0 
-2.19776 -3.219 1099.82 2.29343 2.62108 221.773 4.06426 -13 -1 1 0 1 0.0125712 0.0198442 0.850555 0 0 0 
-1.16117 -2.07958 1199.81 2.44351 2.27665 221.775 4.43374 -13 -1 1 0 1 -0.00115308 0.00732765 2.41318 0 0 0 
0.0789658 -1.32026 1299.8 3.05744 0.919544 221.777 4.80321 -13 -1 1 0 1 -0.0127906 -0.00257164 3.54375 0 0 0 
1.51535 -1.36503 1399.79 3.16018 -1.16374 221.774 5.17269 -13 -1 1 0 1 -0.013985 -0.00805554 3.96349 0 0 0 
2.79501 -2.3147 1499.78 2.42682 -2.89645 221.768 5.54217 -13 -1 1 0 1 -0.00179327 -0.0162176 3.5477 0 0 0 
3.71605 -3.80734 1599.76 1.77367 -3.54174 221.765 5.91165 -13 -1 1 0 1 0.0150623 -0.0310364 2.41947 0 0 0 
4.55576 -5.37335 1699.75 2.16104 -3.28245 221.765 6.28113 -13 -1 1 0 1 0.0290682 -0.0465769 0.857732 0 0 0 
5.83954 -6.64955 1799.73 3.68072 -2.21432 221.758 6.6506 -13 -1 1 0 1 0.0398614 -0.0542961 -0.845441 0 0 0 
7.91783 -7.17428 1899.71 5.44882 0.140392 221.733 7.02008 -13 -1 1 0 1 0.0445177 -0.0457824 -2.41327 0 0 0 
10.5142 -6.33216 1999.67 5.64232 3.68264 221.698 7.38956 -13 -1 1 0 1 0.0297079 -0.0189623 -3.54579 0 0 0 
12.5714 -3.98514 2099.62 3.0668 6.32919 221.688 7.75904 -13 -1 1 0 1 -0.0137825 0.00800571 -3.96688 0 0 0 
13.1113 -1.12844 2199.58 -0.584748 5.7527 221.725 8.12851 -13 -1 1 0 1 -0.0655423 0.0125143 -3.55146 0 0 0 
12.3062 0.800405 2299.55 -2.60218 2.5616 221.77 8.49799 -13 -1 1 0 1 -0.0952266 0.00163458 -2.42307 0 0 0 
11.0512 1.13085 2399.54 -2.78415 -1.01951 221.78 8.86747 -13 -1 1 0 1 -0.098548 -0.0023265 -0.8611 0 0 0 
9.80429 0.00259884 2499.53 -2.89678 -3.81276 221.748 9.23695 -13 -1 1 0 1 -0.0855505 0.00863655 0.842064 0 0 0 
8.20784 -2.10009 2599.49 -4.48988 -5.19631 221.694 9.60643 -13 -1 1 0 1 -0.0590929 0.0263388 2.40958 0 0 0 
5.54549 -4.28928 2699.43 -7.39141 -3.98306 221.641 9.9759 -13 -1 1 0 1 -0.0232855 0.0322732 3.54209 0 0 0 
1.70486 -5.23577 2799.35 -9.22653 0.143219 221.608 10.3454 -13 -1 1 0 1 -5.19898e-05 0.0162822 3.9643 0 0 0 
-2.31024 -4.09335 2899.26 -8.12051 4.70089 221.601 10.7149 -13 -1 1 0 1 -0.00868288 -0.001718 3.55211 0 0 0 
-5.40078 -1.36995 2999.18 -5.61111 6.89249 221.622 11.0843 -13 -1 1 0 1 -0.0360645 0.00212343 2.42768 0 0 0 
-7.57792 1.73466 3099.11 -4.40795 6.54017 221.66 11.4538 -13 -1 1 0 1 -0.0602709 0.0232258 0.868491 0 0 0 
-9.71203 4.27618 3199.05 -5.37472 4.47306 221.69 11.8233 -13 -1 1 0 1 -0.0756841 0.0430659 -0.83421 0 0 0 
-12.5768 5.50548 3299 -7.30205 0.664563 221.679 12.1928 -13 -1 1 0 1 -0.0789477 0.0458235 -2.40392 0 0 0 
-16.0466 4.64692 3398.93 -7.58769 -4.56418 221.623 12.5623 -13 -1 1 0 1 -0.0533691 0.0270027 -3.542 0 0 0 
-18.8927 1.57931 3498.84 -4.53342 -8.50503 221.591 12.9317 -13 -1 1 0 1 0.0130628 0.00815533 -3.97098 0 0 0 
-19.9492 -2.34778 3598.76 -0.308111 -8.11964 221.651 13.3012 -13 -1 1 0 1 0.0933813 0.016303 -3.56252 0 0 0 
-19.5577 -5.18346 3698.72 1.4834 -4.08672 221.757 13.6707 -13 -1 1 0 1 0.14726 0.0406 -2.43758 0 0 0 
-19.0442 -5.88785 3798.71 0.495341 0.991069 221.797 14.0402 -13 -1 1 0 1 0.168798 0.0509056 -0.876105 0 0 0 
-19.1535 -4.28346 3898.69 -0.762991 6.13919 221.714 14.4096 -13 -1 1 0 1 0.170035 0.0345181 0.828688 0 0 0 
-19.3127 -0.379775 3998.62 0.726296 11.0158 221.525 14.7791 -13 -1 1 0 1 0.146563 -0.00172324 2.39988 0 0 0 
-17.8473 5.25194 4098.44 6.3805 13.1931 221.315 15.1486 -13 -1 1 0 1 0.0866854 -0.0284615 3.53876 0 0 0 
-13.3677 10.6059 4198.19 13.1888 9.50675 221.203 15.5181 -13 -1 1 0 1 0.0150385 -0.0088981 3.96878 0 0 0 
-6.63761 13.1703 4297.93 15.6585 1.64475 221.241 15.8876 -13 -1 1 0 1 -0.013918 0.0445236 3.56553 0 0 0 
-0.039777 12.3537 4397.7 13.0502 -4.59795 221.368 16.257 -13 -1 1 0 1 0.00908953 0.0785353 2.44933 0 0 0 
4.98044 9.71888 4497.54 9.37709 -6.36162 221.51 16.6265 -13 -1 1 0 1 0.0476373 0.0742066 0.894934 0 0 0 
8.6903 7.15401 4597.44 7.41137 -4.55168 221.629 16.996 -13 -1 1 0 1 0.0763553 0.0515146 -0.807244 0 0 0 
11.8633 5.94489 4697.38 6.71728 -0.53958 221.698 17.3655 -13 -1 1 0 1 0.0852431 0.0303297 -2.38107 0 0 0 
14.623 6.7883 4797.34 5.23564 4.22188 221.698 17.7349 -13 -1 1 0 1 0.0615002 0.0135276 -3.52842 0 0 0 
16.3184 9.4753 4897.28 2.114 7.16461 221.674 18.1044 -13 -1 1 0 1 0.00190853 -0.0150443 -3.97015 0 0 0 
16.6142 12.6904 4997.23 -0.429671 6.52328 221.704 18.4739 -13 -1 1 0 1 -0.0665191 -0.0651901 -3.57551 0 0 0 
16.4191 15.005 5097.2 0.155256 3.54894 221.772 18.8434 -13 -1 1 0 1 -0.115533 -0.115886 -2.46006 0 0 0 
17.1954 15.8068 5197.19 3.61482 -0.0784276 221.771 19.2129 -13 -1 1 0 1 -0.14721 -0.141104 -0.902576 0 0 0 
19.7794 14.7556 5297.15 7.7121 -4.9249 221.611 19.5823 -13 -1 1 0 1 -0.172212 -0.131327 0.803065 0 0 0 
23.7436 10.9843 5397 9.07444 -12.1898 221.279 19.9518 -13 -1 1 0 1 -0.176962 -0.0848184 2.37999 0 0 0 
26.9721 3.69513 5496.67 4.00184 -19.7267 220.885 20.3213 -13 -1 1 0 1 -0.125535 -0.0234282 3.53105 0 0 0 
26.4585 -5.8872 5596.2 -6.71572 -21.2986 220.673 20.6908 -13 -1 1 0 1 -0.0183408 -0.00712617 3.97731 0 0 0 
21.2325 -14.1781 5695.71 -15.4205 -14.3756 220.796 21.0602 -13 -1 1 0 1 0.0698637 -0.0623946 3.59171 0 0 0 
13.7407 -18.4799 5795.33 -16.562 -4.9749 221.125 21.4297 -13 -1 1 0 1 0.0838377 -0.132108 2.48684 0 0 0 
7.07963 -19.2711 5895.1 -12.5481 0.61935 221.444 21.7992 -13 -1 1 0 1 0.0499979 -0.162738 0.93706 0 0 0 
2.53143 -18.6079 5994.99 -7.71491 1.7354 221.659 22.1687 -13 -1 1 0 1 0.0122358 -0.155389 -0.766939 0 0 0 
-0.0111541 -18.0466 6094.95 -3.72181 0.577685 221.768 22.5382 -13 -1 1 0 1 -0.0108579 -0.123887 -2.34875 0 0 0 
-0.965357 -18.0979 6194.95 -0.691763 -0.689808 221.798 22.9076 -13 -1 1 0 1 -0.0171354 -0.0701807 -3.5106 0 0 0 
-0.86092 -18.5213 6294.95 0.8212 -1.04057 221.796 23.2771 -13 -1 1 0 1 -0.0141777 0.00403552 -3.96868 0 0 0 
-0.574571 -18.9863 6394.95 0.0516538 -1.07534 221.798 23.6466 -13 -1 1 0 1 -0.0103803 0.0816706 -3.59209 0 0 0 
-1.12996 -19.5978 6494.94 -2.80445 -1.76072 221.775 24.0161 -13 -1 1 0 1 -0.00167667 0.142276 -2.49056 0 0 0 
-3.32722 -20.6018 6594.91 -7.17144 -2.57405 221.669 24.3855 -13 -1 1 0 1 0.0217757 0.179278 -0.940899 0 0 0 
-7.78361 -21.6179 6694.8 -12.7391 -1.36096 221.43 24.755 -13 -1 1 0 1 0.0622266 0.190723 0.763184 0 0 0 
-14.7558 -21.1112 6794.55 -17.7894 4.54744 221.039 25.1245 -13 -1 1 0 1 0.103358 0.161735 2.34526 0 0 0 
-23.0308 -16.7775 6894.11 -17.5712 15.1209 220.585 25.494 -13 -1 1 0 1 0.0980594 0.0865742 3.51048 0 0 0 
-29.2328 -7.72946 6993.49 -8.61847 23.9367 220.336 25.8635 -13 -1 1 0 1 0.00815954 0.0183224 3.97907 0 0 0 
-30.2593 3.3632 7092.85 3.77961 23.5439 220.515 26.2329 -13 -1 1 0 1 -0.114723 0.0277915 3.61826 0 0 0 
-26.7259 12.3501 7192.38 10.4997 15.7031 220.994 26.6024 -13 -1 1 0 1 -0.181217 0.0963457 2.53001 0 0 0 
-21.9731 17.5158 7292.12 9.56077 7.62041 221.463 26.9719 -13 -1 1 0 1 -0.180164 0.154927 0.987335 0 0 0 
-18.686 19.6749 7392.04 4.72433 2.39091 221.737 27.3414 -13 -1 1 0 1 -0.15219 0.173374 -0.718707 0 0 0 
-17.7308 19.8978 7492.03 -0.260646 -1.32827 221.796 27.7108 -13 -1 1 0 1 -0.118153 0.149864 -2.31104 0 0 0 
-18.5196 18.4796 7592.02 -2.60716 -4.91577 221.73 28.0803 -13 -1 1 0 1 -0.0684256 0.0884305 -3.49114 0 0 0 
-19.4575 15.6923 7691.97 -0.932485 -6.94481 221.689 28.4498 -13 -1 1 0 1 0.00727091 0.0135047 -3.97317 0 0 0 
-19.0311 12.8298 7791.93 2.88191 -5.03394 221.724 28.8193 -13 -1 1 0 1 0.085078 -0.0414178 -3.61906 0 0 0 
-17.0104 11.6527 7891.9 5.81938 0.119241 221.724 29.1888 -13 -1 1 0 1 0.127075 -0.0748069 -2.5326 0 0 0 
-13.9249 12.9827 7991.84 7.90559 5.61282 221.588 29.5582 -13 -1 1 0 1 0.125228 -0.106408 -0.991545 0 0 0 
-9.64456 16.4019 8091.69 11.5253 9.02381 221.317 29.9277 -13 -1 1 0 1 0.0904785 -0.139727 0.710435 0 0 0 
-3.10996 20.4261 8191.39 17.7921 7.80072 220.948 30.2972 -13 -1 1 0 1 0.0330289 -0.150875 2.29787 0 0 0 
6.31717 22.3601 8290.92 23.3643 -0.394877 220.566 30.6667 -13 -1 1 0 1 -0.0148124 -0.104948 3.47821 0 0 0 
16.8472 19.4113 8390.3 21.7653 -12.7031 220.364 31.0361 -13 -1 1 0 1 0.00700907 -0.0160828 3.97237 0 0 0 
24.7049 11.6385 8489.68 12.295 -20.323 220.525 31.4056 -13 -1 1 0 1 0.103967 0.0349597 3.63962 0 0 0 
27.9466 2.49891 8589.2 2.80618 -18.8871 220.977 31.7751 -13 -1 1 0 1 0.198622 0.00961216 2.57229 0 0 0 
28.178 -4.63336 8688.94 -0.684634 -12.375 221.454 32.1446 -13 -1 1 0 1 0.240511 -0.0456108 1.0404 0 0 0 
28.1109 -8.55953 8788.86 0.931105 -5.04571 221.741 32.5141 -13 -1 1 0 1 0.241425 -0.0808493 -0.664789 0 0 0 
29.1683 -9.1704 8888.85 3.54475 2.36765 221.759 32.8835 -13 -1 1 0 1 0.212899 -0.0776558 -2.26636 0 0 0 
30.8133 -6.49188 8988.79 2.96899 9.20327 221.589 33.253 -13 -1 1 0 1 0.138614 -0.0435513 -3.4667 0 0 0 
31.1662 -1.48794 9088.66 -1.9049 11.9616 221.469 33.6225 -13 -1 1 0 1 0.0152368 -0.0168703 -3.97747 0 0 0 
29.0804 3.26272 9188.52 -6.87684 8.09342 221.546 33.992 -13 -1 1 0 1 -0.106625 -0.0269775 -3.65023 0 0 0 
25.6238 5.23832 9288.44 -7.69907 0.457829 221.666 34.3614 -13 -1 1 0 1 -0.174213 -0.0473553 -2.58266 0 0 0 
22.5907 3.75042 9388.38 -5.60385 -6.816 221.625 34.7309 -13 -1 1 0 1 -0.190686 -0.0400984 -1.04994 0 0 0 
20.3754 -0.67331 9488.25 -4.76663 -12.5461 221.394 35.1004 -13 -1 1 0 1 -0.177936 -0.00154254 0.652331 0 0 0 
17.6022 -7.24261 9588 -8.41013 -16.0398 221.06 35.4699 -13 -1 1 0 1 -0.136418 0.0453358 2.24804 0 0 0 
12.1335 -14.3427 9687.59 -16.2176 -14.2626 220.746 35.8394 -13 -1 1 0 1 -0.0668451 0.0567884 3.44502 0 0 0 
3.21375 -18.9696 9787.07 -22.425 -5.23844 220.602 36.2088 -13 -1 1 0 1 -0.0157025 0.00237548 3.96376 0 0 0 
-6.89791 -18.7283 9886.55 -21.0661 5.91946 220.718 36.5783 -13 -1 1 0 1 -0.0379669 -0.073902 3.65556 0 0 0 
-14.9487 -14.5115 9986.13 -14.3236 11.5051 221.038 36.9478 -13 -1 1 0 1 -0.11113 -0.101802 2.60987 0 0 0 
-20.0013 -9.42781 10085.9 -8.64441 10.0961 221.402 37.3173 -13 -1 1 0 1 -0.175026 -0.0800537 1.09058 0 0 0 
-23.28 -6.01706 10185.8 -6.36908 4.58163 221.662 37.6867 -13 -1 1 0 1 -0.206358 -0.04993 -0.61066 0 0 0 
-25.9144 -5.56645 10285.7 -5.18202 -2.72639 221.723 38.0562 -13 -1 1 0 1 -0.19963 -0.03658 -2.21815 0 0 0 
-27.5787 -8.38332 10385.7 -1.62185 -9.33748 221.598 38.4257 -13 -1 1 0 1 -0.139202 -0.0318525 -3.43532 0 0 0 
-26.9612 -13.2617 10485.5 4.49515 -11.2156 221.471 38.7952 -13 -1 1 0 1 -0.0307971 -0.000261885 -3.97314 0 0 0 
-23.8493 -17.5303 10585.4 8.50909 -6.89621 221.53 39.1647 -13 -1 1 0 1 0.0712341 0.0698438 -3.67291 0 0 0 
-20.1553 -19.1381 10685.3 6.98424 -0.273484 221.69 39.5341 -13 -1 1 0 1 0.124605 0.134941 -2.62608 0 0 0 
-18.0875 -17.9977 10785.3 1.94373 5.05133 221.734 39.9036 -13 -1 1 0 1 0.143512 0.156172 -1.10243 0 0 0 
-18.33 -14.7102 10885.2 -2.64784 9.565 221.578 40.2731 -13 -1 1 0 1 0.151872 0.133081 0.600582 0 0 0 
-19.9024 -9.2539 10985 -3.44827 14.7471 221.283 40.6426 -13 -1 1 0 1 0.1436 0.0787536 2.20624 0 0 0 
-20.5132 -1.5512 11084.7 1.76493 18.8691 220.989 41.012 -13 -1 1 0 1 0.0937651 0.0215251 3.42075 0 0 0 
-17.6861 6.87057 11184.3 10.9159 17.218 220.862 41.3815 -13 -1 1 0 1 0.0117706 0.0115024 3.96068 0 0 0 
-11.1439 12.9526 11283.9 17.0518 9.06383 220.958 41.751 -13 -1 1 0 1 -0.0380876 0.0600444 3.67131 0 0 0 
-3.36062 14.9983 11383.6 16.4876 0.544115 221.186 42.1205 -13 -1 1 0 1 -0.0208228 0.111451 2.6408 0 0 0 
3.20113 14.1948 11483.4 12.4426 -3.1827 221.428 42.49 -13 -1 1 0 1 0.0293585 0.126287 1.1307 0 0 0 
7.917 12.8625 11583.3 8.64337 -2.08462 221.622 42.8594 -13 -1 1 0 1 0.0725071 0.116368 -0.567282 0 0 0 
11.0848 12.7197 11683.2 5.37857 1.6941 221.729 43.2289 -13 -1 1 0 1 0.0899819 0.100414 -2.17716 0 0 0 
12.6237 14.3906 11783.2 1.23011 5.45204 221.73 43.5984 -13 -1 1 0 1 0.070875 0.0749209 -3.40486 0 0 0 
12.0994 17.1808 11883.1 -3.43061 6.27102 221.685 43.9679 -13 -1 1 0 1 0.0226632 0.0205844 -3.96043 0 0 0 
9.91341 19.5149 11983.1 -5.60035 3.70277 221.699 44.3373 -13 -1 1 0 1 -0.0206285 -0.0598701 -3.68202 0 0 0 
7.6945 20.4437 12083.1 -3.61248 0.581603 221.77 44.7068 -13 -1 1 0 1 -0.0395843 -0.130276 -2.65293 0 0 0 
7.04935 20.2603 12183 0.988278 -1.19288 221.795 45.0763 -13 -1 1 0 1 -0.048915 -0.165367 -1.1385 0 0 0 
8.65611 19.394 12283 6.07539 -2.83143 221.699 45.4458 -13 -1 1 0 1 -0.0644884 -0.165626 0.563589 0 0 0 
12.3159 17.3737 12382.9 9.70521 -6.61646 221.489 45.8153 -13 -1 1 0 1 -0.0799503 -0.131561 2.17546 0 0 0 
16.7489 13.0609 12482.7 8.98124 -12.6694 221.256 46.1847 -13 -1 1 0 1 -0.0655595 -0.0675889 3.40306 0 0 0 
19.497 6.23196 12582.5 2.387 -16.8125 221.149 46.5542 -13 -1 1 0 1 -0.000633198 -0.0126382 3.95883 0 0 0 
18.6251 -1.10806 12682.2 -5.96489 -14.6333 221.237 46.9237 -13 -1 1 0 1 0.0762334 -0.0118137 3.68444 0 0 0 
14.7759 -6.28549 12782 -10.1755 -8.06848 221.42 47.2932 -13 -1 1 0 1 0.107138 -0.0486949 2.66278 0 0 0 
10.1824 -8.53239 12881.8 -9.63479 -2.35435 221.579 47.6626 -13 -1 1 0 1 0.0903771 -0.0773958 1.15615 0 0 0 
6.35608 -8.88812 12981.8 -7.25562 0.270072 221.682 48.0321 -13 -1 1 0 1 0.0576041 -0.0836928 -0.541943 0 0 0 
3.61943 -8.65704 13081.7 -4.95059 0.458671 221.745 48.4016 -13 -1 1 0 1 0.0284885 -0.0747493 -2.15425 0 0 0 
1.84093 -8.64219 13181.7 -2.97804 -0.474082 221.78 48.7711 -13 -1 1 0 1 0.00945238 -0.0549719 -3.38687 0 0 0 
0.896408 -9.07843 13281.7 -1.28147 -1.38822 221.792 49.1406 -13 -1 1 0 1 0.000810581 -0.0231972 -3.95028 0 0 0 
0.572811 -9.81297 13381.7 -0.335192 -1.79837 221.793 49.51 -13 -1 1 0 1 -0.0024445 0.0179228 -3.68369 0 0 0 
0.400699 -10.6787 13481.7 -0.654427 -2.06339 221.79 49.8795 -13 -1 1 0 1 -0.00402737 0.0579045 -2.66602 0 0 0 
-0.213341 -11.7026 13581.7 -2.2753 -2.48758 221.775 50.249 -13 -1 1 0 1 -0.00113566 0.0873206 -1.15912 0 0 0 
-1.82541 -12.8603 13681.7 -5.04596 -2.47224 221.729 50.6185 -13 -1 1 0 1 0.0101688 0.101841 0.540293 0 0 0 
-4.85019 -13.6531 13781.6 -8.33526 -0.6132 221.643 50.9879 -13 -1 1 0 1 0.0270719 0.0933838 2.15383 0 0 0 
-9.10078 -12.9919 13881.5 -9.98722 3.93589 221.541 51.3574 -13 -1 1 0 1 0.0309306 0.0534311 3.38805 0 0 0 
-13.1956 -10.0078 13981.4 -7.38926 9.02561 221.494 51.7269 -13 -1 1 0 1 -0.00338737 -0.000183088 3.95327 0 0 0 
-15.2559 -5.42755 14081.3 -1.55862 10.4396 221.549 52.0964 -13 -1 1 0 1 -0.0647328 -0.0254214 3.6886 0 0 0 
-14.7892 -1.29332 14181.2 3.13019 7.36018 221.656 52.4659 -13 -1 1 0 1 -0.108341 -0.0134244 2.67311 0 0 0 
-12.9315 1.00304 14281.1 4.63913 2.8627 221.734 52.8353 -13 -1 1 0 1 -0.115854 0.00618765 1.16811 0 0 0 
-10.8665 1.45001 14381.1 4.42098 -0.629357 221.756 53.2048 -13 -1 1 0 1 -0.101231 0.0132484 -0.530705 0 0 0 
-8.90498 0.678243 14481.1 4.42061 -2.50955 221.742 53.5743 -13 -1 1 0 1 -0.0761143 0.00889714 -2.1448 0 0 0 
-6.74536 -0.52876 14581.1 5.25758 -2.49837 221.724 53.9438 -13 -1 1 0 1 -0.044661 0.00394691 -3.38036 0 0 0 
-4.18643 -1.2723 14681 5.93305 -0.531272 221.721 54.3132 -13 -1 1 0 1 -0.017382 0.00690895 -3.94755 0 0 0 
-1.6153 -0.898333 14781 5.21998 2.14291 221.729 54.6827 -13 -1 1 0 1 -0.00751919 0.011058 -3.68605 0 0 0 
0.381795 0.501061 14881 3.62272 3.81974 221.738 55.0522 -13 -1 1 0 1 -0.0124544 0.00406326 -2.67382 0 0 0 
1.753 2.33761 14980.9 2.66583 4.13761 221.746 55.4217 -13 -1 1 0 1 -0.0209146 -0.0121809 -1.17088 0 0 0 
2.99749 4.09255 15080.9 3.07961 3.50212 221.751 55.7912 -13 -1 1 0 1 -0.0291265 -0.0264941 0.52317 0 0 0 
4.67454 5.33798 15180.9 4.41776 1.80876 221.749 56.1606 -13 -1 1 0 1 -0.036329 -0.0283526 2.13765 0 0 0 
6.89633 5.52373 15280.9 5.17839 -1.15773 221.737 56.5301 -13 -1 1 0 1 -0.0334475 -0.0118995 3.37484 0 0 0 
9.00214 4.27834 15380.8 3.74793 -4.17609 221.73 56.8996 -13 -1 1 0 1 -0.0074782 0.0125758 3.94433 0 0 0 
10.0118 2.10443 15480.8 0.640001 -4.97052 221.744 57.2691 -13 -1 1 0 1 0.0339868 0.0222628 3.68474 0 0 0 
9.69069 0.201615 15580.8 -1.78994 -3.15334 221.771 57.6385 -13 -1 1 0 1 0.0648746 0.0136173 2.67251 0 0 0 
8.65935 -0.606947 15680.8 -2.55602 -0.431304 221.785 58.008 -13 -1 1 0 1 0.0741818 0.00414852 1.16845 0 0 0 
7.4836 -0.258173 15780.8 -2.67662 1.85215 221.777 58.3775 -13 -1 1 0 1 0.068848 0.00511637 -0.526469 0 0 0 
6.14158 0.917606 15880.7 -3.45481 3.15587 221.751 58.747 -13 -1 1 0 1 0.0539223 0.0138805 -2.14142 0 0 0 
4.21944 2.33932 15980.7 -5.16321 2.81152 221.723 59.1165 -13 -1 1 0 1 0.031971 0.0189025 -3.3789 0 0 0 
1.5366 3.14226 16080.7 -6.52147 0.472525 221.704 59.4859 -13 -1 1 0 1 0.0151454 0.0107286 -3.94901 0 0 0 
-1.38007 2.66781 16180.6 -6.09811 -2.487 221.703 59.8554 -13 -1 1 0 1 0.0180519 -0.00172911 -3.69128 0 0 0 
-3.78117 1.12089 16280.6 -4.51363 -4.0446 221.718 60.2249 -13 -1 1 0 1 0.0361013 -0.00239167 -2.6818 0 0 0 
-5.54492 -0.69188 16380.6 -3.51156 -3.72334 221.741 60.5944 -13 -1 1 0 1 0.0550034 0.00777141 -1.18008 0 0 0 
-7.13789 -2.02914 16480.5 -3.72321 -2.00106 221.76 60.9638 -13 -1 1 0 1 0.0695822 0.0162874 0.513665 0 0 0 
-8.95606 -2.30861 16580.5 -4.25861 0.960686 221.758 61.3333 -13 -1 1 0 1 0.0765559 0.0131383 2.12878 0 0 0 
-10.7556 -1.04705 16680.5 -3.33953 4.62607 221.727 61.7028 -13 -1 1 0 1 0.0638098 -0.0014836 3.36782 0 0 0 
-11.6008 1.65624 16780.4 -0.0984693 6.91433 221.693 62.0723 -13 -1 1 0 1 0.0236634 -0.00933903 3.93996 0 0 0 
-10.7842 4.6804 16880.4 3.51249 5.95739 221.693 62.4418 -13 -1 1 0 1 -0.0229571 0.00751229 3.68351 0 0 0 
-8.79276 6.70777 16980.4 4.84844 2.91596 221.728 62.8112 -13 -1 1 0 1 -0.0475515 0.0365193 2.67355 0 0 0 
-6.76617 7.3737 17080.3 3.88595 0.225602 221.766 63.1807 -13 -1 1 0 1 -0.049194 0.053618 1.17027 0 0 0 
-5.38497 7.09018 17180.3 2.2612 -1.3176 221.785 63.5502 -13 -1 1 0 1 -0.0420477 0.0519792 -0.52535 0 0 0 
-4.63008 6.29009 17280.3 1.2598 -2.15166 221.787 63.9197 -13 -1 1 0 1 -0.0323385 0.0354658 -2.14236 0 0 0 
-4.06456 5.22656 17380.3 1.45891 -2.448 221.782 64.2891 -13 -1 1 0 1 -0.0185467 0.0106106 -3.38317 0 0 0 
-3.16654 4.23499 17480.3 2.61056 -1.74578 221.778 64.6586 -13 -1 1 0 1 -0.00255934 -0.0125138 -3.95703 0 0 0 
-1.71916 3.81846 17580.3 3.72597 0.0173409 221.769 65.0281 -13 -1 1 0 1 0.00521034 -0.0279339 -3.7028 0 0 0 
0.109541 4.265 17680.3 4.33234 1.87749 221.75 65.3976 -13 -1 1 0 1 -0.00208535 -0.040203 -2.69592 0 0 0 
2.2112 5.36551 17780.2 5.09726 2.78369 221.724 65.7671 -13 -1 1 0 1 -0.0210319 -0.0533009 -1.19632 0 0 0 
4.84121 6.52739 17880.2 6.71927 2.03251 221.689 66.1365 -13 -1 1 0 1 -0.046338 -0.062726 0.495614 0 0 0 
8.32442 6.82959 17980.1 8.63402 -1.15025 221.629 66.506 -13 -1 1 0 1 -0.0699858 -0.0575408 2.10941 0 0 0 
12.3225 5.12188 18080 8.51948 -6.67034 221.536 66.8755 -13 -1 1 0 1 -0.0704999 -0.0321985 3.34849 0 0 0 
15.3728 0.896383 18179.9 4.35727 -11.5935 221.454 67.245 -13 -1 1 0 1 -0.0268637 -0.00894142 3.92267 0 0 0 
15.9512 -4.63871 18279.7 -1.69507 -12.0857 221.465 67.6144 -13 -1 1 0 1 0.0395101 -0.0226413 3.67026 0 0 0 
14.2774 -9.38379 18379.6 -5.01248 -8.59127 221.577 67.9839 -13 -1 1 0 1 0.0820802 -0.0664395 2.66219 0 0 0 
12.0708 -12.3324 18479.5 -4.19106 -4.64969 221.712 68.3534 -13 -1 1 0 1 0.0901936 -0.103875 1.15764 0 0 0 
10.8526 -13.7632 18579.5 -1.00724 -1.85559 221.791 68.7229 -13 -1 1 0 1 0.08357 -0.116485 -0.542728 0 0 0 
11.1946 -14.0401 18679.5 2.3888 0.70694 221.787 69.0924 -13 -1 1 0 1 0.0728307 -0.100594 -2.16805 0 0 0 
12.72 -13.0168 18779.5 3.88591 3.90237 221.732 69.4618 -13 -1 1 0 1 0.0486565 -0.0564195 -3.42075 0 0 0 
14.1769 -10.6307 18879.5 2.02381 6.31617 221.701 69.8313 -13 -1 1 0 1 -0.000898426 -0.00192095 -4.00837 0 0 0 
14.2328 -7.82889 18979.4 -1.84369 5.47065 221.725 70.2008 -13 -1 1 0 1 -0.0590389 0.0333424 -3.76785 0 0 0 
12.6706 -6.16684 19079.4 -4.77887 1.59607 221.743 70.5703 -13 -1 1 0 1 -0.0917109 0.047055 -2.77434 0 0 0 
10.1562 -6.45008 19179.4 -6.25577 -2.71862 221.696 70.9397 -13 -1 1 0 1 -0.0891415 0.0594606 -1.289 0 0 0 
6.97048 -8.37474 19279.3 -8.10249 -5.43321 221.586 71.3092 -13 -1 1 0 1 -0.0621736 0.0784253 0.386762 0 0 0 
2.59027 -10.8856 19379.2 -11.5746 -5.05079 221.441 71.6787 -13 -1 1 0 1 -0.0206527 0.0901203 1.9817 0 0 0 
-3.48877 -12.2461 19479 -15.0892 -0.218646 221.287 72.0482 -13 -1 1 0 1 0.0155314 0.0709599 3.19939 0 0 0 
-10.4179 -10.6034 19578.7 -14.7318 7.63017 221.179 72.4177 -13 -1 1 0 1 0.00745489 0.0234524 3.74957 0 0 0 
-16.0085 -5.72191 19678.4 -9.52903 13.192 221.203 72.7871 -13 -1 1 0 1 -0.0555186 -0.00500545 3.46711 0 0 0 
-18.9747 0.41463 19778.2 -4.05819 13.134 221.374 73.1566 -13 -1 1 0 1 -0.127978 0.0149752 2.4142 0 0 0 
-20.2841 5.54499 19878 -2.51117 9.23572 221.594 73.5261 -13 -1 1 0 1 -0.172627 0.056961 0.842259 0 0 0 
-21.8042 8.50362 19978 -4.62931 3.64346 221.722 73.8956 -13 -1 1 0 1 -0.193224 0.0845022 -0.956624 0 0 0 
-24.5107 8.55109 20077.9 -7.03346 -3.7776 221.657 74.265 -13 -1 1 0 1 -0.193827 0.0774377 -2.7224 0 0 0 
-27.449 4.92611 20177.8 -4.87113 -12.1369 221.415 74.6345 -13 -1 1 0 1 -0.152185 0.036965 -4.17251 0 0 0 
-27.8584 -1.69634 20277.6 3.90498 -15.8441 221.2 75.004 -13 -1 1 0 1 -0.0566734 0.00364629 -5.03483 0 0 0 
-23.834 -7.83224 20377.3 13.2133 -9.77483 221.191 75.3735 -13 -1 1 0 1 0.0379127 0.015403 -5.17109 0 0 0 
-17.1153 -9.62855 20477.1 15.0912 2.01287 221.277 75.743 -13 -1 1 0 1 0.0703729 0.0393424 -4.68532 0 0 0 
-11.3172 -6.40356 20576.8 9.88126 11.4723 221.283 76.1124 -13 -1 1 0 1 0.0565456 0.0316532 -3.8676 0 0 0 
-8.45818 -0.0653145 20676.6 2.88453 15.8846 221.212 76.4819 -13 -1 1 0 1 0.0386688 0.00204689 -3.0024 0 0 0 
-8.25109 5.56967 20752.2 -1.46956 16.8589 221.154 76.762 -13 -1 1 0 1 0.0315075 -0.0188161 -2.41677 0 0 0 

