# AllTracks
#x y z Px Py Pz t PDGid EventID TrackID ParentID Weight Bx By Bz Ex Ey Ez
# Event -2 Track 1
-11.2945 14.0917 0 0.831616 -1.28515 227.295 0 -13 -2 1 0 1 0.0844236 -0.0883828 -2.26474 0 0 0 
-11.2894 14.0922 0.4995 0.846766 -1.27125 227.295 0.00183749 -13 -2 1 0 1 0.0844909 -0.0885386 -2.25815 0 0 0 
-11.2894 14.0922 0.5005 0.846796 -1.27123 227.295 0.00184117 -13 -2 1 0 1 0.084491 -0.0885389 -2.25814 0 0 0 
-10.2582 14.2044 100.494 3.85269 1.83021 227.26 0.369682 -13 -2 1 0 1 0.08944 -0.110549 -0.784152 0 0 0 
-7.8126 15.5963 200.452 7.44392 4.20228 227.139 0.737523 -13 -2 1 0 1 0.0701267 -0.124264 0.811963 0 0 0 
-3.54786 17.4796 300.342 12.0366 3.70191 226.951 1.10536 -13 -2 1 0 1 0.0335314 -0.118878 2.27869 0 0 0 
2.63997 18.1953 400.145 15.607 -1.16215 226.761 1.4732 -13 -2 1 0 1 0.00227105 -0.0757824 3.33917 0 0 0 
9.48549 16.0799 499.883 14.5456 -8.45085 226.677 1.84105 -13 -2 1 0 1 0.0131044 -0.00763426 3.73204 0 0 0 
14.7149 11.182 599.622 8.7472 -12.9735 226.761 2.20889 -13 -2 1 0 1 0.0677486 0.0351048 3.34064 0 0 0 
17.1657 5.46118 699.425 2.77525 -12.2544 226.952 2.57673 -13 -2 1 0 1 0.121357 0.0290524 2.28114 0 0 0 
17.6612 0.848009 799.315 0.0941059 -8.46929 227.142 2.94457 -13 -2 1 0 1 0.14466 -2.72317e-05 0.814631 0 0 0 
17.6932 -1.91777 899.275 0.390879 -4.10954 227.263 3.31241 -13 -2 1 0 1 0.142627 -0.0232399 -0.78588 0 0 0 
18.1325 -2.7882 999.269 1.55799 0.118187 227.295 3.68025 -13 -2 1 0 1 0.120965 -0.0292812 -2.25759 0 0 0 
18.8813 -1.89533 1099.26 1.53073 3.74002 227.264 4.04809 -13 -2 1 0 1 0.0732168 -0.0211535 -3.32586 0 0 0 
19.2152 0.1891 1199.24 -0.203984 5.23829 227.24 4.41593 -13 -2 1 0 1 0.000622825 -0.0151565 -3.72548 0 0 0 
18.7098 2.23984 1299.22 -1.88672 3.59609 227.264 4.78377 -13 -2 1 0 1 -0.0715084 -0.0223913 -3.33772 0 0 0 
17.8278 3.05344 1399.21 -1.80471 -0.0799318 227.293 5.15161 -13 -2 1 0 1 -0.118341 -0.0309762 -2.27848 0 0 0 
17.3018 2.10281 1499.2 -0.544456 -4.26216 227.259 5.51945 -13 -2 1 0 1 -0.139285 -0.0247082 -0.811382 0 0 0 
17.216 -0.708848 1599.16 -0.188239 -8.52019 227.14 5.88729 -13 -2 1 0 1 -0.141244 -0.00113588 0.788688 0 0 0 
16.6925 -5.32085 1699.05 -2.80526 -12.2033 226.955 6.25513 -13 -2 1 0 1 -0.11868 0.028286 2.25892 0 0 0 
14.2454 -11.0071 1798.85 -8.70125 -12.8818 226.768 6.62298 -13 -2 1 0 1 -0.0666497 0.0350041 3.32662 0 0 0 
9.04714 -15.871 1898.6 -14.4621 -8.39798 226.684 6.99082 -13 -2 1 0 1 -0.01364 -0.00668953 3.72887 0 0 0 
2.23341 -17.9773 1998.34 -15.5558 -1.17196 226.764 7.35866 -13 -2 1 0 1 -0.00395368 -0.0740659 3.34784 0 0 0 
-3.94571 -17.2767 2098.14 -12.0487 3.64502 226.951 7.7265 -13 -2 1 0 1 -0.0360509 -0.117087 2.29595 0 0 0 
-8.22844 -15.4293 2198.03 -7.51024 4.09166 227.139 8.09434 -13 -2 1 0 1 -0.0733316 -0.12286 0.833165 0 0 0 
-10.7098 -14.1046 2297.99 -3.94089 1.62862 227.26 8.46218 -13 -2 1 0 1 -0.0930982 -0.109973 -0.767246 0 0 0 
-11.7715 -14.1069 2397.98 -0.879843 -1.5908 227.293 8.83002 -13 -2 1 0 1 -0.0880109 -0.0891541 -2.24573 0 0 0 
-11.4485 -15.3107 2497.97 2.35196 -3.50592 227.261 9.19786 -13 -2 1 0 1 -0.0568118 -0.0531532 -3.32095 0 0 0 
-9.82544 -16.795 2597.95 4.70227 -2.80574 227.234 9.5657 -13 -2 1 0 1 -0.0139519 0.00618119 -3.72972 0 0 0 
-7.72718 -17.5279 2697.92 4.29574 -0.440702 227.259 9.93354 -13 -2 1 0 1 0.0171825 0.0731601 -3.35195 0 0 0 
-6.46022 -17.261 2797.91 1.12492 1.4671 227.293 10.3014 -13 -2 1 0 1 0.0333932 0.119498 -2.29978 0 0 0 
-6.90025 -16.3694 2897.91 -3.1756 2.54444 227.264 10.6692 -13 -2 1 0 1 0.0487084 0.135482 -0.835845 0 0 0 
-9.20476 -14.9145 2997.87 -7.13496 4.35488 227.146 11.0371 -13 -2 1 0 1 0.0695553 0.125825 0.764631 0 0 0 
-12.8972 -12.1945 3097.76 -9.13932 8.42123 226.96 11.4049 -13 -2 1 0 1 0.083778 0.091538 2.24202 0 0 0 
-16.6174 -7.28165 3197.57 -6.91731 13.8762 226.771 11.7727 -13 -2 1 0 1 0.0642261 0.042242 3.31687 0 0 0 
-18.2997 -0.373095 3297.31 -0.223824 16.7194 226.684 12.1406 -13 -2 1 0 1 0.00197128 0.0152018 3.72832 0 0 0 
-16.7877 6.60246 3397.05 6.64386 14.1489 226.762 12.5084 -13 -2 1 0 1 -0.0618176 0.0384953 3.35736 0 0 0 
-13.1149 11.6479 3496.85 9.19614 8.70692 226.947 12.8763 -13 -2 1 0 1 -0.0838701 0.0868399 2.31278 0 0 0 
-9.33904 14.4635 3596.74 7.43602 4.49842 227.134 13.2441 -13 -2 1 0 1 -0.0703897 0.121865 0.853553 0 0 0 
-6.86832 15.9593 3696.7 3.61682 2.6111 227.256 13.6119 -13 -2 1 0 1 -0.0488387 0.132825 -0.746827 0 0 0 
-6.21849 16.8946 3796.69 -0.631789 1.62896 227.293 13.9798 -13 -2 1 0 1 -0.0326588 0.11888 -2.22851 0 0 0 
-7.28684 17.2773 3896.68 -3.92199 -0.0731864 227.266 14.3476 -13 -2 1 0 1 -0.0170154 0.0753976 -3.31078 0 0 0 
-9.28335 16.7354 3996.66 -4.63219 -2.34298 227.241 14.7155 -13 -2 1 0 1 0.0118695 0.00985325 -3.72884 0 0 0 
-10.9433 15.4309 4096.64 -2.56543 -3.18473 227.263 15.0833 -13 -2 1 0 1 0.0529075 -0.0506608 -3.36133 0 0 0 
-11.3891 14.3173 4196.63 0.564411 -1.49713 227.294 15.4512 -13 -2 1 0 1 0.0843753 -0.0888668 -2.3166 0 0 0 
-11.3534 14.3175 4200.5 0.685031 -1.3915 227.295 15.4654 -13 -2 1 0 1 0.0849369 -0.0900749 -2.26573 0 0 0 
-11.3533 14.3175 4200.5 0.685062 -1.39147 227.295 15.4654 -13 -2 1 0 1 0.084937 -0.0900752 -2.26571 0 0 0 
-10.3766 14.3741 4300.49 3.76147 1.70725 227.263 15.8332 -13 -2 1 0 1 0.0903942 -0.111937 -0.791174 0 0 0 
-7.96242 15.7192 4400.45 7.38678 4.11635 227.143 16.2011 -13 -2 1 0 1 0.0713085 -0.125265 0.809184 0 0 0 
-3.71993 17.5752 4500.35 11.9906 3.66497 226.954 16.5689 -13 -2 1 0 1 0.0346567 -0.119536 2.27618 0 0 0 
2.44975 18.2856 4600.15 15.572 -1.15072 226.763 16.9368 -13 -2 1 0 1 0.00298672 -0.0761527 3.33683 0 0 0 
9.28424 16.1825 4699.89 14.5316 -8.41185 226.679 17.3046 -13 -2 1 0 1 0.0130921 -0.00765473 3.72979 0 0 0 
14.5115 11.3016 4799.63 8.74858 -12.941 226.763 17.6724 -13 -2 1 0 1 0.0669583 0.0355436 3.33845 0 0 0 
16.962 5.58881 4899.43 2.76817 -12.2528 226.953 18.0403 -13 -2 1 0 1 0.120001 0.0298767 2.27906 0 0 0 
17.4487 0.967388 4999.32 0.0594976 -8.50988 227.141 18.4081 -13 -2 1 0 1 0.142965 0.000903793 0.812709 0 0 0 
17.4597 -1.8276 5099.28 0.333337 -4.20427 227.261 18.776 -13 -2 1 0 1 0.140764 -0.0225355 -0.787605 0 0 0 
17.8749 -2.75403 5199.27 1.51432 -0.0421152 227.295 19.1438 -13 -2 1 0 1 0.119231 -0.0290545 -2.26266 0 0 0 
18.6178 -1.94351 5299.27 1.55673 3.53348 227.267 19.5116 -13 -2 1 0 1 0.0721661 -0.0213382 -3.33055 0 0 0 
18.9849 0.0515823 5399.25 -0.0798577 5.05209 227.244 19.8795 -13 -2 1 0 1 0.000581347 -0.0151634 -3.72986 0 0 0 
18.5492 2.03757 5499.23 -1.70547 3.49408 227.267 20.2473 -13 -2 1 0 1 -0.070929 -0.0216296 -3.34186 0 0 0 
17.7463 2.82607 5599.22 -1.63653 -0.0973636 227.294 20.6152 -13 -2 1 0 1 -0.117832 -0.0294915 -2.28243 0 0 0 
17.2839 1.87834 5699.21 -0.425714 -4.23986 227.26 20.983 -13 -2 1 0 1 -0.139166 -0.0229448 -0.815135 0 0 0 
17.2392 -0.922597 5799.17 -0.11881 -8.49865 227.141 21.3508 -13 -2 1 0 1 -0.141447 0.000548282 0.785131 0 0 0 
16.7364 -5.52865 5899.06 -2.77959 -12.1984 226.956 21.7187 -13 -2 1 0 1 -0.118967 0.0296548 2.25912 0 0 0 
14.2926 -11.2154 5998.87 -8.70961 -12.8865 226.767 22.0865 -13 -2 1 0 1 -0.0668283 0.0358045 3.32684 0 0 0 
9.08658 -16.0805 6098.61 -14.4844 -8.39654 226.683 22.4544 -13 -2 1 0 1 -0.0136384 -0.00668513 3.72905 0 0 0 
2.26535 -18.1837 6198.35 -15.5628 -1.16007 226.764 22.8222 -13 -2 1 0 1 -0.00383225 -0.0748521 3.34792 0 0 0 
-3.90916 -17.4771 6298.15 -12.0183 3.6586 226.953 23.1901 -13 -2 1 0 1 -0.0358135 -0.118404 2.29588 0 0 0 
-8.16853 -15.6241 6398.04 -7.43377 4.10493 227.141 23.5579 -13 -2 1 0 1 -0.072862 -0.124396 0.832992 0 0 0 
-10.606 -14.2905 6498 -3.81896 1.66126 227.262 23.9257 -13 -2 1 0 1 -0.0922793 -0.11144 -0.767468 0 0 0 
-11.607 -14.2673 6598 -0.7318 -1.50073 227.294 24.2936 -13 -2 1 0 1 -0.086921 -0.0902103 -2.24593 0 0 0 
-11.2225 -15.4132 6697.99 2.47191 -3.33271 227.262 24.6614 -13 -2 1 0 1 -0.0559272 -0.0535435 -3.32102 0 0 0 
-9.56532 -16.8077 6797.96 4.72947 -2.58133 227.236 25.0293 -13 -2 1 0 1 -0.0139243 0.00619046 -3.72961 0 0 0 
-7.4785 -17.4448 6897.94 4.22203 -0.242669 227.261 25.3971 -13 -2 1 0 1 0.0162542 0.0728559 -3.35169 0 0 0 
-6.25606 -17.1065 6997.93 1.00832 1.59165 227.292 25.7649 -13 -2 1 0 1 0.0320611 0.11849 -2.29946 0 0 0 
-6.74493 -16.1749 7097.92 -3.27322 2.60634 227.262 26.1328 -13 -2 1 0 1 0.0474858 0.13395 -0.835556 0 0 0 
-9.08222 -14.7011 7197.88 -7.18403 4.38287 227.144 26.5006 -13 -2 1 0 1 0.0685849 0.124136 0.764834 0 0 0 
-12.7847 -11.9736 7297.78 -9.13693 8.42739 226.96 26.8685 -13 -2 1 0 1 0.0830264 0.0900706 2.24211 0 0 0 
-16.4955 -7.06375 7397.58 -6.88211 13.8552 226.773 27.2363 -13 -2 1 0 1 0.0637392 0.041387 3.31684 0 0 0 
-18.1616 -0.170559 7497.33 -0.192209 16.6729 226.688 27.6041 -13 -2 1 0 1 0.00194452 0.0151796 3.7282 0 0 0 
-16.6426 6.78324 7597.07 6.64117 14.1023 226.765 27.972 -13 -2 1 0 1 -0.0612871 0.0391704 3.35718 0 0 0 
-12.98 11.814 7696.87 9.15314 8.69073 226.949 28.3398 -13 -2 1 0 1 -0.0829969 0.087925 2.31254 0 0 0 
-9.23108 14.6313 7796.76 7.35665 4.52155 227.136 28.7077 -13 -2 1 0 1 -0.069543 0.123187 0.853258 0 0 0 
-6.80416 16.1431 7896.72 3.49522 2.65533 227.258 29.0755 -13 -2 1 0 1 -0.0483316 0.134277 -0.747165 0 0 0 
-6.21883 17.095 7996.71 -0.803235 1.65093 227.293 29.4433 -13 -2 1 0 1 -0.0326592 0.120206 -2.22887 0 0 0 
-7.37025 17.4722 8096.7 -4.12028 -0.127732 227.263 29.8112 -13 -2 1 0 1 -0.0173392 0.0761557 -3.31109 0 0 0 
-9.4483 16.8849 8196.68 -4.7923 -2.49202 227.236 30.179 -13 -2 1 0 1 0.0118543 0.00986162 -3.72904 0 0 0 
-11.1597 15.5023 8296.65 -2.6354 -3.37845 227.26 30.5469 -13 -2 1 0 1 0.0537161 -0.0509359 -3.36136 0 0 0 
-11.6179 14.3068 8396.64 0.569906 -1.66704 227.293 30.9147 -13 -2 1 0 1 0.0858685 -0.0888048 -2.31647 0 0 0 
-11.582 14.3045 8400.5 0.69196 -1.56 227.294 30.9289 -13 -2 1 0 1 0.0864432 -0.0899914 -2.26579 0 0 0 
-11.582 14.3045 8400.5 0.691992 -1.55997 227.294 30.9289 -13 -2 1 0 1 0.0864434 -0.0899918 -2.26577 0 0 0 
-10.5959 14.2985 8500.49 3.78804 1.5923 227.263 31.2967 -13 -2 1 0 1 0.0921238 -0.111341 -0.791183 0 0 0 
-8.17391 15.6047 8600.45 7.39098 4.05313 227.144 31.6646 -13 -2 1 0 1 0.0729745 -0.124362 0.809187 0 0 0 
-3.93731 17.4438 8700.35 11.9603 3.65192 226.956 32.0324 -13 -2 1 0 1 0.0360832 -0.118671 2.27615 0 0 0 
2.21446 18.1599 8800.15 15.5263 -1.11244 226.767 32.4003 -13 -2 1 0 1 0.0038843 -0.0756695 3.33673 0 0 0 
9.03214 16.082 8899.89 14.5064 -8.34104 226.683 32.7681 -13 -2 1 0 1 0.0130941 -0.00765196 3.72961 0 0 0 
14.2567 11.2315 8999.63 8.76117 -12.8816 226.766 33.1359 -13 -2 1 0 1 0.0659876 0.0352765 3.33823 0 0 0 
16.7188 5.53493 9099.44 2.80503 -12.2426 226.953 33.5038 -13 -2 1 0 1 0.118403 0.0295222 2.27887 0 0 0 
17.224 0.904777 9199.33 0.105797 -8.55966 227.139 33.8716 -13 -2 1 0 1 0.141191 0.000410166 0.812596 0 0 0 
17.2587 -1.92396 9299.29 0.399062 -4.30504 227.259 34.2395 -13 -2 1 0 1 0.139176 -0.0232952 -0.787642 0 0 0 
17.7127 -2.90112 9399.28 1.63043 -0.164773 227.294 34.6073 -13 -2 1 0 1 0.118158 -0.0300225 -2.26264 0 0 0 
18.5219 -2.13922 9499.27 1.74113 3.44648 227.267 34.9751 -13 -2 1 0 1 0.0717941 -0.02209 -3.33052 0 0 0 
18.9796 -0.163162 9599.25 0.1369 5.05885 227.244 35.343 -13 -2 1 0 1 0.000578576 -0.0151699 -3.72986 0 0 0 
18.6332 1.84772 9699.23 -1.52686 3.59408 227.267 35.7108 -13 -2 1 0 1 -0.0712507 -0.02091 -3.34189 0 0 0 
17.8932 2.69046 9799.22 -1.52962 0.0380639 227.295 36.0787 -13 -2 1 0 1 -0.118799 -0.028603 -2.28245 0 0 0 
17.4654 1.79945 9899.22 -0.369063 -4.12407 227.262 36.4465 -13 -2 1 0 1 -0.140599 -0.0223237 -0.815099 0 0 0 
17.4413 -0.960072 9999.18 -0.0767165 -8.4287 227.144 36.8143 -13 -2 1 0 1 -0.143044 0.000844265 0.785241 0 0 0 
16.9573 -5.54736 10099.1 -2.73573 -12.1838 226.957 37.1822 -13 -2 1 0 1 -0.120426 0.0297789 2.2593 0 0 0 
14.5317 -11.2396 10198.9 -8.67448 -12.9238 226.767 37.55 -13 -2 1 0 1 -0.0677503 0.0358974 3.32703 0 0 0 
9.33554 -16.128 10298.6 -14.4766 -8.4587 226.681 37.9179 -13 -2 1 0 1 -0.0136505 -0.00668616 3.7292 0 0 0 
2.5119 -18.2563 10398.4 -15.5784 -1.20535 226.763 38.2857 -13 -2 1 0 1 -0.00290418 -0.0751299 3.34796 0 0 0 
-3.66985 -17.5604 10498.2 -12.0309 3.65777 226.952 38.6535 -13 -2 1 0 1 -0.0342503 -0.118951 2.29584 0 0 0 
-7.9302 -15.6964 10598 -7.42452 4.15699 227.141 39.0214 -13 -2 1 0 1 -0.0709869 -0.124964 0.832915 0 0 0 
-10.3599 -14.3273 10698 -3.79692 1.77129 227.262 39.3892 -13 -2 1 0 1 -0.0903352 -0.111728 -0.76752 0 0 0 
-11.3552 -14.2426 10798 -0.736977 -1.33331 227.295 39.7571 -13 -2 1 0 1 -0.0852535 -0.090043 -2.24591 0 0 0 
-10.9888 -15.3076 10898 2.38784 -3.14182 227.266 40.1249 -13 -2 1 0 1 -0.0550144 -0.0531271 -3.32089 0 0 0 
-9.38933 -16.6261 10998 4.55547 -2.43969 227.241 40.4928 -13 -2 1 0 1 -0.0139066 0.0062103 -3.72939 0 0 0 
-7.38915 -17.2223 11097.9 4.01528 -0.20132 227.265 40.8606 -13 -2 1 0 1 0.0159208 0.0720242 -3.35142 0 0 0 
-6.25163 -16.8853 11197.9 0.837122 1.55281 227.293 41.2284 -13 -2 1 0 1 0.0320324 0.117046 -2.29923 0 0 0 
-6.80313 -15.9781 11297.9 -3.38714 2.54331 227.261 41.5963 -13 -2 1 0 1 0.0479432 0.1324 -0.835366 0 0 0 
-9.18007 -14.5291 11397.9 -7.25328 4.3378 227.143 41.9641 -13 -2 1 0 1 0.0693561 0.122777 0.764977 0 0 0 
-12.9058 -11.8141 11497.8 -9.17477 8.41688 226.959 42.332 -13 -2 1 0 1 0.083825 0.0890132 2.24223 0 0 0 
-16.6271 -6.90189 11597.6 -6.89174 13.8736 226.772 42.6998 -13 -2 1 0 1 0.0642482 0.040754 3.31695 0 0 0 
-18.2921 0.00182531 11697.3 -0.180054 16.698 226.686 43.0676 -13 -2 1 0 1 0.00195258 0.0151612 3.72832 0 0 0 
-16.7668 6.96411 11797.1 6.65282 14.1134 226.764 43.4355 -13 -2 1 0 1 -0.0617557 0.0398457 3.35726 0 0 0 
-13.1043 11.9954 11896.9 9.137 8.68215 226.951 43.8033 -13 -2 1 0 1 -0.0838112 0.0891102 2.31254 0 0 0 
-9.37166 14.8044 11996.8 7.29777 4.49136 227.139 44.1712 -13 -2 1 0 1 -0.0706505 0.124552 0.853156 0 0 0 
-6.97979 16.2956 12096.7 3.39719 2.58753 227.26 44.539 -13 -2 1 0 1 -0.0497202 0.135484 -0.747347 0 0 0 
-6.44131 17.2043 12196.7 -0.910381 1.51793 227.293 44.9068 -13 -2 1 0 1 -0.0341353 0.120931 -2.22909 0 0 0 
-7.63108 17.5066 12296.7 -4.1759 -0.331697 227.262 45.2747 -13 -2 1 0 1 -0.0183627 0.0762869 -3.31128 0 0 0 
-9.71162 16.8226 12396.7 -4.74374 -2.71479 227.235 45.6425 -13 -2 1 0 1 0.0118228 0.00984687 -3.72912 0 0 0 
-11.3802 15.3526 12496.7 -2.49871 -3.54212 227.259 46.0104 -13 -2 1 0 1 0.0545364 -0.0503862 -3.3613 0 0 0 
-11.7717 14.1044 12596.7 0.724778 -1.74413 227.292 46.3782 -13 -2 1 0 1 0.0868693 -0.0874901 -2.31632 0 0 0 
-11.7334 14.1014 12600.5 0.845926 -1.63436 227.293 46.3924 -13 -2 1 0 1 0.0874391 -0.0886537 -2.26575 0 0 0 
-11.7334 14.1014 12600.5 0.845957 -1.63433 227.293 46.3924 -13 -2 1 0 1 0.0874392 -0.088654 -2.26573 0 0 0 
-10.6867 14.0764 12700.5 3.90433 1.57289 227.261 46.7602 -13 -2 1 0 1 0.0928385 -0.109588 -0.791167 0 0 0 
-8.22524 15.3788 12800.5 7.4537 4.05106 227.142 47.128 -13 -2 1 0 1 0.0733775 -0.122579 0.809145 0 0 0 
-3.97238 17.2176 12900.3 11.9731 3.65223 226.955 47.4959 -13 -2 1 0 1 0.0363126 -0.117182 2.27603 0 0 0 
2.17658 17.9353 13000.1 15.5046 -1.10346 226.768 47.8637 -13 -2 1 0 1 0.00402885 -0.0748107 3.33654 0 0 0 
8.98236 15.8649 13099.9 14.4798 -8.31637 226.686 48.2316 -13 -2 1 0 1 0.0130938 -0.0076514 3.72942 0 0 0 
14.2 11.0269 13199.6 8.76057 -12.8524 226.767 48.5994 -13 -2 1 0 1 0.0657697 0.0344965 3.3381 0 0 0 
16.6706 5.34046 13299.4 2.8449 -12.2286 226.953 48.9672 -13 -2 1 0 1 0.118084 0.0282458 2.27882 0 0 0 
17.2028 0.711801 13399.3 0.189135 -8.56561 227.139 49.3351 -13 -2 1 0 1 0.141024 -0.0011098 0.812587 0 0 0 
17.2843 -2.12061 13499.3 0.528999 -4.31022 227.259 49.7029 -13 -2 1 0 1 0.139378 -0.024846 -0.78765 0 0 0 
17.805 -3.09218 13599.3 1.80016 -0.125851 227.293 50.0708 -13 -2 1 0 1 0.118769 -0.0312811 -2.26269 0 0 0 
18.6906 -2.29525 13699.3 1.90846 3.571 227.264 50.4386 -13 -2 1 0 1 0.0724463 -0.0226903 -3.33065 0 0 0 
19.2086 -0.245967 13799.2 0.232884 5.25951 227.239 50.8065 -13 -2 1 0 1 0.000587881 -0.0151728 -3.73007 0 0 0 
18.8818 1.85774 13899.2 -1.53241 3.80211 227.263 51.1743 -13 -2 1 0 1 -0.0721939 -0.0209484 -3.34212 0 0 0 
18.1236 2.78157 13999.2 -1.59645 0.192884 227.295 51.5421 -13 -2 1 0 1 -0.120311 -0.0292009 -2.28264 0 0 0 
17.6645 1.9446 14099.2 -0.435645 -4.03121 227.264 51.91 -13 -2 1 0 1 -0.14217 -0.0234671 -0.815217 0 0 0 
17.6186 -0.784665 14199.2 -0.105401 -8.38143 227.146 52.2778 -13 -2 1 0 1 -0.144446 -0.000538773 0.785186 0 0 0 
17.1322 -5.35953 14299.1 -2.71899 -12.1747 226.958 52.6457 -13 -2 1 0 1 -0.121582 0.0285423 2.25929 0 0 0 
14.7207 -11.0568 14398.9 -8.63265 -12.956 226.767 53.0135 -13 -2 1 0 1 -0.068482 0.0351942 3.32703 0 0 0 
9.54151 -15.9669 14498.6 -14.4477 -8.52087 226.681 53.3813 -13 -2 1 0 1 -0.0136637 -0.00669227 3.72917 0 0 0 
2.72259 -18.1227 14598.3 -15.5874 -1.26091 226.762 53.7492 -13 -2 1 0 1 -0.00211225 -0.0746227 3.34792 0 0 0 
-3.47105 -17.4429 14698.2 -12.0738 3.64436 226.95 54.117 -13 -2 1 0 1 -0.0329505 -0.118178 2.29584 0 0 0 
-7.75571 -15.573 14798 -7.49169 4.19588 227.138 54.4849 -13 -2 1 0 1 -0.0696124 -0.12399 0.832992 0 0 0 
-10.2215 -14.1776 14898 -3.89692 1.84782 227.259 54.8527 -13 -2 1 0 1 -0.0892412 -0.110544 -0.767371 0 0 0 
-11.2719 -14.0576 14998 -0.890096 -1.25769 227.295 55.2205 -13 -2 1 0 1 -0.0847017 -0.0888192 -2.24571 0 0 0 
-10.9849 -15.1003 15098 2.18473 -3.1263 227.268 55.5884 -13 -2 1 0 1 -0.0550001 -0.0523233 -3.3207 0 0 0 
-9.47659 -16.4336 15198 4.35619 -2.52411 227.245 55.9562 -13 -2 1 0 1 -0.013916 0.00622166 -3.72927 0 0 0 
-7.55065 -17.0852 15297.9 3.88453 -0.35848 227.267 56.3241 -13 -2 1 0 1 0.0165242 0.0715061 -3.35142 0 0 0 
-6.45261 -16.8208 15397.9 0.784389 1.39 227.295 56.6919 -13 -2 1 0 1 0.0333441 0.116624 -2.29929 0 0 0 
-7.01723 -15.9776 15497.9 -3.4022 2.4195 227.262 57.0597 -13 -2 1 0 1 0.0496279 0.132398 -0.835447 0 0 0 
-9.40077 -14.5723 15597.9 -7.27373 4.26326 227.144 57.4276 -13 -2 1 0 1 0.0710948 0.123104 0.761016 0 0 0 
-13.1406 -11.8788 15697.8 -9.21933 8.39461 226.958 57.7954 -13 -2 1 0 1 0.0853734 0.0894298 2.23815 0 0 0 
-16.8854 -6.96426 15797.6 -6.95005 13.906 226.768 58.1633 -13 -2 1 0 1 0.065248 0.0409896 3.31277 0 0 0 
-18.574 -0.0366035 15897.3 -0.224525 16.7696 226.681 58.5311 -13 -2 1 0 1 0.00197016 0.0151629 3.72398 0 0 0 
-17.0622 6.95884 15997.1 6.63575 14.1851 226.76 58.8989 -13 -2 1 0 1 -0.0628701 0.0398322 3.35269 0 0 0 
-13.4036 12.0144 16096.9 9.13238 8.71547 226.95 59.2668 -13 -2 1 0 1 -0.085774 0.0892485 2.30766 0 0 0 
-9.67421 14.8255 16196.8 7.2855 4.46564 227.14 59.6346 -13 -2 1 0 1 -0.0730389 0.124739 0.847932 0 0 0 
-7.28907 16.2898 16296.7 3.38227 2.49004 227.262 60.0025 -13 -2 1 0 1 -0.0521639 0.135444 -0.749017 0 0 0 
-6.75156 17.1399 16396.7 -0.891294 1.35196 227.295 60.3703 -13 -2 1 0 1 -0.0361944 0.120512 -2.23093 0 0 0 
-7.91576 17.3609 16496.7 -4.07184 -0.524624 227.263 60.7381 -13 -2 1 0 1 -0.0194837 0.0757222 -3.31328 0 0 0 
-9.929 16.6008 16596.7 -4.54723 -2.85287 227.237 61.106 -13 -2 1 0 1 0.0117896 0.00982598 -3.73127 0 0 0 
-11.5019 15.0938 16696.7 -2.27468 -3.56951 227.261 61.4738 -13 -2 1 0 1 0.0549805 -0.0494194 -3.36364 0 0 0 
-11.8032 13.8552 16796.6 0.902084 -1.68229 227.292 61.8417 -13 -2 1 0 1 0.0870667 -0.0858613 -2.31891 0 0 0 
-11.7625 13.8536 16800.5 1.02082 -1.57008 227.293 61.8558 -13 -2 1 0 1 0.0876239 -0.0870166 -2.26827 0 0 0 
-11.7625 13.8536 16800.5 1.02085 -1.57005 227.293 61.8559 -13 -2 1 0 1 0.087624 -0.0870169 -2.26826 0 0 0 
-10.6539 13.8653 16900.5 4.0116 1.66668 227.259 62.2237 -13 -2 1 0 1 0.0925607 -0.107905 -0.797711 0 0 0 
-8.15704 15.2082 17000.5 7.51193 4.13767 227.139 62.5915 -13 -2 1 0 1 0.0728255 -0.121212 0.802092 0 0 0 
-3.88449 17.0813 17100.3 12.0085 3.72178 226.952 62.9594 -13 -2 1 0 1 0.0357311 -0.116259 2.26845 0 0 0 
2.27946 17.8265 17200.1 15.5412 -1.04718 226.766 63.3272 -13 -2 1 0 1 0.00364824 -0.0743655 3.32846 0 0 0 
9.1056 15.7785 17299.9 14.5389 -8.27085 226.684 63.6951 -13 -2 1 0 1 0.0131245 -0.00762538 3.72086 0 0 0 
14.3568 10.9578 17399.6 8.85481 -12.8194 226.766 64.0629 -13 -2 1 0 1 0.0664177 0.0342488 3.32904 0 0 0 
16.8769 5.28427 17499.4 2.97573 -12.1999 226.953 64.4307 -13 -2 1 0 1 0.119507 0.0278767 2.26915 0 0 0 
17.474 0.672525 17599.3 0.352278 -8.5104 227.141 64.7986 -13 -2 1 0 1 0.143241 -0.00143721 0.80213 0 0 0 
17.631 -2.12083 17699.3 0.703224 -4.17881 227.261 65.1664 -13 -2 1 0 1 0.142183 -0.0248755 -0.795114 0 0 0 
18.2213 -3.00916 17799.3 1.92892 0.125137 227.292 65.5343 -13 -2 1 0 1 0.121595 -0.0307689 -2.27102 0 0 0 
19.1363 -2.07755 17899.3 1.89728 3.91994 227.259 65.9021 -13 -2 1 0 1 0.0742572 -0.0218872 -3.33995 0 0 0 
19.6075 0.126148 17999.2 0.0336367 5.5877 227.232 66.2699 -13 -2 1 0 1 0.000708376 -0.0151866 -3.74035 0 0 0 
19.1647 2.34572 18099.2 -1.83759 3.98856 227.258 66.6378 -13 -2 1 0 1 -0.0731512 -0.0228133 -3.35341 0 0 0 
18.2755 3.31746 18199.2 -1.86509 0.233839 227.293 67.0056 -13 -2 1 0 1 -0.121185 -0.0327228 -2.29502 0 0 0 
17.7232 2.48088 18299.2 -0.583524 -4.05626 227.263 67.3735 -13 -2 1 0 1 -0.142498 -0.027705 -0.828882 0 0 0 
17.6435 -0.261925 18399.2 -0.111116 -8.41349 227.145 67.7413 -13 -2 1 0 1 -0.144472 -0.00469337 0.766092 0 0 0 
17.185 -4.85341 18499 -2.58989 -12.2267 226.957 68.1091 -13 -2 1 0 1 -0.121742 0.025126 2.23824 0 0 0 
14.852 -10.5907 18598.9 -8.41862 -13.0995 226.766 68.477 -13 -2 1 0 1 -0.0688043 0.0332406 3.30378 0 0 0 
9.7649 -15.5948 18698.6 -14.2666 -8.80566 226.681 68.8448 -13 -2 1 0 1 -0.0135333 -0.00695303 3.70346 0 0 0 
2.99551 -17.8994 18798.3 -15.5556 -1.63667 226.762 69.2127 -13 -2 1 0 1 -0.001022 -0.0740939 3.31948 0 0 0 
-3.22108 -17.3868 18898.1 -12.2014 3.27308 226.949 69.5805 -13 -2 1 0 1 -0.0313534 -0.118168 2.2642 0 0 0 
-7.58229 -15.6719 18998 -7.69426 3.86033 227.137 69.9483 -13 -2 1 0 1 -0.0683845 -0.125153 0.797501 0 0 0 
-10.133 -14.4221 19098 -4.06097 1.51357 227.259 70.3162 -13 -2 1 0 1 -0.0887562 -0.11288 -0.803589 0 0 0 
-11.2257 -14.4547 19198 -0.899808 -1.61522 227.293 70.684 -13 -2 1 0 1 -0.0846875 -0.0919288 -2.28733 0 0 0 
-10.8924 -15.649 19298 2.41086 -3.43709 227.262 71.0519 -13 -2 1 0 1 -0.0549809 -0.0550748 -3.36883 0 0 0 
-9.23848 -17.0834 19397.9 4.76968 -2.65347 227.235 71.4197 -13 -2 1 0 1 -0.0142371 0.00537382 -3.78515 0 0 0 
-7.12142 -17.7424 19497.9 4.30788 -0.273434 227.259 71.7875 -13 -2 1 0 1 0.014611 0.0729885 -3.41649 0 0 0 
-5.8623 -17.417 19597.9 1.0824 1.5504 227.293 72.1554 -13 -2 1 0 1 0.0291942 0.119354 -2.37542 0 0 0 
-6.32652 -16.522 19697.9 -3.23933 2.46584 227.264 72.5232 -13 -2 1 0 1 0.0437916 0.135327 -0.925092 0 0 0 
-8.66607 -15.1484 19797.9 -7.24393 4.05527 227.149 72.8911 -13 -2 1 0 1 0.0645709 0.126109 0.654608 0 0 0 
-12.4424 -12.6138 19897.8 -9.45038 7.8844 226.967 73.2589 -13 -2 1 0 1 0.079393 0.0926695 2.1108 0 0 0 
-16.3927 -7.96606 19997.6 -7.6965 13.2558 226.783 73.6268 -13 -2 1 0 1 0.0609955 0.04355 3.15899 0 0 0 
-18.5521 -1.27856 20097.3 -1.60853 16.4121 226.701 73.9946 -13 -2 1 0 1 -0.00146412 0.0148698 3.53647 0 0 0 
-17.7499 5.70132 20197.1 4.85755 14.5046 226.785 74.3624 -13 -2 1 0 1 -0.0697281 0.0363811 3.1215 0 0 0 
-14.8953 11.0421 20296.9 7.28943 9.63789 226.979 74.7303 -13 -2 1 0 1 -0.100252 0.0863467 2.01885 0 0 0 
-11.9861 14.306 20396.8 5.36407 5.4963 227.171 75.0981 -13 -2 1 0 1 -0.0963363 0.12673 0.482266 0 0 0 
-10.5155 16.1151 20496.8 1.10278 2.8807 227.28 75.466 -13 -2 1 0 1 -0.0837696 0.14343 -1.21805 0 0 0 
-11.0667 16.8154 20596.7 -3.48361 0.100216 227.274 75.8338 -13 -2 1 0 1 -0.0737475 0.131849 -2.84068 0 0 0 
-13.2627 15.9581 20696.7 -5.88644 -4.23323 227.185 76.2016 -13 -2 1 0 1 -0.0554627 0.0880099 -4.11617 0 0 0 
-15.5582 13.0987 20796.6 -3.73721 -8.41741 227.114 76.5695 -13 -2 1 0 1 -0.013565 0.0297698 -4.80091 0 0 0 
-16.0379 9.13666 20896.6 1.77983 -8.74637 227.125 76.9373 -13 -2 1 0 1 0.0363751 -0.00747693 -4.8035 0 0 0 
-14.1362 6.07468 20996.5 6.41176 -4.64077 227.163 77.3052 -13 -2 1 0 1 0.0594745 -0.0169972 -4.2657 0 0 0 
-10.8673 5.25146 21096.4 7.95324 0.853854 227.16 77.673 -13 -2 1 0 1 0.0508124 -0.0189606 -3.46989 0 0 0 
-7.45573 6.64915 21196.4 7.33891 5.22095 227.122 78.0408 -13 -2 1 0 1 0.0310624 -0.0234878 -2.66948 0 0 0 
-5.77421 8.24205 21252.2 6.65648 6.91431 227.098 78.2463 -13 -2 1 0 1 0.0213456 -0.026572 -2.26997 0 0 0 

# Event -1 Track 1
-11.2945 14.0917 0 0.831616 -1.28515 227.295 0 -13 -1 1 0 1 0.0844236 -0.0883828 -2.26474 0 0 0 
-11.2894 14.0922 0.4995 0.846766 -1.27125 227.295 0.00183749 -13 -1 1 0 1 0.0844909 -0.0885386 -2.25815 0 0 0 
-11.2894 14.0922 0.5005 0.846796 -1.27123 227.295 0.00184117 -13 -1 1 0 1 0.084491 -0.0885389 -2.25814 0 0 0 
-10.2582 14.2044 100.494 3.85269 1.83021 227.26 0.369682 -13 -1 1 0 1 0.08944 -0.110549 -0.784152 0 0 0 
-7.8126 15.5963 200.452 7.44392 4.20228 227.139 0.737523 -13 -1 1 0 1 0.0701267 -0.124264 0.811963 0 0 0 
-3.54786 17.4796 300.342 12.0366 3.70191 226.951 1.10536 -13 -1 1 0 1 0.0335314 -0.118878 2.27869 0 0 0 
2.63997 18.1953 400.145 15.607 -1.16215 226.761 1.4732 -13 -1 1 0 1 0.00227105 -0.0757824 3.33917 0 0 0 
9.48549 16.0799 499.883 14.5456 -8.45085 226.677 1.84105 -13 -1 1 0 1 0.0131044 -0.00763426 3.73204 0 0 0 
14.7149 11.182 599.622 8.7472 -12.9735 226.761 2.20889 -13 -1 1 0 1 0.0677486 0.0351048 3.34064 0 0 0 
17.1657 5.46118 699.425 2.77525 -12.2544 226.952 2.57673 -13 -1 1 0 1 0.121357 0.0290524 2.28114 0 0 0 
17.6612 0.848009 799.315 0.0941059 -8.46929 227.142 2.94457 -13 -1 1 0 1 0.14466 -2.72317e-05 0.814631 0 0 0 
17.6932 -1.91777 899.275 0.390879 -4.10954 227.263 3.31241 -13 -1 1 0 1 0.142627 -0.0232399 -0.78588 0 0 0 
18.1325 -2.7882 999.269 1.55799 0.118187 227.295 3.68025 -13 -1 1 0 1 0.120965 -0.0292812 -2.25759 0 0 0 
18.8813 -1.89533 1099.26 1.53073 3.74002 227.264 4.04809 -13 -1 1 0 1 0.0732168 -0.0211535 -3.32586 0 0 0 
19.2152 0.1891 1199.24 -0.203984 5.23829 227.24 4.41593 -13 -1 1 0 1 0.000622825 -0.0151565 -3.72548 0 0 0 
18.7098 2.23984 1299.22 -1.88672 3.59609 227.264 4.78377 -13 -1 1 0 1 -0.0715084 -0.0223913 -3.33772 0 0 0 
17.8278 3.05344 1399.21 -1.80471 -0.0799318 227.293 5.15161 -13 -1 1 0 1 -0.118341 -0.0309762 -2.27848 0 0 0 
17.3018 2.10281 1499.2 -0.544456 -4.26216 227.259 5.51945 -13 -1 1 0 1 -0.139285 -0.0247082 -0.811382 0 0 0 
17.216 -0.708848 1599.16 -0.188239 -8.52019 227.14 5.88729 -13 -1 1 0 1 -0.141244 -0.00113588 0.788688 0 0 0 
16.6925 -5.32085 1699.05 -2.80526 -12.2033 226.955 6.25513 -13 -1 1 0 1 -0.11868 0.028286 2.25892 0 0 0 
14.2454 -11.0071 1798.85 -8.70125 -12.8818 226.768 6.62298 -13 -1 1 0 1 -0.0666497 0.0350041 3.32662 0 0 0 
9.04714 -15.871 1898.6 -14.4621 -8.39798 226.684 6.99082 -13 -1 1 0 1 -0.01364 -0.00668953 3.72887 0 0 0 
2.23341 -17.9773 1998.34 -15.5558 -1.17196 226.764 7.35866 -13 -1 1 0 1 -0.00395368 -0.0740659 3.34784 0 0 0 
-3.94571 -17.2767 2098.14 -12.0487 3.64502 226.951 7.7265 -13 -1 1 0 1 -0.0360509 -0.117087 2.29595 0 0 0 
-8.22844 -15.4293 2198.03 -7.51024 4.09166 227.139 8.09434 -13 -1 1 0 1 -0.0733316 -0.12286 0.833165 0 0 0 
-10.7098 -14.1046 2297.99 -3.94089 1.62862 227.26 8.46218 -13 -1 1 0 1 -0.0930982 -0.109973 -0.767246 0 0 0 
-11.7715 -14.1069 2397.98 -0.879843 -1.5908 227.293 8.83002 -13 -1 1 0 1 -0.0880109 -0.0891541 -2.24573 0 0 0 
-11.4485 -15.3107 2497.97 2.35196 -3.50592 227.261 9.19786 -13 -1 1 0 1 -0.0568118 -0.0531532 -3.32095 0 0 0 
-9.82544 -16.795 2597.95 4.70227 -2.80574 227.234 9.5657 -13 -1 1 0 1 -0.0139519 0.00618119 -3.72972 0 0 0 
-7.72718 -17.5279 2697.92 4.29574 -0.440702 227.259 9.93354 -13 -1 1 0 1 0.0171825 0.0731601 -3.35195 0 0 0 
-6.46022 -17.261 2797.91 1.12492 1.4671 227.293 10.3014 -13 -1 1 0 1 0.0333932 0.119498 -2.29978 0 0 0 
-6.90025 -16.3694 2897.91 -3.1756 2.54444 227.264 10.6692 -13 -1 1 0 1 0.0487084 0.135482 -0.835845 0 0 0 
-9.20476 -14.9145 2997.87 -7.13496 4.35488 227.146 11.0371 -13 -1 1 0 1 0.0695553 0.125825 0.764631 0 0 0 
-12.8972 -12.1945 3097.76 -9.13932 8.42123 226.96 11.4049 -13 -1 1 0 1 0.083778 0.091538 2.24202 0 0 0 
-16.6174 -7.28165 3197.57 -6.91731 13.8762 226.771 11.7727 -13 -1 1 0 1 0.0642261 0.042242 3.31687 0 0 0 
-18.2997 -0.373095 3297.31 -0.223824 16.7194 226.684 12.1406 -13 -1 1 0 1 0.00197128 0.0152018 3.72832 0 0 0 
-16.7877 6.60246 3397.05 6.64386 14.1489 226.762 12.5084 -13 -1 1 0 1 -0.0618176 0.0384953 3.35736 0 0 0 
-13.1149 11.6479 3496.85 9.19614 8.70692 226.947 12.8763 -13 -1 1 0 1 -0.0838701 0.0868399 2.31278 0 0 0 
-9.33904 14.4635 3596.74 7.43602 4.49842 227.134 13.2441 -13 -1 1 0 1 -0.0703897 0.121865 0.853553 0 0 0 
-6.86832 15.9593 3696.7 3.61682 2.6111 227.256 13.6119 -13 -1 1 0 1 -0.0488387 0.132825 -0.746827 0 0 0 
-6.21849 16.8946 3796.69 -0.631789 1.62896 227.293 13.9798 -13 -1 1 0 1 -0.0326588 0.11888 -2.22851 0 0 0 
-7.28684 17.2773 3896.68 -3.92199 -0.0731864 227.266 14.3476 -13 -1 1 0 1 -0.0170154 0.0753976 -3.31078 0 0 0 
-9.28335 16.7354 3996.66 -4.63219 -2.34298 227.241 14.7155 -13 -1 1 0 1 0.0118695 0.00985325 -3.72884 0 0 0 
-10.9433 15.4309 4096.64 -2.56543 -3.18473 227.263 15.0833 -13 -1 1 0 1 0.0529075 -0.0506608 -3.36133 0 0 0 
-11.3891 14.3173 4196.63 0.564411 -1.49713 227.294 15.4512 -13 -1 1 0 1 0.0843753 -0.0888668 -2.3166 0 0 0 
-11.3534 14.3175 4200.5 0.685031 -1.3915 227.295 15.4654 -13 -1 1 0 1 0.0849369 -0.0900749 -2.26573 0 0 0 
-11.3533 14.3175 4200.5 0.685062 -1.39147 227.295 15.4654 -13 -1 1 0 1 0.084937 -0.0900752 -2.26571 0 0 0 
-10.3766 14.3741 4300.49 3.76147 1.70725 227.263 15.8332 -13 -1 1 0 1 0.0903942 -0.111937 -0.791174 0 0 0 
-7.96242 15.7192 4400.45 7.38678 4.11635 227.143 16.2011 -13 -1 1 0 1 0.0713085 -0.125265 0.809184 0 0 0 
-3.71993 17.5752 4500.35 11.9906 3.66497 226.954 16.5689 -13 -1 1 0 1 0.0346567 -0.119536 2.27618 0 0 0 
2.44975 18.2856 4600.15 15.572 -1.15072 226.763 16.9368 -13 -1 1 0 1 0.00298672 -0.0761527 3.33683 0 0 0 
9.28424 16.1825 4699.89 14.5316 -8.41185 226.679 17.3046 -13 -1 1 0 1 0.0130921 -0.00765473 3.72979 0 0 0 
14.5115 11.3016 4799.63 8.74858 -12.941 226.763 17.6724 -13 -1 1 0 1 0.0669583 0.0355436 3.33845 0 0 0 
16.962 5.58881 4899.43 2.76817 -12.2528 226.953 18.0403 -13 -1 1 0 1 0.120001 0.0298767 2.27906 0 0 0 
17.4487 0.967388 4999.32 0.0594976 -8.50988 227.141 18.4081 -13 -1 1 0 1 0.142965 0.000903793 0.812709 0 0 0 
17.4597 -1.8276 5099.28 0.333337 -4.20427 227.261 18.776 -13 -1 1 0 1 0.140764 -0.0225355 -0.787605 0 0 0 
17.8749 -2.75403 5199.27 1.51432 -0.0421152 227.295 19.1438 -13 -1 1 0 1 0.119231 -0.0290545 -2.26266 0 0 0 
18.6178 -1.94351 5299.27 1.55673 3.53348 227.267 19.5116 -13 -1 1 0 1 0.0721661 -0.0213382 -3.33055 0 0 0 
18.9849 0.0515823 5399.25 -0.0798577 5.05209 227.244 19.8795 -13 -1 1 0 1 0.000581347 -0.0151634 -3.72986 0 0 0 
18.5492 2.03757 5499.23 -1.70547 3.49408 227.267 20.2473 -13 -1 1 0 1 -0.070929 -0.0216296 -3.34186 0 0 0 
17.7463 2.82607 5599.22 -1.63653 -0.0973636 227.294 20.6152 -13 -1 1 0 1 -0.117832 -0.0294915 -2.28243 0 0 0 
17.2839 1.87834 5699.21 -0.425714 -4.23986 227.26 20.983 -13 -1 1 0 1 -0.139166 -0.0229448 -0.815135 0 0 0 
17.2392 -0.922597 5799.17 -0.11881 -8.49865 227.141 21.3508 -13 -1 1 0 1 -0.141447 0.000548282 0.785131 0 0 0 
16.7364 -5.52865 5899.06 -2.77959 -12.1984 226.956 21.7187 -13 -1 1 0 1 -0.118967 0.0296548 2.25912 0 0 0 
14.2926 -11.2154 5998.87 -8.70961 -12.8865 226.767 22.0865 -13 -1 1 0 1 -0.0668283 0.0358045 3.32684 0 0 0 
9.08658 -16.0805 6098.61 -14.4844 -8.39654 226.683 22.4544 -13 -1 1 0 1 -0.0136384 -0.00668513 3.72905 0 0 0 
2.26535 -18.1837 6198.35 -15.5628 -1.16007 226.764 22.8222 -13 -1 1 0 1 -0.00383225 -0.0748521 3.34792 0 0 0 
-3.90916 -17.4771 6298.15 -12.0183 3.6586 226.953 23.1901 -13 -1 1 0 1 -0.0358135 -0.118404 2.29588 0 0 0 
-8.16853 -15.6241 6398.04 -7.43377 4.10493 227.141 23.5579 -13 -1 1 0 1 -0.072862 -0.124396 0.832992 0 0 0 
-10.606 -14.2905 6498 -3.81896 1.66126 227.262 23.9257 -13 -1 1 0 1 -0.0922793 -0.11144 -0.767468 0 0 0 
-11.607 -14.2673 6598 -0.7318 -1.50073 227.294 24.2936 -13 -1 1 0 1 -0.086921 -0.0902103 -2.24593 0 0 0 
-11.2225 -15.4132 6697.99 2.47191 -3.33271 227.262 24.6614 -13 -1 1 0 1 -0.0559272 -0.0535435 -3.32102 0 0 0 
-9.56532 -16.8077 6797.96 4.72947 -2.58133 227.236 25.0293 -13 -1 1 0 1 -0.0139243 0.00619046 -3.72961 0 0 0 
-7.4785 -17.4448 6897.94 4.22203 -0.242669 227.261 25.3971 -13 -1 1 0 1 0.0162542 0.0728559 -3.35169 0 0 0 
-6.25606 -17.1065 6997.93 1.00832 1.59165 227.292 25.7649 -13 -1 1 0 1 0.0320611 0.11849 -2.29946 0 0 0 
-6.74493 -16.1749 7097.92 -3.27322 2.60634 227.262 26.1328 -13 -1 1 0 1 0.0474858 0.13395 -0.835556 0 0 0 
-9.08222 -14.7011 7197.88 -7.18403 4.38287 227.144 26.5006 -13 -1 1 0 1 0.0685849 0.124136 0.764834 0 0 0 
-12.7847 -11.9736 7297.78 -9.13693 8.42739 226.96 26.8685 -13 -1 1 0 1 0.0830264 0.0900706 2.24211 0 0 0 
-16.4955 -7.06375 7397.58 -6.88211 13.8552 226.773 27.2363 -13 -1 1 0 1 0.0637392 0.041387 3.31684 0 0 0 
-18.1616 -0.170559 7497.33 -0.192209 16.6729 226.688 27.6041 -13 -1 1 0 1 0.00194452 0.0151796 3.7282 0 0 0 
-16.6426 6.78324 7597.07 6.64117 14.1023 226.765 27.972 -13 -1 1 0 1 -0.0612871 0.0391704 3.35718 0 0 0 
-12.98 11.814 7696.87 9.15314 8.69073 226.949 28.3398 -13 -1 1 0 1 -0.0829969 0.087925 2.31254 0 0 0 
-9.23108 14.6313 7796.76 7.35665 4.52155 227.136 28.7077 -13 -1 1 0 1 -0.069543 0.123187 0.853258 0 0 0 
-6.80416 16.1431 7896.72 3.49522 2.65533 227.258 29.0755 -13 -1 1 0 1 -0.0483316 0.134277 -0.747165 0 0 0 
-6.21883 17.095 7996.71 -0.803235 1.65093 227.293 29.4433 -13 -1 1 0 1 -0.0326592 0.120206 -2.22887 0 0 0 
-7.37025 17.4722 8096.7 -4.12028 -0.127732 227.263 29.8112 -13 -1 1 0 1 -0.0173392 0.0761557 -3.31109 0 0 0 
-9.4483 16.8849 8196.68 -4.7923 -2.49202 227.236 30.179 -13 -1 1 0 1 0.0118543 0.00986162 -3.72904 0 0 0 
-11.1597 15.5023 8296.65 -2.6354 -3.37845 227.26 30.5469 -13 -1 1 0 1 0.0537161 -0.0509359 -3.36136 0 0 0 
-11.6179 14.3068 8396.64 0.569906 -1.66704 227.293 30.9147 -13 -1 1 0 1 0.0858685 -0.0888048 -2.31647 0 0 0 
-11.582 14.3045 8400.5 0.69196 -1.56 227.294 30.9289 -13 -1 1 0 1 0.0864432 -0.0899914 -2.26579 0 0 0 
-11.582 14.3045 8400.5 0.691992 -1.55997 227.294 30.9289 -13 -1 1 0 1 0.0864434 -0.0899918 -2.26577 0 0 0 
-10.5959 14.2985 8500.49 3.78804 1.5923 227.263 31.2967 -13 -1 1 0 1 0.0921238 -0.111341 -0.791183 0 0 0 
-8.17391 15.6047 8600.45 7.39098 4.05313 227.144 31.6646 -13 -1 1 0 1 0.0729745 -0.124362 0.809187 0 0 0 
-3.93731 17.4438 8700.35 11.9603 3.65192 226.956 32.0324 -13 -1 1 0 1 0.0360832 -0.118671 2.27615 0 0 0 
2.21446 18.1599 8800.15 15.5263 -1.11244 226.767 32.4003 -13 -1 1 0 1 0.0038843 -0.0756695 3.33673 0 0 0 
9.03214 16.082 8899.89 14.5064 -8.34104 226.683 32.7681 -13 -1 1 0 1 0.0130941 -0.00765196 3.72961 0 0 0 
14.2567 11.2315 8999.63 8.76117 -12.8816 226.766 33.1359 -13 -1 1 0 1 0.0659876 0.0352765 3.33823 0 0 0 
16.7188 5.53493 9099.44 2.80503 -12.2426 226.953 33.5038 -13 -1 1 0 1 0.118403 0.0295222 2.27887 0 0 0 
17.224 0.904777 9199.33 0.105797 -8.55966 227.139 33.8716 -13 -1 1 0 1 0.141191 0.000410166 0.812596 0 0 0 
17.2587 -1.92396 9299.29 0.399062 -4.30504 227.259 34.2395 -13 -1 1 0 1 0.139176 -0.0232952 -0.787642 0 0 0 
17.7127 -2.90112 9399.28 1.63043 -0.164773 227.294 34.6073 -13 -1 1 0 1 0.118158 -0.0300225 -2.26264 0 0 0 
18.5219 -2.13922 9499.27 1.74113 3.44648 227.267 34.9751 -13 -1 1 0 1 0.0717941 -0.02209 -3.33052 0 0 0 
18.9796 -0.163162 9599.25 0.1369 5.05885 227.244 35.343 -13 -1 1 0 1 0.000578576 -0.0151699 -3.72986 0 0 0 
18.6332 1.84772 9699.23 -1.52686 3.59408 227.267 35.7108 -13 -1 1 0 1 -0.0712507 -0.02091 -3.34189 0 0 0 
17.8932 2.69046 9799.22 -1.52962 0.0380639 227.295 36.0787 -13 -1 1 0 1 -0.118799 -0.028603 -2.28245 0 0 0 
17.4654 1.79945 9899.22 -0.369063 -4.12407 227.262 36.4465 -13 -1 1 0 1 -0.140599 -0.0223237 -0.815099 0 0 0 
17.4413 -0.960072 9999.18 -0.0767165 -8.4287 227.144 36.8143 -13 -1 1 0 1 -0.143044 0.000844265 0.785241 0 0 0 
16.9573 -5.54736 10099.1 -2.73573 -12.1838 226.957 37.1822 -13 -1 1 0 1 -0.120426 0.0297789 2.2593 0 0 0 
14.5317 -11.2396 10198.9 -8.67448 -12.9238 226.767 37.55 -13 -1 1 0 1 -0.0677503 0.0358974 3.32703 0 0 0 
9.33554 -16.128 10298.6 -14.4766 -8.4587 226.681 37.9179 -13 -1 1 0 1 -0.0136505 -0.00668616 3.7292 0 0 0 
2.5119 -18.2563 10398.4 -15.5784 -1.20535 226.763 38.2857 -13 -1 1 0 1 -0.00290418 -0.0751299 3.34796 0 0 0 
-3.66985 -17.5604 10498.2 -12.0309 3.65777 226.952 38.6535 -13 -1 1 0 1 -0.0342503 -0.118951 2.29584 0 0 0 
-7.9302 -15.6964 10598 -7.42452 4.15699 227.141 39.0214 -13 -1 1 0 1 -0.0709869 -0.124964 0.832915 0 0 0 
-10.3599 -14.3273 10698 -3.79692 1.77129 227.262 39.3892 -13 -1 1 0 1 -0.0903352 -0.111728 -0.76752 0 0 0 
-11.3552 -14.2426 10798 -0.736977 -1.33331 227.295 39.7571 -13 -1 1 0 1 -0.0852535 -0.090043 -2.24591 0 0 0 
-10.9888 -15.3076 10898 2.38784 -3.14182 227.266 40.1249 -13 -1 1 0 1 -0.0550144 -0.0531271 -3.32089 0 0 0 
-9.38933 -16.6261 10998 4.55547 -2.43969 227.241 40.4928 -13 -1 1 0 1 -0.0139066 0.0062103 -3.72939 0 0 0 
-7.38915 -17.2223 11097.9 4.01528 -0.20132 227.265 40.8606 -13 -1 1 0 1 0.0159208 0.0720242 -3.35142 0 0 0 
-6.25163 -16.8853 11197.9 0.837122 1.55281 227.293 41.2284 -13 -1 1 0 1 0.0320324 0.117046 -2.29923 0 0 0 
-6.80313 -15.9781 11297.9 -3.38714 2.54331 227.261 41.5963 -13 -1 1 0 1 0.0479432 0.1324 -0.835366 0 0 0 
-9.18007 -14.5291 11397.9 -7.25328 4.3378 227.143 41.9641 -13 -1 1 0 1 0.0693561 0.122777 0.764977 0 0 0 
-12.9058 -11.8141 11497.8 -9.17477 8.41688 226.959 42.332 -13 -1 1 0 1 0.083825 0.0890132 2.24223 0 0 0 
-16.6271 -6.90189 11597.6 -6.89174 13.8736 226.772 42.6998 -13 -1 1 0 1 0.0642482 0.040754 3.31695 0 0 0 
-18.2921 0.00182531 11697.3 -0.180054 16.698 226.686 43.0676 -13 -1 1 0 1 0.00195258 0.0151612 3.72832 0 0 0 
-16.7668 6.96411 11797.1 6.65282 14.1134 226.764 43.4355 -13 -1 1 0 1 -0.0617557 0.0398457 3.35726 0 0 0 
-13.1043 11.9954 11896.9 9.137 8.68215 226.951 43.8033 -13 -1 1 0 1 -0.0838112 0.0891102 2.31254 0 0 0 
-9.37166 14.8044 11996.8 7.29777 4.49136 227.139 44.1712 -13 -1 1 0 1 -0.0706505 0.124552 0.853156 0 0 0 
-6.97979 16.2956 12096.7 3.39719 2.58753 227.26 44.539 -13 -1 1 0 1 -0.0497202 0.135484 -0.747347 0 0 0 
-6.44131 17.2043 12196.7 -0.910381 1.51793 227.293 44.9068 -13 -1 1 0 1 -0.0341353 0.120931 -2.22909 0 0 0 
-7.63108 17.5066 12296.7 -4.1759 -0.331697 227.262 45.2747 -13 -1 1 0 1 -0.0183627 0.0762869 -3.31128 0 0 0 
-9.71162 16.8226 12396.7 -4.74374 -2.71479 227.235 45.6425 -13 -1 1 0 1 0.0118228 0.00984687 -3.72912 0 0 0 
-11.3802 15.3526 12496.7 -2.49871 -3.54212 227.259 46.0104 -13 -1 1 0 1 0.0545364 -0.0503862 -3.3613 0 0 0 
-11.7717 14.1044 12596.7 0.724778 -1.74413 227.292 46.3782 -13 -1 1 0 1 0.0868693 -0.0874901 -2.31632 0 0 0 
-11.7334 14.1014 12600.5 0.845926 -1.63436 227.293 46.3924 -13 -1 1 0 1 0.0874391 -0.0886537 -2.26575 0 0 0 
-11.7334 14.1014 12600.5 0.845957 -1.63433 227.293 46.3924 -13 -1 1 0 1 0.0874392 -0.088654 -2.26573 0 0 0 
-10.6867 14.0764 12700.5 3.90433 1.57289 227.261 46.7602 -13 -1 1 0 1 0.0928385 -0.109588 -0.791167 0 0 0 
-8.22524 15.3788 12800.5 7.4537 4.05106 227.142 47.128 -13 -1 1 0 1 0.0733775 -0.122579 0.809145 0 0 0 
-3.97238 17.2176 12900.3 11.9731 3.65223 226.955 47.4959 -13 -1 1 0 1 0.0363126 -0.117182 2.27603 0 0 0 
2.17658 17.9353 13000.1 15.5046 -1.10346 226.768 47.8637 -13 -1 1 0 1 0.00402885 -0.0748107 3.33654 0 0 0 
8.98236 15.8649 13099.9 14.4798 -8.31637 226.686 48.2316 -13 -1 1 0 1 0.0130938 -0.0076514 3.72942 0 0 0 
14.2 11.0269 13199.6 8.76057 -12.8524 226.767 48.5994 -13 -1 1 0 1 0.0657697 0.0344965 3.3381 0 0 0 
16.6706 5.34046 13299.4 2.8449 -12.2286 226.953 48.9672 -13 -1 1 0 1 0.118084 0.0282458 2.27882 0 0 0 
17.2028 0.711801 13399.3 0.189135 -8.56561 227.139 49.3351 -13 -1 1 0 1 0.141024 -0.0011098 0.812587 0 0 0 
17.2843 -2.12061 13499.3 0.528999 -4.31022 227.259 49.7029 -13 -1 1 0 1 0.139378 -0.024846 -0.78765 0 0 0 
17.805 -3.09218 13599.3 1.80016 -0.125851 227.293 50.0708 -13 -1 1 0 1 0.118769 -0.0312811 -2.26269 0 0 0 
18.6906 -2.29525 13699.3 1.90846 3.571 227.264 50.4386 -13 -1 1 0 1 0.0724463 -0.0226903 -3.33065 0 0 0 
19.2086 -0.245967 13799.2 0.232884 5.25951 227.239 50.8065 -13 -1 1 0 1 0.000587881 -0.0151728 -3.73007 0 0 0 
18.8818 1.85774 13899.2 -1.53241 3.80211 227.263 51.1743 -13 -1 1 0 1 -0.0721939 -0.0209484 -3.34212 0 0 0 
18.1236 2.78157 13999.2 -1.59645 0.192884 227.295 51.5421 -13 -1 1 0 1 -0.120311 -0.0292009 -2.28264 0 0 0 
17.6645 1.9446 14099.2 -0.435645 -4.03121 227.264 51.91 -13 -1 1 0 1 -0.14217 -0.0234671 -0.815217 0 0 0 
17.6186 -0.784665 14199.2 -0.105401 -8.38143 227.146 52.2778 -13 -1 1 0 1 -0.144446 -0.000538773 0.785186 0 0 0 
17.1322 -5.35953 14299.1 -2.71899 -12.1747 226.958 52.6457 -13 -1 1 0 1 -0.121582 0.0285423 2.25929 0 0 0 
14.7207 -11.0568 14398.9 -8.63265 -12.956 226.767 53.0135 -13 -1 1 0 1 -0.068482 0.0351942 3.32703 0 0 0 
9.54151 -15.9669 14498.6 -14.4477 -8.52087 226.681 53.3813 -13 -1 1 0 1 -0.0136637 -0.00669227 3.72917 0 0 0 
2.72259 -18.1227 14598.3 -15.5874 -1.26091 226.762 53.7492 -13 -1 1 0 1 -0.00211225 -0.0746227 3.34792 0 0 0 
-3.47105 -17.4429 14698.2 -12.0738 3.64436 226.95 54.117 -13 -1 1 0 1 -0.0329505 -0.118178 2.29584 0 0 0 
-7.75571 -15.573 14798 -7.49169 4.19588 227.138 54.4849 -13 -1 1 0 1 -0.0696124 -0.12399 0.832992 0 0 0 
-10.2215 -14.1776 14898 -3.89692 1.84782 227.259 54.8527 -13 -1 1 0 1 -0.0892412 -0.110544 -0.767371 0 0 0 
-11.2719 -14.0576 14998 -0.890096 -1.25769 227.295 55.2205 -13 -1 1 0 1 -0.0847017 -0.0888192 -2.24571 0 0 0 
-10.9849 -15.1003 15098 2.18473 -3.1263 227.268 55.5884 -13 -1 1 0 1 -0.0550001 -0.0523233 -3.3207 0 0 0 
-9.47659 -16.4336 15198 4.35619 -2.52411 227.245 55.9562 -13 -1 1 0 1 -0.013916 0.00622166 -3.72927 0 0 0 
-7.55065 -17.0852 15297.9 3.88453 -0.35848 227.267 56.3241 -13 -1 1 0 1 0.0165242 0.0715061 -3.35142 0 0 0 
-6.45261 -16.8208 15397.9 0.784389 1.39 227.295 56.6919 -13 -1 1 0 1 0.0333441 0.116624 -2.29929 0 0 0 
-7.01723 -15.9776 15497.9 -3.4022 2.4195 227.262 57.0597 -13 -1 1 0 1 0.0496279 0.132398 -0.835447 0 0 0 
-9.40077 -14.5723 15597.9 -7.27373 4.26326 227.144 57.4276 -13 -1 1 0 1 0.0710948 0.123104 0.761016 0 0 0 
-13.1406 -11.8788 15697.8 -9.21933 8.39461 226.958 57.7954 -13 -1 1 0 1 0.0853734 0.0894298 2.23815 0 0 0 
-16.8854 -6.96426 15797.6 -6.95005 13.906 226.768 58.1633 -13 -1 1 0 1 0.065248 0.0409896 3.31277 0 0 0 
-18.574 -0.0366035 15897.3 -0.224525 16.7696 226.681 58.5311 -13 -1 1 0 1 0.00197016 0.0151629 3.72398 0 0 0 
-17.0622 6.95884 15997.1 6.63575 14.1851 226.76 58.8989 -13 -1 1 0 1 -0.0628701 0.0398322 3.35269 0 0 0 
-13.4036 12.0144 16096.9 9.13238 8.71547 226.95 59.2668 -13 -1 1 0 1 -0.085774 0.0892485 2.30766 0 0 0 
-9.67421 14.8255 16196.8 7.2855 4.46564 227.14 59.6346 -13 -1 1 0 1 -0.0730389 0.124739 0.847932 0 0 0 
-7.28907 16.2898 16296.7 3.38227 2.49004 227.262 60.0025 -13 -1 1 0 1 -0.0521639 0.135444 -0.749017 0 0 0 
-6.75156 17.1399 16396.7 -0.891294 1.35196 227.295 60.3703 -13 -1 1 0 1 -0.0361944 0.120512 -2.23093 0 0 0 
-7.91576 17.3609 16496.7 -4.07184 -0.524624 227.263 60.7381 -13 -1 1 0 1 -0.0194837 0.0757222 -3.31328 0 0 0 
-9.929 16.6008 16596.7 -4.54723 -2.85287 227.237 61.106 -13 -1 1 0 1 0.0117896 0.00982598 -3.73127 0 0 0 
-11.5019 15.0938 16696.7 -2.27468 -3.56951 227.261 61.4738 -13 -1 1 0 1 0.0549805 -0.0494194 -3.36364 0 0 0 
-11.8032 13.8552 16796.6 0.902084 -1.68229 227.292 61.8417 -13 -1 1 0 1 0.0870667 -0.0858613 -2.31891 0 0 0 
-11.7625 13.8536 16800.5 1.02082 -1.57008 227.293 61.8558 -13 -1 1 0 1 0.0876239 -0.0870166 -2.26827 0 0 0 
-11.7625 13.8536 16800.5 1.02085 -1.57005 227.293 61.8559 -13 -1 1 0 1 0.087624 -0.0870169 -2.26826 0 0 0 
-10.6539 13.8653 16900.5 4.0116 1.66668 227.259 62.2237 -13 -1 1 0 1 0.0925607 -0.107905 -0.797711 0 0 0 
-8.15704 15.2082 17000.5 7.51193 4.13767 227.139 62.5915 -13 -1 1 0 1 0.0728255 -0.121212 0.802092 0 0 0 
-3.88449 17.0813 17100.3 12.0085 3.72178 226.952 62.9594 -13 -1 1 0 1 0.0357311 -0.116259 2.26845 0 0 0 
2.27946 17.8265 17200.1 15.5412 -1.04718 226.766 63.3272 -13 -1 1 0 1 0.00364824 -0.0743655 3.32846 0 0 0 
9.1056 15.7785 17299.9 14.5389 -8.27085 226.684 63.6951 -13 -1 1 0 1 0.0131245 -0.00762538 3.72086 0 0 0 
14.3568 10.9578 17399.6 8.85481 -12.8194 226.766 64.0629 -13 -1 1 0 1 0.0664177 0.0342488 3.32904 0 0 0 
16.8769 5.28427 17499.4 2.97573 -12.1999 226.953 64.4307 -13 -1 1 0 1 0.119507 0.0278767 2.26915 0 0 0 
17.474 0.672525 17599.3 0.352278 -8.5104 227.141 64.7986 -13 -1 1 0 1 0.143241 -0.00143721 0.80213 0 0 0 
17.631 -2.12083 17699.3 0.703224 -4.17881 227.261 65.1664 -13 -1 1 0 1 0.142183 -0.0248755 -0.795114 0 0 0 
18.2213 -3.00916 17799.3 1.92892 0.125137 227.292 65.5343 -13 -1 1 0 1 0.121595 -0.0307689 -2.27102 0 0 0 
19.1363 -2.07755 17899.3 1.89728 3.91994 227.259 65.9021 -13 -1 1 0 1 0.0742572 -0.0218872 -3.33995 0 0 0 
19.6075 0.126148 17999.2 0.0336367 5.5877 227.232 66.2699 -13 -1 1 0 1 0.000708376 -0.0151866 -3.74035 0 0 0 
19.1647 2.34572 18099.2 -1.83759 3.98856 227.258 66.6378 -13 -1 1 0 1 -0.0731512 -0.0228133 -3.35341 0 0 0 
18.2755 3.31746 18199.2 -1.86509 0.233839 227.293 67.0056 -13 -1 1 0 1 -0.121185 -0.0327228 -2.29502 0 0 0 
17.7232 2.48088 18299.2 -0.583524 -4.05626 227.263 67.3735 -13 -1 1 0 1 -0.142498 -0.027705 -0.828882 0 0 0 
17.6435 -0.261925 18399.2 -0.111116 -8.41349 227.145 67.7413 -13 -1 1 0 1 -0.144472 -0.00469337 0.766092 0 0 0 
17.185 -4.85341 18499 -2.58989 -12.2267 226.957 68.1091 -13 -1 1 0 1 -0.121742 0.025126 2.23824 0 0 0 
14.852 -10.5907 18598.9 -8.41862 -13.0995 226.766 68.477 -13 -1 1 0 1 -0.0688043 0.0332406 3.30378 0 0 0 
9.7649 -15.5948 18698.6 -14.2666 -8.80566 226.681 68.8448 -13 -1 1 0 1 -0.0135333 -0.00695303 3.70346 0 0 0 
2.99551 -17.8994 18798.3 -15.5556 -1.63667 226.762 69.2127 -13 -1 1 0 1 -0.001022 -0.0740939 3.31948 0 0 0 
-3.22108 -17.3868 18898.1 -12.2014 3.27308 226.949 69.5805 -13 -1 1 0 1 -0.0313534 -0.118168 2.2642 0 0 0 
-7.58229 -15.6719 18998 -7.69426 3.86033 227.137 69.9483 -13 -1 1 0 1 -0.0683845 -0.125153 0.797501 0 0 0 
-10.133 -14.4221 19098 -4.06097 1.51357 227.259 70.3162 -13 -1 1 0 1 -0.0887562 -0.11288 -0.803589 0 0 0 
-11.2257 -14.4547 19198 -0.899808 -1.61522 227.293 70.684 -13 -1 1 0 1 -0.0846875 -0.0919288 -2.28733 0 0 0 
-10.8924 -15.649 19298 2.41086 -3.43709 227.262 71.0519 -13 -1 1 0 1 -0.0549809 -0.0550748 -3.36883 0 0 0 
-9.23848 -17.0834 19397.9 4.76968 -2.65347 227.235 71.4197 -13 -1 1 0 1 -0.0142371 0.00537382 -3.78515 0 0 0 
-7.12142 -17.7424 19497.9 4.30788 -0.273434 227.259 71.7875 -13 -1 1 0 1 0.014611 0.0729885 -3.41649 0 0 0 
-5.8623 -17.417 19597.9 1.0824 1.5504 227.293 72.1554 -13 -1 1 0 1 0.0291942 0.119354 -2.37542 0 0 0 
-6.32652 -16.522 19697.9 -3.23933 2.46584 227.264 72.5232 -13 -1 1 0 1 0.0437916 0.135327 -0.925092 0 0 0 
-8.66607 -15.1484 19797.9 -7.24393 4.05527 227.149 72.8911 -13 -1 1 0 1 0.0645709 0.126109 0.654608 0 0 0 
-12.4424 -12.6138 19897.8 -9.45038 7.8844 226.967 73.2589 -13 -1 1 0 1 0.079393 0.0926695 2.1108 0 0 0 
-16.3927 -7.96606 19997.6 -7.6965 13.2558 226.783 73.6268 -13 -1 1 0 1 0.0609955 0.04355 3.15899 0 0 0 
-18.5521 -1.27856 20097.3 -1.60853 16.4121 226.701 73.9946 -13 -1 1 0 1 -0.00146412 0.0148698 3.53647 0 0 0 
-17.7499 5.70132 20197.1 4.85755 14.5046 226.785 74.3624 -13 -1 1 0 1 -0.0697281 0.0363811 3.1215 0 0 0 
-14.8953 11.0421 20296.9 7.28943 9.63789 226.979 74.7303 -13 -1 1 0 1 -0.100252 0.0863467 2.01885 0 0 0 
-11.9861 14.306 20396.8 5.36407 5.4963 227.171 75.0981 -13 -1 1 0 1 -0.0963363 0.12673 0.482266 0 0 0 
-10.5155 16.1151 20496.8 1.10278 2.8807 227.28 75.466 -13 -1 1 0 1 -0.0837696 0.14343 -1.21805 0 0 0 
-11.0667 16.8154 20596.7 -3.48361 0.100216 227.274 75.8338 -13 -1 1 0 1 -0.0737475 0.131849 -2.84068 0 0 0 
-13.2627 15.9581 20696.7 -5.88644 -4.23323 227.185 76.2016 -13 -1 1 0 1 -0.0554627 0.0880099 -4.11617 0 0 0 
-15.5582 13.0987 20796.6 -3.73721 -8.41741 227.114 76.5695 -13 -1 1 0 1 -0.013565 0.0297698 -4.80091 0 0 0 
-16.0379 9.13666 20896.6 1.77983 -8.74637 227.125 76.9373 -13 -1 1 0 1 0.0363751 -0.00747693 -4.8035 0 0 0 
-14.1362 6.07468 20996.5 6.41176 -4.64077 227.163 77.3052 -13 -1 1 0 1 0.0594745 -0.0169972 -4.2657 0 0 0 
-10.8673 5.25146 21096.4 7.95324 0.853854 227.16 77.673 -13 -1 1 0 1 0.0508124 -0.0189606 -3.46989 0 0 0 
-7.45573 6.64915 21196.4 7.33891 5.22095 227.122 78.0408 -13 -1 1 0 1 0.0310624 -0.0234878 -2.66948 0 0 0 
-5.77421 8.24205 21252.2 6.65648 6.91431 227.098 78.2463 -13 -1 1 0 1 0.0213456 -0.026572 -2.26997 0 0 0 

# Event 1 Track 1
-21.4115 13.9846 0 -40.2575 -10.8726 223.442 0.0870076 -13 1 1 0 1 0.151005 -0.0877636 -2.26809 0 0 0 
-21.4954 13.9568 0.4995 -40.2278 -10.911 223.446 0.0888735 -13 1 1 0 1 0.151759 -0.0877321 -2.26152 0 0 0 
-21.4955 13.9567 0.5005 -40.2278 -10.9111 223.446 0.0888773 -13 1 1 0 1 0.15176 -0.087732 -2.26151 0 0 0 
-38.015 8.46712 98.9713 -35.3352 -11.8951 224.221 0.456718 -13 1 1 0 1 0.308538 -0.0653553 -0.815542 0 0 0 
-53.098 5.24523 197.764 -33.595 -0.939997 224.802 0.824559 -13 1 1 0 1 0.429683 -0.0429465 0.777 0 0 0 
-67.3355 8.99967 296.64 -30.0508 19.1193 224.492 1.1924 -13 1 1 0 1 0.462431 -0.0645349 2.27132 0 0 0 
-77.9273 22.2763 395.133 -15.8303 40.2712 223.143 1.56024 -13 1 1 0 1 0.330485 -0.0973497 3.40513 0 0 0 
-79.6513 42.3795 493.02 8.71238 47.688 222.07 1.92808 -13 1 1 0 1 0.0369375 -0.0202026 3.88698 0 0 0 
-71.1201 61.131 590.83 27.5147 34.7236 222.941 2.29592 -13 1 1 0 1 -0.244883 0.213339 3.55891 0 0 0 
-58.3274 71.7082 689.403 27.3851 13.4091 225.246 2.66376 -13 1 1 0 1 -0.370239 0.459597 2.50384 0 0 0 
-49.1641 73.7134 788.922 12.8641 -3.11527 226.914 3.0316 -13 1 1 0 1 -0.384044 0.577958 1.00795 0 0 0 
-47.3953 69.687 888.79 -4.41523 -14.9397 226.766 3.39944 -13 1 1 0 1 -0.378561 0.553578 -0.636557 0 0 0 
-52.036 60.3237 988.219 -14.7974 -28.1879 225.06 3.76729 -13 1 1 0 1 -0.358365 0.406767 -2.16657 0 0 0 
-58.1982 44.6515 1086.77 -10.2932 -42.5885 223.037 4.13513 -13 1 1 0 1 -0.251763 0.180032 -3.30689 0 0 0 
-58.7695 24.2529 1184.63 9.47784 -47.5083 222.078 4.50297 -13 1 1 0 1 -0.0368024 -3.24609e-05 -3.79014 0 0 0 
-49.5699 5.46201 1282.36 31.2168 -35.2988 222.362 4.87081 -13 1 1 0 1 0.159374 -0.0319427 -3.49384 0 0 0 
-33.0428 -5.52389 1380.33 41.7014 -14.5274 222.969 5.23865 -13 1 1 0 1 0.202277 0.0224634 -2.52812 0 0 0 
-14.3797 -8.19229 1478.52 42.1654 0.644381 223.354 5.60649 -13 1 1 0 1 0.108264 0.0545457 -1.13407 0 0 0 
3.7827 -6.76425 1576.84 40.5145 3.69992 223.63 5.97433 -13 1 1 0 1 -0.0350803 0.0471247 0.434272 0 0 0 
21.3486 -6.76029 1675.28 39.1155 -5.57972 223.84 6.34217 -13 1 1 0 1 -0.158061 0.0408933 1.93656 0 0 0 
37.4698 -12.9566 1773.75 32.7207 -23.3425 223.718 6.71001 -13 1 1 0 1 -0.187005 0.0535448 3.13038 0 0 0 
48.6299 -27.0105 1872.08 16.503 -39.0516 223.311 7.07785 -13 1 1 0 1 -0.068216 0.0229385 3.75225 0 0 0 
51.5047 -45.2806 1970.32 -2.72507 -41.3937 223.483 7.44569 -13 1 1 0 1 0.131582 -0.133971 3.61366 0 0 0 
47.8728 -61.6158 2068.9 -11.1709 -31.7014 224.801 7.81353 -13 1 1 0 1 0.275198 -0.373255 2.73181 0 0 0 
44.0013 -72.9276 2168.17 -4.12369 -20.0185 226.379 8.18137 -13 1 1 0 1 0.331551 -0.566464 1.33146 0 0 0 
45.7451 -79.4664 2267.9 13.1082 -9.59283 226.719 8.54921 -13 1 1 0 1 0.36432 -0.646581 -0.298618 0 0 0 
55.8056 -80.6771 2367.34 32.0362 5.52336 224.963 8.91706 -13 1 1 0 1 0.399355 -0.58767 -1.89768 0 0 0 
72.3808 -73.1556 2465.61 40.3025 29.985 221.68 9.2849 -13 1 1 0 1 0.357343 -0.367207 -3.1924 0 0 0 
87.8754 -54.2774 2562.52 26.1268 54.086 219.22 9.65274 -13 1 1 0 1 0.123268 -0.0769025 -3.87996 0 0 0 
92.8736 -28.5752 2658.95 -4.37086 58.3363 219.643 10.0206 -13 1 1 0 1 -0.237942 0.0770292 -3.76536 0 0 0 
84.9585 -6.46362 2756.07 -29.0618 39.4197 221.961 10.3884 -13 1 1 0 1 -0.491504 0.0436806 -2.89725 0 0 0 
69.8102 5.1569 2854.16 -37.355 13.8142 223.784 10.7563 -13 1 1 0 1 -0.532992 -0.0323386 -1.53412 0 0 0 
53.4077 6.82821 2952.77 -36.6895 -4.42339 224.276 11.1241 -13 1 1 0 1 -0.435367 -0.0479321 0.0462145 0 0 0 
37.3687 2.97751 3051.4 -36.8099 -11.0506 224.027 11.4919 -13 1 1 0 1 -0.278747 -0.0125951 1.59873 0 0 0 
20.5763 -1.07036 3149.89 -39.6447 -5.30016 223.753 11.8598 -13 1 1 0 1 -0.111683 0.0182677 2.87403 0 0 0 
2.97474 -0.152612 3248.3 -39.1551 10.6207 223.65 12.2276 -13 1 1 0 1 -0.00639256 0.0151064 3.61469 0 0 0 
-12.5637 8.44732 3346.68 -30.1523 27.6739 223.585 12.5955 -13 1 1 0 1 -0.023079 0.0305602 3.63863 0 0 0 
-23.0531 22.8973 3445.05 -17.9169 36.2516 223.674 12.9633 -13 1 1 0 1 -0.119952 0.132751 2.93501 0 0 0 
-29.422 38.9964 3543.54 -12.8865 35.7955 224.094 13.3311 -13 1 1 0 1 -0.214224 0.296254 1.67786 0 0 0 
-36.1812 53.6536 3642.22 -19.8144 30.0689 224.43 13.699 -13 1 1 0 1 -0.288834 0.441407 0.125251 0 0 0 
-48.2491 64.5077 3740.86 -35.9997 17.705 223.732 14.0668 -13 1 1 0 1 -0.36096 0.498081 -1.47098 0 0 0 
-67.7533 67.4387 3838.83 -51.1876 -6.59208 221.363 14.4347 -13 1 1 0 1 -0.385211 0.400468 -2.86687 0 0 0 
-90.6905 57.3727 3935.55 -48.9867 -39.2729 218.457 14.8025 -13 1 1 0 1 -0.227587 0.159826 -3.77865 0 0 0 
-107.29 34.6234 4031.41 -23.5056 -60.2032 217.919 15.1703 -13 1 1 0 1 0.156125 -0.0384536 -3.94088 0 0 0 
-110.662 8.60847 4127.82 6.76234 -53.505 220.81 15.5382 -13 1 1 0 1 0.557572 -0.0364277 -3.28178 0 0 0 
-106.086 -6.09713 4200.5 19.4037 -35.4146 223.684 15.8116 -13 1 1 0 1 0.730079 0.0455812 -2.37311 0 0 0 
-106.086 -6.09722 4200.5 19.4038 -35.4143 223.684 15.8116 -13 1 1 0 1 0.730081 0.045582 -2.3731 0 0 0 
-96.5728 -15.5566 4299.53 21.7211 -7.93713 226.121 16.1794 -13 1 1 0 1 0.783159 0.126241 -0.837096 0 0 0 
-87.802 -13.8323 4399.09 18.3654 14.6897 226.08 16.5473 -13 1 1 0 1 0.71116 0.109318 0.806809 0 0 0 
-79.4377 -3.74427 4498.21 21.3711 29.5795 224.352 16.9151 -13 1 1 0 1 0.543865 0.0210121 2.30685 0 0 0 
-67.4947 10.2856 4596.48 34.133 31.4255 222.515 17.2829 -13 1 1 0 1 0.282758 -0.0476258 3.38135 0 0 0 
-49.3338 21.2733 4694.17 47.2132 15.8305 221.779 17.6508 -13 1 1 0 1 0.0251209 -0.0127271 3.77867 0 0 0 
-27.8317 22.804 4791.76 48.0617 -9.09199 221.975 18.0186 -13 1 1 0 1 -0.0867596 0.0733505 3.41471 0 0 0 
-8.69838 14.1615 4889.49 38.0455 -28.3659 222.291 18.3865 -13 1 1 0 1 -0.0461442 0.0830478 2.40803 0 0 0 
5.86762 -0.404954 4987.34 29.3618 -36.0027 222.502 18.7543 -13 1 1 0 1 0.0515855 -0.00981484 0.999891 0 0 0 
18.6193 -16.0941 5085.27 30.4616 -33.8234 222.696 19.1222 -13 1 1 0 1 0.151662 -0.136008 -0.565997 0 0 0 
34.0432 -28.7253 5183.24 40.6011 -21.7146 222.588 19.49 -13 1 1 0 1 0.237198 -0.209111 -2.06046 0 0 0 
54.2444 -33.4381 5281.01 49.8727 2.07956 221.752 19.8578 -13 1 1 0 1 0.245307 -0.164235 -3.23825 0 0 0 
75.7583 -26.1715 5378.33 44.8422 30.3297 220.76 20.2257 -13 1 1 0 1 0.0678589 -0.0387069 -3.83279 0 0 0 
91.4187 -8.73608 5475.49 24.9845 45.4107 221.312 20.5935 -13 1 1 0 1 -0.278706 0.0119549 -3.65401 0 0 0 
98.0363 10.4959 5573.37 6.91285 38.7737 223.862 20.9614 -13 1 1 0 1 -0.604501 -0.0764158 -2.72231 0 0 0 
99.6456 23.4369 5672.48 2.81385 18.8304 226.502 21.3292 -13 1 1 0 1 -0.782354 -0.19207 -1.2813 0 0 0 
101.979 26.4738 5772.36 8.4457 -5.44635 227.078 21.697 -13 1 1 0 1 -0.837402 -0.222911 0.371061 0 0 0 
106.592 18.3392 5871.86 10.7617 -31.6643 224.827 22.0649 -13 1 1 0 1 -0.78497 -0.140227 1.9741 0 0 0 
109.065 -0.835064 5969.92 -2.72059 -53.68 220.854 22.4327 -13 1 1 0 1 -0.55587 -0.0031277 3.25093 0 0 0 
101.907 -25.9933 6066.36 -31.0014 -56.2113 218.047 22.8006 -13 1 1 0 1 -0.157091 0.0288631 3.89763 0 0 0 
82.6253 -46.3431 6162.26 -53.7253 -32.7808 218.414 23.1684 -13 1 1 0 1 0.196806 -0.124884 3.74065 0 0 0 
57.9701 -53.4546 6258.82 -54.6878 0.0326744 220.624 23.5362 -13 1 1 0 1 0.320287 -0.310874 2.85431 0 0 0 
36.681 -47.8361 6356.31 -41.0791 23.1377 222.357 23.9041 -13 1 1 0 1 0.26747 -0.363311 1.49518 0 0 0 
21.5872 -35.0735 6454.31 -28.7707 32.9919 223.045 24.2719 -13 1 1 0 1 0.165643 -0.282509 -0.0704951 0 0 0 
9.88688 -20.1654 6552.5 -26.2441 33.4121 223.294 24.6398 -13 1 1 0 1 0.0635963 -0.145774 -1.60908 0 0 0 
-2.85815 -6.94427 6650.79 -32.6802 25.0995 223.534 25.0076 -13 1 1 0 1 -0.0266338 -0.0317246 -2.87848 0 0 0 
-18.9752 0.53719 6749.17 -39.791 7.65503 223.66 25.3754 -13 1 1 0 1 -0.0513128 0.00824389 -3.62505 0 0 0 
-36.6136 -0.594022 6847.56 -38.7612 -12.2064 223.638 25.7433 -13 1 1 0 1 0.0567585 0.00880494 -3.6584 0 0 0 
-52.0867 -8.86056 6945.99 -31.275 -23.2236 223.938 26.1111 -13 1 1 0 1 0.265651 0.0541284 -2.95239 0 0 0 
-64.6352 -19.0672 7044.67 -26.9921 -21.118 224.702 26.479 -13 1 1 0 1 0.471492 0.147767 -1.67958 0 0 0 
-77.0306 -25.8499 7143.66 -30.4909 -8.05105 225.102 26.8468 -13 1 1 0 1 0.622177 0.217221 -0.106566 0 0 0 
-91.836 -24.6828 7242.5 -36.2516 15.0176 223.888 27.2146 -13 1 1 0 1 0.700256 0.197882 1.5075 0 0 0 
-107.334 -11.5038 7340.33 -31.1743 45.3294 220.542 27.5825 -13 1 1 0 1 0.62624 0.0795246 2.91511 0 0 0 
-116.074 14.1399 7436.48 -5.15442 68.0846 216.803 27.9503 -13 1 1 0 1 0.306113 -0.0223032 3.82474 0 0 0 
-110.357 44.2558 7531.56 30.4865 63.4644 216.121 28.3182 -13 1 1 0 1 -0.147877 0.074864 3.96851 0 0 0 
-91.8476 66.1949 7627.24 49.1988 33.8793 219.311 28.686 -13 1 1 0 1 -0.451333 0.339183 3.29531 0 0 0 
-70.9117 73.8542 7724.63 42.5678 2.35734 223.267 29.0538 -13 1 1 0 1 -0.509996 0.543037 2.01721 0 0 0 
-56.0565 70.0226 7823.39 24.5272 -17.8281 225.269 29.4217 -13 1 1 0 1 -0.451127 0.57534 0.437295 0 0 0 
-48.7588 59.4118 7922.53 10.1256 -29.5458 225.145 29.7895 -13 1 1 0 1 -0.374021 0.469746 -1.18136 0 0 0 
-45.3895 44.5571 8021.35 7.50628 -37.3283 224.089 30.1574 -13 1 1 0 1 -0.270812 0.282018 -2.58852 0 0 0 
-40.1928 27.5656 8119.75 17.8981 -38.1763 223.356 30.5252 -13 1 1 0 1 -0.114217 0.094302 -3.51084 0 0 0 
-28.9186 12.8334 8217.99 33.055 -26.6972 223.294 30.8931 -13 1 1 0 1 0.0341747 -0.00184173 -3.72848 0 0 0 
-12.1551 5.29372 8316.25 41.5022 -7.21604 223.363 31.2609 -13 1 1 0 1 0.0649591 -0.0169408 -3.19998 0 0 0 
3.73981 5.40357 8400.5 42.0933 6.74177 223.267 31.5763 -13 1 1 0 1 -0.0143724 -0.0313905 -2.26314 0 0 0 
3.73999 5.40362 8400.5 42.0933 6.7419 223.267 31.5763 -13 1 1 0 1 -0.0143737 -0.0313909 -2.26313 0 0 0 
22.055 10.1557 8498.69 41.5241 12.7704 223.11 31.9442 -13 1 1 0 1 -0.165177 -0.0785595 -0.82465 0 0 0 
40.8221 14.7278 8596.8 44.3408 5.79397 222.859 32.312 -13 1 1 0 1 -0.315049 -0.118066 0.752729 0 0 0 
61.0432 13.3183 8694.69 46.6818 -14.2077 222.001 32.6799 -13 1 1 0 1 -0.401578 -0.0938619 2.23795 0 0 0 
80.1762 1.08493 8792.01 37.4618 -41.5255 220.313 33.0477 -13 1 1 0 1 -0.322836 -0.0108954 3.37661 0 0 0 
91.4569 -21.8343 8888.61 11.6835 -59.4144 219.087 33.4155 -13 1 1 0 1 -0.0294171 0.00255352 3.89741 0 0 0 
90.1602 -47.5839 8985.16 -15.8798 -53.6036 220.318 33.7834 -13 1 1 0 1 0.321938 -0.171062 3.62216 0 0 0 
80.2672 -66.5534 9082.79 -25.263 -31.4563 223.692 34.1512 -13 1 1 0 1 0.523057 -0.432777 2.60944 0 0 0 
70.8971 -75.3724 9181.91 -14.8809 -9.51175 226.614 34.5191 -13 1 1 0 1 0.566932 -0.602831 1.12762 0 0 0 
68.3405 -75.6332 9281.82 3.49956 7.95567 227.134 34.8869 -13 1 1 0 1 0.558593 -0.622084 -0.529727 0 0 0 
73.2921 -68.194 9381.38 17.2209 26.4501 225.099 35.2547 -13 1 1 0 1 0.52213 -0.494552 -2.10397 0 0 0 
81.0982 -52.0529 9479.72 14.8552 46.5032 221.996 35.6226 -13 1 1 0 1 0.376933 -0.255001 -3.3106 0 0 0 
83.4635 -28.8395 9576.92 -6.5487 55.8929 220.224 35.9904 -13 1 1 0 1 0.0800025 -0.0429431 -3.85781 0 0 0 
74.6852 -6.16627 9673.84 -32.2678 43.6519 220.724 36.3583 -13 1 1 0 1 -0.220556 0.00358422 -3.61047 0 0 0 
57.0896 7.589 9771.25 -44.9702 18.2149 222.062 36.7261 -13 1 1 0 1 -0.342561 -0.0572469 -2.66943 0 0 0 
37.068 10.4867 9869.14 -44.727 -3.36142 222.831 37.0939 -13 1 1 0 1 -0.285892 -0.0890466 -1.28846 0 0 0 
18.0694 6.44631 9967.23 -41.99 -12.8088 223.021 37.4618 -13 1 1 0 1 -0.149502 -0.0586952 0.276448 0 0 0 
-0.414058 1.13242 10065.4 -42.563 -9.21035 223.09 37.8296 -13 1 1 0 1 -0.00459327 -0.0147654 1.79197 0 0 0 
-19.3756 0.0853581 10163.5 -42.905 6.08585 223.132 38.1975 -13 1 1 0 1 0.0858676 -0.00764716 3.01492 0 0 0 
-36.9127 7.24128 10261.7 -34.9942 26.2424 223.052 38.5653 -13 1 1 0 1 0.0438161 -0.0188069 3.69116 0 0 0 
-48.8528 21.9855 10359.8 -18.6287 38.5383 223.234 38.9331 -13 1 1 0 1 -0.129758 0.0454763 3.63501 0 0 0 
-53.7905 39.0229 10458.2 -5.47541 36.8228 224.232 39.301 -13 1 1 0 1 -0.316043 0.215939 2.83686 0 0 0 
-55.6294 53.171 10557.2 -5.25021 26.7714 225.658 39.6688 -13 1 1 0 1 -0.431064 0.400757 1.49647 0 0 0 
-60.1837 62.1709 10656.7 -16.9105 13.6106 226.262 40.0367 -13 1 1 0 1 -0.498125 0.506325 -0.107857 0 0 0 
-71.0787 64.318 10756 -32.281 -5.24365 224.936 40.4045 -13 1 1 0 1 -0.540761 0.483992 -1.7158 0 0 0 
-87.1904 56.2396 10854.3 -38.07 -32.578 221.709 40.7723 -13 1 1 0 1 -0.48589 0.311591 -3.06388 0 0 0 
-101.259 35.8536 10951.1 -21.9468 -58.08 218.657 41.1402 -13 1 1 0 1 -0.220041 0.0805819 -3.85257 0 0 0 
-104.099 8.41328 11047.1 9.79921 -61.9142 218.486 41.508 -13 1 1 0 1 0.19001 -0.00859283 -3.85039 0 0 0 
-93.8722 -14.8583 11143.7 33.6698 -40.9343 221.035 41.8759 -13 1 1 0 1 0.491415 0.0866451 -3.06736 0 0 0 
-77.4169 -26.6142 11241.6 38.2579 -12.9659 223.683 42.2437 -13 1 1 0 1 0.565908 0.203584 -1.74091 0 0 0 
-61.7786 -27.4254 11340.3 32.1957 7.57231 224.882 42.6115 -13 1 1 0 1 0.495907 0.229089 -0.160103 0 0 0 
-48.8579 -21.4303 11439.3 27.4431 18.0832 224.912 42.9794 -13 1 1 0 1 0.367857 0.171452 1.42337 0 0 0 
-36.6539 -12.9252 11538.2 29.0624 18.8879 224.643 43.3472 -13 1 1 0 1 0.208218 0.0859674 2.75723 0 0 0 
-22.8161 -6.35986 11637 33.7047 9.29698 224.596 43.7151 -13 1 1 0 1 0.0563879 0.0304604 3.5745 0 0 0 
-7.69911 -5.76793 11735.8 33.8031 -7.02454 224.664 44.0829 -13 1 1 0 1 -0.0108212 0.00672294 3.67201 0 0 0 
5.98237 -12.1703 11834.7 27.8137 -20.975 224.616 44.4508 -13 1 1 0 1 0.0303498 -0.0470119 3.02978 0 0 0 
16.9229 -23.0079 11933.5 22.7966 -26.8829 224.551 44.8186 -13 1 1 0 1 0.123342 -0.155156 1.81589 0 0 0 
27.1942 -34.6907 12032.2 25.4068 -25.002 224.489 45.1864 -13 1 1 0 1 0.222426 -0.271508 0.288104 0 0 0 
40.4497 -43.8035 12130.9 35.7425 -14.7811 223.986 45.5543 -13 1 1 0 1 0.317067 -0.329847 -1.29824 0 0 0 
58.659 -46.0147 12229.2 45.9236 6.68685 222.513 45.9221 -13 1 1 0 1 0.362385 -0.2697 -2.70013 0 0 0 
78.7832 -36.7549 12326.6 42.2221 35.5217 220.502 46.29 -13 1 1 0 1 0.245474 -0.101018 -3.64835 0 0 0 
92.8731 -16.223 12423.4 19.3703 54.4685 219.827 46.6578 -13 1 1 0 1 -0.0765075 0.0232859 -3.88011 0 0 0 
95.2836 7.55712 12520.4 -7.08277 49.6808 221.692 47.0256 -13 1 1 0 1 -0.429871 -0.0289046 -3.30981 0 0 0 
90.4054 22.5836 12600.5 -18.0167 32.971 224.174 47.3259 -13 1 1 0 1 -0.599188 -0.148022 -2.3527 0 0 0 
90.4053 22.5837 12600.5 -18.0168 32.9707 224.174 47.3259 -13 1 1 0 1 -0.599189 -0.148023 -2.35269 0 0 0 
82.3044 31.978 12699.7 -16.7384 10.116 226.458 47.6938 -13 1 1 0 1 -0.650164 -0.25445 -0.832333 0 0 0 
76.6009 32.0759 12799.5 -9.15407 -8.9746 226.939 48.0616 -13 1 1 0 1 -0.604013 -0.257862 0.81059 0 0 0 
73.5196 24.655 12899.1 -6.3832 -24.0041 225.94 48.4294 -13 1 1 0 1 -0.482118 -0.169267 2.31923 0 0 0 
69.3697 12.022 12998.2 -14.2346 -31.5782 224.646 48.7973 -13 1 1 0 1 -0.261212 -0.0538717 3.40257 0 0 0 
60.0994 -1.01466 13096.9 -27.8668 -25.0632 224.19 49.1651 -13 1 1 0 1 0.00594272 -0.0074986 3.79382 0 0 0 
45.822 -8.172 13195.6 -35.2217 -6.2909 224.467 49.533 -13 1 1 0 1 0.181141 -0.0376923 3.39878 0 0 0 
30.6491 -6.48722 13294.4 -32.5337 13.0976 224.579 49.9008 -13 1 1 0 1 0.207177 -0.0487736 2.35098 0 0 0 
17.5078 2.21221 13393.2 -27.6931 24.9944 224.219 50.2686 -13 1 1 0 1 0.14286 0.0106466 0.909966 0 0 0 
5.34149 14.2416 13491.7 -29.015 28.2441 223.665 50.6365 -13 1 1 0 1 0.0455713 0.104922 -0.667545 0 0 0 
-9.17851 25.6329 13589.9 -37.9083 21.6565 223.069 51.0043 -13 1 1 0 1 -0.0605809 0.163113 -2.14282 0 0 0 
-28.0666 31.5058 13687.9 -46.949 3.1373 222.377 51.3722 -13 1 1 0 1 -0.118386 0.120045 -3.26259 0 0 0 
-48.7092 27.4187 13785.6 -44.2353 -21.5965 221.907 51.74 -13 1 1 0 1 -0.0283006 0.000743155 -3.77717 0 0 0 
-64.9157 13.88 13883.3 -28.0215 -37.2203 222.475 52.1078 -13 1 1 0 1 0.21285 -0.0599731 -3.52651 0 0 0 
-73.352 -2.64825 13981.6 -11.5923 -35.1505 224.267 52.4757 -13 1 1 0 1 0.458597 0.00506622 -2.56479 0 0 0 
-76.7859 -15.3018 14080.7 -6.03749 -21.1704 226.233 52.8435 -13 1 1 0 1 0.598901 0.11138 -1.12891 0 0 0 
-80.0203 -20.6444 14180.5 -9.47607 -2.6469 227.088 53.2114 -13 1 1 0 1 0.641977 0.160149 0.503161 0 0 0 
-85.0179 -17.2895 14280.3 -12.1581 18.1176 226.251 53.5792 -13 1 1 0 1 0.593518 0.115733 2.07065 0 0 0 
-89.0594 -5.0039 14379.4 -3.85516 36.4958 224.319 53.947 -13 1 1 0 1 0.400193 0.015749 3.28869 0 0 0 
-86.6396 12.7322 14477.7 15.8876 40.8079 223.043 54.3149 -13 1 1 0 1 0.0661536 -0.0194402 3.85735 0 0 0 
-75.5358 27.886 14575.9 32.6107 25.2785 223.525 54.6827 -13 1 1 0 1 -0.242517 0.0778757 3.6137 0 0 0 
-60.2754 33.7017 14674.5 34.1665 1.11674 224.716 55.0506 -13 1 1 0 1 -0.377759 0.200343 2.64676 0 0 0 
-47.0098 29.6511 14773.5 25.4585 -18.1714 225.139 55.4184 -13 1 1 0 1 -0.371457 0.226561 1.22869 0 0 0 
-37.5988 18.8676 14872.5 18.4426 -29.7138 224.595 55.7862 -13 1 1 0 1 -0.310145 0.152081 -0.362245 0 0 0 
-29.3915 4.42869 14971.1 20.6727 -34.7773 223.672 56.1541 -13 1 1 0 1 -0.218419 0.0348538 -1.87962 0 0 0 
-18.0059 -10.4063 15069.3 32.1409 -30.7413 222.908 56.5219 -13 1 1 0 1 -0.0983991 -0.0442635 -3.07164 0 0 0 
-1.04552 -20.7901 15167.3 43.9357 -14.6196 222.535 56.8898 -13 1 1 0 1 -0.0144711 -0.0199036 -3.68795 0 0 0 
19.0278 -22.4422 15265.2 45.1283 6.85395 222.671 57.2576 -13 1 1 0 1 -0.061406 0.0653491 -3.56791 0 0 0 
37.1518 -15.9829 15363.3 36.4051 20.3277 223.444 57.6254 -13 1 1 0 1 -0.223641 0.0989581 -2.74123 0 0 0 
51.1502 -6.61897 15461.9 28.0741 20.0541 224.668 57.9933 -13 1 1 0 1 -0.394645 0.0567647 -1.40433 0 0 0 
62.7891 0.0349729 15560.9 25.7601 8.6486 225.671 58.3611 -13 1 1 0 1 -0.511342 0.0070288 0.176208 0 0 0 
74.1132 -0.175692 15660.3 25.2616 -10.6736 225.641 58.729 -13 1 1 0 1 -0.546857 0.0109479 1.75491 0 0 0 
83.8269 -9.80829 15759.3 16.8025 -32.7547 224.3 59.0968 -13 1 1 0 1 -0.438989 0.0641312 3.06569 0 0 0 
86.977 -27.5495 15857.6 -4.08921 -44.9656 222.772 59.4646 -13 1 1 0 1 -0.152155 0.0632994 3.81037 0 0 0 
80.0983 -46.2191 15955.6 -25.6472 -36.4258 222.893 59.8325 -13 1 1 0 1 0.182226 -0.0899726 3.76099 0 0 0 
66.8266 -57.5509 16054 -31.4356 -14.2382 224.666 60.2003 -13 1 1 0 1 0.376226 -0.310688 2.92861 0 0 0 
54.8334 -59.0822 16153.2 -21.3135 6.15171 226.216 60.5682 -13 1 1 0 1 0.416401 -0.437075 1.55839 0 0 0 
48.6673 -53.1379 16252.8 -7.02628 20.0421 226.307 60.936 -13 1 1 0 1 0.398984 -0.423988 -0.0453344 0 0 0 
47.7088 -41.8052 16352.1 0.955616 31.3499 225.127 61.3038 -13 1 1 0 1 0.362049 -0.304473 -1.62659 0 0 0 
47.6128 -25.7874 16450.8 -3.77315 40.7336 223.59 61.6717 -13 1 1 0 1 0.267469 -0.132115 -2.91954 0 0 0 
42.5614 -7.30108 16549 -20.5181 41.0415 222.622 62.0395 -13 1 1 0 1 0.0996414 -0.00724202 -3.65459 0 0 0 
29.4742 8.14553 16646.8 -37.8177 27.0532 222.495 62.4074 -13 1 1 0 1 -0.0419694 -0.00799447 -3.65468 0 0 0 
10.9669 15.566 16744.8 -44.2106 6.86363 222.855 62.7752 -13 1 1 0 1 -0.0458301 -0.0758103 -2.93197 0 0 0 
0.0075167 16.0959 16800.5 -43.1541 -2.0634 223.158 62.9841 -13 1 1 0 1 0.0101815 -0.101734 -2.26769 0 0 0 
0.00733322 16.0958 16800.5 -43.1541 -2.06353 223.158 62.9841 -13 1 1 0 1 0.0101826 -0.101734 -2.26768 0 0 0 
-18.0318 13.3433 16898.8 -38.8168 -8.29533 223.809 63.3519 -13 1 1 0 1 0.150603 -0.103651 -0.824924 0 0 0 
-34.4021 10.6375 16997.4 -35.9008 -2.05866 224.439 63.7198 -13 1 1 0 1 0.28065 -0.085499 0.753508 0 0 0 
-49.5075 13.0243 17096.2 -32.0115 14.2068 224.587 64.0876 -13 1 1 0 1 0.341167 -0.0911754 2.23632 0 0 0 
-61.3179 23.6126 17194.9 -19.8198 33.4275 223.955 64.4554 -13 1 1 0 1 0.260836 -0.102103 3.3548 0 0 0 
-65.5443 40.9216 17293.3 1.34937 42.5084 223.287 64.8233 -13 1 1 0 1 0.0316605 -0.0191134 3.83207 0 0 0 
-60.7235 58.3907 17391.6 18.5011 34.3727 223.924 65.1911 -13 1 1 0 1 -0.207753 0.203801 3.51109 0 0 0 
-51.7411 69.9397 17490.5 19.3867 17.9298 225.762 65.559 -13 1 1 0 1 -0.327846 0.448612 2.46676 0 0 0 
-45.7501 74.6383 17590.2 6.26841 4.22465 227.176 65.9268 -13 1 1 0 1 -0.357455 0.585982 0.974912 0 0 0 
-46.8994 74.0536 17690.1 -11.4921 -7.00023 226.903 66.2946 -13 1 1 0 1 -0.374805 0.589026 -0.669043 0 0 0 
-55.1729 67.8622 17789.6 -24.478 -22.2111 224.885 66.6625 -13 1 1 0 1 -0.380213 0.459003 -2.2108 0 0 0 
-66.2102 53.7978 17887.9 -22.4532 -41.7547 222.302 67.0303 -13 1 1 0 1 -0.286303 0.219423 -3.36293 0 0 0 
-72.0824 32.3033 17985.3 -1.71945 -53.2172 220.977 67.3982 -13 1 1 0 1 -0.0436608 0.00424072 -3.85039 0 0 0 
-66.8945 10.0176 18082.6 24.502 -44.7044 221.511 67.766 -13 1 1 0 1 0.217389 -0.0470314 -3.54515 0 0 0 
-52.3053 -5.03615 18180.3 39.2476 -22.921 222.711 68.1338 -13 1 1 0 1 0.32238 0.0195614 -2.56288 0 0 0 
-34.2906 -10.6049 18278.5 41.1888 -3.88107 223.505 68.5017 -13 1 1 0 1 0.262306 0.0732762 -1.15551 0 0 0 
-16.6429 -10.1288 18376.9 38.9965 3.97555 223.896 68.8695 -13 1 1 0 1 0.128039 0.0739498 0.414711 0 0 0 
0.161041 -8.89389 18475.5 37.4569 -0.26651 224.194 69.2374 -13 1 1 0 1 -0.0090195 0.0556645 1.91668 0 0 0 
15.9857 -11.7715 18574.2 33.5782 -13.9184 224.376 69.6052 -13 1 1 0 1 -0.0853791 0.0474144 3.09455 0 0 0 
28.5942 -21.386 18672.9 22.4449 -29.1144 224.309 69.973 -13 1 1 0 1 -0.0438428 0.0153677 3.69299 0 0 0 
35.1078 -36.0878 18771.6 7.35805 -35.7855 224.346 70.3409 -13 1 1 0 1 0.0870523 -0.109587 3.53827 0 0 0 
36.1004 -51.3411 18870.4 -0.913933 -32.3389 224.987 70.7087 -13 1 1 0 1 0.205375 -0.312518 2.65602 0 0 0 
36.2249 -64.0213 18969.6 3.60849 -25.1551 225.876 71.0766 -13 1 1 0 1 0.271499 -0.497744 1.2653 0 0 0 
40.8472 -73.3292 19069 18.7355 -16.6683 225.914 71.4444 -13 1 1 0 1 0.324472 -0.596699 -0.350264 0 0 0 
53.2966 -77.7087 19168.1 37.6461 -1.48988 224.157 71.8122 -13 1 1 0 1 0.381072 -0.566093 -1.94278 0 0 0 
72.6739 -72.8749 19266 47.5624 25.1797 220.839 72.1801 -13 1 1 0 1 0.360297 -0.367264 -3.24203 0 0 0 
91.664 -55.2138 19362.5 34.4254 53.6034 218.191 72.5479 -13 1 1 0 1 0.133183 -0.0808274 -3.94839 0 0 0 
100.08 -28.7306 19458.5 2.45463 62.0759 218.647 72.9158 -13 1 1 0 1 -0.250166 0.0758411 -3.85448 0 0 0 
94.5716 -4.53674 19555.2 -24.8919 44.5917 221.49 73.2836 -13 1 1 0 1 -0.541659 0.0324726 -2.99972 0 0 0 
80.9089 9.13983 19653.3 -34.4136 17.6434 223.987 73.6514 -13 1 1 0 1 -0.61261 -0.0620358 -1.64009 0 0 0 
65.9 11.9106 19752.1 -33.0578 -3.44674 224.858 74.0193 -13 1 1 0 1 -0.532132 -0.0884087 -0.0655811 0 0 0 
51.7322 7.65459 19851 -32.0454 -14.0625 224.591 74.3871 -13 1 1 0 1 -0.380938 -0.0467815 1.48128 0 0 0 
36.9847 1.2358 19949.7 -35.6113 -13.0889 224.113 74.755 -13 1 1 0 1 -0.195697 0.00585172 2.74089 0 0 0 
20.3817 -2.14448 20048.2 -39.18 -0.652683 223.898 75.1228 -13 1 1 0 1 -0.0385991 0.018677 3.44848 0 0 0 
3.5659 1.43136 20146.7 -35.9043 16.8633 223.814 75.4906 -13 1 1 0 1 0.00781963 0.0176412 3.42266 0 0 0 
-10.41 11.922 20245.1 -27.4724 29.3895 223.713 75.8585 -13 1 1 0 1 -0.0563288 0.0782279 2.66072 0 0 0 
-21.2214 25.9359 20343.6 -23.0904 32.8767 223.723 76.2263 -13 1 1 0 1 -0.161308 0.209255 1.34269 0 0 0 
-32.2829 39.6761 20442 -29.0413 28.1997 223.668 76.5942 -13 1 1 0 1 -0.272611 0.347145 -0.279314 0 0 0 
-48.0684 49.1995 20540.2 -43.457 12.8077 222.741 76.962 -13 1 1 0 1 -0.391007 0.413502 -1.97208 0 0 0 
-69.9733 48.5881 20637.7 -53.7701 -18.2315 220.096 77.3298 -13 1 1 0 1 -0.462399 0.334858 -3.50068 0 0 0 
-91.718 31.8822 20733.7 -39.6282 -57.0671 216.423 77.6977 -13 1 1 0 1 -0.350548 0.133751 -4.60167 0 0 0 
-100.393 1.43698 20828.4 3.45253 -75.3621 214.417 78.0655 -13 1 1 0 1 -0.0401654 0.00817695 -5.04245 0 0 0 
-88.5699 -28.5104 20922.9 47.3371 -54.8302 215.45 78.4334 -13 1 1 0 1 0.221511 0.0738455 -4.80358 0 0 0 
-62.8724 -43.6546 21018.1 64.3054 -13.0481 217.625 78.8012 -13 1 1 0 1 0.254818 0.175585 -4.12874 0 0 0 
-35.7206 -40.8887 21114.2 56.2523 23.3537 218.989 79.169 -13 1 1 0 1 0.153957 0.172953 -3.31783 0 0 0 
-14.7119 -25.3472 21210.7 38.8387 44.8961 219.413 79.5369 -13 1 1 0 1 0.0564969 0.0937402 -2.55683 0 0 0 
-8.07782 -16.321 21252.2 31.3981 50.2231 219.449 79.695 -13 1 1 0 1 0.0290132 0.055219 -2.2689 0 0 0 

# End of Event 1

