# AllTracks
#x y z Px Py Pz t PDGid EventID TrackID ParentID Weight Bx By Bz Ex Ey Ez
# Event -2 Track 1
-11.2945 14.0917 0 0.731734 -1.1308 199.995 0 -13 -2 1 0 1 0.0741975 -0.077677 -1.99041 0 0 0 
-11.2894 14.0922 0.4995 0.745049 -1.11858 199.995 0.0018845 -13 -2 1 0 1 0.0742566 -0.077814 -1.98463 0 0 0 
-11.2894 14.0922 0.5005 0.745076 -1.11856 199.995 0.00188827 -13 -2 1 0 1 0.0742567 -0.0778142 -1.98462 0 0 0 
-10.2589 14.2036 100.494 3.38709 1.607 199.965 0.379139 -13 -2 1 0 1 0.0786113 -0.0971521 -0.689168 0 0 0 
-7.81568 15.5932 200.453 6.54288 3.69219 199.859 0.75639 -13 -2 1 0 1 0.0616537 -0.10919 0.713612 0 0 0 
-3.55599 17.4743 300.342 10.5776 3.25564 199.694 1.13364 -13 -2 1 0 1 0.0295166 -0.104448 2.00268 0 0 0 
2.62414 18.192 400.146 13.7165 -1.01181 199.527 1.51089 -13 -2 1 0 1 0.00204909 -0.0665914 2.9347 0 0 0 
9.4635 16.0858 499.885 12.7924 -7.41088 199.453 1.88814 -13 -2 1 0 1 0.0115176 -0.00670873 3.27998 0 0 0 
14.6943 11.2016 599.624 7.70853 -11.3881 199.527 2.26539 -13 -2 1 0 1 0.0594742 0.0309188 2.93597 0 0 0 
17.1544 5.49223 699.427 2.46507 -10.7651 199.695 2.64264 -13 -2 1 0 1 0.106592 0.0257125 2.0048 0 0 0 
17.6616 0.885157 799.318 0.104729 -7.4443 199.861 3.0199 -13 -2 1 0 1 0.12714 0.000233248 0.715917 0 0 0 
17.7026 -1.87785 899.278 0.357525 -3.61171 199.967 3.39715 -13 -2 1 0 1 0.125416 -0.0201482 -0.690728 0 0 0 
18.1462 -2.74628 999.272 1.37454 0.107808 199.995 3.7744 -13 -2 1 0 1 0.106392 -0.0254916 -1.98417 0 0 0 
18.8949 -1.85188 1099.26 1.34345 3.29267 199.968 4.15165 -13 -2 1 0 1 0.0643925 -0.0184443 -2.92303 0 0 0 
19.2266 0.23268 1199.24 -0.183548 4.60802 199.947 4.5289 -13 -2 1 0 1 0.000545695 -0.0133194 -3.27423 0 0 0 
18.7202 2.28272 1299.22 -1.65959 3.16317 199.968 4.90615 -13 -2 1 0 1 -0.0628832 -0.019822 -2.93341 0 0 0 
17.8399 3.09658 1399.21 -1.58169 -0.0679543 199.994 5.2834 -13 -2 1 0 1 -0.104078 -0.0274727 -2.00247 0 0 0 
17.3186 2.14805 1499.2 -0.466395 -3.74455 199.964 5.66065 -13 -2 1 0 1 -0.12253 -0.0220284 -0.713062 0 0 0 
17.2413 -0.660572 1599.16 -0.14354 -7.4913 199.86 6.0379 -13 -2 1 0 1 -0.124311 -0.00133282 0.693199 0 0 0 
16.7319 -5.2714 1699.05 -2.43376 -10.7404 199.697 6.41515 -13 -2 1 0 1 -0.104532 0.0245732 1.98534 0 0 0 
14.3046 -10.9637 1798.86 -7.61374 -11.3582 199.532 6.7924 -13 -2 1 0 1 -0.0587759 0.0306161 2.9237 0 0 0 
9.12597 -15.8462 1898.6 -12.6925 -7.43954 199.458 7.16965 -13 -2 1 0 1 -0.0119907 -0.0058823 3.27721 0 0 0 
2.32223 -17.9818 1998.34 -13.6816 -1.09404 199.529 7.54691 -13 -2 1 0 1 -0.00318088 -0.0651109 2.94231 0 0 0 
-3.86037 -17.3109 2098.14 -10.6189 3.15395 199.693 7.92416 -13 -2 1 0 1 -0.0311943 -0.103102 2.01781 0 0 0 
-8.15388 -15.4854 2198.03 -6.6308 3.56626 199.858 8.30141 -13 -2 1 0 1 -0.0639337 -0.108366 0.732199 0 0 0 
-10.6446 -14.1732 2297.99 -3.48096 1.41638 199.965 8.67866 -13 -2 1 0 1 -0.0813691 -0.0971274 -0.674361 0 0 0 
-11.7098 -14.1801 2397.99 -0.775196 -1.40207 199.994 9.05591 -13 -2 1 0 1 -0.0769914 -0.0787798 -1.97376 0 0 0 
-11.3856 -15.3819 2497.98 2.07383 -3.0754 199.966 9.43316 -13 -2 1 0 1 -0.0497141 -0.046957 -2.91873 0 0 0 
-9.76113 -16.8601 2597.95 4.13727 -2.45531 199.942 9.81041 -13 -2 1 0 1 -0.012256 0.00542989 -3.27796 0 0 0 
-7.66497 -17.5877 2697.93 3.77183 -0.38181 199.964 10.1877 -13 -2 1 0 1 0.0148973 0.0644976 -2.94593 0 0 0 
-6.40334 -17.3213 2797.92 0.976956 1.28271 199.994 10.5649 -13 -2 1 0 1 0.0290226 0.105371 -2.02118 0 0 0 
-6.85088 -16.4374 2897.91 -2.81192 2.21625 199.968 10.9422 -13 -2 1 0 1 0.0424675 0.119542 -0.734555 0 0 0 
-9.16676 -14.9967 2997.87 -6.30746 3.79826 199.864 11.3194 -13 -2 1 0 1 0.0608668 0.111155 0.672066 0 0 0 
-12.8792 -12.2946 3097.76 -8.09377 7.37483 199.7 11.6967 -13 -2 1 0 1 0.0735252 0.0810318 1.97051 0 0 0 
-16.6325 -7.39548 3197.57 -6.16601 12.1935 199.533 12.0739 -13 -2 1 0 1 0.0564975 0.0375155 2.91516 0 0 0 
-18.3585 -0.485542 3297.31 -0.287919 14.7353 199.456 12.4512 -13 -2 1 0 1 0.00173706 0.0133712 3.27676 0 0 0 
-16.8884 6.51231 3397.05 5.77384 12.5117 199.525 12.8284 -13 -2 1 0 1 -0.0546599 0.0335384 2.95073 0 0 0 
-13.2432 11.5929 3496.85 8.05339 7.73413 199.688 13.2057 -13 -2 1 0 1 -0.0744458 0.0760073 2.03266 0 0 0 
-9.4799 14.4417 3596.74 6.52794 4.01497 199.853 13.5829 -13 -2 1 0 1 -0.0628369 0.106955 0.750174 0 0 0 
-7.01445 15.9591 3696.7 3.17419 2.32621 199.961 13.9602 -13 -2 1 0 1 -0.043938 0.116736 -0.656368 0 0 0 
-6.36851 16.9014 3796.69 -0.562956 1.43268 199.994 14.3374 -13 -2 1 0 1 -0.0295783 0.104521 -1.9586 0 0 0 
-7.43888 17.2779 3896.68 -3.45049 -0.0862524 199.97 14.7147 -13 -2 1 0 1 -0.0154803 0.0662677 -2.90979 0 0 0 
-9.43197 16.7235 3996.66 -4.06264 -2.08617 199.948 15.0919 -13 -2 1 0 1 0.0104141 0.0086586 -3.27722 0 0 0 
-11.0834 15.41 4096.64 -2.23857 -2.811 199.968 15.4692 -13 -2 1 0 1 0.0469553 -0.0444569 -2.95422 0 0 0 
-11.5211 14.2978 4196.63 0.50856 -1.30296 199.995 15.8464 -13 -2 1 0 1 0.0749103 -0.0779916 -2.03602 0 0 0 
-11.4852 14.2985 4200.5 0.614282 -1.20909 199.995 15.861 -13 -2 1 0 1 0.0754122 -0.0790551 -1.99131 0 0 0 
-11.4852 14.2985 4200.5 0.614309 -1.20907 199.995 15.861 -13 -2 1 0 1 0.0754123 -0.0790554 -1.9913 0 0 0 
-10.5056 14.3686 4300.49 3.31043 1.54087 199.967 16.2383 -13 -2 1 0 1 0.0803389 -0.0983403 -0.695349 0 0 0 
-8.09209 15.7391 4400.45 6.49841 3.68538 199.861 16.6155 -13 -2 1 0 1 0.0635693 -0.11023 0.71117 0 0 0 
-3.8466 17.633 4500.34 10.5678 3.31205 199.693 16.9928 -13 -2 1 0 1 0.0311899 -0.105392 2.00048 0 0 0 
2.34157 18.3901 4600.15 13.7615 -0.918028 199.524 17.37 -13 -2 1 0 1 0.00298714 -0.0672812 2.93268 0 0 0 
9.21824 16.3288 4699.88 12.8929 -7.33501 199.449 17.7473 -13 -2 1 0 1 0.011505 -0.00673105 3.27808 0 0 0 
14.5048 11.4681 4799.62 7.82149 -11.3733 199.523 18.1245 -13 -2 1 0 1 0.0588235 0.0317937 2.93418 0 0 0 
17.0133 5.75059 4899.42 2.53911 -10.8089 199.692 18.5018 -13 -2 1 0 1 0.10576 0.0271902 2.00314 0 0 0 
17.5432 1.11196 4999.31 0.121767 -7.52335 199.859 18.879 -13 -2 1 0 1 0.126303 0.00179532 0.714411 0 0 0 
17.5812 -1.69702 5099.27 0.333183 -3.71686 199.965 19.2563 -13 -2 1 0 1 0.124559 -0.0189007 -0.692082 0 0 0 
18.0099 -2.62568 5199.26 1.3467 -0.02864 199.996 19.6335 -13 -2 1 0 1 0.105575 -0.0247927 -1.98852 0 0 0 
18.7535 -1.80622 5299.26 1.35861 3.13342 199.971 20.0108 -13 -2 1 0 1 0.0638907 -0.0182904 -2.92714 0 0 0 
19.1101 0.200776 5399.24 -0.0984477 4.46526 199.95 20.388 -13 -2 1 0 1 0.000521288 -0.0133228 -3.27817 0 0 0 
18.6603 2.19257 5499.21 -1.52499 3.07683 199.971 20.7653 -13 -2 1 0 1 -0.0627035 -0.0195259 -2.93722 0 0 0 
17.8506 2.97793 5599.21 -1.4408 -0.0998358 199.995 21.1425 -13 -2 1 0 1 -0.104158 -0.0267942 -2.00614 0 0 0 
17.3955 2.01971 5699.2 -0.344075 -3.75864 199.964 21.5198 -13 -2 1 0 1 -0.123082 -0.0211442 -0.716566 0 0 0 
17.3733 -0.800068 5799.16 -0.0465897 -7.5276 199.858 21.897 -13 -2 1 0 1 -0.125246 -0.000367193 0.689885 0 0 0 
16.9029 -5.4399 5899.05 -2.37845 -10.8216 199.693 22.2743 -13 -2 1 0 1 -0.105527 0.0255508 1.98538 0 0 0 
14.4878 -11.1825 5998.85 -7.62338 -11.4731 199.525 22.6515 -13 -2 1 0 1 -0.0594035 0.0313627 2.92384 0 0 0 
9.28689 -16.1216 6098.59 -12.7686 -7.54215 199.45 23.0288 -13 -2 1 0 1 -0.0120027 -0.0058626 3.27745 0 0 0 
2.43688 -18.2965 6198.33 -13.7805 -1.14575 199.522 23.406 -13 -2 1 0 1 -0.0028028 -0.0661481 2.94262 0 0 0 
-3.78857 -17.639 6298.13 -10.6837 3.14807 199.69 23.7833 -13 -2 1 0 1 -0.0307823 -0.104987 2.01813 0 0 0 
-8.09899 -15.8106 6398.02 -6.63135 3.5805 199.858 24.1605 -13 -2 1 0 1 -0.0635553 -0.110617 0.73248 0 0 0 
-10.5729 -14.4882 6497.97 -3.41403 1.44452 199.966 24.5378 -13 -2 1 0 1 -0.0808742 -0.0993171 -0.674145 0 0 0 
-11.5908 -14.473 6597.97 -0.658209 -1.33615 199.995 24.9151 -13 -2 1 0 1 -0.0763049 -0.0804886 -1.97362 0 0 0 
-11.205 -15.6259 6697.96 2.19242 -2.94293 199.966 25.2923 -13 -2 1 0 1 -0.0491032 -0.0477999 -2.91868 0 0 0 
-9.53505 -17.0227 6797.93 4.19066 -2.26964 199.943 25.6696 -13 -2 1 0 1 -0.0122452 0.00540811 -3.27798 0 0 0 
-7.43586 -17.6567 6897.91 3.73163 -0.204479 199.965 26.0468 -13 -2 1 0 1 0.0141387 0.064716 -2.94601 0 0 0 
-6.2117 -17.3148 6997.9 0.875699 1.40307 199.993 26.4241 -13 -2 1 0 1 0.0279202 0.105328 -2.02133 0 0 0 
-6.7149 -16.3854 7097.89 -2.92682 2.28189 199.966 26.8013 -13 -2 1 0 1 0.0415256 0.11918 -0.734771 0 0 0 
-9.08563 -14.9193 7197.85 -6.4092 3.84022 199.861 27.1786 -13 -2 1 0 1 0.0603034 0.110618 0.671801 0 0 0 
-12.843 -12.1956 7297.74 -8.16995 7.42282 199.695 27.5558 -13 -2 1 0 1 0.0733178 0.0804592 1.97023 0 0 0 
-16.6256 -7.26801 7397.55 -6.20543 12.2598 199.528 27.9331 -13 -2 1 0 1 0.0564847 0.0370826 2.91497 0 0 0 
-18.3608 -0.322035 7497.29 -0.285974 14.8103 199.451 28.3103 -13 -2 1 0 1 0.00175387 0.0133559 3.27675 0 0 0 
-16.8823 6.71192 7597.02 5.80128 12.5793 199.52 28.6876 -13 -2 1 0 1 -0.0546265 0.0341857 2.95095 0 0 0 
-13.2233 11.8238 7696.82 8.07553 7.79308 199.685 29.0648 -13 -2 1 0 1 -0.0743273 0.0773241 2.03306 0 0 0 
-9.45648 14.7022 7796.71 6.51575 4.07589 199.852 29.4421 -13 -2 1 0 1 -0.0626758 0.108754 0.750638 0 0 0 
-7.01066 16.2511 7896.67 3.10443 2.38935 199.962 29.8193 -13 -2 1 0 1 -0.0439155 0.11877 -0.655963 0 0 0 
-6.4171 17.2203 7996.66 -0.702786 1.46997 199.994 30.1966 -13 -2 1 0 1 -0.0298682 0.106395 -1.95836 0 0 0 
-7.5712 17.5986 8096.65 -3.63728 -0.123931 199.967 30.5738 -13 -2 1 0 1 -0.0159475 0.0673983 -2.90981 0 0 0 
-9.65522 17.001 8196.62 -4.22582 -2.21911 199.943 30.9511 -13 -2 1 0 1 0.0103759 0.00871301 -3.27749 0 0 0 
-11.3679 15.6064 8296.6 -2.31426 -2.99005 199.964 31.3283 -13 -2 1 0 1 0.0478715 -0.0450811 -2.95469 0 0 0 
-11.8206 14.4091 8396.59 0.518193 -1.45404 199.994 31.7056 -13 -2 1 0 1 0.0766181 -0.0786208 -2.03658 0 0 0 
-11.7837 14.4074 8400.5 0.627463 -1.35709 199.995 31.7203 -13 -2 1 0 1 0.0771416 -0.0796888 -1.99142 0 0 0 
-11.7837 14.4074 8400.5 0.627491 -1.35707 199.995 31.7203 -13 -2 1 0 1 0.0771417 -0.0796891 -1.99141 0 0 0 
-10.7856 14.419 8500.49 3.3634 1.45612 199.967 32.0976 -13 -2 1 0 1 0.0822816 -0.0986923 -0.69538 0 0 0 
-8.34293 15.7619 8600.45 6.55956 3.65637 199.859 32.4748 -13 -2 1 0 1 0.0653069 -0.11039 0.711174 0 0 0 
-4.06647 17.6506 8700.34 10.631 3.31579 199.69 32.8521 -13 -2 1 0 1 0.0324587 -0.105495 2.00048 0 0 0 
2.15468 18.4117 8800.14 13.8305 -0.910509 199.519 33.2293 -13 -2 1 0 1 0.0036132 -0.0673559 2.93265 0 0 0 
9.06638 16.3491 8899.88 12.9617 -7.35162 199.444 33.6066 -13 -2 1 0 1 0.0115034 -0.00673489 3.27803 0 0 0 
14.3839 11.4711 8999.61 7.87375 -11.4261 199.518 33.9838 -13 -2 1 0 1 0.0584143 0.0317997 2.93418 0 0 0 
16.9124 5.7191 9099.41 2.56784 -10.8926 199.687 34.3611 -13 -2 1 0 1 0.105174 0.0270067 2.00323 0 0 0 
17.4535 1.03263 9199.3 0.141602 -7.63023 199.855 34.7383 -13 -2 1 0 1 0.125679 0.00124591 0.714593 0 0 0 
17.5055 -1.83451 9299.26 0.375615 -3.84107 199.963 35.1156 -13 -2 1 0 1 0.124035 -0.0198534 -0.691857 0 0 0 
17.9687 -2.82591 9399.25 1.44716 -0.149712 199.995 35.4928 -13 -2 1 0 1 0.105342 -0.025952 -1.98832 0 0 0 
18.7803 -2.05677 9499.24 1.52787 3.06247 199.971 35.8701 -13 -2 1 0 1 0.0639915 -0.0191376 -2.92706 0 0 0 
19.2308 -0.0629746 9599.22 0.0964958 4.4867 199.95 36.2473 -13 -2 1 0 1 0.00053618 -0.0133301 -3.27826 0 0 0 
18.8703 1.96062 9699.2 -1.37251 3.17411 199.97 36.6246 -13 -2 1 0 1 -0.0633956 -0.0187528 -2.93746 0 0 0 
18.1193 2.80024 9799.19 -1.35741 0.00849941 199.996 37.0018 -13 -2 1 0 1 -0.105705 -0.0257708 -2.00644 0 0 0 
17.6925 1.88703 9899.18 -0.30942 -3.69302 199.966 37.3791 -13 -2 1 0 1 -0.12514 -0.0202262 -0.716838 0 0 0 
17.6806 -0.915509 9999.14 -0.0384508 -7.5254 199.859 37.7563 -13 -2 1 0 1 -0.127382 0.000433512 0.689694 0 0 0 
17.2075 -5.56952 10099 -2.40011 -10.8775 199.69 38.1336 -13 -2 1 0 1 -0.107302 0.0263053 1.98531 0 0 0 
14.7702 -11.3483 10198.8 -7.69293 -11.5537 199.518 38.5108 -13 -2 1 0 1 -0.0603729 0.0319343 2.92392 0 0 0 
9.52257 -16.3224 10298.6 -12.8812 -7.59263 199.44 38.8881 -13 -2 1 0 1 -0.0120227 -0.00583914 3.27767 0 0 0 
2.61421 -18.5066 10398.3 -13.8923 -1.13057 199.514 39.2653 -13 -2 1 0 1 -0.00221897 -0.066831 2.94296 0 0 0 
-3.6573 -17.8264 10498.1 -10.7515 3.2201 199.685 39.6426 -13 -2 1 0 1 -0.0300277 -0.106057 2.01855 0 0 0 
-7.98852 -15.9529 10598 -6.64893 3.68549 199.856 40.0198 -13 -2 1 0 1 -0.0627907 -0.1116 0.73294 0 0 0 
-10.4636 -14.572 10697.9 -3.40734 1.57318 199.965 40.3971 -13 -2 1 0 1 -0.0801176 -0.0999021 -0.673685 0 0 0 
-11.4808 -14.4869 10797.9 -0.670042 -1.18606 199.996 40.7743 -13 -2 1 0 1 -0.0756715 -0.0805774 -1.97322 0 0 0 
-11.1146 -15.5633 10897.9 2.12091 -2.79378 199.969 41.1516 -13 -2 1 0 1 -0.0488039 -0.0476008 -2.91839 0 0 0 
-9.49768 -16.8954 10997.9 4.05384 -2.16729 199.947 41.5288 -13 -2 1 0 1 -0.0122527 0.00539882 -3.27786 0 0 0 
-7.47506 -17.4962 11097.9 3.57117 -0.174412 199.968 41.9061 -13 -2 1 0 1 0.0142601 0.0641708 -2.94611 0 0 0 
-6.32707 -17.1529 11197.9 0.736554 1.38642 199.994 42.2833 -13 -2 1 0 1 0.0285776 0.104389 -2.02161 0 0 0 
-6.8912 -16.2333 11297.9 -3.03151 2.26754 199.964 42.6606 -13 -2 1 0 1 0.0427421 0.118124 -0.735156 0 0 0 
-9.3062 -14.7653 11397.8 -6.48146 3.86658 199.858 43.0378 -13 -2 1 0 1 0.0618345 0.109551 0.671395 0 0 0 
-13.0897 -12.0146 11497.7 -8.19886 7.50425 199.691 43.4151 -13 -2 1 0 1 0.07476 0.0794132 1.9699 0 0 0 
-16.871 -7.03616 11597.5 -6.16795 12.3746 199.522 43.7923 -13 -2 1 0 1 0.0573451 0.0362945 2.91484 0 0 0 
-18.5701 -0.0355315 11697.3 -0.183417 14.9041 199.444 44.1696 -13 -2 1 0 1 0.00179784 0.0133286 3.27689 0 0 0 
-17.0336 7.03037 11797 5.92008 12.6102 199.514 44.5468 -13 -2 1 0 1 -0.0551038 0.0352198 2.95138 0 0 0 
-13.3239 12.1426 11896.8 8.1521 7.76802 199.683 44.9241 -13 -2 1 0 1 -0.074897 0.079143 2.03366 0 0 0 
-9.53526 15.0006 11996.7 6.52527 4.02329 199.853 45.3013 -13 -2 1 0 1 -0.063221 0.110816 0.751254 0 0 0 
-7.10037 16.5188 12096.6 3.05429 2.31813 199.963 45.6786 -13 -2 1 0 1 -0.0445428 0.120636 -0.655428 0 0 0 
-6.54122 17.4446 12196.6 -0.783606 1.36383 199.994 46.0558 -13 -2 1 0 1 -0.0305997 0.10772 -1.95799 0 0 0 
-7.73311 17.7577 12296.6 -3.69772 -0.278313 199.966 46.4331 -13 -2 1 0 1 -0.0165188 0.067973 -2.90968 0 0 0 
-9.83081 17.0753 12396.6 -4.21401 -2.3958 199.941 46.8103 -13 -2 1 0 1 0.0103403 0.00874752 -3.2776 0 0 0 
-11.5169 15.5982 12496.6 -2.2237 -3.13457 199.963 47.1876 -13 -2 1 0 1 0.0483429 -0.0450348 -2.95503 0 0 0 
-11.9127 14.3434 12596.5 0.647106 -1.53965 199.993 47.5648 -13 -2 1 0 1 0.0771363 -0.0782336 -2.03708 0 0 0 
-11.8728 14.3405 12600.5 0.758129 -1.43947 199.994 47.5798 -13 -2 1 0 1 0.0776571 -0.0793017 -1.99142 0 0 0 
-11.8728 14.3405 12600.5 0.758157 -1.43944 199.994 47.5798 -13 -2 1 0 1 0.0776572 -0.0793019 -1.99141 0 0 0 
-10.8091 14.3218 12700.5 3.49073 1.41131 199.965 47.957 -13 -2 1 0 1 0.0824434 -0.0980177 -0.695378 0 0 0 
-8.30783 15.6435 12800.5 6.66409 3.61038 199.857 48.3343 -13 -2 1 0 1 0.0650632 -0.109568 0.711137 0 0 0 
-3.98788 17.5027 12900.3 10.6974 3.24138 199.688 48.7115 -13 -2 1 0 1 0.0320048 -0.10464 2.00039 0 0 0 
2.25282 18.2192 13000.1 13.8397 -1.01128 199.518 49.0888 -13 -2 1 0 1 0.00328412 -0.0667103 2.93251 0 0 0 
9.15372 16.106 13099.9 12.9123 -7.44662 199.444 49.466 -13 -2 1 0 1 0.0115016 -0.00673598 3.2779 0 0 0 
14.4386 11.1886 13199.6 7.80083 -11.4867 199.518 49.8433 -13 -2 1 0 1 0.0585938 0.0308525 2.93412 0 0 0 
16.935 5.41448 13299.4 2.51921 -10.9238 199.686 50.2205 -13 -2 1 0 1 0.105301 0.0252497 2.00326 0 0 0 
17.4646 0.715184 13399.3 0.147635 -7.65314 199.854 50.5978 -13 -2 1 0 1 0.125755 -0.000951496 0.71467 0 0 0 
17.5363 -2.16269 13499.3 0.449385 -3.85904 199.963 50.975 -13 -2 1 0 1 0.12425 -0.022128 -0.69178 0 0 0 
18.0532 -3.15648 13599.2 1.58542 -0.134182 199.994 51.3523 -13 -2 1 0 1 0.105835 -0.0278659 -1.9883 0 0 0 
18.9429 -2.36205 13699.2 1.69158 3.15368 199.968 51.7295 -13 -2 1 0 1 0.0645477 -0.02017 -2.92715 0 0 0 
19.4663 -0.301594 13799.2 0.211639 4.65685 199.946 52.1068 -13 -2 1 0 1 0.000549149 -0.0133371 -3.27845 0 0 0 
19.1395 1.81514 13899.2 -1.3548 3.36357 199.967 52.484 -13 -2 1 0 1 -0.0642896 -0.0182683 -2.93771 0 0 0 
18.3759 2.73991 13999.2 -1.41801 0.152336 199.995 52.8613 -13 -2 1 0 1 -0.107184 -0.0254236 -2.00668 0 0 0 
17.9096 1.88279 14099.2 -0.399763 -3.61105 199.967 53.2385 -13 -2 1 0 1 -0.126645 -0.0201972 -0.717028 0 0 0 
17.8521 -0.890242 14199.1 -0.12692 -7.48459 199.86 53.6158 -13 -2 1 0 1 -0.128574 0.000258653 0.689564 0 0 0 
17.3378 -5.52815 14299 -2.47561 -10.8495 199.69 53.993 -13 -2 1 0 1 -0.108061 0.0260673 1.98523 0 0 0 
14.8671 -11.2914 14398.8 -7.74998 -11.5172 199.518 54.3703 -13 -2 1 0 1 -0.0607064 0.0317453 2.92388 0 0 0 
9.5969 -16.2432 14498.6 -12.9137 -7.53968 199.44 54.7475 -13 -2 1 0 1 -0.0120298 -0.00583739 3.27764 0 0 0 
2.67841 -18.3975 14598.3 -13.9016 -1.06469 199.514 55.1248 -13 -2 1 0 1 -0.00200787 -0.0664635 2.94296 0 0 0 
-3.5947 -17.6818 14698.1 -10.752 3.29607 199.684 55.502 -13 -2 1 0 1 -0.0296673 -0.105221 2.01861 0 0 0 
-7.92882 -15.7672 14798 -6.66442 3.7745 199.854 55.8793 -13 -2 1 0 1 -0.0623762 -0.110313 0.733079 0 0 0 
-10.4213 -14.3387 14897.9 -3.46661 1.67287 199.963 56.2565 -13 -2 1 0 1 -0.079823 -0.0982818 -0.673481 0 0 0 
-11.4848 -14.2058 14997.9 -0.79827 -1.10159 199.996 56.6338 -13 -2 1 0 1 -0.0756943 -0.0789444 -1.97297 0 0 0 
-11.1996 -15.2544 15097.9 1.93074 -2.77593 199.972 57.011 -13 -2 1 0 1 -0.0490967 -0.0465485 -2.91816 0 0 0 
-9.68132 -16.6023 15197.9 3.86275 -2.24934 199.95 57.3883 -13 -2 1 0 1 -0.01227 0.00541374 -3.27772 0 0 0 
-7.73889 -17.2632 15297.9 3.44969 -0.321165 199.97 57.7655 -13 -2 1 0 1 0.0151256 0.0633973 -2.9461 0 0 0 
-6.6301 -16.9939 15397.9 0.697897 1.24892 199.995 58.1428 -13 -2 1 0 1 0.0303148 0.103473 -2.02171 0 0 0 
-7.19968 -16.1299 15497.9 -3.02124 2.18626 199.966 58.52 -13 -2 1 0 1 0.0448745 0.117409 -0.735284 0 0 0 
-9.60412 -14.6869 15597.8 -6.45237 3.84651 199.859 58.8973 -13 -2 1 0 1 0.063898 0.108994 0.667844 0 0 0 
-13.3698 -11.9341 15697.7 -8.1558 7.52885 199.692 59.2745 -13 -2 1 0 1 0.076384 0.078935 1.96625 0 0 0 
-17.1247 -6.93836 15797.5 -6.10473 12.413 199.521 59.6518 -13 -2 1 0 1 0.0582087 0.0359523 2.9111 0 0 0 
-18.7884 0.0771353 15897.2 -0.108462 14.9199 199.443 60.029 -13 -2 1 0 1 0.00180825 0.0133155 3.27303 0 0 0 
-17.217 7.14084 15997 5.97922 12.585 199.514 60.4063 -13 -2 1 0 1 -0.0557168 0.0355858 2.94732 0 0 0 
-13.4865 12.2311 16096.8 8.17457 7.7074 199.685 60.7835 -13 -2 1 0 1 -0.0758402 0.0796625 2.02932 0 0 0 
-9.69564 15.0518 16196.7 6.51457 3.93514 199.855 61.1608 -13 -2 1 0 1 -0.0643376 0.111188 0.746615 0 0 0 
-7.26919 16.5179 16296.6 3.03692 2.19667 199.965 61.538 -13 -2 1 0 1 -0.0457148 0.120633 -0.656934 0 0 0 
-6.71213 17.3742 16396.6 -0.766867 1.20903 199.995 61.9153 -13 -2 1 0 1 -0.0315961 0.107314 -1.95963 0 0 0 
-7.87817 17.607 16496.6 -3.60637 -0.436736 199.967 62.2925 -13 -2 1 0 1 -0.0170208 0.0674566 -2.91142 0 0 0 
-9.91035 16.8565 16596.6 -4.04868 -2.50004 199.944 62.6698 -13 -2 1 0 1 0.0103283 0.00872678 -3.27944 0 0 0 
-11.5062 15.3488 16696.6 -2.03986 -3.15317 199.965 63.047 -13 -2 1 0 1 0.048303 -0.0442168 -2.95701 0 0 0 
-11.8181 14.1008 16796.5 0.792838 -1.50229 199.993 63.4243 -13 -2 1 0 1 0.076589 -0.0768401 -2.03928 0 0 0 
-11.7759 14.0987 16800.5 0.901829 -1.40097 199.993 63.4392 -13 -2 1 0 1 0.0770899 -0.0778967 -1.99361 0 0 0 
-11.7759 14.0987 16800.5 0.901857 -1.40095 199.993 63.4392 -13 -2 1 0 1 0.07709 -0.0778969 -1.99359 0 0 0 
-10.6538 14.1014 16900.5 3.58071 1.4502 199.963 63.8165 -13 -2 1 0 1 0.0813498 -0.0964731 -0.701119 0 0 0 
-8.11989 15.4353 17000.5 6.70573 3.6176 199.855 64.1937 -13 -2 1 0 1 0.0637485 -0.108105 0.70494 0 0 0 
-3.79087 17.2894 17100.3 10.6916 3.21619 199.688 64.571 -13 -2 1 0 1 0.030864 -0.103381 1.99371 0 0 0 
2.43533 17.991 17200.1 13.7897 -1.03885 199.522 64.9482 -13 -2 1 0 1 0.00268352 -0.0659145 2.92536 0 0 0 
9.30586 15.8717 17299.9 12.8486 -7.43844 199.449 65.3255 -13 -2 1 0 1 0.011531 -0.00670818 3.27029 0 0 0 
14.5662 10.9699 17399.6 7.77422 -11.4347 199.522 65.7027 -13 -2 1 0 1 0.0590692 0.0301368 2.92602 0 0 0 
17.0656 5.22863 17499.4 2.55937 -10.8476 199.69 66.08 -13 -2 1 0 1 0.106117 0.0241782 1.99457 0 0 0 
17.6314 0.571474 17599.3 0.249573 -7.55904 199.857 66.4572 -13 -2 1 0 1 0.126981 -0.00196272 0.705278 0 0 0 
17.7633 -2.25005 17699.3 0.581708 -3.72139 199.965 66.8345 -13 -2 1 0 1 0.125883 -0.0227583 -0.698517 0 0 0 
18.3432 -3.15637 17799.3 1.69286 0.0820151 199.993 67.2117 -13 -2 1 0 1 0.107581 -0.0278954 -1.99574 0 0 0 
19.2636 -2.23449 17899.2 1.69365 3.43924 199.964 67.589 -13 -2 1 0 1 0.0657081 -0.0197682 -2.93533 0 0 0 
19.7504 -0.0304566 17999.2 0.0636225 4.92726 199.94 67.9662 -13 -2 1 0 1 0.000642878 -0.0133521 -3.2874 0 0 0 
19.322 2.19734 18099.2 -1.59655 3.52821 199.963 68.3435 -13 -2 1 0 1 -0.0648024 -0.0195555 -2.94746 0 0 0 
18.4369 3.17559 18199.2 -1.646 0.20946 199.993 68.7207 -13 -2 1 0 1 -0.10743 -0.0279423 -2.01735 0 0 0 
17.8754 2.33375 18299.2 -0.545536 -3.59479 199.967 69.098 -13 -2 1 0 1 -0.126289 -0.0233319 -0.728816 0 0 0 
17.7717 -0.428765 18399.1 -0.163116 -7.45362 199.861 69.4752 -13 -2 1 0 1 -0.127863 -0.00296965 0.672989 0 0 0 
17.2701 -5.04689 18499 -2.38675 -10.8082 199.694 69.8525 -13 -2 1 0 1 -0.107497 0.0232044 1.9669 0 0 0 
14.8736 -10.8008 18598.8 -7.5496 -11.5361 199.525 70.2297 -13 -2 1 0 1 -0.0605564 0.0299344 2.90351 0 0 0 
9.71461 -15.7943 18698.6 -12.6903 -7.69506 199.449 70.607 -13 -2 1 0 1 -0.0119025 -0.00608666 3.25497 0 0 0 
2.88698 -18.06 18798.3 -13.7785 -1.34375 199.521 70.9842 -13 -2 1 0 1 -0.00126157 -0.0656362 2.9177 0 0 0 
-3.3616 -17.4969 18898.1 -10.7748 2.97876 199.688 71.3615 -13 -2 1 0 1 -0.0283637 -0.104481 1.9904 0 0 0 
-7.73349 -15.738 18998 -6.7784 3.47199 199.855 71.7387 -13 -2 1 0 1 -0.0611487 -0.11045 0.701427 0 0 0 
-10.2857 -14.4578 19097.9 -3.57399 1.3779 199.964 72.116 -13 -2 1 0 1 -0.0790703 -0.0994605 -0.705748 0 0 0 
-11.3796 -14.4742 19197.9 -0.796503 -1.40228 199.994 72.4932 -13 -2 1 0 1 -0.0753352 -0.0809194 -2.00988 0 0 0 
-11.0496 -15.6651 19297.9 2.11361 -3.02849 199.966 72.8705 -13 -2 1 0 1 -0.0488761 -0.0484787 -2.96058 0 0 0 
-9.39866 -17.1054 19397.9 4.19402 -2.35166 199.943 73.2477 -13 -2 1 0 1 -0.0125427 0.00469762 -3.32672 0 0 0 
-7.28101 -17.7723 19497.9 3.79511 -0.251833 199.964 73.625 -13 -2 1 0 1 0.0133511 0.0642258 -3.00296 0 0 0 
-6.01914 -17.4475 19597.9 0.957207 1.37482 199.993 74.0022 -13 -2 1 0 1 0.026545 0.10506 -2.08815 0 0 0 
-6.48229 -16.54 19697.9 -2.85084 2.20956 199.968 74.3795 -13 -2 1 0 1 0.0395519 0.119056 -0.813569 0 0 0 
-8.8222 -15.1388 19797.8 -6.3722 3.63849 199.866 74.7567 -13 -2 1 0 1 0.0578214 0.110772 0.574802 0 0 0 
-12.5929 -12.5628 19897.7 -8.29068 7.03048 199.705 75.134 -13 -2 1 0 1 0.0706449 0.0811618 1.85471 0 0 0 
-16.5211 -7.86765 19997.5 -6.70647 11.7547 199.542 75.5112 -13 -2 1 0 1 0.0540513 0.0379597 2.77614 0 0 0 
-18.6383 -1.14221 20097.3 -1.31671 14.4971 199.47 75.8885 -13 -2 1 0 1 -0.00126558 0.0130807 3.10816 0 0 0 
-17.7852 5.85406 20197 4.37342 12.7729 199.544 76.2657 -13 -2 1 0 1 -0.0613829 0.0325007 2.74375 0 0 0 
-14.8866 11.1922 20296.8 6.48808 8.46372 199.716 76.643 -13 -2 1 0 1 -0.088046 0.0767829 1.77488 0 0 0 
-11.9479 14.4465 20396.7 4.76415 4.81812 199.886 77.0202 -13 -2 1 0 1 -0.0843863 0.112401 0.424523 0 0 0 
-10.4617 16.2497 20496.7 0.989026 2.53059 199.982 77.3975 -13 -2 1 0 1 -0.0732242 0.127066 -1.06984 0 0 0 
-11.0098 16.9521 20596.7 -3.07212 0.100027 199.977 77.7747 -13 -2 1 0 1 -0.0644514 0.116786 -2.49603 0 0 0 
-13.2164 16.1023 20696.7 -5.21505 -3.70994 199.898 78.152 -13 -2 1 0 1 -0.0485564 0.078012 -3.61723 0 0 0 
-15.5356 13.2462 20796.6 -3.34377 -7.41259 199.835 78.5292 -13 -2 1 0 1 -0.0119098 0.0264038 -4.21929 0 0 0 
-16.0421 9.27241 20896.5 1.5194 -7.73656 199.845 78.9065 -13 -2 1 0 1 0.0319586 -0.00674346 -4.22183 0 0 0 
-14.1555 6.18371 20996.4 5.63092 -4.14577 199.878 79.2837 -13 -2 1 0 1 0.0523268 -0.0152781 -3.74931 0 0 0 
-10.8816 5.3288 21096.4 7.0278 0.690271 199.876 79.661 -13 -2 1 0 1 0.044711 -0.0169457 -3.04993 0 0 0 
-7.44724 6.69935 21196.3 6.51648 4.54739 199.843 80.0382 -13 -2 1 0 1 0.0272749 -0.0208095 -2.34644 0 0 0 
-5.74552 8.28235 21252.2 5.92594 6.04759 199.821 80.2492 -13 -2 1 0 1 0.0186761 -0.0234713 -1.99501 0 0 0 

# Event -1 Track 1
-11.2945 14.0917 0 0.731734 -1.1308 199.995 0 -13 -1 1 0 1 0.0741975 -0.077677 -1.99041 0 0 0 
-11.2894 14.0922 0.4995 0.745049 -1.11858 199.995 0.0018845 -13 -1 1 0 1 0.0742566 -0.077814 -1.98463 0 0 0 
-11.2894 14.0922 0.5005 0.745076 -1.11856 199.995 0.00188827 -13 -1 1 0 1 0.0742567 -0.0778142 -1.98462 0 0 0 
-10.2589 14.2036 100.494 3.38709 1.607 199.965 0.379139 -13 -1 1 0 1 0.0786113 -0.0971521 -0.689168 0 0 0 
-7.81568 15.5932 200.453 6.54288 3.69219 199.859 0.75639 -13 -1 1 0 1 0.0616537 -0.10919 0.713612 0 0 0 
-3.55599 17.4743 300.342 10.5776 3.25564 199.694 1.13364 -13 -1 1 0 1 0.0295166 -0.104448 2.00268 0 0 0 
2.62414 18.192 400.146 13.7165 -1.01181 199.527 1.51089 -13 -1 1 0 1 0.00204909 -0.0665914 2.9347 0 0 0 
9.4635 16.0858 499.885 12.7924 -7.41088 199.453 1.88814 -13 -1 1 0 1 0.0115176 -0.00670873 3.27998 0 0 0 
14.6943 11.2016 599.624 7.70853 -11.3881 199.527 2.26539 -13 -1 1 0 1 0.0594742 0.0309188 2.93597 0 0 0 
17.1544 5.49223 699.427 2.46507 -10.7651 199.695 2.64264 -13 -1 1 0 1 0.106592 0.0257125 2.0048 0 0 0 
17.6616 0.885157 799.318 0.104729 -7.4443 199.861 3.0199 -13 -1 1 0 1 0.12714 0.000233248 0.715917 0 0 0 
17.7026 -1.87785 899.278 0.357525 -3.61171 199.967 3.39715 -13 -1 1 0 1 0.125416 -0.0201482 -0.690728 0 0 0 
18.1462 -2.74628 999.272 1.37454 0.107808 199.995 3.7744 -13 -1 1 0 1 0.106392 -0.0254916 -1.98417 0 0 0 
18.8949 -1.85188 1099.26 1.34345 3.29267 199.968 4.15165 -13 -1 1 0 1 0.0643925 -0.0184443 -2.92303 0 0 0 
19.2266 0.23268 1199.24 -0.183548 4.60802 199.947 4.5289 -13 -1 1 0 1 0.000545695 -0.0133194 -3.27423 0 0 0 
18.7202 2.28272 1299.22 -1.65959 3.16317 199.968 4.90615 -13 -1 1 0 1 -0.0628832 -0.019822 -2.93341 0 0 0 
17.8399 3.09658 1399.21 -1.58169 -0.0679543 199.994 5.2834 -13 -1 1 0 1 -0.104078 -0.0274727 -2.00247 0 0 0 
17.3186 2.14805 1499.2 -0.466395 -3.74455 199.964 5.66065 -13 -1 1 0 1 -0.12253 -0.0220284 -0.713062 0 0 0 
17.2413 -0.660572 1599.16 -0.14354 -7.4913 199.86 6.0379 -13 -1 1 0 1 -0.124311 -0.00133282 0.693199 0 0 0 
16.7319 -5.2714 1699.05 -2.43376 -10.7404 199.697 6.41515 -13 -1 1 0 1 -0.104532 0.0245732 1.98534 0 0 0 
14.3046 -10.9637 1798.86 -7.61374 -11.3582 199.532 6.7924 -13 -1 1 0 1 -0.0587759 0.0306161 2.9237 0 0 0 
9.12597 -15.8462 1898.6 -12.6925 -7.43954 199.458 7.16965 -13 -1 1 0 1 -0.0119907 -0.0058823 3.27721 0 0 0 
2.32223 -17.9818 1998.34 -13.6816 -1.09404 199.529 7.54691 -13 -1 1 0 1 -0.00318088 -0.0651109 2.94231 0 0 0 
-3.86037 -17.3109 2098.14 -10.6189 3.15395 199.693 7.92416 -13 -1 1 0 1 -0.0311943 -0.103102 2.01781 0 0 0 
-8.15388 -15.4854 2198.03 -6.6308 3.56626 199.858 8.30141 -13 -1 1 0 1 -0.0639337 -0.108366 0.732199 0 0 0 
-10.6446 -14.1732 2297.99 -3.48096 1.41638 199.965 8.67866 -13 -1 1 0 1 -0.0813691 -0.0971274 -0.674361 0 0 0 
-11.7098 -14.1801 2397.99 -0.775196 -1.40207 199.994 9.05591 -13 -1 1 0 1 -0.0769914 -0.0787798 -1.97376 0 0 0 
-11.3856 -15.3819 2497.98 2.07383 -3.0754 199.966 9.43316 -13 -1 1 0 1 -0.0497141 -0.046957 -2.91873 0 0 0 
-9.76113 -16.8601 2597.95 4.13727 -2.45531 199.942 9.81041 -13 -1 1 0 1 -0.012256 0.00542989 -3.27796 0 0 0 
-7.66497 -17.5877 2697.93 3.77183 -0.38181 199.964 10.1877 -13 -1 1 0 1 0.0148973 0.0644976 -2.94593 0 0 0 
-6.40334 -17.3213 2797.92 0.976956 1.28271 199.994 10.5649 -13 -1 1 0 1 0.0290226 0.105371 -2.02118 0 0 0 
-6.85088 -16.4374 2897.91 -2.81192 2.21625 199.968 10.9422 -13 -1 1 0 1 0.0424675 0.119542 -0.734555 0 0 0 
-9.16676 -14.9967 2997.87 -6.30746 3.79826 199.864 11.3194 -13 -1 1 0 1 0.0608668 0.111155 0.672066 0 0 0 
-12.8792 -12.2946 3097.76 -8.09377 7.37483 199.7 11.6967 -13 -1 1 0 1 0.0735252 0.0810318 1.97051 0 0 0 
-16.6325 -7.39548 3197.57 -6.16601 12.1935 199.533 12.0739 -13 -1 1 0 1 0.0564975 0.0375155 2.91516 0 0 0 
-18.3585 -0.485542 3297.31 -0.287919 14.7353 199.456 12.4512 -13 -1 1 0 1 0.00173706 0.0133712 3.27676 0 0 0 
-16.8884 6.51231 3397.05 5.77384 12.5117 199.525 12.8284 -13 -1 1 0 1 -0.0546599 0.0335384 2.95073 0 0 0 
-13.2432 11.5929 3496.85 8.05339 7.73413 199.688 13.2057 -13 -1 1 0 1 -0.0744458 0.0760073 2.03266 0 0 0 
-9.4799 14.4417 3596.74 6.52794 4.01497 199.853 13.5829 -13 -1 1 0 1 -0.0628369 0.106955 0.750174 0 0 0 
-7.01445 15.9591 3696.7 3.17419 2.32621 199.961 13.9602 -13 -1 1 0 1 -0.043938 0.116736 -0.656368 0 0 0 
-6.36851 16.9014 3796.69 -0.562956 1.43268 199.994 14.3374 -13 -1 1 0 1 -0.0295783 0.104521 -1.9586 0 0 0 
-7.43888 17.2779 3896.68 -3.45049 -0.0862524 199.97 14.7147 -13 -1 1 0 1 -0.0154803 0.0662677 -2.90979 0 0 0 
-9.43197 16.7235 3996.66 -4.06264 -2.08617 199.948 15.0919 -13 -1 1 0 1 0.0104141 0.0086586 -3.27722 0 0 0 
-11.0834 15.41 4096.64 -2.23857 -2.811 199.968 15.4692 -13 -1 1 0 1 0.0469553 -0.0444569 -2.95422 0 0 0 
-11.5211 14.2978 4196.63 0.50856 -1.30296 199.995 15.8464 -13 -1 1 0 1 0.0749103 -0.0779916 -2.03602 0 0 0 
-11.4852 14.2985 4200.5 0.614282 -1.20909 199.995 15.861 -13 -1 1 0 1 0.0754122 -0.0790551 -1.99131 0 0 0 
-11.4852 14.2985 4200.5 0.614309 -1.20907 199.995 15.861 -13 -1 1 0 1 0.0754123 -0.0790554 -1.9913 0 0 0 
-10.5056 14.3686 4300.49 3.31043 1.54087 199.967 16.2383 -13 -1 1 0 1 0.0803389 -0.0983403 -0.695349 0 0 0 
-8.09209 15.7391 4400.45 6.49841 3.68538 199.861 16.6155 -13 -1 1 0 1 0.0635693 -0.11023 0.71117 0 0 0 
-3.8466 17.633 4500.34 10.5678 3.31205 199.693 16.9928 -13 -1 1 0 1 0.0311899 -0.105392 2.00048 0 0 0 
2.34157 18.3901 4600.15 13.7615 -0.918028 199.524 17.37 -13 -1 1 0 1 0.00298714 -0.0672812 2.93268 0 0 0 
9.21824 16.3288 4699.88 12.8929 -7.33501 199.449 17.7473 -13 -1 1 0 1 0.011505 -0.00673105 3.27808 0 0 0 
14.5048 11.4681 4799.62 7.82149 -11.3733 199.523 18.1245 -13 -1 1 0 1 0.0588235 0.0317937 2.93418 0 0 0 
17.0133 5.75059 4899.42 2.53911 -10.8089 199.692 18.5018 -13 -1 1 0 1 0.10576 0.0271902 2.00314 0 0 0 
17.5432 1.11196 4999.31 0.121767 -7.52335 199.859 18.879 -13 -1 1 0 1 0.126303 0.00179532 0.714411 0 0 0 
17.5812 -1.69702 5099.27 0.333183 -3.71686 199.965 19.2563 -13 -1 1 0 1 0.124559 -0.0189007 -0.692082 0 0 0 
18.0099 -2.62568 5199.26 1.3467 -0.02864 199.996 19.6335 -13 -1 1 0 1 0.105575 -0.0247927 -1.98852 0 0 0 
18.7535 -1.80622 5299.26 1.35861 3.13342 199.971 20.0108 -13 -1 1 0 1 0.0638907 -0.0182904 -2.92714 0 0 0 
19.1101 0.200776 5399.24 -0.0984477 4.46526 199.95 20.388 -13 -1 1 0 1 0.000521288 -0.0133228 -3.27817 0 0 0 
18.6603 2.19257 5499.21 -1.52499 3.07683 199.971 20.7653 -13 -1 1 0 1 -0.0627035 -0.0195259 -2.93722 0 0 0 
17.8506 2.97793 5599.21 -1.4408 -0.0998358 199.995 21.1425 -13 -1 1 0 1 -0.104158 -0.0267942 -2.00614 0 0 0 
17.3955 2.01971 5699.2 -0.344075 -3.75864 199.964 21.5198 -13 -1 1 0 1 -0.123082 -0.0211442 -0.716566 0 0 0 
17.3733 -0.800068 5799.16 -0.0465897 -7.5276 199.858 21.897 -13 -1 1 0 1 -0.125246 -0.000367193 0.689885 0 0 0 
16.9029 -5.4399 5899.05 -2.37845 -10.8216 199.693 22.2743 -13 -1 1 0 1 -0.105527 0.0255508 1.98538 0 0 0 
14.4878 -11.1825 5998.85 -7.62338 -11.4731 199.525 22.6515 -13 -1 1 0 1 -0.0594035 0.0313627 2.92384 0 0 0 
9.28689 -16.1216 6098.59 -12.7686 -7.54215 199.45 23.0288 -13 -1 1 0 1 -0.0120027 -0.0058626 3.27745 0 0 0 
2.43688 -18.2965 6198.33 -13.7805 -1.14575 199.522 23.406 -13 -1 1 0 1 -0.0028028 -0.0661481 2.94262 0 0 0 
-3.78857 -17.639 6298.13 -10.6837 3.14807 199.69 23.7833 -13 -1 1 0 1 -0.0307823 -0.104987 2.01813 0 0 0 
-8.09899 -15.8106 6398.02 -6.63135 3.5805 199.858 24.1605 -13 -1 1 0 1 -0.0635553 -0.110617 0.73248 0 0 0 
-10.5729 -14.4882 6497.97 -3.41403 1.44452 199.966 24.5378 -13 -1 1 0 1 -0.0808742 -0.0993171 -0.674145 0 0 0 
-11.5908 -14.473 6597.97 -0.658209 -1.33615 199.995 24.9151 -13 -1 1 0 1 -0.0763049 -0.0804886 -1.97362 0 0 0 
-11.205 -15.6259 6697.96 2.19242 -2.94293 199.966 25.2923 -13 -1 1 0 1 -0.0491032 -0.0477999 -2.91868 0 0 0 
-9.53505 -17.0227 6797.93 4.19066 -2.26964 199.943 25.6696 -13 -1 1 0 1 -0.0122452 0.00540811 -3.27798 0 0 0 
-7.43586 -17.6567 6897.91 3.73163 -0.204479 199.965 26.0468 -13 -1 1 0 1 0.0141387 0.064716 -2.94601 0 0 0 
-6.2117 -17.3148 6997.9 0.875699 1.40307 199.993 26.4241 -13 -1 1 0 1 0.0279202 0.105328 -2.02133 0 0 0 
-6.7149 -16.3854 7097.89 -2.92682 2.28189 199.966 26.8013 -13 -1 1 0 1 0.0415256 0.11918 -0.734771 0 0 0 
-9.08563 -14.9193 7197.85 -6.4092 3.84022 199.861 27.1786 -13 -1 1 0 1 0.0603034 0.110618 0.671801 0 0 0 
-12.843 -12.1956 7297.74 -8.16995 7.42282 199.695 27.5558 -13 -1 1 0 1 0.0733178 0.0804592 1.97023 0 0 0 
-16.6256 -7.26801 7397.55 -6.20543 12.2598 199.528 27.9331 -13 -1 1 0 1 0.0564847 0.0370826 2.91497 0 0 0 
-18.3608 -0.322035 7497.29 -0.285974 14.8103 199.451 28.3103 -13 -1 1 0 1 0.00175387 0.0133559 3.27675 0 0 0 
-16.8823 6.71192 7597.02 5.80128 12.5793 199.52 28.6876 -13 -1 1 0 1 -0.0546265 0.0341857 2.95095 0 0 0 
-13.2233 11.8238 7696.82 8.07553 7.79308 199.685 29.0648 -13 -1 1 0 1 -0.0743273 0.0773241 2.03306 0 0 0 
-9.45648 14.7022 7796.71 6.51575 4.07589 199.852 29.4421 -13 -1 1 0 1 -0.0626758 0.108754 0.750638 0 0 0 
-7.01066 16.2511 7896.67 3.10443 2.38935 199.962 29.8193 -13 -1 1 0 1 -0.0439155 0.11877 -0.655963 0 0 0 
-6.4171 17.2203 7996.66 -0.702786 1.46997 199.994 30.1966 -13 -1 1 0 1 -0.0298682 0.106395 -1.95836 0 0 0 
-7.5712 17.5986 8096.65 -3.63728 -0.123931 199.967 30.5738 -13 -1 1 0 1 -0.0159475 0.0673983 -2.90981 0 0 0 
-9.65522 17.001 8196.62 -4.22582 -2.21911 199.943 30.9511 -13 -1 1 0 1 0.0103759 0.00871301 -3.27749 0 0 0 
-11.3679 15.6064 8296.6 -2.31426 -2.99005 199.964 31.3283 -13 -1 1 0 1 0.0478715 -0.0450811 -2.95469 0 0 0 
-11.8206 14.4091 8396.59 0.518193 -1.45404 199.994 31.7056 -13 -1 1 0 1 0.0766181 -0.0786208 -2.03658 0 0 0 
-11.7837 14.4074 8400.5 0.627463 -1.35709 199.995 31.7203 -13 -1 1 0 1 0.0771416 -0.0796888 -1.99142 0 0 0 
-11.7837 14.4074 8400.5 0.627491 -1.35707 199.995 31.7203 -13 -1 1 0 1 0.0771417 -0.0796891 -1.99141 0 0 0 
-10.7856 14.419 8500.49 3.3634 1.45612 199.967 32.0976 -13 -1 1 0 1 0.0822816 -0.0986923 -0.69538 0 0 0 
-8.34293 15.7619 8600.45 6.55956 3.65637 199.859 32.4748 -13 -1 1 0 1 0.0653069 -0.11039 0.711174 0 0 0 
-4.06647 17.6506 8700.34 10.631 3.31579 199.69 32.8521 -13 -1 1 0 1 0.0324587 -0.105495 2.00048 0 0 0 
2.15468 18.4117 8800.14 13.8305 -0.910509 199.519 33.2293 -13 -1 1 0 1 0.0036132 -0.0673559 2.93265 0 0 0 
9.06638 16.3491 8899.88 12.9617 -7.35162 199.444 33.6066 -13 -1 1 0 1 0.0115034 -0.00673489 3.27803 0 0 0 
14.3839 11.4711 8999.61 7.87375 -11.4261 199.518 33.9838 -13 -1 1 0 1 0.0584143 0.0317997 2.93418 0 0 0 
16.9124 5.7191 9099.41 2.56784 -10.8926 199.687 34.3611 -13 -1 1 0 1 0.105174 0.0270067 2.00323 0 0 0 
17.4535 1.03263 9199.3 0.141602 -7.63023 199.855 34.7383 -13 -1 1 0 1 0.125679 0.00124591 0.714593 0 0 0 
17.5055 -1.83451 9299.26 0.375615 -3.84107 199.963 35.1156 -13 -1 1 0 1 0.124035 -0.0198534 -0.691857 0 0 0 
17.9687 -2.82591 9399.25 1.44716 -0.149712 199.995 35.4928 -13 -1 1 0 1 0.105342 -0.025952 -1.98832 0 0 0 
18.7803 -2.05677 9499.24 1.52787 3.06247 199.971 35.8701 -13 -1 1 0 1 0.0639915 -0.0191376 -2.92706 0 0 0 
19.2308 -0.0629746 9599.22 0.0964958 4.4867 199.95 36.2473 -13 -1 1 0 1 0.00053618 -0.0133301 -3.27826 0 0 0 
18.8703 1.96062 9699.2 -1.37251 3.17411 199.97 36.6246 -13 -1 1 0 1 -0.0633956 -0.0187528 -2.93746 0 0 0 
18.1193 2.80024 9799.19 -1.35741 0.00849941 199.996 37.0018 -13 -1 1 0 1 -0.105705 -0.0257708 -2.00644 0 0 0 
17.6925 1.88703 9899.18 -0.30942 -3.69302 199.966 37.3791 -13 -1 1 0 1 -0.12514 -0.0202262 -0.716838 0 0 0 
17.6806 -0.915509 9999.14 -0.0384508 -7.5254 199.859 37.7563 -13 -1 1 0 1 -0.127382 0.000433512 0.689694 0 0 0 
17.2075 -5.56952 10099 -2.40011 -10.8775 199.69 38.1336 -13 -1 1 0 1 -0.107302 0.0263053 1.98531 0 0 0 
14.7702 -11.3483 10198.8 -7.69293 -11.5537 199.518 38.5108 -13 -1 1 0 1 -0.0603729 0.0319343 2.92392 0 0 0 
9.52257 -16.3224 10298.6 -12.8812 -7.59263 199.44 38.8881 -13 -1 1 0 1 -0.0120227 -0.00583914 3.27767 0 0 0 
2.61421 -18.5066 10398.3 -13.8923 -1.13057 199.514 39.2653 -13 -1 1 0 1 -0.00221897 -0.066831 2.94296 0 0 0 
-3.6573 -17.8264 10498.1 -10.7515 3.2201 199.685 39.6426 -13 -1 1 0 1 -0.0300277 -0.106057 2.01855 0 0 0 
-7.98852 -15.9529 10598 -6.64893 3.68549 199.856 40.0198 -13 -1 1 0 1 -0.0627907 -0.1116 0.73294 0 0 0 
-10.4636 -14.572 10697.9 -3.40734 1.57318 199.965 40.3971 -13 -1 1 0 1 -0.0801176 -0.0999021 -0.673685 0 0 0 
-11.4808 -14.4869 10797.9 -0.670042 -1.18606 199.996 40.7743 -13 -1 1 0 1 -0.0756715 -0.0805774 -1.97322 0 0 0 
-11.1146 -15.5633 10897.9 2.12091 -2.79378 199.969 41.1516 -13 -1 1 0 1 -0.0488039 -0.0476008 -2.91839 0 0 0 
-9.49768 -16.8954 10997.9 4.05384 -2.16729 199.947 41.5288 -13 -1 1 0 1 -0.0122527 0.00539882 -3.27786 0 0 0 
-7.47506 -17.4962 11097.9 3.57117 -0.174412 199.968 41.9061 -13 -1 1 0 1 0.0142601 0.0641708 -2.94611 0 0 0 
-6.32707 -17.1529 11197.9 0.736554 1.38642 199.994 42.2833 -13 -1 1 0 1 0.0285776 0.104389 -2.02161 0 0 0 
-6.8912 -16.2333 11297.9 -3.03151 2.26754 199.964 42.6606 -13 -1 1 0 1 0.0427421 0.118124 -0.735156 0 0 0 
-9.3062 -14.7653 11397.8 -6.48146 3.86658 199.858 43.0378 -13 -1 1 0 1 0.0618345 0.109551 0.671395 0 0 0 
-13.0897 -12.0146 11497.7 -8.19886 7.50425 199.691 43.4151 -13 -1 1 0 1 0.07476 0.0794132 1.9699 0 0 0 
-16.871 -7.03616 11597.5 -6.16795 12.3746 199.522 43.7923 -13 -1 1 0 1 0.0573451 0.0362945 2.91484 0 0 0 
-18.5701 -0.0355315 11697.3 -0.183417 14.9041 199.444 44.1696 -13 -1 1 0 1 0.00179784 0.0133286 3.27689 0 0 0 
-17.0336 7.03037 11797 5.92008 12.6102 199.514 44.5468 -13 -1 1 0 1 -0.0551038 0.0352198 2.95138 0 0 0 
-13.3239 12.1426 11896.8 8.1521 7.76802 199.683 44.9241 -13 -1 1 0 1 -0.074897 0.079143 2.03366 0 0 0 
-9.53526 15.0006 11996.7 6.52527 4.02329 199.853 45.3013 -13 -1 1 0 1 -0.063221 0.110816 0.751254 0 0 0 
-7.10037 16.5188 12096.6 3.05429 2.31813 199.963 45.6786 -13 -1 1 0 1 -0.0445428 0.120636 -0.655428 0 0 0 
-6.54122 17.4446 12196.6 -0.783606 1.36383 199.994 46.0558 -13 -1 1 0 1 -0.0305997 0.10772 -1.95799 0 0 0 
-7.73311 17.7577 12296.6 -3.69772 -0.278313 199.966 46.4331 -13 -1 1 0 1 -0.0165188 0.067973 -2.90968 0 0 0 
-9.83081 17.0753 12396.6 -4.21401 -2.3958 199.941 46.8103 -13 -1 1 0 1 0.0103403 0.00874752 -3.2776 0 0 0 
-11.5169 15.5982 12496.6 -2.2237 -3.13457 199.963 47.1876 -13 -1 1 0 1 0.0483429 -0.0450348 -2.95503 0 0 0 
-11.9127 14.3434 12596.5 0.647106 -1.53965 199.993 47.5648 -13 -1 1 0 1 0.0771363 -0.0782336 -2.03708 0 0 0 
-11.8728 14.3405 12600.5 0.758129 -1.43947 199.994 47.5798 -13 -1 1 0 1 0.0776571 -0.0793017 -1.99142 0 0 0 
-11.8728 14.3405 12600.5 0.758157 -1.43944 199.994 47.5798 -13 -1 1 0 1 0.0776572 -0.0793019 -1.99141 0 0 0 
-10.8091 14.3218 12700.5 3.49073 1.41131 199.965 47.957 -13 -1 1 0 1 0.0824434 -0.0980177 -0.695378 0 0 0 
-8.30783 15.6435 12800.5 6.66409 3.61038 199.857 48.3343 -13 -1 1 0 1 0.0650632 -0.109568 0.711137 0 0 0 
-3.98788 17.5027 12900.3 10.6974 3.24138 199.688 48.7115 -13 -1 1 0 1 0.0320048 -0.10464 2.00039 0 0 0 
2.25282 18.2192 13000.1 13.8397 -1.01128 199.518 49.0888 -13 -1 1 0 1 0.00328412 -0.0667103 2.93251 0 0 0 
9.15372 16.106 13099.9 12.9123 -7.44662 199.444 49.466 -13 -1 1 0 1 0.0115016 -0.00673598 3.2779 0 0 0 
14.4386 11.1886 13199.6 7.80083 -11.4867 199.518 49.8433 -13 -1 1 0 1 0.0585938 0.0308525 2.93412 0 0 0 
16.935 5.41448 13299.4 2.51921 -10.9238 199.686 50.2205 -13 -1 1 0 1 0.105301 0.0252497 2.00326 0 0 0 
17.4646 0.715184 13399.3 0.147635 -7.65314 199.854 50.5978 -13 -1 1 0 1 0.125755 -0.000951496 0.71467 0 0 0 
17.5363 -2.16269 13499.3 0.449385 -3.85904 199.963 50.975 -13 -1 1 0 1 0.12425 -0.022128 -0.69178 0 0 0 
18.0532 -3.15648 13599.2 1.58542 -0.134182 199.994 51.3523 -13 -1 1 0 1 0.105835 -0.0278659 -1.9883 0 0 0 
18.9429 -2.36205 13699.2 1.69158 3.15368 199.968 51.7295 -13 -1 1 0 1 0.0645477 -0.02017 -2.92715 0 0 0 
19.4663 -0.301594 13799.2 0.211639 4.65685 199.946 52.1068 -13 -1 1 0 1 0.000549149 -0.0133371 -3.27845 0 0 0 
19.1395 1.81514 13899.2 -1.3548 3.36357 199.967 52.484 -13 -1 1 0 1 -0.0642896 -0.0182683 -2.93771 0 0 0 
18.3759 2.73991 13999.2 -1.41801 0.152336 199.995 52.8613 -13 -1 1 0 1 -0.107184 -0.0254236 -2.00668 0 0 0 
17.9096 1.88279 14099.2 -0.399763 -3.61105 199.967 53.2385 -13 -1 1 0 1 -0.126645 -0.0201972 -0.717028 0 0 0 
17.8521 -0.890242 14199.1 -0.12692 -7.48459 199.86 53.6158 -13 -1 1 0 1 -0.128574 0.000258653 0.689564 0 0 0 
17.3378 -5.52815 14299 -2.47561 -10.8495 199.69 53.993 -13 -1 1 0 1 -0.108061 0.0260673 1.98523 0 0 0 
14.8671 -11.2914 14398.8 -7.74998 -11.5172 199.518 54.3703 -13 -1 1 0 1 -0.0607064 0.0317453 2.92388 0 0 0 
9.5969 -16.2432 14498.6 -12.9137 -7.53968 199.44 54.7475 -13 -1 1 0 1 -0.0120298 -0.00583739 3.27764 0 0 0 
2.67841 -18.3975 14598.3 -13.9016 -1.06469 199.514 55.1248 -13 -1 1 0 1 -0.00200787 -0.0664635 2.94296 0 0 0 
-3.5947 -17.6818 14698.1 -10.752 3.29607 199.684 55.502 -13 -1 1 0 1 -0.0296673 -0.105221 2.01861 0 0 0 
-7.92882 -15.7672 14798 -6.66442 3.7745 199.854 55.8793 -13 -1 1 0 1 -0.0623762 -0.110313 0.733079 0 0 0 
-10.4213 -14.3387 14897.9 -3.46661 1.67287 199.963 56.2565 -13 -1 1 0 1 -0.079823 -0.0982818 -0.673481 0 0 0 
-11.4848 -14.2058 14997.9 -0.79827 -1.10159 199.996 56.6338 -13 -1 1 0 1 -0.0756943 -0.0789444 -1.97297 0 0 0 
-11.1996 -15.2544 15097.9 1.93074 -2.77593 199.972 57.011 -13 -1 1 0 1 -0.0490967 -0.0465485 -2.91816 0 0 0 
-9.68132 -16.6023 15197.9 3.86275 -2.24934 199.95 57.3883 -13 -1 1 0 1 -0.01227 0.00541374 -3.27772 0 0 0 
-7.73889 -17.2632 15297.9 3.44969 -0.321165 199.97 57.7655 -13 -1 1 0 1 0.0151256 0.0633973 -2.9461 0 0 0 
-6.6301 -16.9939 15397.9 0.697897 1.24892 199.995 58.1428 -13 -1 1 0 1 0.0303148 0.103473 -2.02171 0 0 0 
-7.19968 -16.1299 15497.9 -3.02124 2.18626 199.966 58.52 -13 -1 1 0 1 0.0448745 0.117409 -0.735284 0 0 0 
-9.60412 -14.6869 15597.8 -6.45237 3.84651 199.859 58.8973 -13 -1 1 0 1 0.063898 0.108994 0.667844 0 0 0 
-13.3698 -11.9341 15697.7 -8.1558 7.52885 199.692 59.2745 -13 -1 1 0 1 0.076384 0.078935 1.96625 0 0 0 
-17.1247 -6.93836 15797.5 -6.10473 12.413 199.521 59.6518 -13 -1 1 0 1 0.0582087 0.0359523 2.9111 0 0 0 
-18.7884 0.0771353 15897.2 -0.108462 14.9199 199.443 60.029 -13 -1 1 0 1 0.00180825 0.0133155 3.27303 0 0 0 
-17.217 7.14084 15997 5.97922 12.585 199.514 60.4063 -13 -1 1 0 1 -0.0557168 0.0355858 2.94732 0 0 0 
-13.4865 12.2311 16096.8 8.17457 7.7074 199.685 60.7835 -13 -1 1 0 1 -0.0758402 0.0796625 2.02932 0 0 0 
-9.69564 15.0518 16196.7 6.51457 3.93514 199.855 61.1608 -13 -1 1 0 1 -0.0643376 0.111188 0.746615 0 0 0 
-7.26919 16.5179 16296.6 3.03692 2.19667 199.965 61.538 -13 -1 1 0 1 -0.0457148 0.120633 -0.656934 0 0 0 
-6.71213 17.3742 16396.6 -0.766867 1.20903 199.995 61.9153 -13 -1 1 0 1 -0.0315961 0.107314 -1.95963 0 0 0 
-7.87817 17.607 16496.6 -3.60637 -0.436736 199.967 62.2925 -13 -1 1 0 1 -0.0170208 0.0674566 -2.91142 0 0 0 
-9.91035 16.8565 16596.6 -4.04868 -2.50004 199.944 62.6698 -13 -1 1 0 1 0.0103283 0.00872678 -3.27944 0 0 0 
-11.5062 15.3488 16696.6 -2.03986 -3.15317 199.965 63.047 -13 -1 1 0 1 0.048303 -0.0442168 -2.95701 0 0 0 
-11.8181 14.1008 16796.5 0.792838 -1.50229 199.993 63.4243 -13 -1 1 0 1 0.076589 -0.0768401 -2.03928 0 0 0 
-11.7759 14.0987 16800.5 0.901829 -1.40097 199.993 63.4392 -13 -1 1 0 1 0.0770899 -0.0778967 -1.99361 0 0 0 
-11.7759 14.0987 16800.5 0.901857 -1.40095 199.993 63.4392 -13 -1 1 0 1 0.07709 -0.0778969 -1.99359 0 0 0 
-10.6538 14.1014 16900.5 3.58071 1.4502 199.963 63.8165 -13 -1 1 0 1 0.0813498 -0.0964731 -0.701119 0 0 0 
-8.11989 15.4353 17000.5 6.70573 3.6176 199.855 64.1937 -13 -1 1 0 1 0.0637485 -0.108105 0.70494 0 0 0 
-3.79087 17.2894 17100.3 10.6916 3.21619 199.688 64.571 -13 -1 1 0 1 0.030864 -0.103381 1.99371 0 0 0 
2.43533 17.991 17200.1 13.7897 -1.03885 199.522 64.9482 -13 -1 1 0 1 0.00268352 -0.0659145 2.92536 0 0 0 
9.30586 15.8717 17299.9 12.8486 -7.43844 199.449 65.3255 -13 -1 1 0 1 0.011531 -0.00670818 3.27029 0 0 0 
14.5662 10.9699 17399.6 7.77422 -11.4347 199.522 65.7027 -13 -1 1 0 1 0.0590692 0.0301368 2.92602 0 0 0 
17.0656 5.22863 17499.4 2.55937 -10.8476 199.69 66.08 -13 -1 1 0 1 0.106117 0.0241782 1.99457 0 0 0 
17.6314 0.571474 17599.3 0.249573 -7.55904 199.857 66.4572 -13 -1 1 0 1 0.126981 -0.00196272 0.705278 0 0 0 
17.7633 -2.25005 17699.3 0.581708 -3.72139 199.965 66.8345 -13 -1 1 0 1 0.125883 -0.0227583 -0.698517 0 0 0 
18.3432 -3.15637 17799.3 1.69286 0.0820151 199.993 67.2117 -13 -1 1 0 1 0.107581 -0.0278954 -1.99574 0 0 0 
19.2636 -2.23449 17899.2 1.69365 3.43924 199.964 67.589 -13 -1 1 0 1 0.0657081 -0.0197682 -2.93533 0 0 0 
19.7504 -0.0304566 17999.2 0.0636225 4.92726 199.94 67.9662 -13 -1 1 0 1 0.000642878 -0.0133521 -3.2874 0 0 0 
19.322 2.19734 18099.2 -1.59655 3.52821 199.963 68.3435 -13 -1 1 0 1 -0.0648024 -0.0195555 -2.94746 0 0 0 
18.4369 3.17559 18199.2 -1.646 0.20946 199.993 68.7207 -13 -1 1 0 1 -0.10743 -0.0279423 -2.01735 0 0 0 
17.8754 2.33375 18299.2 -0.545536 -3.59479 199.967 69.098 -13 -1 1 0 1 -0.126289 -0.0233319 -0.728816 0 0 0 
17.7717 -0.428765 18399.1 -0.163116 -7.45362 199.861 69.4752 -13 -1 1 0 1 -0.127863 -0.00296965 0.672989 0 0 0 
17.2701 -5.04689 18499 -2.38675 -10.8082 199.694 69.8525 -13 -1 1 0 1 -0.107497 0.0232044 1.9669 0 0 0 
14.8736 -10.8008 18598.8 -7.5496 -11.5361 199.525 70.2297 -13 -1 1 0 1 -0.0605564 0.0299344 2.90351 0 0 0 
9.71461 -15.7943 18698.6 -12.6903 -7.69506 199.449 70.607 -13 -1 1 0 1 -0.0119025 -0.00608666 3.25497 0 0 0 
2.88698 -18.06 18798.3 -13.7785 -1.34375 199.521 70.9842 -13 -1 1 0 1 -0.00126157 -0.0656362 2.9177 0 0 0 
-3.3616 -17.4969 18898.1 -10.7748 2.97876 199.688 71.3615 -13 -1 1 0 1 -0.0283637 -0.104481 1.9904 0 0 0 
-7.73349 -15.738 18998 -6.7784 3.47199 199.855 71.7387 -13 -1 1 0 1 -0.0611487 -0.11045 0.701427 0 0 0 
-10.2857 -14.4578 19097.9 -3.57399 1.3779 199.964 72.116 -13 -1 1 0 1 -0.0790703 -0.0994605 -0.705748 0 0 0 
-11.3796 -14.4742 19197.9 -0.796503 -1.40228 199.994 72.4932 -13 -1 1 0 1 -0.0753352 -0.0809194 -2.00988 0 0 0 
-11.0496 -15.6651 19297.9 2.11361 -3.02849 199.966 72.8705 -13 -1 1 0 1 -0.0488761 -0.0484787 -2.96058 0 0 0 
-9.39866 -17.1054 19397.9 4.19402 -2.35166 199.943 73.2477 -13 -1 1 0 1 -0.0125427 0.00469762 -3.32672 0 0 0 
-7.28101 -17.7723 19497.9 3.79511 -0.251833 199.964 73.625 -13 -1 1 0 1 0.0133511 0.0642258 -3.00296 0 0 0 
-6.01914 -17.4475 19597.9 0.957207 1.37482 199.993 74.0022 -13 -1 1 0 1 0.026545 0.10506 -2.08815 0 0 0 
-6.48229 -16.54 19697.9 -2.85084 2.20956 199.968 74.3795 -13 -1 1 0 1 0.0395519 0.119056 -0.813569 0 0 0 
-8.8222 -15.1388 19797.8 -6.3722 3.63849 199.866 74.7567 -13 -1 1 0 1 0.0578214 0.110772 0.574802 0 0 0 
-12.5929 -12.5628 19897.7 -8.29068 7.03048 199.705 75.134 -13 -1 1 0 1 0.0706449 0.0811618 1.85471 0 0 0 
-16.5211 -7.86765 19997.5 -6.70647 11.7547 199.542 75.5112 -13 -1 1 0 1 0.0540513 0.0379597 2.77614 0 0 0 
-18.6383 -1.14221 20097.3 -1.31671 14.4971 199.47 75.8885 -13 -1 1 0 1 -0.00126558 0.0130807 3.10816 0 0 0 
-17.7852 5.85406 20197 4.37342 12.7729 199.544 76.2657 -13 -1 1 0 1 -0.0613829 0.0325007 2.74375 0 0 0 
-14.8866 11.1922 20296.8 6.48808 8.46372 199.716 76.643 -13 -1 1 0 1 -0.088046 0.0767829 1.77488 0 0 0 
-11.9479 14.4465 20396.7 4.76415 4.81812 199.886 77.0202 -13 -1 1 0 1 -0.0843863 0.112401 0.424523 0 0 0 
-10.4617 16.2497 20496.7 0.989026 2.53059 199.982 77.3975 -13 -1 1 0 1 -0.0732242 0.127066 -1.06984 0 0 0 
-11.0098 16.9521 20596.7 -3.07212 0.100027 199.977 77.7747 -13 -1 1 0 1 -0.0644514 0.116786 -2.49603 0 0 0 
-13.2164 16.1023 20696.7 -5.21505 -3.70994 199.898 78.152 -13 -1 1 0 1 -0.0485564 0.078012 -3.61723 0 0 0 
-15.5356 13.2462 20796.6 -3.34377 -7.41259 199.835 78.5292 -13 -1 1 0 1 -0.0119098 0.0264038 -4.21929 0 0 0 
-16.0421 9.27241 20896.5 1.5194 -7.73656 199.845 78.9065 -13 -1 1 0 1 0.0319586 -0.00674346 -4.22183 0 0 0 
-14.1555 6.18371 20996.4 5.63092 -4.14577 199.878 79.2837 -13 -1 1 0 1 0.0523268 -0.0152781 -3.74931 0 0 0 
-10.8816 5.3288 21096.4 7.0278 0.690271 199.876 79.661 -13 -1 1 0 1 0.044711 -0.0169457 -3.04993 0 0 0 
-7.44724 6.69935 21196.3 6.51648 4.54739 199.843 80.0382 -13 -1 1 0 1 0.0272749 -0.0208095 -2.34644 0 0 0 
-5.74552 8.28235 21252.2 5.92594 6.04759 199.821 80.2492 -13 -1 1 0 1 0.0186761 -0.0234713 -1.99501 0 0 0 

# Event 1 Track 1
-21.4115 13.9846 0 -35.4223 -9.56677 196.606 0.0870076 -13 1 1 0 1 0.132714 -0.0771329 -1.99336 0 0 0 
-21.4954 13.9568 0.4995 -35.3963 -9.60047 196.609 0.0889213 -13 1 1 0 1 0.133376 -0.0771052 -1.98758 0 0 0 
-21.4956 13.9567 0.5005 -35.3962 -9.60053 196.609 0.0889251 -13 1 1 0 1 0.133378 -0.0771052 -1.98757 0 0 0 
-38.0165 8.46785 98.9711 -31.0965 -10.4658 197.29 0.466176 -13 1 1 0 1 0.271175 -0.057444 -0.71676 0 0 0 
-53.1026 5.244 197.764 -29.5672 -0.837125 197.801 0.843427 -13 1 1 0 1 0.377669 -0.0377358 0.682874 0 0 0 
-67.3452 8.98925 296.639 -26.4573 16.7959 197.529 1.22068 -13 1 1 0 1 0.406477 -0.0566566 1.9962 0 0 0 
-77.9513 22.2494 395.133 -13.9744 35.3994 196.346 1.59793 -13 1 1 0 1 0.290544 -0.0854623 2.99271 0 0 0 
-79.7081 42.34 493.022 7.58189 41.9521 195.404 1.97518 -13 1 1 0 1 0.0324739 -0.017743 3.41627 0 0 0 
-71.2229 61.1008 590.834 24.1177 30.5994 196.168 2.35243 -13 1 1 0 1 -0.215567 0.187419 3.12798 0 0 0 
-58.4701 71.7117 689.409 24.0321 11.8811 198.195 2.72968 -13 1 1 0 1 -0.326235 0.403979 2.20066 0 0 0 
-49.3309 73.7589 788.93 11.2838 -2.66107 199.664 3.10693 -13 1 1 0 1 -0.338704 0.508291 0.885826 0 0 0 
-47.5773 69.7668 888.799 -3.91475 -13.0902 199.533 3.48418 -13 1 1 0 1 -0.334011 0.487111 -0.559637 0 0 0 
-52.236 60.4233 988.229 -13.0643 -24.7795 198.029 3.86143 -13 1 1 0 1 -0.316196 0.358128 -1.90453 0 0 0 
-58.4252 44.7532 1086.78 -9.1201 -37.4889 196.243 4.23868 -13 1 1 0 1 -0.22214 0.158617 -2.90687 0 0 0 
-59.0303 24.336 1184.64 8.27138 -41.8607 195.395 4.61594 -13 1 1 0 1 -0.0324844 1.45291e-05 -3.33171 0 0 0 
-49.8607 5.50729 1282.36 27.4192 -31.148 195.648 4.99319 -13 1 1 0 1 0.140912 -0.0282046 -3.07112 0 0 0 
-33.3502 -5.52354 1380.33 36.6738 -12.867 196.187 5.37044 -13 1 1 0 1 0.179453 0.0197426 -2.22215 0 0 0 
-14.6923 -8.2255 1478.52 37.0954 0.521892 196.529 5.74769 -13 1 1 0 1 0.0972732 0.0481662 -0.996779 0 0 0 
3.46638 -6.80534 1576.84 35.638 3.27198 196.772 6.12494 -13 1 1 0 1 -0.0286105 0.041705 0.381652 0 0 0 
21.027 -6.77484 1675.28 34.4119 -4.81873 196.958 6.50219 -13 1 1 0 1 -0.136923 0.0360285 1.70189 0 0 0 
37.156 -12.9085 1773.75 28.8374 -20.3851 196.858 6.87944 -13 1 1 0 1 -0.163044 0.0468559 2.75091 0 0 0 
48.3631 -26.8824 1872.09 14.666 -34.2105 196.506 7.25669 -13 1 1 0 1 -0.0596656 0.0200212 3.29722 0 0 0 
51.3319 -45.0974 1970.34 -2.17853 -36.3647 196.654 7.63394 -13 1 1 0 1 0.11523 -0.117301 3.1753 0 0 0 
47.8105 -61.4342 2068.92 -9.62007 -27.9535 197.803 8.01119 -13 1 1 0 1 0.241531 -0.327081 2.40036 0 0 0 
44.029 -72.7949 2168.18 -3.48004 -17.7388 199.182 8.38844 -13 1 1 0 1 0.291576 -0.496943 1.16986 0 0 0 
45.8335 -79.3997 2267.92 11.634 -8.57292 199.477 8.76569 -13 1 1 0 1 0.32082 -0.567779 -0.262634 0 0 0 
55.94 -80.672 2367.35 28.2789 4.74847 197.934 9.14295 -13 1 1 0 1 0.351854 -0.516463 -1.66801 0 0 0 
72.5656 -73.1979 2465.62 35.5778 26.309 195.044 9.5202 -13 1 1 0 1 0.314912 -0.322943 -2.80615 0 0 0 
88.1277 -54.3428 2562.51 23.1419 47.5768 192.875 9.89745 -13 1 1 0 1 0.108713 -0.0676962 -3.41084 0 0 0 
93.2068 -28.6278 2658.93 -3.68293 51.393 193.249 10.2747 -13 1 1 0 1 -0.209847 0.0678166 -3.31043 0 0 0 
85.3676 -6.47139 2756.05 -25.4335 34.7922 195.302 10.6519 -13 1 1 0 1 -0.434064 0.0384328 -2.54726 0 0 0 
70.2819 5.20041 2854.15 -32.752 12.2426 196.92 11.0292 -13 1 1 0 1 -0.47161 -0.0287145 -1.34878 0 0 0 
53.938 6.89857 2952.77 -32.1612 -3.88075 197.359 11.4065 -13 1 1 0 1 -0.386433 -0.0426314 0.0405988 0 0 0 
37.9624 3.0245 3051.4 -32.2612 -9.83464 197.136 11.7837 -13 1 1 0 1 -0.248866 -0.0113773 1.40543 0 0 0 
21.2243 -1.11474 3149.9 -34.8082 -4.91605 196.887 12.161 -13 1 1 0 1 -0.101222 0.0162655 2.52639 0 0 0 
3.62763 -0.34834 3248.32 -34.5206 9.01031 196.792 12.5382 -13 1 1 0 1 -0.00679293 0.0136295 3.17707 0 0 0 
-11.9878 8.09171 3346.7 -26.7636 24.0699 196.734 12.9155 -13 1 1 0 1 -0.0193491 0.0262813 3.19754 0 0 0 
-22.6159 22.4392 3445.07 -16.0637 31.7756 196.805 13.2927 -13 1 1 0 1 -0.103394 0.114546 2.57877 0 0 0 
-29.1241 38.5165 3543.55 -11.5809 31.5213 197.161 13.67 -13 1 1 0 1 -0.186321 0.257232 1.47415 0 0 0 
-35.9773 53.2091 3642.22 -17.5668 26.564 197.448 14.0472 -13 1 1 0 1 -0.252363 0.38473 0.110088 0 0 0 
-48.0862 64.1286 3740.85 -31.7146 15.7324 196.842 14.4245 -13 1 1 0 1 -0.316102 0.435152 -1.29228 0 0 0 
-67.5995 67.1494 3838.81 -45.0532 -5.59266 194.779 14.8017 -13 1 1 0 1 -0.33772 0.350433 -2.51872 0 0 0 
-90.5592 57.1985 3935.54 -43.1974 -34.3134 192.241 15.179 -13 1 1 0 1 -0.199704 0.140053 -3.3201 0 0 0 
-107.242 34.5605 4031.41 -20.9189 -52.789 191.77 15.5562 -13 1 1 0 1 0.137156 -0.0337226 -3.46325 0 0 0 
-110.758 8.60327 4127.83 5.62406 -47.0365 194.309 15.9335 -13 1 1 0 1 0.490527 -0.0319988 -2.88444 0 0 0 
-106.308 -6.10132 4200.5 16.734 -31.2135 196.84 16.2138 -13 1 1 0 1 0.643071 0.0400911 -2.08609 0 0 0 
-106.308 -6.10142 4200.5 16.734 -31.2133 196.84 16.2138 -13 1 1 0 1 0.643072 0.0400917 -2.08608 0 0 0 
-96.9617 -15.6002 4299.55 18.7825 -7.06968 198.991 16.591 -13 1 1 0 1 0.691145 0.111274 -0.73572 0 0 0 
-88.3572 -13.9029 4399.12 15.8213 12.9221 198.954 16.9683 -13 1 1 0 1 0.629007 0.0965856 0.709707 0 0 0 
-80.1625 -3.77442 4498.24 18.4741 26.2055 197.414 17.3455 -13 1 1 0 1 0.482388 0.0186493 2.0289 0 0 0 
-68.3626 10.3996 4596.51 29.8139 28.0441 195.767 17.7228 -13 1 1 0 1 0.251601 -0.0422659 2.97377 0 0 0 
-50.2578 21.618 4694.18 41.5493 14.4299 195.104 18.1 -13 1 1 0 1 0.0222534 -0.0112502 3.32282 0 0 0 
-28.6961 23.3862 4791.76 42.5027 -7.57964 195.285 18.4773 -13 1 1 0 1 -0.0789676 0.0662996 3.00231 0 0 0 
-9.43602 14.9085 4889.48 33.7395 -24.726 195.577 18.8545 -13 1 1 0 1 -0.0446777 0.0771687 2.11693 0 0 0 
5.24061 0.413784 4987.32 25.9953 -31.6162 195.767 19.2318 -13 1 1 0 1 0.0410456 -0.00302242 0.879016 0 0 0 
18.0306 -15.2779 5085.25 26.7929 -29.831 195.94 19.609 -13 1 1 0 1 0.129164 -0.113815 -0.497017 0 0 0 
33.4112 -27.9799 5183.22 35.5753 -19.3277 195.86 19.9863 -13 1 1 0 1 0.20461 -0.179237 -1.81002 0 0 0 
53.5296 -32.8509 5281 43.7337 1.41575 195.155 20.3635 -13 1 1 0 1 0.212677 -0.141961 -2.84412 0 0 0 
75.0129 -25.8289 5378.34 39.5138 26.1497 194.306 20.7408 -13 1 1 0 1 0.0589896 -0.0337231 -3.3661 0 0 0 
90.7763 -8.64858 5475.53 22.333 39.5131 194.782 21.118 -13 1 1 0 1 -0.243216 0.0102754 -3.20909 0 0 0 
97.6182 10.4229 5573.43 6.5997 33.9283 196.991 21.4953 -13 1 1 0 1 -0.529004 -0.0667613 -2.39104 0 0 0 
99.4936 23.3283 5672.54 3.00574 16.5943 199.288 21.8725 -13 1 1 0 1 -0.686544 -0.168057 -1.12514 0 0 0 
102.084 26.4003 5772.41 7.93277 -4.70489 199.788 22.2498 -13 1 1 0 1 -0.736736 -0.195384 0.32689 0 0 0 
106.945 18.2912 5871.9 9.96042 -27.8716 197.798 22.627 -13 1 1 0 1 -0.69224 -0.122948 1.73603 0 0 0 
109.656 -0.939731 5969.94 -1.95086 -47.4631 194.277 23.0043 -13 1 1 0 1 -0.491312 -0.00228839 2.85916 0 0 0 
102.681 -26.2728 6066.35 -27.0098 -49.915 191.779 23.3815 -13 1 1 0 1 -0.139184 0.025751 3.42884 0 0 0 
83.4708 -46.8759 6162.21 -47.2536 -29.3671 192.106 23.7588 -13 1 1 0 1 0.174853 -0.110952 3.29113 0 0 0 
58.7809 -54.227 6258.74 -48.2478 -0.386191 194.093 24.136 -13 1 1 0 1 0.285644 -0.277178 2.51152 0 0 0 
37.4309 -48.7747 6356.22 -36.2308 20.1081 195.661 24.5133 -13 1 1 0 1 0.240122 -0.32563 1.31605 0 0 0 
22.3352 -36.0991 6454.24 -25.2227 28.9317 196.283 24.8905 -13 1 1 0 1 0.1509 -0.255591 -0.0609698 0 0 0 
10.7348 -21.1958 6552.44 -22.7895 29.4901 196.497 25.2678 -13 1 1 0 1 0.0614038 -0.134825 -1.41377 0 0 0 
-1.82525 -7.86303 6650.74 -28.3488 22.4547 196.704 25.645 -13 1 1 0 1 -0.0185552 -0.0322104 -2.52948 0 0 0 
-17.7627 -0.121652 6749.12 -34.7455 7.38957 196.821 26.0223 -13 1 1 0 1 -0.0429579 0.00607406 -3.18487 0 0 0 
-35.3505 -0.894195 6847.53 -34.1873 -10.0093 196.803 26.3995 -13 1 1 0 1 0.0477208 0.00823677 -3.21372 0 0 0 
-50.9485 -8.83767 6945.97 -27.9089 -19.9109 197.04 26.7768 -13 1 1 0 1 0.22805 0.0474444 -2.59347 0 0 0 
-63.726 -18.8621 7044.64 -24.2412 -18.375 197.674 27.154 -13 1 1 0 1 0.408312 0.12849 -1.47579 0 0 0 
-76.3594 -25.6068 7143.6 -27.2783 -7.11902 198.004 27.5313 -13 1 1 0 1 0.541887 0.189131 -0.0944667 0 0 0 
-91.3767 -24.4915 7242.41 -32.3047 13.0623 196.942 27.9085 -13 1 1 0 1 0.612283 0.17261 1.32318 0 0 0 
-107.083 -11.3903 7340.22 -27.8675 39.7503 194.019 28.2858 -13 1 1 0 1 0.549262 0.069323 2.56013 0 0 0 
-116.056 14.2235 7436.36 -5.02444 59.948 190.739 28.663 -13 1 1 0 1 0.269503 -0.0198601 3.36078 0 0 0 
-110.575 44.426 7531.41 26.3989 56.1475 190.134 29.0403 -13 1 1 0 1 -0.12968 0.0657815 3.48933 0 0 0 
-92.2359 66.5673 7627.08 43.0393 30.2862 192.952 29.4175 -13 1 1 0 1 -0.398121 0.299553 2.8992 0 0 0 
-71.3916 74.4724 7724.48 37.315 2.56036 196.472 29.7948 -13 1 1 0 1 -0.45126 0.481177 1.77595 0 0 0 
-56.6149 70.8673 7823.25 21.3772 -15.2773 198.267 30.172 -13 1 1 0 1 -0.400573 0.511802 0.38659 0 0 0 
-49.4675 60.4283 7922.42 8.49496 -25.7367 198.156 30.5493 -13 1 1 0 1 -0.333783 0.420059 -1.03763 0 0 0 
-46.3661 45.6383 8021.27 5.96108 -32.8759 197.19 30.9265 -13 1 1 0 1 -0.243562 0.253971 -2.27608 0 0 0 
-41.5124 28.5277 8119.66 15.0695 -34.0452 196.505 31.3038 -13 1 1 0 1 -0.104231 0.08568 -3.08785 0 0 0 
-30.5205 13.4763 8217.88 28.68 -24.2714 196.44 31.6811 -13 1 1 0 1 0.0309593 -0.00198127 -3.27932 0 0 0 
-13.8585 5.532 8316.12 36.5097 -7.1264 196.511 32.0583 -13 1 1 0 1 0.0635636 -0.015779 -2.81365 0 0 0 
2.11174 5.35746 8400.5 37.2488 5.40407 196.427 32.3823 -13 1 1 0 1 -0.00322122 -0.0273218 -1.98886 0 0 0 
2.11193 5.35751 8400.5 37.2488 5.40418 196.427 32.3823 -13 1 1 0 1 -0.00322236 -0.0273222 -1.98885 0 0 0 
20.5526 9.93084 8498.68 36.7985 11.0507 196.275 32.7596 -13 1 1 0 1 -0.134749 -0.0674783 -0.724771 0 0 0 
39.4389 14.4901 8596.77 39.2275 5.22384 196.046 33.1368 -13 1 1 0 1 -0.267214 -0.102095 0.660774 0 0 0 
59.7645 13.2089 8694.64 41.3041 -12.128 195.313 33.5141 -13 1 1 0 1 -0.345216 -0.0818112 1.96471 0 0 0 
79.0511 1.19683 8791.95 33.3758 -36.0627 193.871 33.8913 -13 1 1 0 1 -0.279526 -0.00998227 2.96439 0 0 0 
90.6053 -21.5162 8888.57 10.9537 -51.9805 192.817 34.2686 -13 1 1 0 1 -0.025619 0.00214269 3.42207 0 0 0 
89.678 -47.2139 8985.13 -13.2137 -47.2732 193.884 34.6458 -13 1 1 0 1 0.281305 -0.149128 3.18167 0 0 0 
80.1338 -66.334 9082.77 -21.6175 -28.1441 196.827 35.0231 -13 1 1 0 1 0.458868 -0.379054 2.29307 0 0 0 
71.0239 -75.433 9181.89 -12.6464 -8.98939 199.398 35.4003 -13 1 1 0 1 0.499157 -0.530247 0.991342 0 0 0 
68.6835 -76.0056 9281.81 3.53136 6.39772 199.867 35.7776 -13 1 1 0 1 0.493465 -0.549483 -0.46556 0 0 0 
73.9017 -68.8307 9381.37 15.7874 22.8491 198.063 36.1548 -13 1 1 0 1 0.462893 -0.438811 -1.85033 0 0 0 
82.0784 -52.8144 9479.71 13.8982 40.8768 195.285 36.5321 -13 1 1 0 1 0.335611 -0.227439 -2.91288 0 0 0 
84.8583 -29.499 9576.86 -4.98581 49.6222 193.683 36.9093 -13 1 1 0 1 0.0717179 -0.0383844 -3.39499 0 0 0 
76.3946 -6.52085 9673.75 -27.9383 39.1282 194.136 37.2866 -13 1 1 0 1 -0.19827 0.00406021 -3.17817 0 0 0 
58.9396 7.58673 9771.12 -39.4354 16.6619 195.365 37.6638 -13 1 1 0 1 -0.310777 -0.0503039 -2.34952 0 0 0 
38.9475 10.7289 9869.01 -39.3337 -2.63686 196.077 38.0411 -13 1 1 0 1 -0.263911 -0.0798952 -1.13482 0 0 0 
19.9676 6.7533 9967.11 -36.8812 -11.3377 196.243 38.4183 -13 1 1 0 1 -0.144797 -0.053759 0.241256 0 0 0 
1.52538 1.30398 10065.2 -37.375 -8.57784 196.29 38.7956 -13 1 1 0 1 -0.0162749 -0.0140611 1.57343 0 0 0 
-17.4389 -0.0701138 10163.4 -37.8844 4.54873 196.327 39.1728 -13 1 1 0 1 0.0670105 -0.00603848 2.64741 0 0 0 
-35.1445 6.65578 10261.5 -31.3521 22.2443 196.272 39.5501 -13 1 1 0 1 0.0362541 -0.0157608 3.24128 0 0 0 
-47.4645 21.0551 10359.7 -17.3062 33.4345 196.425 39.9273 -13 1 1 0 1 -0.110857 0.0378969 3.19223 0 0 0 
-52.8756 37.9908 10458.1 -5.73393 32.4638 197.265 40.3046 -13 1 1 0 1 -0.272885 0.184409 2.49236 0 0 0 
-55.1135 52.2754 10557 -5.28067 23.998 198.486 40.6818 -13 1 1 0 1 -0.375175 0.34601 1.31646 0 0 0 
-59.9342 61.5431 10656.5 -15.3069 12.5746 199.017 41.0591 -13 1 1 0 1 -0.43594 0.44043 -0.0919812 0 0 0 
-71.0225 63.9988 10755.8 -28.7864 -3.99654 197.878 41.4363 -13 1 1 0 1 -0.475008 0.423372 -1.50474 0 0 0 
-87.358 56.2068 10854 -34.0364 -28.1663 195.06 41.8136 -13 1 1 0 1 -0.42839 0.274046 -2.69074 0 0 0 
-101.749 35.998 10950.8 -20.0461 -50.9278 192.366 42.1908 -13 1 1 0 1 -0.195248 0.0714264 -3.38699 0 0 0 
-104.967 8.5404 11046.9 7.88926 -54.7151 192.209 42.5681 -13 1 1 0 1 0.167626 -0.00769779 -3.38826 0 0 0 
-95.0635 -14.9182 11143.5 29.0778 -36.4796 194.484 42.9453 -13 1 1 0 1 0.437177 0.0763865 -2.70144 0 0 0 
-78.8432 -26.8994 11241.3 33.2452 -11.8061 196.865 43.3226 -13 1 1 0 1 0.506685 0.180795 -1.53504 0 0 0 
-63.4157 -27.8491 11340.1 27.8805 6.53259 197.94 43.6998 -13 1 1 0 1 0.447659 0.204425 -0.144252 0 0 0 
-50.7413 -21.8209 11439.1 23.6197 16.1969 197.94 44.0771 -13 1 1 0 1 0.336082 0.153382 1.24917 0 0 0 
-38.7882 -13.0473 11538 25.1447 17.4087 197.649 44.4543 -13 1 1 0 1 0.19397 0.0762511 2.42299 0 0 0 
-25.0698 -5.98551 11636.8 29.6565 9.32302 197.57 44.8316 -13 1 1 0 1 0.0546743 0.0259973 3.14207 0 0 0 
-9.81016 -4.82385 11735.6 30.3002 -5.12847 197.626 45.2088 -13 1 1 0 1 -0.012087 0.00713864 3.22815 0 0 0 
4.23669 -10.8105 11834.4 25.3059 -17.8822 197.586 45.5861 -13 1 1 0 1 0.0190802 -0.0353437 2.66461 0 0 0 
15.5742 -21.4938 11933.2 20.7572 -23.5891 197.517 45.9633 -13 1 1 0 1 0.0998195 -0.126703 1.59898 0 0 0 
26.1139 -33.236 12031.9 22.7208 -22.2737 197.454 46.3406 -13 1 1 0 1 0.187791 -0.228267 0.257716 0 0 0 
39.4754 -42.5467 12130.6 31.5342 -13.516 197.036 46.7178 -13 1 1 0 1 0.27213 -0.281465 -1.13525 0 0 0 
57.7028 -45.0686 12228.8 40.4478 5.15651 195.8 47.0951 -13 1 1 0 1 0.313736 -0.232277 -2.36704 0 0 0 
77.9037 -36.2054 12326.3 37.4655 30.4378 194.088 47.4723 -13 1 1 0 1 0.214243 -0.0877282 -3.20185 0 0 0 
92.2546 -16.0378 12423.1 17.7651 47.3457 193.502 47.8496 -13 1 1 0 1 -0.0656361 0.0201201 -3.40837 0 0 0 
95.0895 7.56578 12520.2 -5.30566 43.5988 195.119 48.2268 -13 1 1 0 1 -0.376209 -0.0253707 -2.91075 0 0 0 
90.5701 22.6521 12600.5 -14.9553 29.1518 197.299 48.5358 -13 1 1 0 1 -0.527642 -0.130512 -2.06803 0 0 0 
90.57 22.6522 12600.5 -14.9554 29.1516 197.299 48.5358 -13 1 1 0 1 -0.527643 -0.130513 -2.06801 0 0 0 
82.9109 32.1604 12699.7 -13.8525 9.16835 199.31 48.913 -13 1 1 0 1 -0.575794 -0.224958 -0.731448 0 0 0 
77.6534 32.3632 12799.5 -7.13539 -7.79332 199.722 49.2903 -13 1 1 0 1 -0.538417 -0.228718 0.713557 0 0 0 
75.043 24.8942 12899.2 -4.67391 -21.4571 198.792 49.6675 -13 1 1 0 1 -0.432957 -0.150265 2.04122 0 0 0 
71.3211 11.9509 12998.3 -11.8147 -28.6847 197.58 50.0448 -13 1 1 0 1 -0.236465 -0.0471261 2.99456 0 0 0 
62.2773 -1.634 13096.9 -24.3593 -23.2743 197.143 50.422 -13 1 1 0 1 0.00494516 -0.0065274 3.33959 0 0 0 
47.9385 -9.38155 13195.5 -31.3545 -6.59876 197.418 50.7993 -13 1 1 0 1 0.16614 -0.0370681 2.99125 0 0 0 
32.531 -8.12239 13294.3 -29.1266 10.9028 197.568 51.1766 -13 1 1 0 1 0.192832 -0.0521737 2.0689 0 0 0 
19.1875 0.375587 13393 -24.6298 21.792 197.279 51.5538 -13 1 1 0 1 0.137131 -0.00328506 0.801528 0 0 0 
6.9851 12.3934 13491.6 -25.4072 25.0032 196.799 51.9311 -13 1 1 0 1 0.0515011 0.0793349 -0.584979 0 0 0 
-7.3918 23.9569 13589.8 -32.9434 19.6095 196.292 52.3083 -13 1 1 0 1 -0.0426041 0.133396 -1.88102 0 0 0 
-26.0693 30.2233 13687.8 -40.955 3.77491 195.726 52.6856 -13 1 1 0 1 -0.0966274 0.100761 -2.86418 0 0 0 
-46.6429 26.7206 13785.6 -39.0603 -17.7479 195.345 53.0628 -13 1 1 0 1 -0.023902 0.000352904 -3.31564 0 0 0 
-63.0776 13.7657 13883.3 -25.4096 -31.7533 195.823 53.4401 -13 1 1 0 1 0.181533 -0.0523242 -3.09558 0 0 0 
-71.9861 -2.4055 13981.6 -11.2685 -30.5147 197.338 53.8173 -13 1 1 0 1 0.395324 0.00310886 -2.25229 0 0 0 
-75.9618 -14.9852 14080.7 -6.37789 -18.705 199.022 54.1946 -13 1 1 0 1 0.520497 0.0956692 -0.991812 0 0 0 
-79.7099 -20.4275 14180.4 -9.33505 -2.59607 199.766 54.5718 -13 1 1 0 1 0.561956 0.139194 0.441613 0 0 0 
-85.2042 -17.1862 14280.2 -11.6973 15.8061 199.032 54.9491 -13 1 1 0 1 0.522894 0.101095 1.81932 0 0 0 
-89.7438 -4.87571 14379.3 -4.36136 32.3834 197.314 55.3263 -13 1 1 0 1 0.354846 0.0133397 2.89125 0 0 0 
-87.7553 13.1198 14477.6 13.2688 36.6568 196.165 55.7036 -13 1 1 0 1 0.0594691 -0.0174653 3.39337 0 0 0 
-76.8998 28.7203 14575.7 28.4155 23.2173 196.606 56.0808 -13 1 1 0 1 -0.216597 0.0705927 3.18123 0 0 0 
-61.6976 35.0055 14674.3 30.0558 1.84394 197.721 56.4581 -13 1 1 0 1 -0.33961 0.183043 2.33088 0 0 0 
-48.441 31.3232 14773.3 22.315 -15.3853 198.156 56.8353 -13 1 1 0 1 -0.33623 0.210492 1.08318 0 0 0 
-39.1521 20.7691 14872.3 15.7948 -25.8427 197.694 57.2126 -13 1 1 0 1 -0.283612 0.147113 -0.316576 0 0 0 
-31.2655 6.3794 14971 17.3533 -30.7417 196.861 57.5898 -13 1 1 0 1 -0.203788 0.0428353 -1.65155 0 0 0 
-20.3531 -8.68289 15069.2 27.2964 -27.8424 196.164 57.9671 -13 1 1 0 1 -0.0964724 -0.0316413 -2.69962 0 0 0 
-3.81368 -19.6261 15167.2 38.0505 -14.2602 195.83 58.3443 -13 1 1 0 1 -0.0159158 -0.0162011 -3.24037 0 0 0 
16.1352 -22.0291 15265.1 39.8368 4.5324 195.941 58.7216 -13 1 1 0 1 -0.0473866 0.0564422 -3.13448 0 0 0 
34.4826 -16.2188 15363.2 32.7316 16.8588 196.583 59.0988 -13 1 1 0 1 -0.182917 0.0880991 -2.4079 0 0 0 
48.881 -7.20263 15461.8 25.5375 17.2775 197.61 59.4761 -13 1 1 0 1 -0.331494 0.0537501 -1.23434 0 0 0 
60.9132 -0.593848 15560.8 23.3888 7.76231 198.477 59.8533 -13 1 1 0 1 -0.435854 0.0106452 0.152817 0 0 0 
72.5751 -0.642933 15660.1 22.8829 -8.93623 198.487 60.2306 -13 1 1 0 1 -0.470644 0.0126377 1.53881 0 0 0 
82.6398 -10.0247 15759.1 15.5638 -28.3252 197.372 60.6078 -13 1 1 0 1 -0.380502 0.0573667 2.69017 0 0 0 
86.2311 -27.5809 15857.4 -2.6247 -39.3778 196.069 60.9851 -13 1 1 0 1 -0.13299 0.0558055 3.346 0 0 0 
79.8487 -46.2863 15955.4 -21.604 -32.3908 196.175 61.3623 -13 1 1 0 1 0.159256 -0.0789769 3.30534 0 0 0 
67.0051 -57.901 16053.9 -26.926 -13.2776 197.735 61.7396 -13 1 1 0 1 0.33142 -0.274681 2.57571 0 0 0 
55.3301 -59.853 16153.1 -18.1791 4.52122 199.122 62.1168 -13 1 1 0 1 0.369339 -0.389338 1.3715 0 0 0 
49.4674 -54.3447 16252.8 -5.49336 16.8151 199.217 62.4941 -13 1 1 0 1 0.35647 -0.38136 -0.0393583 0 0 0 
48.9363 -43.3578 16352.1 1.88766 27.0694 198.152 62.8713 -13 1 1 0 1 0.326435 -0.277938 -1.43111 0 0 0 
49.457 -27.4529 16450.9 -1.93782 35.9598 196.732 63.2486 -13 1 1 0 1 0.243974 -0.124098 -2.56916 0 0 0 
45.0987 -8.70153 16549 -16.76 37.0493 195.824 63.6258 -13 1 1 0 1 0.0922033 -0.00888934 -3.21599 0 0 0 
32.5238 7.36392 16646.8 -32.5806 25.2462 195.708 64.0031 -13 1 1 0 1 -0.0419087 -0.00574677 -3.21565 0 0 0 
14.1887 15.4983 16744.7 -38.8701 7.35013 196.05 64.3803 -13 1 1 0 1 -0.0550693 -0.0663164 -2.57848 0 0 0 
3.19073 16.3609 16800.5 -38.161 -0.804625 196.325 64.5948 -13 1 1 0 1 -0.0094557 -0.0909545 -1.99331 0 0 0 
3.19055 16.3609 16800.5 -38.161 -0.804744 196.325 64.5948 -13 1 1 0 1 -0.0094547 -0.0909547 -1.99329 0 0 0 
-14.9754 13.9567 16898.8 -34.4144 -6.92671 196.896 64.972 -13 1 1 0 1 0.111187 -0.0953234 -0.724977 0 0 0 
-31.4463 11.2763 16997.4 -31.7282 -2.07554 197.458 65.3493 -13 1 1 0 1 0.226018 -0.0795489 0.661318 0 0 0 
-46.6151 13.3844 17096.2 -28.3314 11.6694 197.64 65.7265 -13 1 1 0 1 0.282632 -0.0821844 1.96264 0 0 0 
-58.5902 23.4616 17194.9 -17.9965 28.2677 197.174 66.1038 -13 1 1 0 1 0.219212 -0.0890704 2.94327 0 0 0 
-63.2446 40.2322 17293.4 0.0399872 36.5018 196.642 66.481 -13 1 1 0 1 0.0270261 -0.0164808 3.36109 0 0 0 
-59.0912 57.426 17391.7 14.8421 30.0917 197.167 66.8583 -13 1 1 0 1 -0.177491 0.176132 3.07989 0 0 0 
-50.7951 69.0955 17490.7 15.8095 16.368 198.702 67.2355 -13 1 1 0 1 -0.282778 0.38951 2.16354 0 0 0 
-45.3462 74.2053 17590.4 4.57913 4.70785 199.893 67.6128 -13 1 1 0 1 -0.311351 0.511992 0.853379 0 0 0 
-46.9308 74.1452 17690.3 -10.9717 -5.10011 199.635 67.99 -13 1 1 0 1 -0.329595 0.518265 -0.59116 0 0 0 
-55.6811 68.4399 17789.8 -22.6248 -18.7122 197.834 68.3673 -13 1 1 0 1 -0.337178 0.406821 -1.94661 0 0 0 
-67.3408 54.6618 17888.1 -21.1373 -36.4816 195.506 68.7445 -13 1 1 0 1 -0.255796 0.196017 -2.96034 0 0 0 
-73.9161 33.1053 17985.5 -2.86724 -47.329 194.299 69.1218 -13 1 1 0 1 -0.039107 0.00403509 -3.39002 0 0 0 
-69.3099 10.4246 18082.7 20.6276 -40.3307 194.804 69.499 -13 1 1 0 1 0.198319 -0.0425585 -3.1207 0 0 0 
-55.0686 -5.13776 18180.4 34.0385 -21.1234 195.948 69.8763 -13 1 1 0 1 0.298625 0.0177691 -2.25514 0 0 0 
-37.2532 -11.0896 18278.6 35.8851 -3.94987 196.716 70.2535 -13 1 1 0 1 0.250779 0.0677332 -1.01595 0 0 0 
-19.8031 -10.7349 18377 33.8614 3.5704 197.082 70.6308 -13 1 1 0 1 0.13474 0.0692666 0.365663 0 0 0 
-3.24163 -9.28648 18475.6 32.4816 0.55956 197.345 71.008 -13 1 1 0 1 0.0130333 0.0513257 1.68597 0 0 0 
12.4169 -11.5925 18574.3 29.4408 -10.7954 197.528 71.3853 -13 1 1 0 1 -0.0603714 0.0408634 2.71928 0 0 0 
25.1592 -20.4095 18673.1 20.4281 -23.9965 197.503 71.7625 -13 1 1 0 1 -0.0350547 0.0124099 3.24173 0 0 0 
32.2013 -34.4136 18771.8 7.83691 -30.4242 197.518 72.1398 -13 1 1 0 1 0.0694258 -0.0923048 3.10283 0 0 0 
33.9245 -49.3586 18870.7 0.647088 -28.2868 197.99 72.517 -13 1 1 0 1 0.169019 -0.264172 2.32678 0 0 0 
34.689 -62.1408 18969.9 4.24259 -22.649 198.669 72.8943 -13 1 1 0 1 0.228118 -0.424569 1.10657 0 0 0 
39.7343 -71.804 19069.3 17.1359 -15.5265 198.66 73.2715 -13 1 1 0 1 0.27702 -0.513181 -0.310969 0 0 0 
52.4559 -76.6549 19168.3 33.6182 -2.31166 197.142 73.6488 -13 1 1 0 1 0.329125 -0.490194 -1.70809 0 0 0 
72.1129 -72.3223 19266.2 42.5275 21.1897 194.275 74.026 -13 1 1 0 1 0.313667 -0.319827 -2.84866 0 0 0 
91.5333 -55.0749 19362.6 31.3371 46.5335 191.972 74.4033 -13 1 1 0 1 0.116376 -0.0705456 -3.46979 0 0 0 
100.536 -28.7655 19458.6 3.41045 54.5732 192.382 74.7805 -13 1 1 0 1 -0.221375 0.0668881 -3.38856 0 0 0 
95.6422 -4.46348 19555.4 -20.7283 39.6665 194.929 75.1578 -13 1 1 0 1 -0.482006 0.0282074 -2.63733 0 0 0 
82.5335 9.47281 19653.5 -29.2204 16.0678 197.202 75.535 -13 1 1 0 1 -0.549611 -0.0567766 -1.44036 0 0 0 
68.0583 12.4653 19752.3 -27.9854 -2.74666 198.015 75.9123 -13 1 1 0 1 -0.483132 -0.0816575 -0.0538776 0 0 0 
54.4706 8.21783 19851.3 -26.99 -12.6769 197.766 76.2895 -13 1 1 0 1 -0.35243 -0.044737 1.30799 0 0 0 
40.3072 1.44888 19950.1 -30.2749 -12.627 197.293 76.6668 -13 1 1 0 1 -0.187124 0.00417826 2.41581 0 0 0 
24.0967 -2.663 20048.6 -34.038 -2.3164 197.07 77.044 -13 1 1 0 1 -0.0397456 0.017247 3.0352 0 0 0 
7.28902 0.0113469 20147.2 -31.9794 13.0959 196.993 77.4213 -13 1 1 0 1 0.0137916 0.0129067 3.00723 0 0 0 
-7.01603 9.7636 20245.6 -25.0014 24.7126 196.888 77.7985 -13 1 1 0 1 -0.0331239 0.0583866 2.3326 0 0 0 
-18.2235 23.3912 20344.1 -20.9844 28.5198 196.842 78.1758 -13 1 1 0 1 -0.121477 0.166692 1.1715 0 0 0 
-29.4975 37.0892 20442.5 -25.7096 25.0362 196.756 78.553 -13 1 1 0 1 -0.218452 0.285435 -0.253206 0 0 0 
-45.2347 46.8786 20540.7 -37.9313 12.1272 195.997 78.9303 -13 1 1 0 1 -0.322525 0.346032 -1.73797 0 0 0 
-66.9636 46.8787 20638.2 -47.034 -14.4483 193.855 79.3075 -13 1 1 0 1 -0.38723 0.283256 -3.077 0 0 0 
-88.7474 31.11 20734.4 -35.4383 -48.1661 190.853 79.6848 -13 1 1 0 1 -0.295532 0.11408 -4.03993 0 0 0 
-98.028 1.60373 20829.3 1.2013 -64.8014 189.209 80.062 -13 1 1 0 1 -0.0316503 0.00721046 -4.42555 0 0 0 
-87.3272 -27.9367 20924.1 39.172 -48.2176 190.108 80.4393 -13 1 1 0 1 0.193825 0.0642503 -4.21341 0 0 0 
-62.8086 -43.4619 21019.6 54.4924 -12.958 191.998 80.8165 -13 1 1 0 1 0.2244 0.154119 -3.61819 0 0 0 
-36.4774 -41.6842 21115.9 48.3381 18.1899 193.218 81.1938 -13 1 1 0 1 0.137942 0.154783 -2.9032 0 0 0 
-15.812 -27.4116 21212.7 33.9262 36.865 193.625 81.571 -13 1 1 0 1 0.052949 0.0886436 -2.23395 0 0 0 
-9.49984 -19.4054 21252.2 27.9977 41.3511 193.667 81.725 -13 1 1 0 1 0.0296599 0.0575579 -1.99346 0 0 0 

# End of Event 1

