# AllTracks
#x y z Px Py Pz t PDGid EventID TrackID ParentID Weight Bx By Bz Ex Ey Ez
# Event -2 Track 1
-11.2945 14.0917 0 0.731734 -1.1308 199.995 0 -13 -2 1 0 1 0.0742713 -0.0777543 -1.9924 0 0 0 
-11.2894 14.0922 0.4995 0.745062 -1.11857 199.995 0.0018845 -13 -2 1 0 1 0.0743305 -0.0778914 -1.9866 0 0 0 
-11.2894 14.0922 0.5005 0.745089 -1.11855 199.995 0.00188827 -13 -2 1 0 1 0.0743306 -0.0778917 -1.98659 0 0 0 
-10.2583 14.2043 100.494 3.38954 1.6099 199.965 0.379139 -13 -2 1 0 1 0.0786852 -0.0972538 -0.689854 0 0 0 
-7.81304 15.5959 200.453 6.54885 3.69678 199.859 0.75639 -13 -2 1 0 1 0.0616968 -0.109318 0.714321 0 0 0 
-3.54904 17.4788 300.342 10.589 3.25705 199.693 1.13364 -13 -2 1 0 1 0.0295059 -0.104578 2.00467 0 0 0 
2.63767 18.1948 400.145 13.7302 -1.021 199.526 1.51089 -13 -2 1 0 1 0.00200568 -0.0666675 2.93762 0 0 0 
9.48229 16.0808 499.883 12.7977 -7.43222 199.452 1.88814 -13 -2 1 0 1 0.0115286 -0.00671609 3.28325 0 0 0 
14.7119 11.1849 599.622 7.69835 -11.4114 199.526 2.26539 -13 -2 1 0 1 0.0595916 0.030893 2.93891 0 0 0 
17.1641 5.4657 699.425 2.4453 -10.78 199.694 2.64264 -13 -2 1 0 1 0.106754 0.0255848 2.00682 0 0 0 
17.6613 0.853414 799.316 0.0859968 -7.45095 199.861 3.0199 -13 -2 1 0 1 0.127264 1.3496e-05 0.716662 0 0 0 
17.6946 -1.91196 899.276 0.345912 -3.61535 199.967 3.39715 -13 -2 1 0 1 0.125485 -0.0204049 -0.691381 0 0 0 
18.1345 -2.7821 999.27 1.37141 0.104548 199.995 3.7744 -13 -2 1 0 1 0.10643 -0.0257247 -1.98611 0 0 0 
18.8833 -1.88901 1099.26 1.34638 3.29109 199.968 4.15165 -13 -2 1 0 1 0.0644187 -0.0185883 -2.92592 0 0 0 
19.2169 0.195442 1199.24 -0.180078 4.60898 199.947 4.5289 -13 -2 1 0 1 0.000547681 -0.0133337 -3.27748 0 0 0 
18.7113 2.24608 1299.22 -1.66004 3.16403 199.968 4.90615 -13 -2 1 0 1 -0.0629146 -0.0197195 -2.93634 0 0 0 
17.8296 3.05971 1399.21 -1.58704 -0.0699867 199.994 5.2834 -13 -2 1 0 1 -0.104121 -0.0272874 -2.00448 0 0 0 
17.3043 2.10939 1499.2 -0.47722 -3.74943 199.964 5.66065 -13 -2 1 0 1 -0.122552 -0.0217826 -0.713804 0 0 0 
17.2197 -0.701825 1599.16 -0.162415 -7.49606 199.859 6.0379 -13 -2 1 0 1 -0.124285 -0.001048 0.693851 0 0 0 
16.6982 -5.31366 1699.05 -2.46331 -10.7381 199.696 6.41515 -13 -2 1 0 1 -0.104441 0.0248428 1.98728 0 0 0 
14.254 -11.0008 1798.86 -7.65001 -11.3381 199.532 6.7924 -13 -2 1 0 1 -0.0586638 0.0307732 2.92658 0 0 0 
9.05861 -15.8674 1898.6 -12.7204 -7.39666 199.458 7.16965 -13 -2 1 0 1 -0.0120002 -0.00588553 3.28046 0 0 0 
2.24633 -17.978 1998.34 -13.6866 -1.04035 199.528 7.54691 -13 -2 1 0 1 -0.00343544 -0.0651616 2.94525 0 0 0 
-3.93331 -17.2817 2098.14 -10.6041 3.19948 199.693 7.92416 -13 -2 1 0 1 -0.0316444 -0.103036 2.01984 0 0 0 
-8.21761 -15.4375 2198.03 -6.61152 3.5953 199.858 8.30141 -13 -2 1 0 1 -0.0644383 -0.108142 0.732967 0 0 0 
-10.7004 -14.1146 2297.99 -3.46952 1.4306 199.965 8.67866 -13 -2 1 0 1 -0.0818371 -0.0968173 -0.674989 0 0 0 
-11.7625 -14.1176 2397.98 -0.774323 -1.40008 199.994 9.05591 -13 -2 1 0 1 -0.0773752 -0.0784949 -1.97568 0 0 0 
-11.4394 -15.321 2497.97 2.07011 -3.08347 199.966 9.43316 -13 -2 1 0 1 -0.0499486 -0.0467966 -2.9216 0 0 0 
-9.81612 -16.8045 2597.95 4.13747 -2.46681 199.942 9.81041 -13 -2 1 0 1 -0.0122732 0.0054375 -3.28121 0 0 0 
-7.71816 -17.5366 2697.92 3.77865 -0.386907 199.964 10.1877 -13 -2 1 0 1 0.0150866 0.0643914 -2.94886 0 0 0 
-6.45197 -17.2698 2797.91 0.98794 1.2897 199.993 10.5649 -13 -2 1 0 1 0.0293303 0.105179 -2.02322 0 0 0 
-6.8931 -16.3793 2897.91 -2.79677 2.23556 199.968 10.9422 -13 -2 1 0 1 0.0428015 0.119259 -0.735324 0 0 0 
-9.19927 -14.9264 2997.87 -6.28231 3.82696 199.865 11.3194 -13 -2 1 0 1 0.0611528 0.110777 0.672688 0 0 0 
-12.8946 -12.2091 3097.76 -8.04924 7.40472 199.701 11.6967 -13 -2 1 0 1 0.0736883 0.080615 1.97242 0 0 0 
-16.6197 -7.29821 3197.57 -6.09808 12.2073 199.534 12.0739 -13 -2 1 0 1 0.0565102 0.037219 2.91801 0 0 0 
-18.3083 -0.389435 3297.31 -0.21017 14.7149 199.458 12.4512 -13 -2 1 0 1 0.00173489 0.0133753 3.27998 0 0 0 
-16.8024 6.58938 3397.05 5.83544 12.4586 199.526 12.8284 -13 -2 1 0 1 -0.054432 0.0338234 2.95363 0 0 0 
-13.1336 11.6399 3496.85 8.08611 7.67181 199.689 13.2057 -13 -2 1 0 1 -0.0738915 0.0763517 2.03466 0 0 0 
-9.35953 14.4604 3596.74 6.54077 3.96641 199.854 13.5829 -13 -2 1 0 1 -0.0620668 0.107189 0.750911 0 0 0 
-6.88957 15.9593 3696.7 3.18124 2.30168 199.962 13.9602 -13 -2 1 0 1 -0.0431133 0.116852 -0.657018 0 0 0 
-6.2403 16.8957 3796.69 -0.556925 1.43323 199.994 14.3374 -13 -2 1 0 1 -0.0288588 0.10459 -1.96053 0 0 0 
-7.30894 17.2775 3896.68 -3.45087 -0.0675698 199.97 14.7147 -13 -2 1 0 1 -0.0150457 0.0663313 -2.91265 0 0 0 
-9.30495 16.7338 3996.66 -4.07392 -2.06515 199.948 15.0919 -13 -2 1 0 1 0.0104395 0.0086682 -3.28043 0 0 0 
-10.9637 15.4279 4096.64 -2.25459 -2.8035 199.968 15.4692 -13 -2 1 0 1 0.0466116 -0.044559 -2.95712 0 0 0 
-11.4083 14.3146 4196.63 0.498363 -1.31523 199.995 15.8464 -13 -2 1 0 1 0.0743387 -0.0781645 -2.03802 0 0 0 
-11.3725 14.3148 4200.5 0.604437 -1.22215 199.995 15.861 -13 -2 1 0 1 0.074834 -0.0792276 -1.99327 0 0 0 
-11.3725 14.3148 4200.5 0.604464 -1.22212 199.995 15.861 -13 -2 1 0 1 0.0748341 -0.0792278 -1.99326 0 0 0 
-10.3954 14.3734 4300.49 3.30982 1.50783 199.967 16.2383 -13 -2 1 0 1 0.0796539 -0.0984708 -0.696034 0 0 0 
-7.98125 15.7222 4400.45 6.49945 3.63118 199.861 16.6155 -13 -2 1 0 1 0.0628639 -0.110222 0.711876 0 0 0 
-3.7383 17.5837 4500.35 10.5531 3.23747 199.695 16.9928 -13 -2 1 0 1 0.0305952 -0.10521 2.00246 0 0 0 
2.43409 18.3009 4600.15 13.7105 -0.998808 199.527 17.37 -13 -2 1 0 1 0.00268002 -0.0670466 2.93557 0 0 0 
9.27475 16.2038 4699.89 12.8018 -7.39194 199.453 17.7473 -13 -2 1 0 1 0.0115175 -0.00673473 3.28128 0 0 0 
14.5107 11.3258 4799.63 7.71582 -11.3848 199.527 18.1245 -13 -2 1 0 1 0.0589031 0.0313502 2.937 0 0 0 
16.9696 5.6123 4899.43 2.45071 -10.7853 199.694 18.5018 -13 -2 1 0 1 0.105614 0.0264194 2.00501 0 0 0 
17.4626 0.988346 4999.32 0.0624153 -7.49301 199.86 18.879 -13 -2 1 0 1 0.125869 0.000940355 0.714998 0 0 0 
17.4774 -1.8087 5099.28 0.299082 -3.70189 199.966 19.2563 -13 -2 1 0 1 0.123961 -0.0196943 -0.692874 0 0 0 
17.8946 -2.73546 5199.27 1.33451 -0.0358387 199.996 19.6335 -13 -2 1 0 1 0.105008 -0.025453 -1.99055 0 0 0 
18.6376 -1.92363 5299.27 1.36814 3.11264 199.971 20.0108 -13 -2 1 0 1 0.0635559 -0.0187051 -2.93004 0 0 0 
19.0032 0.0731941 5399.25 -0.074363 4.44823 199.951 20.388 -13 -2 1 0 1 0.000512943 -0.0133394 -3.28134 0 0 0 
18.5655 2.06003 5499.22 -1.50419 3.07478 199.971 20.7653 -13 -2 1 0 1 -0.0624531 -0.0191034 -2.94001 0 0 0 
17.7616 2.84808 5599.22 -1.44011 -0.0877414 199.995 21.1425 -13 -2 1 0 1 -0.10375 -0.0260719 -2.00798 0 0 0 
17.3002 1.89881 5699.21 -0.370169 -3.73473 199.965 21.5198 -13 -2 1 0 1 -0.122544 -0.0203274 -0.717136 0 0 0 
17.2588 -0.90489 5799.17 -0.0961524 -7.48519 199.86 21.897 -13 -2 1 0 1 -0.124574 0.000359524 0.690695 0 0 0 
16.7606 -5.51589 5899.06 -2.43603 -10.7462 199.696 22.2743 -13 -2 1 0 1 -0.104802 0.0260149 1.98744 0 0 0 
14.321 -11.2107 5998.86 -7.65781 -11.3583 199.53 22.6515 -13 -2 1 0 1 -0.0588894 0.0314841 2.92677 0 0 0 
9.11563 -16.0866 6098.61 -12.7483 -7.41044 199.456 23.0288 -13 -2 1 0 1 -0.0120007 -0.00587935 3.28063 0 0 0 
2.29016 -18.2002 6198.35 -13.7063 -1.03883 199.527 23.406 -13 -2 1 0 1 -0.00328958 -0.065904 2.94535 0 0 0 
-3.8918 -17.5007 6298.15 -10.5907 3.20895 199.694 23.7833 -13 -2 1 0 1 -0.0314069 -0.1043 2.01984 0 0 0 
-8.15861 -15.6513 6398.04 -6.5541 3.60742 199.86 24.1605 -13 -2 1 0 1 -0.0640313 -0.109625 0.732877 0 0 0 
-10.6014 -14.3192 6498 -3.36811 1.45927 199.966 24.5378 -13 -2 1 0 1 -0.0811506 -0.0982387 -0.675124 0 0 0 
-11.6048 -14.2972 6597.99 -0.645996 -1.32277 199.995 24.915 -13 -2 1 0 1 -0.0764569 -0.0795374 -1.97581 0 0 0 
-11.2202 -15.4441 6697.98 2.17755 -2.93399 199.967 25.2923 -13 -2 1 0 1 -0.0491952 -0.0472126 -2.92164 0 0 0 
-9.56112 -16.839 6797.96 4.1657 -2.2711 199.944 25.6696 -13 -2 1 0 1 -0.0122509 0.00544133 -3.28113 0 0 0 
-7.4725 -17.4757 6897.93 3.71739 -0.212223 199.965 26.0468 -13 -2 1 0 1 0.0142789 0.0641945 -2.94868 0 0 0 
-6.24979 -17.1368 6997.93 0.885556 1.40088 199.993 26.4241 -13 -2 1 0 1 0.0281692 0.104415 -2.023 0 0 0 
-6.74074 -16.2055 7097.92 -2.88688 2.2917 199.966 26.8013 -13 -2 1 0 1 0.0417463 0.118054 -0.735138 0 0 0 
-9.08289 -14.7328 7197.88 -6.33399 3.85419 199.863 27.1786 -13 -2 1 0 1 0.0603423 0.109429 0.672803 0 0 0 
-12.7933 -12.0058 7297.77 -8.05847 7.41644 199.7 27.5558 -13 -2 1 0 1 0.0730938 0.0794278 1.97244 0 0 0 
-16.5146 -7.0933 7397.58 -6.07724 12.2013 199.535 27.9331 -13 -2 1 0 1 0.0561426 0.0365126 2.91796 0 0 0 
-18.1907 -0.192372 7497.32 -0.185952 14.6908 199.46 28.3103 -13 -2 1 0 1 0.00171718 0.0133563 3.27989 0 0 0 
-16.6775 6.77311 7597.06 5.83757 12.4334 199.528 28.6876 -13 -2 1 0 1 -0.0540281 0.0344258 2.95352 0 0 0 
-13.0153 11.8157 7696.86 8.05711 7.66813 199.691 29.0648 -13 -2 1 0 1 -0.073217 0.0773601 2.03454 0 0 0 
-9.26369 14.6418 7796.75 6.47938 3.99258 199.855 29.4421 -13 -2 1 0 1 -0.0614055 0.108446 0.750757 0 0 0 
-6.83398 16.1589 7896.71 3.0797 2.34408 199.963 29.8193 -13 -2 1 0 1 -0.0427274 0.118241 -0.657214 0 0 0 
-6.24744 17.1134 7996.7 -0.706159 1.45518 199.994 30.1966 -13 -2 1 0 1 -0.0289 0.105861 -1.96076 0 0 0 
-7.39924 17.4908 8096.69 -3.62715 -0.114025 199.967 30.5738 -13 -2 1 0 1 -0.0153563 0.0670662 -2.91289 0 0 0 
-9.47818 16.902 8196.67 -4.21808 -2.19651 199.944 30.9511 -13 -2 1 0 1 0.0104226 0.00868239 -3.28063 0 0 0 
-11.1898 15.5176 8296.65 -2.31825 -2.97519 199.965 31.3283 -13 -2 1 0 1 0.0473523 -0.0448572 -2.95721 0 0 0 
-11.6472 14.3219 8396.64 0.50388 -1.46498 199.994 31.7056 -13 -2 1 0 1 0.0757089 -0.0782102 -2.038 0 0 0 
-11.6112 14.3197 8400.5 0.611549 -1.3704 199.995 31.7201 -13 -2 1 0 1 0.0762172 -0.0792578 -1.99333 0 0 0 
-11.6111 14.3197 8400.5 0.611577 -1.37037 199.995 31.7201 -13 -2 1 0 1 0.0762173 -0.0792581 -1.99332 0 0 0 
-10.6233 14.3163 8500.49 3.33752 1.40901 199.967 32.0974 -13 -2 1 0 1 0.0812359 -0.0980754 -0.696044 0 0 0 
-8.19827 15.6277 8600.45 6.51155 3.57933 199.862 32.4746 -13 -2 1 0 1 0.0643681 -0.109567 0.711879 0 0 0 
-3.95583 17.4739 8700.35 10.5395 3.22806 199.696 32.8519 -13 -2 1 0 1 0.0318511 -0.104575 2.00244 0 0 0 
2.20606 18.1965 8800.15 13.6861 -0.96911 199.529 33.2291 -13 -2 1 0 1 0.00344524 -0.066694 2.93549 0 0 0 
9.03741 16.1207 8899.89 12.7928 -7.34127 199.456 33.6064 -13 -2 1 0 1 0.0115188 -0.00673318 3.28113 0 0 0 
14.2754 11.2661 8999.63 7.7327 -11.3479 199.528 33.9836 -13 -2 1 0 1 0.0581141 0.0311495 2.93684 0 0 0 
16.7471 5.56143 9099.43 2.48243 -10.7898 199.693 34.3609 -13 -2 1 0 1 0.104327 0.0261248 2.00489 0 0 0 
17.2574 0.923066 9199.32 0.0999889 -7.54597 199.858 34.7382 -13 -2 1 0 1 0.124444 0.000487633 0.71494 0 0 0 
17.2946 -1.91126 9299.28 0.354598 -3.79572 199.964 35.1154 -13 -2 1 0 1 0.122689 -0.0204057 -0.692869 0 0 0 
17.7499 -2.89051 9399.27 1.4364 -0.145699 199.995 35.4927 -13 -2 1 0 1 0.104167 -0.0263509 -1.99051 0 0 0 
18.5594 -2.12757 9499.27 1.53143 3.03686 199.971 35.8699 -13 -2 1 0 1 0.0632904 -0.0193945 -2.93 0 0 0 
19.0161 -0.148943 9599.25 0.117026 4.45639 199.95 36.2472 -13 -2 1 0 1 0.000512983 -0.0133453 -3.28136 0 0 0 
18.6677 1.86378 9699.22 -1.34766 3.16412 199.971 36.6244 -13 -2 1 0 1 -0.0627954 -0.018449 -2.94007 0 0 0 
17.9261 2.70608 9799.22 -1.34759 0.0298633 199.996 37.0017 -13 -2 1 0 1 -0.104701 -0.0252534 -2.00804 0 0 0 
17.4984 1.81184 9899.21 -0.322585 -3.6381 199.967 37.3789 -13 -2 1 0 1 -0.12392 -0.019725 -0.717147 0 0 0 
17.4761 -0.953944 9999.17 -0.0634262 -7.43223 199.862 37.7562 -13 -2 1 0 1 -0.126084 0.00070028 0.69075 0 0 0 
16.9935 -5.55093 10099.1 -2.40635 -10.7432 199.697 38.1334 -13 -2 1 0 1 -0.106156 0.0262192 1.98756 0 0 0 
14.5661 -11.2557 10198.9 -7.64163 -11.3979 199.529 38.5107 -13 -2 1 0 1 -0.0597227 0.0316376 2.92693 0 0 0 
9.36235 -16.1565 10298.6 -12.7588 -7.46427 199.453 38.8879 -13 -2 1 0 1 -0.0120127 -0.00587677 3.28077 0 0 0 
2.52635 -18.2927 10398.3 -13.7342 -1.07045 199.525 39.2652 -13 -2 1 0 1 -0.00250778 -0.066212 2.94543 0 0 0 
-3.66842 -17.599 10498.1 -10.6099 3.21893 199.693 39.6424 -13 -2 1 0 1 -0.030123 -0.104866 2.01987 0 0 0 
-7.93901 -15.7334 10598 -6.54956 3.6619 199.859 40.0197 -13 -2 1 0 1 -0.0625113 -0.110193 0.732886 0 0 0 
-10.3752 -14.3626 10698 -3.35048 1.56076 199.966 40.3969 -13 -2 1 0 1 -0.0795794 -0.0985387 -0.675097 0 0 0 
-11.3738 -14.2778 10798 -0.651583 -1.17501 199.996 40.7742 -13 -2 1 0 1 -0.0751113 -0.0794229 -1.97573 0 0 0 
-11.0074 -15.3444 10898 2.10391 -2.76874 199.97 41.1514 -13 -2 1 0 1 -0.0484655 -0.0468695 -2.9215 0 0 0 
-9.40536 -16.6649 10998 4.01492 -2.1497 199.948 41.5287 -13 -2 1 0 1 -0.0122387 0.005455 -3.28094 0 0 0 
-7.40193 -17.2619 11097.9 3.53857 -0.176768 199.969 41.9059 -13 -2 1 0 1 0.0140462 0.0634889 -2.94849 0 0 0 
-6.26288 -16.9239 11197.9 0.736605 1.36925 199.994 42.2832 -13 -2 1 0 1 0.0282439 0.10319 -2.02286 0 0 0 
-6.81619 -16.0149 11297.9 -2.9877 2.24225 199.965 42.6604 -13 -2 1 0 1 0.0422678 0.116733 -0.735051 0 0 0 
-9.19862 -14.5631 11397.9 -6.39644 3.82418 199.861 43.0377 -13 -2 1 0 1 0.0611451 0.108249 0.672852 0 0 0 
-12.9326 -11.8428 11497.8 -8.09092 7.4204 199.699 43.4149 -13 -2 1 0 1 0.0739038 0.0784785 1.97249 0 0 0 
-16.6625 -6.92093 11597.6 -6.07878 12.2317 199.533 43.7922 -13 -2 1 0 1 0.0566498 0.0359209 2.91803 0 0 0 
-18.3323 -0.00314248 11697.3 -0.161696 14.7232 199.457 44.1694 -13 -2 1 0 1 0.0017295 0.0133385 3.28 0 0 0 
-16.8052 6.97411 11797.1 5.86368 12.446 199.526 44.5467 -13 -2 1 0 1 -0.0544488 0.0350845 2.95365 0 0 0 
-13.1358 12.017 11896.9 8.05606 7.65779 199.691 44.9239 -13 -2 1 0 1 -0.0739101 0.0785159 2.03462 0 0 0 
-9.39496 14.8331 11996.8 6.43641 3.96208 199.857 45.3012 -13 -2 1 0 1 -0.0623153 0.109771 0.750768 0 0 0 
-6.99682 16.328 12096.7 2.99864 2.28266 199.965 45.6784 -13 -2 1 0 1 -0.0438606 0.119419 -0.657274 0 0 0 
-6.45534 17.2392 12196.7 -0.798495 1.3397 199.994 46.0557 -13 -2 1 0 1 -0.0301146 0.106598 -1.96087 0 0 0 
-7.64541 17.5431 12296.7 -3.67775 -0.289831 199.966 46.4329 -13 -2 1 0 1 -0.016208 0.0672477 -2.91301 0 0 0 
-9.72846 16.8593 12396.7 -4.17984 -2.38968 199.942 46.8102 -13 -2 1 0 1 0.0103939 0.00867615 -3.2807 0 0 0 
-11.3996 15.3883 12496.6 -2.2023 -3.11926 199.964 47.1874 -13 -2 1 0 1 0.0480367 -0.0444368 -2.95721 0 0 0 
-11.7917 14.1392 12596.6 0.639057 -1.53542 199.993 47.5647 -13 -2 1 0 1 0.0765352 -0.0771646 -2.03797 0 0 0 
-11.7533 14.1362 12600.5 0.74629 -1.43832 199.994 47.5793 -13 -2 1 0 1 0.0770394 -0.0781948 -1.9933 0 0 0 
-11.7533 14.1362 12600.5 0.746318 -1.4383 199.994 47.5793 -13 -2 1 0 1 0.0770395 -0.078195 -1.99329 0 0 0 
-10.7041 14.1121 12700.5 3.44343 1.38781 199.966 47.9565 -13 -2 1 0 1 0.081795 -0.0966572 -0.696032 0 0 0 
-8.23682 15.4172 12800.5 6.57381 3.57095 199.86 48.3338 -13 -2 1 0 1 0.0646341 -0.108105 0.711842 0 0 0 
-3.97422 17.2588 12900.3 10.5585 3.21732 199.695 48.711 -13 -2 1 0 1 0.0319567 -0.10333 2.00233 0 0 0 
2.18799 17.9762 13000.1 13.6708 -0.977094 199.53 49.0883 -13 -2 1 0 1 0.00350591 -0.065953 2.93533 0 0 0 
9.00744 15.8994 13099.9 12.7652 -7.33647 199.458 49.4655 -13 -2 1 0 1 0.0115183 -0.0067329 3.28097 0 0 0 
14.2347 11.0499 13199.6 7.72142 -11.3346 199.529 49.8428 -13 -2 1 0 1 0.0579756 0.0304242 2.93673 0 0 0 
16.7088 5.35073 13299.4 2.50523 -10.7836 199.694 50.22 -13 -2 1 0 1 0.104104 0.0249082 2.00485 0 0 0 
17.2405 0.711877 13399.3 0.163492 -7.5536 199.858 50.5973 -13 -2 1 0 1 0.124327 -0.000975755 0.714943 0 0 0 
17.3205 -2.12709 13499.3 0.463014 -3.80213 199.964 50.9745 -13 -2 1 0 1 0.12287 -0.0219031 -0.692865 0 0 0 
17.8406 -3.10188 13599.3 1.58412 -0.114167 199.994 51.3518 -13 -2 1 0 1 0.104695 -0.0275758 -1.99055 0 0 0 
18.7268 -2.30534 13699.3 1.68107 3.1437 199.968 51.729 -13 -2 1 0 1 0.0638602 -0.0199962 -2.93012 0 0 0 
19.2456 -0.254476 13799.2 0.205983 4.63196 199.947 52.1063 -13 -2 1 0 1 0.000521806 -0.0133485 -3.28154 0 0 0 
18.9189 1.8511 13899.2 -1.3492 3.34807 199.968 52.4835 -13 -2 1 0 1 -0.0636334 -0.018407 -2.94028 0 0 0 
18.1599 2.77508 13999.2 -1.40662 0.167242 199.995 52.8608 -13 -2 1 0 1 -0.106052 -0.0256518 -2.00822 0 0 0 
17.6997 1.93522 14099.2 -0.385787 -3.55624 199.968 53.238 -13 -2 1 0 1 -0.125318 -0.0205801 -0.717264 0 0 0 
17.6522 -0.800341 14199.2 -0.097866 -7.39055 199.864 53.6153 -13 -2 1 0 1 -0.127309 -0.000365172 0.69069 0 0 0 
17.1616 -5.38425 14299.1 -2.40468 -10.7321 199.698 53.9925 -13 -2 1 0 1 -0.107134 0.0252541 1.98754 0 0 0 
14.7414 -11.0909 14398.9 -7.61829 -11.4165 199.529 54.3698 -13 -2 1 0 1 -0.0603203 0.0310804 2.92692 0 0 0 
9.54902 -16.0069 14498.6 -12.7415 -7.50315 199.453 54.747 -13 -2 1 0 1 -0.0120236 -0.0058812 3.28074 0 0 0 
2.71575 -18.1622 14598.3 -13.742 -1.10265 199.525 55.1243 -13 -2 1 0 1 -0.00188165 -0.0657758 2.9454 0 0 0 
-3.48926 -17.4771 14698.1 -10.642 3.21979 199.691 55.5015 -13 -2 1 0 1 -0.0290925 -0.104161 2.01988 0 0 0 
-7.78094 -15.6007 14798 -6.60215 3.70396 199.857 55.8788 -13 -2 1 0 1 -0.0614157 -0.109271 0.732963 0 0 0 
-10.2505 -14.2005 14898 -3.43419 1.63274 199.964 56.256 -13 -2 1 0 1 -0.0787116 -0.097411 -0.674957 0 0 0 
-11.3027 -14.0785 14998 -0.785325 -1.10585 199.996 56.6333 -13 -2 1 0 1 -0.0746975 -0.0782635 -1.97555 0 0 0 
-11.016 -15.1221 15098 1.92351 -2.7544 199.972 57.0105 -13 -2 1 0 1 -0.048496 -0.0461109 -2.92132 0 0 0 
-9.50629 -16.4575 15198 3.8372 -2.22504 199.951 57.3878 -13 -2 1 0 1 -0.0122482 0.00546578 -3.28083 0 0 0 
-7.578 -17.1104 15297.9 3.4225 -0.31627 199.971 57.765 -13 -2 1 0 1 0.0146249 0.0629856 -2.94849 0 0 0 
-6.47842 -16.8453 15397.9 0.691305 1.22679 199.995 58.1423 -13 -2 1 0 1 0.0294813 0.102738 -2.02293 0 0 0 
-7.04373 -15.9991 15497.9 -2.99748 2.13723 199.966 58.5195 -13 -2 1 0 1 0.0438428 0.116625 -0.735128 0 0 0 
-9.43021 -14.5884 15597.9 -6.40746 3.76506 199.862 58.8968 -13 -2 1 0 1 0.0627504 0.108412 0.669359 0 0 0 
-13.1737 -11.8862 15697.8 -8.11803 7.40697 199.698 59.274 -13 -2 1 0 1 0.0753019 0.0787211 1.96889 0 0 0 
-16.9197 -6.96 15797.6 -6.11339 12.2613 199.53 59.6513 -13 -2 1 0 1 0.0575256 0.0360482 2.91433 0 0 0 
-18.6046 -0.0197709 15897.3 -0.184377 14.7789 199.453 60.0285 -13 -2 1 0 1 0.00174411 0.0133379 3.27617 0 0 0 
-17.084 6.98533 15997.1 5.85916 12.4959 199.524 60.4058 -13 -2 1 0 1 -0.0553749 0.0351266 2.94962 0 0 0 
-13.415 12.0457 16096.9 8.05555 7.67393 199.691 60.783 -13 -2 1 0 1 -0.0755221 0.0786931 2.03033 0 0 0 
-9.67682 14.8581 16196.7 6.42538 3.9299 199.858 61.1603 -13 -2 1 0 1 -0.0642733 0.109963 0.746163 0 0 0 
-7.28576 16.3225 16296.7 2.98474 2.19167 199.966 61.5375 -13 -2 1 0 1 -0.0458691 0.119385 -0.658751 0 0 0 
-6.74546 17.1735 16396.7 -0.781761 1.19234 199.995 61.9148 -13 -2 1 0 1 -0.0318085 0.10622 -1.9625 0 0 0 
-7.90992 17.3961 16496.7 -3.58618 -0.458009 199.968 62.292 -13 -2 1 0 1 -0.0171244 0.0667462 -2.91477 0 0 0 
-9.92589 16.6375 16596.7 -4.00794 -2.50871 199.944 62.6693 -13 -2 1 0 1 0.0103672 0.00865726 -3.28259 0 0 0 
-11.5021 15.1304 16696.6 -2.00703 -3.14255 199.966 63.0465 -13 -2 1 0 1 0.0483649 -0.0435892 -2.95926 0 0 0 
-11.8049 13.8904 16796.6 0.793576 -1.48346 199.993 63.4238 -13 -2 1 0 1 0.0766041 -0.0757342 -2.04023 0 0 0 
-11.764 13.8887 16800.5 0.898688 -1.38436 199.994 63.4384 -13 -2 1 0 1 0.0770959 -0.0767564 -1.99551 0 0 0 
-11.764 13.8887 16800.5 0.898715 -1.38433 199.994 63.4384 -13 -2 1 0 1 0.077096 -0.0767567 -1.9955 0 0 0 
-10.6535 13.8991 16900.5 3.53707 1.46401 199.964 63.8156 -13 -2 1 0 1 0.0814274 -0.095164 -0.701787 0 0 0 
-8.15135 15.2406 17000.5 6.62344 3.63716 199.858 64.1929 -13 -2 1 0 1 0.0640287 -0.106861 0.705638 0 0 0 
-3.87073 17.1109 17100.3 10.5841 3.26608 199.693 64.5701 -13 -2 1 0 1 0.031355 -0.10245 1.99566 0 0 0 
2.30203 17.8497 17200.1 13.6908 -0.938497 199.529 64.9474 -13 -2 1 0 1 0.00313375 -0.0655012 2.92821 0 0 0 
9.13436 15.7914 17299.9 12.8003 -7.30063 199.457 65.3246 -13 -2 1 0 1 0.0115457 -0.00670929 3.27343 0 0 0 
14.3866 10.9591 17399.6 7.78848 -11.3018 199.529 65.7019 -13 -2 1 0 1 0.0585302 0.0301339 2.92874 0 0 0 
16.9037 5.27591 17499.4 2.60964 -10.7506 199.694 66.0791 -13 -2 1 0 1 0.10529 0.024476 1.99631 0 0 0 
17.4962 0.657748 17599.3 0.301187 -7.49823 199.86 66.4564 -13 -2 1 0 1 0.12617 -0.00136679 0.705714 0 0 0 
17.6495 -2.13958 17699.3 0.613387 -3.68321 199.965 66.8336 -13 -2 1 0 1 0.125214 -0.0220142 -0.699458 0 0 0 
18.2383 -3.03047 17799.3 1.69659 0.106058 199.993 67.2109 -13 -2 1 0 1 0.107072 -0.0271925 -1.99789 0 0 0 
19.1541 -2.10029 17899.3 1.67292 3.44762 199.964 67.5881 -13 -2 1 0 1 0.0653898 -0.0193323 -2.9383 0 0 0 
19.6276 0.103408 17999.2 0.0345727 4.91803 199.94 67.9654 -13 -2 1 0 1 0.000626025 -0.013361 -3.29058 0 0 0 
19.1868 2.32414 18099.2 -1.61386 3.51218 199.963 68.3426 -13 -2 1 0 1 -0.0644267 -0.0199979 -2.95018 0 0 0 
18.2983 3.29682 18199.2 -1.64173 0.20636 199.994 68.7199 -13 -2 1 0 1 -0.106743 -0.0286688 -2.01908 0 0 0 
17.7447 2.45954 18299.2 -0.518072 -3.57262 199.968 69.0971 -13 -2 1 0 1 -0.12551 -0.0242257 -0.729252 0 0 0 
17.6615 -0.285995 18399.2 -0.107217 -7.41002 199.863 69.4744 -13 -2 1 0 1 -0.127224 -0.00396215 0.673923 0 0 0 
17.1968 -4.88116 18499 -2.29435 -10.765 199.697 69.8516 -13 -2 1 0 1 -0.107172 0.0222655 1.96905 0 0 0 
14.8547 -10.6206 18598.8 -7.42777 -11.5272 199.53 70.2289 -13 -2 1 0 1 -0.0605414 0.029346 2.90647 0 0 0 
9.75741 -15.6231 18698.6 -12.5725 -7.74016 199.455 70.6061 -13 -2 1 0 1 -0.011907 -0.00611354 3.25812 0 0 0 
2.97985 -17.922 18798.3 -13.7 -1.42617 199.525 70.9834 -13 -2 1 0 1 -0.000951581 -0.0652566 2.92034 0 0 0 
-3.24115 -17.4021 18898.1 -10.7412 2.89409 199.691 71.3606 -13 -2 1 0 1 -0.0276986 -0.104045 1.99198 0 0 0 
-7.60375 -15.681 18998 -6.77109 3.4074 199.857 71.7379 -13 -2 1 0 1 -0.0603097 -0.110165 0.701672 0 0 0 
-10.1545 -14.4268 19098 -3.5732 1.33837 199.964 72.1151 -13 -2 1 0 1 -0.0782335 -0.0993394 -0.706884 0 0 0 
-11.2474 -14.4571 19198 -0.792373 -1.41844 199.994 72.4924 -13 -2 1 0 1 -0.0746313 -0.0808896 -2.01221 0 0 0 
-10.9146 -15.6508 19298 2.12014 -3.02476 199.966 72.8696 -13 -2 1 0 1 -0.0484475 -0.048461 -2.96369 0 0 0 
-9.26114 -17.086 19397.9 4.19627 -2.33711 199.943 73.2469 -13 -2 1 0 1 -0.0125292 0.00472413 -3.32997 0 0 0 
-7.14407 -17.7462 19497.9 3.79101 -0.242209 199.964 73.6242 -13 -2 1 0 1 0.0129265 0.0642209 -3.00569 0 0 0 
-5.88461 -17.4209 19597.9 0.953036 1.36564 199.993 74.0014 -13 -2 1 0 1 0.0258098 0.105022 -2.08983 0 0 0 
-6.34867 -16.5241 19697.9 -2.85028 2.1753 199.968 74.3787 -13 -2 1 0 1 0.038677 0.119068 -0.81392 0 0 0 
-8.68821 -15.1466 19797.9 -6.37348 3.57814 199.867 74.7559 -13 -2 1 0 1 0.0569581 0.110933 0.575817 0 0 0 
-12.4636 -12.6062 19897.8 -8.31159 6.95054 199.707 75.1332 -13 -2 1 0 1 0.0699682 0.0814832 1.85691 0 0 0 
-16.4107 -7.9518 19997.6 -6.76255 11.6764 199.545 75.5104 -13 -2 1 0 1 0.0537227 0.0382672 2.77908 0 0 0 
-18.564 -1.25906 20097.3 -1.40124 14.4485 199.473 75.8877 -13 -2 1 0 1 -0.00128513 0.0130834 3.1112 0 0 0 
-17.7546 5.72296 20197.1 4.28813 12.7636 199.547 76.2649 -13 -2 1 0 1 -0.0613562 0.0320808 2.74618 0 0 0 
-14.8938 11.0632 20296.9 6.42426 8.47774 199.717 76.6422 -13 -2 1 0 1 -0.0881859 0.0760893 1.77615 0 0 0 
-11.9805 14.3257 20396.8 4.72594 4.83347 199.886 77.0194 -13 -2 1 0 1 -0.0847102 0.111633 0.424364 0 0 0 
-10.5077 16.1339 20496.7 0.972888 2.53403 199.982 77.3967 -13 -2 1 0 1 -0.0736385 0.126323 -1.07148 0 0 0 
-11.0585 16.8344 20596.7 -3.06617 0.0897867 199.977 77.7739 -13 -2 1 0 1 -0.0648268 0.11612 -2.499 0 0 0 
-13.256 15.9782 20696.7 -5.18439 -3.7227 199.899 78.1512 -13 -2 1 0 1 -0.0487657 0.0775186 -3.62113 0 0 0 
-15.5548 13.1193 20796.6 -3.2961 -7.40722 199.836 78.5284 -13 -2 1 0 1 -0.0119316 0.0262233 -4.22357 0 0 0 
-16.0383 9.15561 20896.6 1.55946 -7.70152 199.846 78.9057 -13 -2 1 0 1 0.0319992 -0.0066019 -4.22588 0 0 0 
-14.1387 6.0899 20996.5 5.64007 -4.09216 199.879 79.2829 -13 -2 1 0 1 0.0523298 -0.0150007 -3.75277 0 0 0 
-10.8691 5.2622 21096.4 7.00212 0.74263 199.876 79.6602 -13 -2 1 0 1 0.0447091 -0.0167197 -3.05267 0 0 0 
-7.45444 6.65602 21196.4 6.46572 4.5872 199.843 80.0374 -13 -2 1 0 1 0.0273232 -0.0206861 -2.3485 0 0 0 
-5.7701 8.24747 21252.2 5.86668 6.07859 199.822 80.2482 -13 -2 1 0 1 0.0187666 -0.0233925 -1.99699 0 0 0 

# Event -1 Track 1
-11.2945 14.0917 0 0.731734 -1.1308 199.995 0 -13 -1 1 0 1 0.0742713 -0.0777543 -1.9924 0 0 0 
-11.2894 14.0922 0.4995 0.745062 -1.11857 199.995 0.0018845 -13 -1 1 0 1 0.0743305 -0.0778914 -1.9866 0 0 0 
-11.2894 14.0922 0.5005 0.745089 -1.11855 199.995 0.00188827 -13 -1 1 0 1 0.0743306 -0.0778917 -1.98659 0 0 0 
-10.2583 14.2043 100.494 3.38954 1.6099 199.965 0.379139 -13 -1 1 0 1 0.0786852 -0.0972538 -0.689854 0 0 0 
-7.81304 15.5959 200.453 6.54885 3.69678 199.859 0.75639 -13 -1 1 0 1 0.0616968 -0.109318 0.714321 0 0 0 
-3.54904 17.4788 300.342 10.589 3.25705 199.693 1.13364 -13 -1 1 0 1 0.0295059 -0.104578 2.00467 0 0 0 
2.63767 18.1948 400.145 13.7302 -1.021 199.526 1.51089 -13 -1 1 0 1 0.00200568 -0.0666675 2.93762 0 0 0 
9.48229 16.0808 499.883 12.7977 -7.43222 199.452 1.88814 -13 -1 1 0 1 0.0115286 -0.00671609 3.28325 0 0 0 
14.7119 11.1849 599.622 7.69835 -11.4114 199.526 2.26539 -13 -1 1 0 1 0.0595916 0.030893 2.93891 0 0 0 
17.1641 5.4657 699.425 2.4453 -10.78 199.694 2.64264 -13 -1 1 0 1 0.106754 0.0255848 2.00682 0 0 0 
17.6613 0.853414 799.316 0.0859968 -7.45095 199.861 3.0199 -13 -1 1 0 1 0.127264 1.3496e-05 0.716662 0 0 0 
17.6946 -1.91196 899.276 0.345912 -3.61535 199.967 3.39715 -13 -1 1 0 1 0.125485 -0.0204049 -0.691381 0 0 0 
18.1345 -2.7821 999.27 1.37141 0.104548 199.995 3.7744 -13 -1 1 0 1 0.10643 -0.0257247 -1.98611 0 0 0 
18.8833 -1.88901 1099.26 1.34638 3.29109 199.968 4.15165 -13 -1 1 0 1 0.0644187 -0.0185883 -2.92592 0 0 0 
19.2169 0.195442 1199.24 -0.180078 4.60898 199.947 4.5289 -13 -1 1 0 1 0.000547681 -0.0133337 -3.27748 0 0 0 
18.7113 2.24608 1299.22 -1.66004 3.16403 199.968 4.90615 -13 -1 1 0 1 -0.0629146 -0.0197195 -2.93634 0 0 0 
17.8296 3.05971 1399.21 -1.58704 -0.0699867 199.994 5.2834 -13 -1 1 0 1 -0.104121 -0.0272874 -2.00448 0 0 0 
17.3043 2.10939 1499.2 -0.47722 -3.74943 199.964 5.66065 -13 -1 1 0 1 -0.122552 -0.0217826 -0.713804 0 0 0 
17.2197 -0.701825 1599.16 -0.162415 -7.49606 199.859 6.0379 -13 -1 1 0 1 -0.124285 -0.001048 0.693851 0 0 0 
16.6982 -5.31366 1699.05 -2.46331 -10.7381 199.696 6.41515 -13 -1 1 0 1 -0.104441 0.0248428 1.98728 0 0 0 
14.254 -11.0008 1798.86 -7.65001 -11.3381 199.532 6.7924 -13 -1 1 0 1 -0.0586638 0.0307732 2.92658 0 0 0 
9.05861 -15.8674 1898.6 -12.7204 -7.39666 199.458 7.16965 -13 -1 1 0 1 -0.0120002 -0.00588553 3.28046 0 0 0 
2.24633 -17.978 1998.34 -13.6866 -1.04035 199.528 7.54691 -13 -1 1 0 1 -0.00343544 -0.0651616 2.94525 0 0 0 
-3.93331 -17.2817 2098.14 -10.6041 3.19948 199.693 7.92416 -13 -1 1 0 1 -0.0316444 -0.103036 2.01984 0 0 0 
-8.21761 -15.4375 2198.03 -6.61152 3.5953 199.858 8.30141 -13 -1 1 0 1 -0.0644383 -0.108142 0.732967 0 0 0 
-10.7004 -14.1146 2297.99 -3.46952 1.4306 199.965 8.67866 -13 -1 1 0 1 -0.0818371 -0.0968173 -0.674989 0 0 0 
-11.7625 -14.1176 2397.98 -0.774323 -1.40008 199.994 9.05591 -13 -1 1 0 1 -0.0773752 -0.0784949 -1.97568 0 0 0 
-11.4394 -15.321 2497.97 2.07011 -3.08347 199.966 9.43316 -13 -1 1 0 1 -0.0499486 -0.0467966 -2.9216 0 0 0 
-9.81612 -16.8045 2597.95 4.13747 -2.46681 199.942 9.81041 -13 -1 1 0 1 -0.0122732 0.0054375 -3.28121 0 0 0 
-7.71816 -17.5366 2697.92 3.77865 -0.386907 199.964 10.1877 -13 -1 1 0 1 0.0150866 0.0643914 -2.94886 0 0 0 
-6.45197 -17.2698 2797.91 0.98794 1.2897 199.993 10.5649 -13 -1 1 0 1 0.0293303 0.105179 -2.02322 0 0 0 
-6.8931 -16.3793 2897.91 -2.79677 2.23556 199.968 10.9422 -13 -1 1 0 1 0.0428015 0.119259 -0.735324 0 0 0 
-9.19927 -14.9264 2997.87 -6.28231 3.82696 199.865 11.3194 -13 -1 1 0 1 0.0611528 0.110777 0.672688 0 0 0 
-12.8946 -12.2091 3097.76 -8.04924 7.40472 199.701 11.6967 -13 -1 1 0 1 0.0736883 0.080615 1.97242 0 0 0 
-16.6197 -7.29821 3197.57 -6.09808 12.2073 199.534 12.0739 -13 -1 1 0 1 0.0565102 0.037219 2.91801 0 0 0 
-18.3083 -0.389435 3297.31 -0.21017 14.7149 199.458 12.4512 -13 -1 1 0 1 0.00173489 0.0133753 3.27998 0 0 0 
-16.8024 6.58938 3397.05 5.83544 12.4586 199.526 12.8284 -13 -1 1 0 1 -0.054432 0.0338234 2.95363 0 0 0 
-13.1336 11.6399 3496.85 8.08611 7.67181 199.689 13.2057 -13 -1 1 0 1 -0.0738915 0.0763517 2.03466 0 0 0 
-9.35953 14.4604 3596.74 6.54077 3.96641 199.854 13.5829 -13 -1 1 0 1 -0.0620668 0.107189 0.750911 0 0 0 
-6.88957 15.9593 3696.7 3.18124 2.30168 199.962 13.9602 -13 -1 1 0 1 -0.0431133 0.116852 -0.657018 0 0 0 
-6.2403 16.8957 3796.69 -0.556925 1.43323 199.994 14.3374 -13 -1 1 0 1 -0.0288588 0.10459 -1.96053 0 0 0 
-7.30894 17.2775 3896.68 -3.45087 -0.0675698 199.97 14.7147 -13 -1 1 0 1 -0.0150457 0.0663313 -2.91265 0 0 0 
-9.30495 16.7338 3996.66 -4.07392 -2.06515 199.948 15.0919 -13 -1 1 0 1 0.0104395 0.0086682 -3.28043 0 0 0 
-10.9637 15.4279 4096.64 -2.25459 -2.8035 199.968 15.4692 -13 -1 1 0 1 0.0466116 -0.044559 -2.95712 0 0 0 
-11.4083 14.3146 4196.63 0.498363 -1.31523 199.995 15.8464 -13 -1 1 0 1 0.0743387 -0.0781645 -2.03802 0 0 0 
-11.3725 14.3148 4200.5 0.604437 -1.22215 199.995 15.861 -13 -1 1 0 1 0.074834 -0.0792276 -1.99327 0 0 0 
-11.3725 14.3148 4200.5 0.604464 -1.22212 199.995 15.861 -13 -1 1 0 1 0.0748341 -0.0792278 -1.99326 0 0 0 
-10.3954 14.3734 4300.49 3.30982 1.50783 199.967 16.2383 -13 -1 1 0 1 0.0796539 -0.0984708 -0.696034 0 0 0 
-7.98125 15.7222 4400.45 6.49945 3.63118 199.861 16.6155 -13 -1 1 0 1 0.0628639 -0.110222 0.711876 0 0 0 
-3.7383 17.5837 4500.35 10.5531 3.23747 199.695 16.9928 -13 -1 1 0 1 0.0305952 -0.10521 2.00246 0 0 0 
2.43409 18.3009 4600.15 13.7105 -0.998808 199.527 17.37 -13 -1 1 0 1 0.00268002 -0.0670466 2.93557 0 0 0 
9.27475 16.2038 4699.89 12.8018 -7.39194 199.453 17.7473 -13 -1 1 0 1 0.0115175 -0.00673473 3.28128 0 0 0 
14.5107 11.3258 4799.63 7.71582 -11.3848 199.527 18.1245 -13 -1 1 0 1 0.0589031 0.0313502 2.937 0 0 0 
16.9696 5.6123 4899.43 2.45071 -10.7853 199.694 18.5018 -13 -1 1 0 1 0.105614 0.0264194 2.00501 0 0 0 
17.4626 0.988346 4999.32 0.0624153 -7.49301 199.86 18.879 -13 -1 1 0 1 0.125869 0.000940355 0.714998 0 0 0 
17.4774 -1.8087 5099.28 0.299082 -3.70189 199.966 19.2563 -13 -1 1 0 1 0.123961 -0.0196943 -0.692874 0 0 0 
17.8946 -2.73546 5199.27 1.33451 -0.0358387 199.996 19.6335 -13 -1 1 0 1 0.105008 -0.025453 -1.99055 0 0 0 
18.6376 -1.92363 5299.27 1.36814 3.11264 199.971 20.0108 -13 -1 1 0 1 0.0635559 -0.0187051 -2.93004 0 0 0 
19.0032 0.0731941 5399.25 -0.074363 4.44823 199.951 20.388 -13 -1 1 0 1 0.000512943 -0.0133394 -3.28134 0 0 0 
18.5655 2.06003 5499.22 -1.50419 3.07478 199.971 20.7653 -13 -1 1 0 1 -0.0624531 -0.0191034 -2.94001 0 0 0 
17.7616 2.84808 5599.22 -1.44011 -0.0877414 199.995 21.1425 -13 -1 1 0 1 -0.10375 -0.0260719 -2.00798 0 0 0 
17.3002 1.89881 5699.21 -0.370169 -3.73473 199.965 21.5198 -13 -1 1 0 1 -0.122544 -0.0203274 -0.717136 0 0 0 
17.2588 -0.90489 5799.17 -0.0961524 -7.48519 199.86 21.897 -13 -1 1 0 1 -0.124574 0.000359524 0.690695 0 0 0 
16.7606 -5.51589 5899.06 -2.43603 -10.7462 199.696 22.2743 -13 -1 1 0 1 -0.104802 0.0260149 1.98744 0 0 0 
14.321 -11.2107 5998.86 -7.65781 -11.3583 199.53 22.6515 -13 -1 1 0 1 -0.0588894 0.0314841 2.92677 0 0 0 
9.11563 -16.0866 6098.61 -12.7483 -7.41044 199.456 23.0288 -13 -1 1 0 1 -0.0120007 -0.00587935 3.28063 0 0 0 
2.29016 -18.2002 6198.35 -13.7063 -1.03883 199.527 23.406 -13 -1 1 0 1 -0.00328958 -0.065904 2.94535 0 0 0 
-3.8918 -17.5007 6298.15 -10.5907 3.20895 199.694 23.7833 -13 -1 1 0 1 -0.0314069 -0.1043 2.01984 0 0 0 
-8.15861 -15.6513 6398.04 -6.5541 3.60742 199.86 24.1605 -13 -1 1 0 1 -0.0640313 -0.109625 0.732877 0 0 0 
-10.6014 -14.3192 6498 -3.36811 1.45927 199.966 24.5378 -13 -1 1 0 1 -0.0811506 -0.0982387 -0.675124 0 0 0 
-11.6048 -14.2972 6597.99 -0.645996 -1.32277 199.995 24.915 -13 -1 1 0 1 -0.0764569 -0.0795374 -1.97581 0 0 0 
-11.2202 -15.4441 6697.98 2.17755 -2.93399 199.967 25.2923 -13 -1 1 0 1 -0.0491952 -0.0472126 -2.92164 0 0 0 
-9.56112 -16.839 6797.96 4.1657 -2.2711 199.944 25.6696 -13 -1 1 0 1 -0.0122509 0.00544133 -3.28113 0 0 0 
-7.4725 -17.4757 6897.93 3.71739 -0.212223 199.965 26.0468 -13 -1 1 0 1 0.0142789 0.0641945 -2.94868 0 0 0 
-6.24979 -17.1368 6997.93 0.885556 1.40088 199.993 26.4241 -13 -1 1 0 1 0.0281692 0.104415 -2.023 0 0 0 
-6.74074 -16.2055 7097.92 -2.88688 2.2917 199.966 26.8013 -13 -1 1 0 1 0.0417463 0.118054 -0.735138 0 0 0 
-9.08289 -14.7328 7197.88 -6.33399 3.85419 199.863 27.1786 -13 -1 1 0 1 0.0603423 0.109429 0.672803 0 0 0 
-12.7933 -12.0058 7297.77 -8.05847 7.41644 199.7 27.5558 -13 -1 1 0 1 0.0730938 0.0794278 1.97244 0 0 0 
-16.5146 -7.0933 7397.58 -6.07724 12.2013 199.535 27.9331 -13 -1 1 0 1 0.0561426 0.0365126 2.91796 0 0 0 
-18.1907 -0.192372 7497.32 -0.185952 14.6908 199.46 28.3103 -13 -1 1 0 1 0.00171718 0.0133563 3.27989 0 0 0 
-16.6775 6.77311 7597.06 5.83757 12.4334 199.528 28.6876 -13 -1 1 0 1 -0.0540281 0.0344258 2.95352 0 0 0 
-13.0153 11.8157 7696.86 8.05711 7.66813 199.691 29.0648 -13 -1 1 0 1 -0.073217 0.0773601 2.03454 0 0 0 
-9.26369 14.6418 7796.75 6.47938 3.99258 199.855 29.4421 -13 -1 1 0 1 -0.0614055 0.108446 0.750757 0 0 0 
-6.83398 16.1589 7896.71 3.0797 2.34408 199.963 29.8193 -13 -1 1 0 1 -0.0427274 0.118241 -0.657214 0 0 0 
-6.24744 17.1134 7996.7 -0.706159 1.45518 199.994 30.1966 -13 -1 1 0 1 -0.0289 0.105861 -1.96076 0 0 0 
-7.39924 17.4908 8096.69 -3.62715 -0.114025 199.967 30.5738 -13 -1 1 0 1 -0.0153563 0.0670662 -2.91289 0 0 0 
-9.47818 16.902 8196.67 -4.21808 -2.19651 199.944 30.9511 -13 -1 1 0 1 0.0104226 0.00868239 -3.28063 0 0 0 
-11.1898 15.5176 8296.65 -2.31825 -2.97519 199.965 31.3283 -13 -1 1 0 1 0.0473523 -0.0448572 -2.95721 0 0 0 
-11.6472 14.3219 8396.64 0.50388 -1.46498 199.994 31.7056 -13 -1 1 0 1 0.0757089 -0.0782102 -2.038 0 0 0 
-11.6112 14.3197 8400.5 0.611549 -1.3704 199.995 31.7201 -13 -1 1 0 1 0.0762172 -0.0792578 -1.99333 0 0 0 
-11.6111 14.3197 8400.5 0.611577 -1.37037 199.995 31.7201 -13 -1 1 0 1 0.0762173 -0.0792581 -1.99332 0 0 0 
-10.6233 14.3163 8500.49 3.33752 1.40901 199.967 32.0974 -13 -1 1 0 1 0.0812359 -0.0980754 -0.696044 0 0 0 
-8.19827 15.6277 8600.45 6.51155 3.57933 199.862 32.4746 -13 -1 1 0 1 0.0643681 -0.109567 0.711879 0 0 0 
-3.95583 17.4739 8700.35 10.5395 3.22806 199.696 32.8519 -13 -1 1 0 1 0.0318511 -0.104575 2.00244 0 0 0 
2.20606 18.1965 8800.15 13.6861 -0.96911 199.529 33.2291 -13 -1 1 0 1 0.00344524 -0.066694 2.93549 0 0 0 
9.03741 16.1207 8899.89 12.7928 -7.34127 199.456 33.6064 -13 -1 1 0 1 0.0115188 -0.00673318 3.28113 0 0 0 
14.2754 11.2661 8999.63 7.7327 -11.3479 199.528 33.9836 -13 -1 1 0 1 0.0581141 0.0311495 2.93684 0 0 0 
16.7471 5.56143 9099.43 2.48243 -10.7898 199.693 34.3609 -13 -1 1 0 1 0.104327 0.0261248 2.00489 0 0 0 
17.2574 0.923066 9199.32 0.0999889 -7.54597 199.858 34.7382 -13 -1 1 0 1 0.124444 0.000487633 0.71494 0 0 0 
17.2946 -1.91126 9299.28 0.354598 -3.79572 199.964 35.1154 -13 -1 1 0 1 0.122689 -0.0204057 -0.692869 0 0 0 
17.7499 -2.89051 9399.27 1.4364 -0.145699 199.995 35.4927 -13 -1 1 0 1 0.104167 -0.0263509 -1.99051 0 0 0 
18.5594 -2.12757 9499.27 1.53143 3.03686 199.971 35.8699 -13 -1 1 0 1 0.0632904 -0.0193945 -2.93 0 0 0 
19.0161 -0.148943 9599.25 0.117026 4.45639 199.95 36.2472 -13 -1 1 0 1 0.000512983 -0.0133453 -3.28136 0 0 0 
18.6677 1.86378 9699.22 -1.34766 3.16412 199.971 36.6244 -13 -1 1 0 1 -0.0627954 -0.018449 -2.94007 0 0 0 
17.9261 2.70608 9799.22 -1.34759 0.0298633 199.996 37.0017 -13 -1 1 0 1 -0.104701 -0.0252534 -2.00804 0 0 0 
17.4984 1.81184 9899.21 -0.322585 -3.6381 199.967 37.3789 -13 -1 1 0 1 -0.12392 -0.019725 -0.717147 0 0 0 
17.4761 -0.953944 9999.17 -0.0634262 -7.43223 199.862 37.7562 -13 -1 1 0 1 -0.126084 0.00070028 0.69075 0 0 0 
16.9935 -5.55093 10099.1 -2.40635 -10.7432 199.697 38.1334 -13 -1 1 0 1 -0.106156 0.0262192 1.98756 0 0 0 
14.5661 -11.2557 10198.9 -7.64163 -11.3979 199.529 38.5107 -13 -1 1 0 1 -0.0597227 0.0316376 2.92693 0 0 0 
9.36235 -16.1565 10298.6 -12.7588 -7.46427 199.453 38.8879 -13 -1 1 0 1 -0.0120127 -0.00587677 3.28077 0 0 0 
2.52635 -18.2927 10398.3 -13.7342 -1.07045 199.525 39.2652 -13 -1 1 0 1 -0.00250778 -0.066212 2.94543 0 0 0 
-3.66842 -17.599 10498.1 -10.6099 3.21893 199.693 39.6424 -13 -1 1 0 1 -0.030123 -0.104866 2.01987 0 0 0 
-7.93901 -15.7334 10598 -6.54956 3.6619 199.859 40.0197 -13 -1 1 0 1 -0.0625113 -0.110193 0.732886 0 0 0 
-10.3752 -14.3626 10698 -3.35048 1.56076 199.966 40.3969 -13 -1 1 0 1 -0.0795794 -0.0985387 -0.675097 0 0 0 
-11.3738 -14.2778 10798 -0.651583 -1.17501 199.996 40.7742 -13 -1 1 0 1 -0.0751113 -0.0794229 -1.97573 0 0 0 
-11.0074 -15.3444 10898 2.10391 -2.76874 199.97 41.1514 -13 -1 1 0 1 -0.0484655 -0.0468695 -2.9215 0 0 0 
-9.40536 -16.6649 10998 4.01492 -2.1497 199.948 41.5287 -13 -1 1 0 1 -0.0122387 0.005455 -3.28094 0 0 0 
-7.40193 -17.2619 11097.9 3.53857 -0.176768 199.969 41.9059 -13 -1 1 0 1 0.0140462 0.0634889 -2.94849 0 0 0 
-6.26288 -16.9239 11197.9 0.736605 1.36925 199.994 42.2832 -13 -1 1 0 1 0.0282439 0.10319 -2.02286 0 0 0 
-6.81619 -16.0149 11297.9 -2.9877 2.24225 199.965 42.6604 -13 -1 1 0 1 0.0422678 0.116733 -0.735051 0 0 0 
-9.19862 -14.5631 11397.9 -6.39644 3.82418 199.861 43.0377 -13 -1 1 0 1 0.0611451 0.108249 0.672852 0 0 0 
-12.9326 -11.8428 11497.8 -8.09092 7.4204 199.699 43.4149 -13 -1 1 0 1 0.0739038 0.0784785 1.97249 0 0 0 
-16.6625 -6.92093 11597.6 -6.07878 12.2317 199.533 43.7922 -13 -1 1 0 1 0.0566498 0.0359209 2.91803 0 0 0 
-18.3323 -0.00314248 11697.3 -0.161696 14.7232 199.457 44.1694 -13 -1 1 0 1 0.0017295 0.0133385 3.28 0 0 0 
-16.8052 6.97411 11797.1 5.86368 12.446 199.526 44.5467 -13 -1 1 0 1 -0.0544488 0.0350845 2.95365 0 0 0 
-13.1358 12.017 11896.9 8.05606 7.65779 199.691 44.9239 -13 -1 1 0 1 -0.0739101 0.0785159 2.03462 0 0 0 
-9.39496 14.8331 11996.8 6.43641 3.96208 199.857 45.3012 -13 -1 1 0 1 -0.0623153 0.109771 0.750768 0 0 0 
-6.99682 16.328 12096.7 2.99864 2.28266 199.965 45.6784 -13 -1 1 0 1 -0.0438606 0.119419 -0.657274 0 0 0 
-6.45534 17.2392 12196.7 -0.798495 1.3397 199.994 46.0557 -13 -1 1 0 1 -0.0301146 0.106598 -1.96087 0 0 0 
-7.64541 17.5431 12296.7 -3.67775 -0.289831 199.966 46.4329 -13 -1 1 0 1 -0.016208 0.0672477 -2.91301 0 0 0 
-9.72846 16.8593 12396.7 -4.17984 -2.38968 199.942 46.8102 -13 -1 1 0 1 0.0103939 0.00867615 -3.2807 0 0 0 
-11.3996 15.3883 12496.6 -2.2023 -3.11926 199.964 47.1874 -13 -1 1 0 1 0.0480367 -0.0444368 -2.95721 0 0 0 
-11.7917 14.1392 12596.6 0.639057 -1.53542 199.993 47.5647 -13 -1 1 0 1 0.0765352 -0.0771646 -2.03797 0 0 0 
-11.7533 14.1362 12600.5 0.74629 -1.43832 199.994 47.5793 -13 -1 1 0 1 0.0770394 -0.0781948 -1.9933 0 0 0 
-11.7533 14.1362 12600.5 0.746318 -1.4383 199.994 47.5793 -13 -1 1 0 1 0.0770395 -0.078195 -1.99329 0 0 0 
-10.7041 14.1121 12700.5 3.44343 1.38781 199.966 47.9565 -13 -1 1 0 1 0.081795 -0.0966572 -0.696032 0 0 0 
-8.23682 15.4172 12800.5 6.57381 3.57095 199.86 48.3338 -13 -1 1 0 1 0.0646341 -0.108105 0.711842 0 0 0 
-3.97422 17.2588 12900.3 10.5585 3.21732 199.695 48.711 -13 -1 1 0 1 0.0319567 -0.10333 2.00233 0 0 0 
2.18799 17.9762 13000.1 13.6708 -0.977094 199.53 49.0883 -13 -1 1 0 1 0.00350591 -0.065953 2.93533 0 0 0 
9.00744 15.8994 13099.9 12.7652 -7.33647 199.458 49.4655 -13 -1 1 0 1 0.0115183 -0.0067329 3.28097 0 0 0 
14.2347 11.0499 13199.6 7.72142 -11.3346 199.529 49.8428 -13 -1 1 0 1 0.0579756 0.0304242 2.93673 0 0 0 
16.7088 5.35073 13299.4 2.50523 -10.7836 199.694 50.22 -13 -1 1 0 1 0.104104 0.0249082 2.00485 0 0 0 
17.2405 0.711877 13399.3 0.163492 -7.5536 199.858 50.5973 -13 -1 1 0 1 0.124327 -0.000975755 0.714943 0 0 0 
17.3205 -2.12709 13499.3 0.463014 -3.80213 199.964 50.9745 -13 -1 1 0 1 0.12287 -0.0219031 -0.692865 0 0 0 
17.8406 -3.10188 13599.3 1.58412 -0.114167 199.994 51.3518 -13 -1 1 0 1 0.104695 -0.0275758 -1.99055 0 0 0 
18.7268 -2.30534 13699.3 1.68107 3.1437 199.968 51.729 -13 -1 1 0 1 0.0638602 -0.0199962 -2.93012 0 0 0 
19.2456 -0.254476 13799.2 0.205983 4.63196 199.947 52.1063 -13 -1 1 0 1 0.000521806 -0.0133485 -3.28154 0 0 0 
18.9189 1.8511 13899.2 -1.3492 3.34807 199.968 52.4835 -13 -1 1 0 1 -0.0636334 -0.018407 -2.94028 0 0 0 
18.1599 2.77508 13999.2 -1.40662 0.167242 199.995 52.8608 -13 -1 1 0 1 -0.106052 -0.0256518 -2.00822 0 0 0 
17.6997 1.93522 14099.2 -0.385787 -3.55624 199.968 53.238 -13 -1 1 0 1 -0.125318 -0.0205801 -0.717264 0 0 0 
17.6522 -0.800341 14199.2 -0.097866 -7.39055 199.864 53.6153 -13 -1 1 0 1 -0.127309 -0.000365172 0.69069 0 0 0 
17.1616 -5.38425 14299.1 -2.40468 -10.7321 199.698 53.9925 -13 -1 1 0 1 -0.107134 0.0252541 1.98754 0 0 0 
14.7414 -11.0909 14398.9 -7.61829 -11.4165 199.529 54.3698 -13 -1 1 0 1 -0.0603203 0.0310804 2.92692 0 0 0 
9.54902 -16.0069 14498.6 -12.7415 -7.50315 199.453 54.747 -13 -1 1 0 1 -0.0120236 -0.0058812 3.28074 0 0 0 
2.71575 -18.1622 14598.3 -13.742 -1.10265 199.525 55.1243 -13 -1 1 0 1 -0.00188165 -0.0657758 2.9454 0 0 0 
-3.48926 -17.4771 14698.1 -10.642 3.21979 199.691 55.5015 -13 -1 1 0 1 -0.0290925 -0.104161 2.01988 0 0 0 
-7.78094 -15.6007 14798 -6.60215 3.70396 199.857 55.8788 -13 -1 1 0 1 -0.0614157 -0.109271 0.732963 0 0 0 
-10.2505 -14.2005 14898 -3.43419 1.63274 199.964 56.256 -13 -1 1 0 1 -0.0787116 -0.097411 -0.674957 0 0 0 
-11.3027 -14.0785 14998 -0.785325 -1.10585 199.996 56.6333 -13 -1 1 0 1 -0.0746975 -0.0782635 -1.97555 0 0 0 
-11.016 -15.1221 15098 1.92351 -2.7544 199.972 57.0105 -13 -1 1 0 1 -0.048496 -0.0461109 -2.92132 0 0 0 
-9.50629 -16.4575 15198 3.8372 -2.22504 199.951 57.3878 -13 -1 1 0 1 -0.0122482 0.00546578 -3.28083 0 0 0 
-7.578 -17.1104 15297.9 3.4225 -0.31627 199.971 57.765 -13 -1 1 0 1 0.0146249 0.0629856 -2.94849 0 0 0 
-6.47842 -16.8453 15397.9 0.691305 1.22679 199.995 58.1423 -13 -1 1 0 1 0.0294813 0.102738 -2.02293 0 0 0 
-7.04373 -15.9991 15497.9 -2.99748 2.13723 199.966 58.5195 -13 -1 1 0 1 0.0438428 0.116625 -0.735128 0 0 0 
-9.43021 -14.5884 15597.9 -6.40746 3.76506 199.862 58.8968 -13 -1 1 0 1 0.0627504 0.108412 0.669359 0 0 0 
-13.1737 -11.8862 15697.8 -8.11803 7.40697 199.698 59.274 -13 -1 1 0 1 0.0753019 0.0787211 1.96889 0 0 0 
-16.9197 -6.96 15797.6 -6.11339 12.2613 199.53 59.6513 -13 -1 1 0 1 0.0575256 0.0360482 2.91433 0 0 0 
-18.6046 -0.0197709 15897.3 -0.184377 14.7789 199.453 60.0285 -13 -1 1 0 1 0.00174411 0.0133379 3.27617 0 0 0 
-17.084 6.98533 15997.1 5.85916 12.4959 199.524 60.4058 -13 -1 1 0 1 -0.0553749 0.0351266 2.94962 0 0 0 
-13.415 12.0457 16096.9 8.05555 7.67393 199.691 60.783 -13 -1 1 0 1 -0.0755221 0.0786931 2.03033 0 0 0 
-9.67682 14.8581 16196.7 6.42538 3.9299 199.858 61.1603 -13 -1 1 0 1 -0.0642733 0.109963 0.746163 0 0 0 
-7.28576 16.3225 16296.7 2.98474 2.19167 199.966 61.5375 -13 -1 1 0 1 -0.0458691 0.119385 -0.658751 0 0 0 
-6.74546 17.1735 16396.7 -0.781761 1.19234 199.995 61.9148 -13 -1 1 0 1 -0.0318085 0.10622 -1.9625 0 0 0 
-7.90992 17.3961 16496.7 -3.58618 -0.458009 199.968 62.292 -13 -1 1 0 1 -0.0171244 0.0667462 -2.91477 0 0 0 
-9.92589 16.6375 16596.7 -4.00794 -2.50871 199.944 62.6693 -13 -1 1 0 1 0.0103672 0.00865726 -3.28259 0 0 0 
-11.5021 15.1304 16696.6 -2.00703 -3.14255 199.966 63.0465 -13 -1 1 0 1 0.0483649 -0.0435892 -2.95926 0 0 0 
-11.8049 13.8904 16796.6 0.793576 -1.48346 199.993 63.4238 -13 -1 1 0 1 0.0766041 -0.0757342 -2.04023 0 0 0 
-11.764 13.8887 16800.5 0.898688 -1.38436 199.994 63.4384 -13 -1 1 0 1 0.0770959 -0.0767564 -1.99551 0 0 0 
-11.764 13.8887 16800.5 0.898715 -1.38433 199.994 63.4384 -13 -1 1 0 1 0.077096 -0.0767567 -1.9955 0 0 0 
-10.6535 13.8991 16900.5 3.53707 1.46401 199.964 63.8156 -13 -1 1 0 1 0.0814274 -0.095164 -0.701787 0 0 0 
-8.15135 15.2406 17000.5 6.62344 3.63716 199.858 64.1929 -13 -1 1 0 1 0.0640287 -0.106861 0.705638 0 0 0 
-3.87073 17.1109 17100.3 10.5841 3.26608 199.693 64.5701 -13 -1 1 0 1 0.031355 -0.10245 1.99566 0 0 0 
2.30203 17.8497 17200.1 13.6908 -0.938497 199.529 64.9474 -13 -1 1 0 1 0.00313375 -0.0655012 2.92821 0 0 0 
9.13436 15.7914 17299.9 12.8003 -7.30063 199.457 65.3246 -13 -1 1 0 1 0.0115457 -0.00670929 3.27343 0 0 0 
14.3866 10.9591 17399.6 7.78848 -11.3018 199.529 65.7019 -13 -1 1 0 1 0.0585302 0.0301339 2.92874 0 0 0 
16.9037 5.27591 17499.4 2.60964 -10.7506 199.694 66.0791 -13 -1 1 0 1 0.10529 0.024476 1.99631 0 0 0 
17.4962 0.657748 17599.3 0.301187 -7.49823 199.86 66.4564 -13 -1 1 0 1 0.12617 -0.00136679 0.705714 0 0 0 
17.6495 -2.13958 17699.3 0.613387 -3.68321 199.965 66.8336 -13 -1 1 0 1 0.125214 -0.0220142 -0.699458 0 0 0 
18.2383 -3.03047 17799.3 1.69659 0.106058 199.993 67.2109 -13 -1 1 0 1 0.107072 -0.0271925 -1.99789 0 0 0 
19.1541 -2.10029 17899.3 1.67292 3.44762 199.964 67.5881 -13 -1 1 0 1 0.0653898 -0.0193323 -2.9383 0 0 0 
19.6276 0.103408 17999.2 0.0345727 4.91803 199.94 67.9654 -13 -1 1 0 1 0.000626025 -0.013361 -3.29058 0 0 0 
19.1868 2.32414 18099.2 -1.61386 3.51218 199.963 68.3426 -13 -1 1 0 1 -0.0644267 -0.0199979 -2.95018 0 0 0 
18.2983 3.29682 18199.2 -1.64173 0.20636 199.994 68.7199 -13 -1 1 0 1 -0.106743 -0.0286688 -2.01908 0 0 0 
17.7447 2.45954 18299.2 -0.518072 -3.57262 199.968 69.0971 -13 -1 1 0 1 -0.12551 -0.0242257 -0.729252 0 0 0 
17.6615 -0.285995 18399.2 -0.107217 -7.41002 199.863 69.4744 -13 -1 1 0 1 -0.127224 -0.00396215 0.673923 0 0 0 
17.1968 -4.88116 18499 -2.29435 -10.765 199.697 69.8516 -13 -1 1 0 1 -0.107172 0.0222655 1.96905 0 0 0 
14.8547 -10.6206 18598.8 -7.42777 -11.5272 199.53 70.2289 -13 -1 1 0 1 -0.0605414 0.029346 2.90647 0 0 0 
9.75741 -15.6231 18698.6 -12.5725 -7.74016 199.455 70.6061 -13 -1 1 0 1 -0.011907 -0.00611354 3.25812 0 0 0 
2.97985 -17.922 18798.3 -13.7 -1.42617 199.525 70.9834 -13 -1 1 0 1 -0.000951581 -0.0652566 2.92034 0 0 0 
-3.24115 -17.4021 18898.1 -10.7412 2.89409 199.691 71.3606 -13 -1 1 0 1 -0.0276986 -0.104045 1.99198 0 0 0 
-7.60375 -15.681 18998 -6.77109 3.4074 199.857 71.7379 -13 -1 1 0 1 -0.0603097 -0.110165 0.701672 0 0 0 
-10.1545 -14.4268 19098 -3.5732 1.33837 199.964 72.1151 -13 -1 1 0 1 -0.0782335 -0.0993394 -0.706884 0 0 0 
-11.2474 -14.4571 19198 -0.792373 -1.41844 199.994 72.4924 -13 -1 1 0 1 -0.0746313 -0.0808896 -2.01221 0 0 0 
-10.9146 -15.6508 19298 2.12014 -3.02476 199.966 72.8696 -13 -1 1 0 1 -0.0484475 -0.048461 -2.96369 0 0 0 
-9.26114 -17.086 19397.9 4.19627 -2.33711 199.943 73.2469 -13 -1 1 0 1 -0.0125292 0.00472413 -3.32997 0 0 0 
-7.14407 -17.7462 19497.9 3.79101 -0.242209 199.964 73.6242 -13 -1 1 0 1 0.0129265 0.0642209 -3.00569 0 0 0 
-5.88461 -17.4209 19597.9 0.953036 1.36564 199.993 74.0014 -13 -1 1 0 1 0.0258098 0.105022 -2.08983 0 0 0 
-6.34867 -16.5241 19697.9 -2.85028 2.1753 199.968 74.3787 -13 -1 1 0 1 0.038677 0.119068 -0.81392 0 0 0 
-8.68821 -15.1466 19797.9 -6.37348 3.57814 199.867 74.7559 -13 -1 1 0 1 0.0569581 0.110933 0.575817 0 0 0 
-12.4636 -12.6062 19897.8 -8.31159 6.95054 199.707 75.1332 -13 -1 1 0 1 0.0699682 0.0814832 1.85691 0 0 0 
-16.4107 -7.9518 19997.6 -6.76255 11.6764 199.545 75.5104 -13 -1 1 0 1 0.0537227 0.0382672 2.77908 0 0 0 
-18.564 -1.25906 20097.3 -1.40124 14.4485 199.473 75.8877 -13 -1 1 0 1 -0.00128513 0.0130834 3.1112 0 0 0 
-17.7546 5.72296 20197.1 4.28813 12.7636 199.547 76.2649 -13 -1 1 0 1 -0.0613562 0.0320808 2.74618 0 0 0 
-14.8938 11.0632 20296.9 6.42426 8.47774 199.717 76.6422 -13 -1 1 0 1 -0.0881859 0.0760893 1.77615 0 0 0 
-11.9805 14.3257 20396.8 4.72594 4.83347 199.886 77.0194 -13 -1 1 0 1 -0.0847102 0.111633 0.424364 0 0 0 
-10.5077 16.1339 20496.7 0.972888 2.53403 199.982 77.3967 -13 -1 1 0 1 -0.0736385 0.126323 -1.07148 0 0 0 
-11.0585 16.8344 20596.7 -3.06617 0.0897867 199.977 77.7739 -13 -1 1 0 1 -0.0648268 0.11612 -2.499 0 0 0 
-13.256 15.9782 20696.7 -5.18439 -3.7227 199.899 78.1512 -13 -1 1 0 1 -0.0487657 0.0775186 -3.62113 0 0 0 
-15.5548 13.1193 20796.6 -3.2961 -7.40722 199.836 78.5284 -13 -1 1 0 1 -0.0119316 0.0262233 -4.22357 0 0 0 
-16.0383 9.15561 20896.6 1.55946 -7.70152 199.846 78.9057 -13 -1 1 0 1 0.0319992 -0.0066019 -4.22588 0 0 0 
-14.1387 6.0899 20996.5 5.64007 -4.09216 199.879 79.2829 -13 -1 1 0 1 0.0523298 -0.0150007 -3.75277 0 0 0 
-10.8691 5.2622 21096.4 7.00212 0.74263 199.876 79.6602 -13 -1 1 0 1 0.0447091 -0.0167197 -3.05267 0 0 0 
-7.45444 6.65602 21196.4 6.46572 4.5872 199.843 80.0374 -13 -1 1 0 1 0.0273232 -0.0206861 -2.3485 0 0 0 
-5.7701 8.24747 21252.2 5.86668 6.07859 199.822 80.2482 -13 -1 1 0 1 0.0187666 -0.0233925 -1.99699 0 0 0 

# Event 1 Track 1
-21.4115 13.9846 0 -35.4223 -9.56677 196.606 0.0870076 -13 1 1 0 1 0.132846 -0.0772096 -1.99535 0 0 0 
-21.4954 13.9568 0.4995 -35.3963 -9.6005 196.609 0.0889213 -13 1 1 0 1 0.133509 -0.0771819 -1.98956 0 0 0 
-21.4955 13.9567 0.5005 -35.3962 -9.60057 196.609 0.0889251 -13 1 1 0 1 0.13351 -0.0771819 -1.98955 0 0 0 
-38.0152 8.46723 98.9713 -31.092 -10.4663 197.291 0.466176 -13 1 1 0 1 0.271436 -0.0574968 -0.71747 0 0 0 
-53.0987 5.24505 197.764 -29.5611 -0.828557 197.802 0.843427 -13 1 1 0 1 0.378017 -0.0377807 0.683561 0 0 0 
-67.3369 8.99816 296.64 -26.4438 16.819 197.529 1.22068 -13 1 1 0 1 0.40683 -0.0567654 1.99818 0 0 0 
-77.9308 22.2724 395.133 -13.9356 35.4293 196.343 1.59793 -13 1 1 0 1 0.290756 -0.085629 2.99566 0 0 0 
-79.6596 42.3737 493.02 7.65374 41.9592 195.399 1.97518 -13 1 1 0 1 0.0324972 -0.0177713 3.41957 0 0 0 
-71.1351 61.1266 590.83 24.1966 30.5599 196.165 2.35243 -13 1 1 0 1 -0.215485 0.187673 3.13096 0 0 0 
-58.3481 71.7087 689.404 24.0867 11.8106 198.193 2.72968 -13 1 1 0 1 -0.325839 0.404336 2.20276 0 0 0 
-49.1883 73.72 788.924 11.314 -2.72946 199.661 3.10693 -13 1 1 0 1 -0.338033 0.508506 0.886733 0 0 0 
-47.4217 69.6986 888.791 -3.88927 -13.1373 199.53 3.48418 -13 1 1 0 1 -0.333227 0.487093 -0.560035 0 0 0 
-52.0651 60.3382 988.22 -13.0266 -24.7991 198.029 3.86143 -13 1 1 0 1 -0.315451 0.357944 -1.90609 0 0 0 
-58.2312 44.6664 1086.77 -9.06613 -37.4756 196.248 4.23868 -13 1 1 0 1 -0.221615 0.15844 -2.9093 0 0 0 
-58.8074 24.265 1184.63 8.32958 -41.8108 195.403 4.61594 -13 1 1 0 1 -0.0323971 -2.22731e-05 -3.33446 0 0 0 
-49.6122 5.46862 1282.36 27.4605 -31.0721 195.654 4.99319 -13 1 1 0 1 0.140331 -0.0281206 -3.07376 0 0 0 
-33.0875 -5.52382 1380.33 36.6901 -12.7949 196.189 5.37044 -13 1 1 0 1 0.178196 0.019762 -2.22414 0 0 0 
-14.4251 -8.19711 1478.52 37.1003 0.560429 196.528 5.74769 -13 1 1 0 1 0.0955535 0.0480193 -0.997704 0 0 0 
3.73671 -6.77021 1576.84 35.647 3.25794 196.771 6.12494 -13 1 1 0 1 -0.0305386 0.0414996 0.382046 0 0 0 
21.3018 -6.76238 1675.28 34.4167 -4.89634 196.956 6.50219 -13 1 1 0 1 -0.138764 0.0359885 1.70366 0 0 0 
37.4242 -12.9496 1773.75 28.7976 -20.5166 196.85 6.87944 -13 1 1 0 1 -0.164326 0.0470761 2.7539 0 0 0 
48.5912 -26.9919 1872.08 14.542 -34.3394 196.493 7.25669 -13 1 1 0 1 -0.0599709 0.0201598 3.30095 0 0 0 
51.4797 -45.2539 1970.33 -2.36584 -36.4138 196.643 7.63394 -13 1 1 0 1 0.115699 -0.117796 3.17901 0 0 0 
47.8639 -61.5894 2068.9 -9.79875 -27.9026 197.802 8.01119 -13 1 1 0 1 0.242057 -0.328229 2.40321 0 0 0 
44.0054 -72.9083 2168.17 -3.60684 -17.6324 199.189 8.38844 -13 1 1 0 1 0.291708 -0.498213 1.1713 0 0 0 
45.758 -79.4568 2267.91 11.5484 -8.45996 199.487 8.76569 -13 1 1 0 1 0.320601 -0.568757 -0.262736 0 0 0 
55.8253 -80.6765 2367.34 28.2017 4.84374 197.943 9.14295 -13 1 1 0 1 0.351459 -0.516998 -1.66951 0 0 0 
72.4078 -73.1619 2465.61 35.4789 26.3728 195.053 9.5202 -13 1 1 0 1 0.314495 -0.32308 -2.80857 0 0 0 
87.9122 -54.287 2562.52 23.0111 47.5881 192.888 9.89745 -13 1 1 0 1 0.108499 -0.0676706 -3.4135 0 0 0 
92.9222 -28.5829 2658.94 -3.82221 51.3391 193.261 10.2747 -13 1 1 0 1 -0.209434 0.0677834 -3.31273 0 0 0 
85.0181 -6.46476 2756.06 -25.5514 34.7008 195.302 10.6519 -13 1 1 0 1 -0.432704 0.0384342 -2.54898 0 0 0 
69.8789 5.16323 2854.16 -32.8516 12.1678 196.908 11.0292 -13 1 1 0 1 -0.469361 -0.0284925 -1.34971 0 0 0 
53.4849 6.83843 2952.77 -32.2653 -3.89056 197.342 11.4065 -13 1 1 0 1 -0.383566 -0.0422414 0.0406542 0 0 0 
37.4551 2.98427 3051.4 -32.3704 -9.73965 197.123 11.7837 -13 1 1 0 1 -0.245792 -0.0111248 1.40653 0 0 0 
20.6705 -1.07694 3149.89 -34.8724 -4.70039 196.88 12.161 -13 1 1 0 1 -0.0986991 0.0161021 2.52849 0 0 0 
3.06956 -0.181234 3248.3 -34.4625 9.29636 196.789 12.5382 -13 1 1 0 1 -0.00579463 0.0133414 3.18004 0 0 0 
-12.4802 8.39547 3346.68 -26.5649 24.3094 196.732 12.9155 -13 1 1 0 1 -0.0201676 0.0268006 3.20099 0 0 0 
-22.9898 22.8306 3445.06 -15.8081 31.8801 196.809 13.2927 -13 1 1 0 1 -0.105233 0.116478 2.58196 0 0 0 
-29.3788 38.9267 3543.54 -11.3736 31.5001 197.176 13.67 -13 1 1 0 1 -0.188179 0.260172 1.47602 0 0 0 
-36.1515 53.5891 3642.22 -17.4534 26.4731 197.471 14.0472 -13 1 1 0 1 -0.253883 0.38786 0.11019 0 0 0 
-48.2251 64.4529 3740.86 -31.6812 15.6012 196.858 14.4245 -13 1 1 0 1 -0.317386 0.437809 -1.29401 0 0 0 
-67.7305 67.397 3838.83 -45.0415 -5.76975 194.777 14.8017 -13 1 1 0 1 -0.338764 0.35209 -2.52199 0 0 0 
-90.6709 57.348 3935.55 -43.1169 -34.5203 192.222 15.179 -13 1 1 0 1 -0.200171 0.140547 -3.32413 0 0 0 
-107.283 34.6151 4031.41 -20.7171 -52.9454 191.749 15.5562 -13 1 1 0 1 0.137342 -0.0338199 -3.46693 0 0 0 
-110.676 8.60871 4127.82 5.90234 -47.0724 194.292 15.9335 -13 1 1 0 1 0.490593 -0.032049 -2.88715 0 0 0 
-106.119 -6.09667 4200.5 17.0236 -31.1687 196.822 16.2138 -13 1 1 0 1 0.642491 0.040098 -2.0878 0 0 0 
-106.118 -6.09676 4200.5 17.0237 -31.1685 196.822 16.2138 -13 1 1 0 1 0.642492 0.0400987 -2.08778 0 0 0 
-96.6295 -15.5619 4299.54 19.0642 -6.99636 198.967 16.5911 -13 1 1 0 1 0.689396 0.111099 -0.736434 0 0 0 
-87.8828 -13.8415 4399.09 16.1105 12.9249 198.931 16.9683 -13 1 1 0 1 0.626221 0.096239 0.709878 0 0 0 
-79.5431 -3.74761 4498.21 18.7566 26.0528 197.407 17.3456 -13 1 1 0 1 0.479103 0.0185057 2.02966 0 0 0 
-67.6207 10.3031 4596.49 30.0019 27.7081 195.786 17.7228 -13 1 1 0 1 0.249204 -0.0419616 2.97502 0 0 0 
-49.4678 21.3243 4694.17 41.544 14.0016 195.136 18.1001 -13 1 1 0 1 0.0221253 -0.0112062 3.32454 0 0 0 
-27.9569 22.8893 4791.76 42.3204 -7.93934 195.31 18.4773 -13 1 1 0 1 -0.0767203 0.0647988 3.00425 0 0 0 
-8.8051 14.2706 4889.49 33.5142 -24.9256 195.591 18.8546 -13 1 1 0 1 -0.0411922 0.0736718 2.11853 0 0 0 
5.77689 -0.285674 4987.34 25.8583 -31.6699 195.777 19.2318 -13 1 1 0 1 0.0447605 -0.00781737 0.879683 0 0 0 
18.534 -15.9753 5085.27 26.8012 -29.7714 195.948 19.6091 -13 1 1 0 1 0.132825 -0.11882 -0.497874 0 0 0 
33.9514 -28.6169 5183.24 35.7027 -19.139 195.855 19.9863 -13 1 1 0 1 0.208113 -0.183303 -1.81256 0 0 0 
54.1405 -33.3529 5281.01 43.8609 1.7692 195.124 20.3636 -13 1 1 0 1 0.215383 -0.144139 -2.84856 0 0 0 
75.6499 -26.1221 5378.33 39.4648 26.6084 194.254 20.7408 -13 1 1 0 1 0.0596034 -0.0340094 -3.37152 0 0 0 
91.3254 -8.72395 5475.5 22.0349 39.8919 194.739 21.1181 -13 1 1 0 1 -0.244939 0.0104853 -3.21425 0 0 0 
97.9758 10.4846 5573.38 6.15818 34.0892 196.978 21.4953 -13 1 1 0 1 -0.531479 -0.0671647 -2.39472 0 0 0 
99.624 23.4204 5672.49 2.55326 16.5724 199.296 21.8726 -13 1 1 0 1 -0.688124 -0.168859 -1.12707 0 0 0 
101.995 26.4623 5772.36 7.5044 -4.77973 199.802 22.2499 -13 1 1 0 1 -0.736817 -0.196022 0.326558 0 0 0 
106.644 18.3313 5871.87 9.54053 -27.8631 197.82 22.6271 -13 1 1 0 1 -0.69092 -0.123315 1.73687 0 0 0 
109.152 -0.851475 5969.92 -2.32986 -47.2666 194.321 23.0044 -13 1 1 0 1 -0.489429 -0.00267936 2.86029 0 0 0 
102.02 -26.0353 6066.36 -27.2397 -49.5263 191.847 23.3816 -13 1 1 0 1 -0.138362 0.0254493 3.42941 0 0 0 
82.7481 -46.4219 6162.25 -47.2705 -28.9195 192.17 23.7589 -13 1 1 0 1 0.173415 -0.110044 3.29134 0 0 0 
58.0876 -53.568 6258.81 -48.1385 -0.0311214 194.121 24.1361 -13 1 1 0 1 0.282374 -0.274072 2.51149 0 0 0 
36.7896 -47.9733 6356.29 -36.1576 20.3228 195.652 24.5134 -13 1 1 0 1 0.236038 -0.320548 1.31566 0 0 0 
21.6956 -35.2233 6454.3 -25.3015 29.0155 196.26 24.8906 -13 1 1 0 1 0.146496 -0.249603 -0.0618802 0 0 0 
10.01 -20.3156 6552.49 -23.0478 29.4127 196.479 25.2679 -13 1 1 0 1 0.0567493 -0.129223 -1.41553 0 0 0 
-2.70801 -7.07813 6650.78 -28.6958 22.1391 196.689 25.6451 -13 1 1 0 1 -0.022725 -0.0285406 -2.53228 0 0 0 
-18.7989 0.441352 6749.16 -34.9731 6.83121 196.8 26.0224 -13 1 1 0 1 -0.0448306 0.00708205 -3.18897 0 0 0 
-36.43 -0.637462 6847.56 -34.118 -10.6336 196.782 26.3996 -13 1 1 0 1 0.0496189 0.00781837 -3.21823 0 0 0 
-51.9215 -8.85683 6945.99 -27.5759 -20.3579 197.041 26.7769 -13 1 1 0 1 0.232918 0.047599 -2.59716 0 0 0 
-64.5036 -19.0368 7044.67 -23.8222 -18.5514 197.708 27.1541 -13 1 1 0 1 0.413914 0.129794 -1.47755 0 0 0 
-76.9338 -25.8139 7143.65 -26.8946 -7.08887 198.057 27.5314 -13 1 1 0 1 0.546647 0.190836 -0.0938592 0 0 0 
-91.7703 -24.6541 7242.49 -31.9571 13.1924 196.99 27.9086 -13 1 1 0 1 0.615595 0.17389 1.32598 0 0 0 
-107.299 -11.4861 7340.31 -27.4936 39.8663 194.049 28.2859 -13 1 1 0 1 0.550773 0.0698725 2.56429 0 0 0 
-116.072 14.1536 7436.47 -4.60579 59.9139 190.76 28.6631 -13 1 1 0 1 0.26937 -0.019662 3.3647 0 0 0 
-110.389 44.2824 7531.54 26.764 55.8866 190.159 29.0404 -13 1 1 0 1 -0.130057 0.0658626 3.4915 0 0 0 
-91.904 66.2508 7627.22 43.2541 29.8791 192.968 29.4176 -13 1 1 0 1 -0.397272 0.298615 2.89947 0 0 0 
-70.9812 73.9456 7724.61 37.4352 2.14441 196.454 29.7949 -13 1 1 0 1 -0.449107 0.478315 1.77507 0 0 0 
-56.1373 70.1468 7823.37 21.5516 -15.6277 198.221 30.1721 -13 1 1 0 1 -0.397466 0.507054 0.385017 0 0 0 
-48.8616 59.5608 7922.51 8.84886 -25.9597 198.111 30.5494 -13 1 1 0 1 -0.329778 0.414314 -1.03921 0 0 0 
-45.5314 44.7153 8021.34 6.5108 -32.8499 197.177 30.9266 -13 1 1 0 1 -0.239052 0.248998 -2.27741 0 0 0 
-40.3847 27.7062 8119.74 15.6495 -33.6577 196.526 31.3039 -13 1 1 0 1 -0.101041 0.0833705 -3.08898 0 0 0 
-29.1516 12.9273 8217.97 29.0261 -23.6048 196.47 31.6811 -13 1 1 0 1 0.0302013 -0.00167403 -3.28047 0 0 0 
-12.4028 5.3285 8316.23 36.5168 -6.46284 196.532 32.0584 -13 1 1 0 1 0.0580904 -0.0150339 -2.81535 0 0 0 
3.50313 5.39684 8400.5 37.0689 5.85476 196.448 32.3819 -13 1 1 0 1 -0.0112747 -0.0275767 -1.99096 0 0 0 
3.50332 5.39689 8400.5 37.0689 5.85487 196.448 32.3819 -13 1 1 0 1 -0.0112758 -0.0275771 -1.99095 0 0 0 
21.8369 10.1227 8498.69 36.5754 11.2092 196.308 32.7592 -13 1 1 0 1 -0.1438 -0.0688829 -0.725483 0 0 0 
40.6216 14.6928 8596.8 39.0466 5.11593 196.085 33.1365 -13 1 1 0 1 -0.275759 -0.103622 0.662096 0 0 0 
60.858 13.3017 8694.68 41.1086 -12.4476 195.334 33.5137 -13 1 1 0 1 -0.352168 -0.0824713 1.96851 0 0 0 
80.0135 1.10015 8792 33.0225 -36.4697 193.855 33.891 -13 1 1 0 1 -0.283405 -0.00964052 2.97009 0 0 0 
91.3338 -21.7895 8888.6 10.3777 -52.2359 192.78 34.2682 -13 1 1 0 1 -0.0258461 0.0022324 3.42826 0 0 0 
90.0905 -47.5319 8985.15 -13.863 -47.1817 193.861 34.6455 -13 1 1 0 1 0.282986 -0.15032 3.18633 0 0 0 
80.2479 -66.5235 9082.79 -22.1406 -27.7462 196.825 35.0227 -13 1 1 0 1 0.460036 -0.380556 2.29561 0 0 0 
70.9153 -75.3833 9181.91 -13.029 -8.45962 199.396 35.4 -13 1 1 0 1 0.498885 -0.530416 0.992062 0 0 0 
68.39 -75.6895 9281.82 3.14507 6.9124 199.856 35.7772 -13 1 1 0 1 0.491787 -0.547692 -0.466027 0 0 0 
73.3806 -68.2887 9381.38 15.2455 23.2115 198.063 36.1545 -13 1 1 0 1 0.459924 -0.435699 -1.85114 0 0 0 
81.2409 -52.1658 9479.72 13.1922 40.9122 195.326 36.5317 -13 1 1 0 1 0.332237 -0.224829 -2.91297 0 0 0 
83.667 -28.9373 9576.91 -5.64843 49.2449 193.761 36.909 -13 1 1 0 1 0.0705859 -0.0378737 -3.39455 0 0 0 
74.9348 -6.21934 9673.83 -28.3259 38.5145 194.202 37.2862 -13 1 1 0 1 -0.194681 0.00328963 -3.17701 0 0 0 
57.3597 7.58759 9771.23 -39.5497 16.1203 195.387 37.6635 -13 1 1 0 1 -0.302787 -0.0503559 -2.34892 0 0 0 
37.3422 10.5212 9869.13 -39.3524 -2.91046 196.069 38.0407 -13 1 1 0 1 -0.25336 -0.0785715 -1.13387 0 0 0 
18.3461 6.49046 9967.21 -36.9378 -11.2798 196.236 38.418 -13 1 1 0 1 -0.133479 -0.0519497 0.242961 0 0 0 
-0.131699 1.15705 10065.3 -37.4405 -8.17268 196.295 38.7952 -13 1 1 0 1 -0.00582398 -0.0131456 1.57623 0 0 0 
-19.094 0.0626178 10163.5 -37.7717 5.23815 196.332 39.1725 -13 1 1 0 1 0.0743113 -0.00662768 2.65203 0 0 0 
-36.6558 7.15631 10261.7 -30.8732 22.9682 196.264 39.5497 -13 1 1 0 1 0.0382196 -0.0164339 3.24688 0 0 0 
-48.6512 21.8508 10359.8 -16.5244 33.8415 196.423 39.927 -13 1 1 0 1 -0.113691 0.0397073 3.19752 0 0 0 
-53.6578 38.8739 10458.2 -4.95082 32.4104 197.295 40.3042 -13 1 1 0 1 -0.277329 0.189195 2.49559 0 0 0 
-55.5546 53.0423 10557.2 -4.7155 23.6212 198.545 40.6815 -13 1 1 0 1 -0.378693 0.351671 1.31669 0 0 0 
-60.1475 62.0816 10656.6 -14.9417 12.0638 199.077 41.0587 -13 1 1 0 1 -0.437956 0.444787 -0.0944868 0 0 0 
-71.0708 64.274 10756 -28.4601 -4.52341 197.914 41.436 -13 1 1 0 1 -0.475697 0.425515 -1.50901 0 0 0 
-87.2155 56.2375 10854.2 -33.5772 -28.5924 195.078 41.8132 -13 1 1 0 1 -0.427659 0.274161 -2.69516 0 0 0 
-101.332 35.8771 10951.1 -19.4191 -51.0792 192.391 42.1905 -13 1 1 0 1 -0.193851 0.0709833 -3.38945 0 0 0 
-104.227 8.43385 11047.1 8.51488 -54.5136 192.24 42.5677 -13 1 1 0 1 0.167256 -0.00758444 -3.38795 0 0 0 
-94.0477 -14.8655 11143.7 29.546 -36.086 194.487 42.945 -13 1 1 0 1 0.433103 0.0762533 -2.69932 0 0 0 
-77.6265 -26.6545 11241.6 33.6024 -11.4669 196.824 43.3222 -13 1 1 0 1 0.499228 0.179368 -1.53228 0 0 0 
-62.0186 -27.4859 11340.3 28.2641 6.64394 197.882 43.6995 -13 1 1 0 1 0.438007 0.201982 -0.141356 0 0 0 
-49.1335 -21.4859 11439.3 24.0711 15.9532 197.905 44.0767 -13 1 1 0 1 0.325492 0.151219 1.25195 0 0 0 
-36.9655 -12.9415 11538.2 25.5109 16.7345 197.66 44.454 -13 1 1 0 1 0.184781 0.0757237 2.42563 0 0 0 
-23.1444 -6.30386 11637 29.6579 8.34678 197.613 44.8312 -13 1 1 0 1 0.0503504 0.0266817 3.14473 0 0 0 
-8.00596 -5.62913 11735.8 29.8255 -6.02826 197.673 45.2085 -13 1 1 0 1 -0.00989714 0.00609623 3.23057 0 0 0 
5.72922 -11.9714 11834.6 24.5951 -18.3734 197.631 45.5857 -13 1 1 0 1 0.0255965 -0.040483 2.66569 0 0 0 
16.7278 -22.7871 11933.4 20.1606 -23.6457 197.572 45.963 -13 1 1 0 1 0.107266 -0.135088 1.59796 0 0 0 
27.0382 -34.479 12032.2 22.4086 -22.0399 197.516 46.3402 -13 1 1 0 1 0.194566 -0.23735 0.254103 0 0 0 
40.3092 -43.6211 12130.9 31.4622 -13.0806 197.077 46.7175 -13 1 1 0 1 0.277995 -0.288955 -1.14128 0 0 0 
58.5214 -45.8776 12229.1 40.4143 5.77773 195.79 47.0947 -13 1 1 0 1 0.318123 -0.236579 -2.37454 0 0 0 
78.6571 -36.6755 12326.6 37.1974 31.1367 194.029 47.472 -13 1 1 0 1 0.21574 -0.088718 -3.20896 0 0 0 
92.7852 -16.1963 12423.4 17.1492 47.8426 193.436 47.8492 -13 1 1 0 1 -0.0670779 0.0204359 -3.41326 0 0 0 
95.2576 7.55845 12520.4 -6.09717 43.6977 195.074 48.2265 -13 1 1 0 1 -0.377959 -0.0254246 -2.91206 0 0 0 
90.4315 22.5936 12600.5 -15.7221 29.0319 197.257 48.5346 -13 1 1 0 1 -0.527297 -0.130283 -2.06983 0 0 0 
90.4314 22.5937 12600.5 -15.7222 29.0317 197.257 48.5346 -13 1 1 0 1 -0.527298 -0.130284 -2.06981 0 0 0 
82.3949 32.0047 12699.7 -14.6005 8.93993 199.267 48.9118 -13 1 1 0 1 -0.572634 -0.224046 -0.732231 0 0 0 
76.7563 32.1178 12799.5 -7.92075 -7.88217 199.688 49.2891 -13 1 1 0 1 -0.532496 -0.227158 0.713286 0 0 0 
73.7436 24.6895 12899.2 -5.47946 -21.171 198.802 49.6663 -13 1 1 0 1 -0.425501 -0.149129 2.04077 0 0 0 
69.6558 12.0108 12998.3 -12.4222 -27.9176 197.653 50.0436 -13 1 1 0 1 -0.230811 -0.0473581 2.99401 0 0 0 
60.418 -1.10625 13096.9 -24.4977 -22.2315 197.246 50.4208 -13 1 1 0 1 0.00518889 -0.00658763 3.33838 0 0 0 
46.131 -8.34973 13195.6 -31.0455 -5.69021 197.495 50.7981 -13 1 1 0 1 0.160374 -0.0337394 2.99066 0 0 0 
30.9234 -6.7268 13294.4 -28.7 11.4344 197.6 51.1753 -13 1 1 0 1 0.183832 -0.0442734 2.06865 0 0 0 
17.7523 1.94361 13393.1 -24.4058 21.9639 197.287 51.5526 -13 1 1 0 1 0.127367 0.00751574 0.800787 0 0 0 
5.58054 13.9717 13491.7 -25.5125 24.8745 196.801 51.9298 -13 1 1 0 1 0.0417579 0.090421 -0.587018 0 0 0 
-8.91873 25.3883 13589.9 -33.2956 19.1367 196.279 52.3071 -13 1 1 0 1 -0.0517478 0.142044 -1.88482 0 0 0 
-27.7763 31.3188 13687.9 -41.2588 2.90879 195.677 52.6843 -13 1 1 0 1 -0.10307 0.104917 -2.86978 0 0 0 
-48.4092 27.3172 13785.6 -38.9432 -18.8194 195.268 53.0616 -13 1 1 0 1 -0.0247553 0.00060941 -3.32237 0 0 0 
-64.6494 13.8636 13883.3 -24.7669 -32.6047 195.765 53.4388 -13 1 1 0 1 0.186453 -0.0527065 -3.10188 0 0 0 
-73.1551 -2.61263 13981.6 -10.3568 -30.8686 197.333 53.8161 -13 1 1 0 1 0.402334 0.00425963 -2.25608 0 0 0 
-76.6684 -15.2555 14080.7 -5.46872 -18.6391 199.055 54.1933 -13 1 1 0 1 0.526045 0.0976613 -0.993085 0 0 0 
-79.9782 -20.6125 14180.5 -8.48433 -2.36737 199.807 54.5706 -13 1 1 0 1 0.56447 0.140661 0.44259 0 0 0 
-85.0487 -17.2737 14280.3 -10.8443 15.9233 199.071 54.9478 -13 1 1 0 1 0.522351 0.10172 1.8216 0 0 0 
-89.163 -4.98352 14379.4 -3.53318 32.1541 197.368 55.3251 -13 1 1 0 1 0.352533 0.0137747 2.89336 0 0 0 
-86.8056 12.7915 14477.7 13.8773 36.0179 196.241 55.7023 -13 1 1 0 1 0.058389 -0.017159 3.39397 0 0 0 
-75.7371 28.011 14575.9 28.6554 22.3852 196.668 56.0796 -13 1 1 0 1 -0.21387 0.0688358 3.17991 0 0 0 
-60.4842 33.8951 14674.5 30.0634 1.10779 197.725 56.4568 -13 1 1 0 1 -0.333454 0.177288 2.32915 0 0 0 
-47.2194 29.8979 14773.5 22.389 -15.9018 198.107 56.8341 -13 1 1 0 1 -0.328221 0.200998 1.0814 0 0 0 
-37.826 19.1474 14872.5 16.1647 -26.1019 197.63 57.2113 -13 1 1 0 1 -0.274464 0.135774 -0.318444 0 0 0 
-29.6654 4.71514 14971.1 18.0678 -30.622 196.815 57.5886 -13 1 1 0 1 -0.193874 0.032454 -1.65352 0 0 0 
-18.3488 -10.1536 15069.3 28.1372 -27.1659 196.14 57.9658 -13 1 1 0 1 -0.0880255 -0.0378748 -2.70227 0 0 0 
-1.44964 -20.6196 15167.3 38.5707 -13.0685 195.811 58.3431 -13 1 1 0 1 -0.0131972 -0.0173194 -3.24431 0 0 0 
18.606 -22.3816 15265.2 39.7281 5.81145 195.929 58.7203 -13 1 1 0 1 -0.0530614 0.0573467 -3.13865 0 0 0 
36.7633 -16.0173 15363.3 32.1362 17.736 196.604 59.0976 -13 1 1 0 1 -0.194762 0.0872238 -2.41137 0 0 0 
50.8208 -6.70418 15461.8 24.8258 17.5916 197.673 59.4748 -13 1 1 0 1 -0.344958 0.0505034 -1.23543 0 0 0 
62.518 -0.0569577 15560.9 22.7733 7.6316 198.554 59.8521 -13 1 1 0 1 -0.447889 0.00683768 0.154751 0 0 0 
73.8922 -0.244504 15660.2 22.3247 -9.32663 198.532 60.2293 -13 1 1 0 1 -0.479659 0.0100761 1.54339 0 0 0 
83.6577 -9.84147 15759.3 14.8988 -28.7508 197.362 60.6066 -13 1 1 0 1 -0.385437 0.0565727 2.69645 0 0 0 
86.8721 -27.5571 15857.6 -3.45691 -39.5404 196.023 60.9838 -13 1 1 0 1 -0.13375 0.0557152 3.35176 0 0 0 
80.0651 -46.233 15955.5 -22.4284 -32.1023 196.13 61.3611 -13 1 1 0 1 0.160195 -0.0791512 3.30871 0 0 0 
66.8548 -57.6067 16054 -27.5549 -12.638 197.69 61.7383 -13 1 1 0 1 0.33111 -0.273591 2.57669 0 0 0 
54.9072 -59.1994 16153.2 -18.6709 5.2831 199.058 62.1156 -13 1 1 0 1 0.366831 -0.385309 1.37123 0 0 0 
48.7851 -53.3185 16252.8 -6.08193 17.5159 199.14 62.4928 -13 1 1 0 1 0.351862 -0.374308 -0.0398435 0 0 0 
47.8891 -42.0358 16352.1 0.99422 27.5103 198.098 62.8701 -13 1 1 0 1 0.319722 -0.269395 -1.43125 0 0 0 
47.8835 -26.034 16450.8 -3.11752 35.8599 196.735 63.2473 -13 1 1 0 1 0.23661 -0.117409 -2.56896 0 0 0 
42.9335 -7.50819 16549 -17.8647 36.2506 195.875 63.6246 -13 1 1 0 1 0.0883322 -0.00674355 -3.21565 0 0 0 
29.9211 8.02953 16646.8 -33.1747 24.0159 195.763 64.0018 -13 1 1 0 1 -0.0376627 -0.00684421 -3.2157 0 0 0 
11.4385 15.5549 16744.8 -38.8973 6.23169 196.083 64.3791 -13 1 1 0 1 -0.0424869 -0.0666441 -2.57959 0 0 0 
0.473796 16.1336 16800.5 -38.0003 -1.66671 196.351 64.5933 -13 1 1 0 1 0.00625891 -0.0897192 -1.99502 0 0 0 
0.473612 16.1335 16800.5 -38.0003 -1.66682 196.351 64.5933 -13 1 1 0 1 0.00625994 -0.0897193 -1.99501 0 0 0 
-17.5849 13.4323 16898.8 -34.1944 -7.24402 196.923 64.9706 -13 1 1 0 1 0.129392 -0.0918006 -0.725718 0 0 0 
-33.9708 10.7305 16997.4 -31.6112 -1.84954 197.479 65.3478 -13 1 1 0 1 0.243886 -0.0758598 0.662757 0 0 0 
-49.0864 13.0768 17096.2 -28.1926 12.3799 197.617 65.7251 -13 1 1 0 1 0.297632 -0.0805118 1.96698 0 0 0 
-60.9217 23.5911 17194.9 -17.5223 29.247 197.074 66.1023 -13 1 1 0 1 0.228011 -0.0897305 2.95062 0 0 0 
-65.2113 40.8225 17293.3 1.01892 37.2737 196.495 66.4796 -13 1 1 0 1 0.0277376 -0.0167696 3.37025 0 0 0 
-60.488 58.2527 17391.6 16.0694 30.2247 197.05 66.8568 -13 1 1 0 1 -0.182035 0.178867 3.08802 0 0 0 
-51.6056 69.8204 17490.5 16.8766 15.8649 198.655 67.2341 -13 1 1 0 1 -0.287654 0.393993 2.16948 0 0 0 
-45.6934 74.5801 17590.2 5.37914 3.86349 199.892 67.6113 -13 1 1 0 1 -0.314076 0.515111 0.857169 0 0 0 
-46.9064 74.0726 17690.2 -10.2382 -6.0037 199.649 67.9886 -13 1 1 0 1 -0.329778 0.51832 -0.589065 0 0 0 
-55.2502 67.9526 17789.6 -21.6988 -19.4218 197.87 68.3658 -13 1 1 0 1 -0.334952 0.404342 -1.94548 0 0 0 
-66.3797 53.9296 17887.9 -19.9607 -36.7035 195.589 68.7431 -13 1 1 0 1 -0.2525 0.193522 -2.95924 0 0 0 
-72.3557 32.425 17985.4 -1.71245 -46.9019 194.416 69.1203 -13 1 1 0 1 -0.0385193 0.00377753 -3.38827 0 0 0 
-67.2532 10.0801 18082.6 21.4231 -39.4835 194.891 69.4976 -13 1 1 0 1 0.192328 -0.0415637 -3.11956 0 0 0 
-52.7145 -5.0492 18180.4 34.4626 -20.3097 195.96 69.8748 -13 1 1 0 1 0.28588 0.0172839 -2.25507 0 0 0 
-34.7281 -10.6746 18278.5 36.1915 -3.49379 196.668 70.2521 -13 1 1 0 1 0.233756 0.0649445 -1.0166 0 0 0 
-17.1083 -10.2163 18377 34.2489 3.50885 197.016 70.6293 -13 1 1 0 1 0.115916 0.0656751 0.365024 0 0 0 
-0.338707 -8.95001 18475.5 32.8908 -0.117966 197.278 71.0066 -13 1 1 0 1 -0.0048527 0.0493145 1.6864 0 0 0 
15.4629 -11.7439 18574.2 29.5328 -12.0345 197.442 71.3838 -13 1 1 0 1 -0.0729588 0.0415885 2.72235 0 0 0 
28.0925 -21.242 18672.9 19.8514 -25.3816 197.388 71.7611 -13 1 1 0 1 -0.0380577 0.0133565 3.24832 0 0 0 
34.6847 -35.8427 18771.6 6.67619 -31.3343 197.419 72.1383 -13 1 1 0 1 0.0755566 -0.0958252 3.11177 0 0 0 
35.7853 -51.0523 18870.4 -0.590203 -28.4335 197.969 72.5156 -13 1 1 0 1 0.179015 -0.273409 2.33551 0 0 0 
36.0041 -63.749 18969.6 3.33251 -22.2123 198.736 72.8928 -13 1 1 0 1 0.23734 -0.436021 1.11232 0 0 0 
40.6889 -73.1103 19069.1 16.5821 -14.7946 198.763 73.2701 -13 1 1 0 1 0.284292 -0.523328 -0.308624 0 0 0 
53.1793 -77.5597 19168.1 33.1997 -1.4583 197.221 73.6473 -13 1 1 0 1 0.334435 -0.496978 -1.70927 0 0 0 
72.5992 -72.7991 19266 41.9526 22.0156 194.309 74.0246 -13 1 1 0 1 0.316564 -0.322688 -2.8521 0 0 0 
91.6539 -55.1972 19362.5 30.4462 47.0768 191.983 74.4018 -13 1 1 0 1 0.117079 -0.0710395 -3.47357 0 0 0 
100.156 -28.7372 19458.5 2.34253 54.6179 192.385 74.7791 -13 1 1 0 1 -0.220327 0.066759 -3.39114 0 0 0 
94.7371 -4.52557 19555.3 -21.7328 39.3019 194.894 75.1563 -13 1 1 0 1 -0.477441 0.028517 -2.63915 0 0 0 
81.1541 9.18987 19653.3 -30.128 15.6044 197.102 75.5336 -13 1 1 0 1 -0.540633 -0.0549147 -1.44271 0 0 0 
66.222 11.9929 19752.1 -28.9287 -2.99193 197.876 75.9108 -13 1 1 0 1 -0.470449 -0.0783652 -0.0571418 0 0 0 
52.1379 7.73742 19851 -28.0225 -12.4198 197.639 76.2881 -13 1 1 0 1 -0.337745 -0.0416893 1.30405 0 0 0 
37.4744 1.26646 19949.7 -31.1822 -11.681 197.21 76.6653 -13 1 1 0 1 -0.174401 0.00500893 2.41231 0 0 0 
20.9272 -2.22157 20048.3 -34.414 -0.830052 197.017 77.0426 -13 1 1 0 1 -0.03482 0.0165559 3.03444 0 0 0 
4.11076 1.22227 20146.8 -31.6524 14.5836 196.942 77.4198 -13 1 1 0 1 0.00788551 0.0151397 3.01093 0 0 0 
-9.9152 11.6055 20245.2 -24.2977 25.6935 196.85 77.7971 -13 1 1 0 1 -0.0471635 0.0672954 2.33973 0 0 0 
-20.7862 25.5639 20343.6 -20.418 28.8705 196.851 78.1743 -13 1 1 0 1 -0.138961 0.18157 1.17996 0 0 0 
-31.8805 39.2989 20442.1 -25.5794 24.8471 196.797 78.5516 -13 1 1 0 1 -0.236771 0.30253 -0.246862 0 0 0 
-47.6605 48.8616 20540.3 -38.1963 11.395 195.989 78.9288 -13 1 1 0 1 -0.340942 0.361243 -1.73563 0 0 0 
-69.5414 48.3392 20637.8 -47.2745 -15.8112 193.69 79.3061 -13 1 1 0 1 -0.404035 0.292979 -3.07977 0 0 0 
-91.2931 31.7685 20733.8 -34.9533 -49.9183 190.491 79.6833 -13 1 1 0 1 -0.306582 0.117155 -4.04769 0 0 0 
-100.057 1.45802 20828.5 2.77126 -66.0951 188.744 80.0606 -13 1 1 0 1 -0.0347951 0.00719614 -4.43521 0 0 0 
-88.3958 -28.4319 20923 41.2936 -48.2437 189.652 80.4378 -13 1 1 0 1 0.194771 0.0648842 -4.22473 0 0 0 
-62.8682 -43.6326 21018.3 56.2814 -11.6968 191.562 80.8151 -13 1 1 0 1 0.22426 0.154464 -3.63071 0 0 0 
-35.834 -41.0105 21114.5 49.3311 20.2063 192.766 81.1923 -13 1 1 0 1 0.135845 0.152589 -2.91696 0 0 0 
-14.8736 -25.6529 21211 34.1409 39.122 193.144 81.5696 -13 1 1 0 1 0.0501894 0.0833984 -2.24744 0 0 0 
-8.28601 -16.7792 21252.2 27.6861 43.7804 193.177 81.7306 -13 1 1 0 1 0.0261341 0.0499211 -1.99596 0 0 0 

# End of Event 1

