# AllTracks
#x y z Px Py Pz t PDGid EventID TrackID ParentID Weight Bx By Bz Ex Ey Ez
# Event -2 Track 1
-11.2945 14.0917 0 0.731734 -1.1308 199.995 0 -13 -2 1 0 1 -0.264564 0.39216 4.22421 0 0 0 
-14.3879 12.0657 99.9082 -13.3259 -5.65416 199.475 0.377251 -13 -2 1 0 1 -0.264082 0.355626 3.64035 0 0 0 
-23.9528 9.50968 199.405 -23.7761 -4.10911 198.539 0.754502 -13 -2 1 0 1 -0.236075 0.186165 2.54171 0 0 0 
-37.2922 7.57041 298.489 -29.1241 -4.71054 197.812 1.13175 -13 -2 1 0 1 -0.309445 0.115454 1.13835 0 0 0 
-52.7538 3.40273 397.189 -32.3218 -13.5515 196.905 1.509 -13 -2 1 0 1 -0.405917 0.082162 -0.350473 0 0 0 
-68.8242 -7.53143 495.247 -30.6378 -31.4627 195.119 1.88625 -13 -2 1 0 1 -0.453705 0.0685347 -1.72768 0 0 0 
-81.7009 -28.6511 592.074 -19.0454 -52.6353 192.007 2.26351 -13 -2 1 0 1 -0.378038 0.171986 -2.78203 0 0 0 
-86.2629 -58.5689 687.319 1.77377 -64.3236 189.366 2.64076 -13 -2 1 0 1 -0.129648 0.327153 -3.3002 0 0 0 
-80.7214 -90.3454 781.941 18.3766 -60.3122 189.802 3.01801 -13 -2 1 0 1 0.0882074 0.652403 -3.14526 0 0 0 
-70.5469 -117.016 877.754 19.2463 -45.5328 193.795 3.39526 -13 -2 1 0 1 0.327433 0.839109 -2.32982 0 0 0 
-64.5801 -135.948 975.705 1.71017 -30.7845 197.609 3.77251 -13 -2 1 0 1 0.432022 1.03212 -1.04018 0 0 0 
-71.1377 -148.007 1074.64 -29.4546 -16.7564 197.108 4.14976 -13 -2 1 0 1 0.520952 1.13994 0.448837 0 0 0 
-94.4903 -150.718 1171.63 -62.9639 9.12526 189.611 4.52701 -13 -2 1 0 1 0.643109 1.09915 1.92114 0 0 0 
-131.045 -135.206 1263.1 -77.9415 56.0764 175.444 4.90426 -13 -2 1 0 1 0.67434 0.889357 3.15795 0 0 0 
-165.333 -93.8709 1347.01 -51.4386 106.695 161.153 5.28151 -13 -2 1 0 1 0.38964 0.534636 3.8611 0 0 0 
-176.615 -34.4729 1426.14 8.40068 122.353 157.985 5.65876 -13 -2 1 0 1 -0.23353 0.395346 3.87733 0 0 0 
-158.666 20.5226 1507.23 58.7268 91.7102 167.751 6.03601 -13 -2 1 0 1 -0.660754 0.423278 3.28427 0 0 0 
-123.641 54.3036 1594.26 75.8238 43.4267 179.903 6.41326 -13 -2 1 0 1 -0.754487 0.482009 2.23933 0 0 0 
-87.0762 65.9876 1686.42 67.7917 6.55837 188.046 6.79052 -13 -2 1 0 1 -0.609122 0.540008 0.934737 0 0 0 
-56.9536 64.3048 1781.71 52.7893 -10.0804 192.644 7.16777 -13 -2 1 0 1 -0.385804 0.509462 -0.46171 0 0 0 
-33.692 58.6198 1878.78 40.9532 -10.4483 195.483 7.54502 -13 -2 1 0 1 -0.175308 0.437467 -1.78461 0 0 0 
-15.7272 55.63 1977.09 30.5541 -0.21802 197.652 7.92227 -13 -2 1 0 1 0.0181603 0.409787 -2.82123 0 0 0 
-3.86265 58.9396 2076.28 16.262 13.11 198.906 8.29952 -13 -2 1 0 1 0.11166 0.307696 -3.33844 0 0 0 
0.4698 67.7439 2175.77 1.74374 20.8228 198.906 8.67677 -13 -2 1 0 1 0.104053 0.0564149 -3.18276 0 0 0 
-0.602238 78.6934 2275.16 -3.8622 22.363 198.708 9.05402 -13 -2 1 0 1 0.0563244 -0.306091 -2.38152 0 0 0 
-1.1964 90.0374 2374.51 3.41097 23.2925 198.61 9.43127 -13 -2 1 0 1 0.0404563 -0.562153 -1.14555 0 0 0 
4.49393 102.109 2473.58 20.8795 24.6197 197.378 9.80852 -13 -2 1 0 1 0.00877015 -0.704848 0.269479 0 0 0 
20.8792 113.418 2571.51 45.2365 18.4416 193.942 10.1858 -13 -2 1 0 1 -0.0803293 -0.706341 1.64847 0 0 0 
49.1122 117.786 2667.24 65.5403 -3.78775 188.918 10.563 -13 -2 1 0 1 -0.0980566 -0.484192 2.77867 0 0 0 
82.7106 107.789 2760.77 64.0726 -36.3728 185.935 10.9403 -13 -2 1 0 1 0.0649652 -0.0892449 3.40419 0 0 0 
108.944 83.453 2854.02 38.4228 -57.0364 187.805 11.3175 -13 -2 1 0 1 0.409279 0.125096 3.32306 0 0 0 
120.162 55.4271 2949.24 7.38347 -50.6763 193.333 11.6948 -13 -2 1 0 1 0.730447 0.257831 2.52804 0 0 0 
118.436 35.8535 3047.18 -11.7941 -25.9784 197.955 12.072 -13 -2 1 0 1 0.881324 0.245235 1.22811 0 0 0 
110.263 29.9294 3146.58 -19.9474 1.84438 198.994 12.4493 -13 -2 1 0 1 0.893574 0.211128 -0.299204 0 0 0 
98.373 36.5368 3245.6 -28.6917 22.7273 196.622 12.8265 -13 -2 1 0 1 0.76215 0.217371 -1.8301 0 0 0 
80.1659 50.0563 3342.96 -45.1563 28.0168 192.811 13.2038 -13 -2 1 0 1 0.55394 0.179258 -3.14906 0 0 0 
53.5252 60.833 3438.68 -59.4897 11.4763 190.603 13.581 -13 -2 1 0 1 0.325737 0.0012927 -4.02985 0 0 0 
24.0962 58.9701 3534.12 -53.3962 -20.137 191.686 13.9583 -13 -2 1 0 1 0.0737749 -0.265545 -4.33908 0 0 0 
4.30389 42.0818 3630.51 -23.3001 -44.127 193.675 14.3355 -13 -2 1 0 1 0.0347094 -0.281281 -4.11452 0 0 0 
1.25972 18.4597 3727.51 9.9988 -47.1618 194.103 14.7128 -13 -2 1 0 1 0.0121133 -0.135228 -3.54115 0 0 0 
12.4707 -2.85647 3824.5 32.7436 -36.9118 193.818 15.09 -13 -2 1 0 1 -0.0364928 -0.0273755 -2.84162 0 0 0 
32.1105 -18.0752 3921.33 44.3347 -24.151 193.523 15.4673 -13 -2 1 0 1 -0.0897448 0.00845815 -2.17704 0 0 0 
55.8125 -27.4333 4018.01 49.9868 -13.7742 193.162 15.8445 -13 -2 1 0 1 -0.110846 -0.0479166 -1.6263 0 0 0 
82.1142 -32.236 4114.36 55.5575 -5.69739 192.044 16.2218 -13 -2 1 0 1 -0.0922066 -0.193108 -1.20355 0 0 0 
111.609 -33.3605 4209.9 62.4237 0.671557 190.008 16.599 -13 -2 1 0 1 -0.200386 -0.232049 -0.893249 0 0 0 
144.389 -32.4538 4304.36 68.4531 2.80866 187.9 16.9763 -13 -2 1 0 1 -0.180419 -0.187999 -0.668281 0 0 0 
179.575 -30.6333 4397.95 71.7121 4.417 186.649 17.3535 -13 -2 1 0 1 -0.143074 -0.0710814 -0.505196 0 0 0 
215.704 -28.1094 4491.16 72.6136 5.58946 186.269 17.7308 -13 -2 1 0 1 -0.11826 -0.0282686 -0.386395 0 0 0 
252.106 -25.1299 4584.25 72.9996 6.24719 186.097 18.108 -13 -2 1 0 1 -0.102479 -0.0277674 -0.29926 0 0 0 
288.798 -21.9405 4677.22 73.9457 6.43398 185.717 18.4853 -13 -2 1 0 1 -0.0951276 -0.0654697 -0.234609 0 0 0 
325.977 -18.7142 4770 74.3097 6.52786 185.568 18.8625 -13 -2 1 0 1 -0.0699194 0.00401404 -0.186141 0 0 0 
363.066 -15.4307 4862.81 74.0556 6.58441 185.668 19.2398 -13 -2 1 0 1 -0.0597153 0.00253796 -0.149394 0 0 0 
400.044 -12.1466 4955.66 73.8669 6.53931 185.744 19.617 -13 -2 1 0 1 -0.0510513 0.00155008 -0.121219 0 0 0 
436.94 -8.90077 5048.55 73.7267 6.43716 185.804 19.9943 -13 -2 1 0 1 -0.0437647 0.000891516 -0.09938 0 0 0 
473.776 -5.71437 5141.46 73.6219 6.30507 185.85 20.3715 -13 -2 1 0 1 -0.0376373 0.000453956 -0.0822451 0 0 0 
510.567 -2.59789 5234.4 73.5433 6.15963 185.886 20.7488 -13 -2 1 0 1 -0.0324958 0.000165346 -0.0686653 0 0 0 
547.323 0.444699 5327.35 73.4839 6.01074 185.914 21.126 -13 -2 1 0 1 -0.0281667 -2.28854e-05 -0.0577932 0 0 0 
584.053 3.41327 5420.31 73.439 5.86432 185.937 21.5033 -13 -2 1 0 1 -0.024521 -0.000143303 -0.049012 0 0 0 
620.763 6.30999 5513.28 73.4047 5.72373 185.954 21.8805 -13 -2 1 0 1 -0.0214375 -0.00021791 -0.0418583 0 0 0 
657.459 9.13827 5606.26 73.3786 5.59074 185.969 22.2578 -13 -2 1 0 1 -0.0188196 -0.00026158 -0.0359793 0 0 0 
694.143 11.9021 5699.25 73.3585 5.46617 185.981 22.635 -13 -2 1 0 1 -0.0165858 -0.000284388 -0.03111 0 0 0 
730.818 14.6059 5792.24 73.343 5.35018 185.99 23.0123 -13 -2 1 0 1 -0.0146736 -0.00029326 -0.0270494 0 0 0 
767.486 17.2537 5885.24 73.3311 5.24264 185.998 23.3895 -13 -2 1 0 1 -0.01303 -0.000292924 -0.0236405 0 0 0 
804.15 19.8498 5978.24 73.322 5.14317 186.004 23.7668 -13 -2 1 0 1 -0.0116125 -0.000286645 -0.0207619 0 0 0 
840.808 22.3994 6071.24 73.3138 5.0603 186.01 24.1441 -13 -2 1 0 1 -0.0110094 -0.000293293 -0.0213155 0 0 0 
877.463 24.9118 6164.25 73.3067 4.99043 186.014 24.5213 -13 -2 1 0 1 -0.00992735 -0.000281845 -0.0190824 0 0 0 
900.678 26.4837 6223.16 73.3032 4.95212 186.017 24.7602 -13 -2 1 0 1 -0.00931412 -0.000273874 -0.0178289 0 0 0 

# Event -1 Track 1
-11.2945 14.0917 0 0.731734 -1.1308 199.995 0 -13 -1 1 0 1 -0.264564 0.39216 4.22421 0 0 0 
-14.3879 12.0657 99.9082 -13.3259 -5.65416 199.475 0.377251 -13 -1 1 0 1 -0.264082 0.355626 3.64035 0 0 0 
-23.9528 9.50968 199.405 -23.7761 -4.10911 198.539 0.754502 -13 -1 1 0 1 -0.236075 0.186165 2.54171 0 0 0 
-37.2922 7.57041 298.489 -29.1241 -4.71054 197.812 1.13175 -13 -1 1 0 1 -0.309445 0.115454 1.13835 0 0 0 
-52.7538 3.40273 397.189 -32.3218 -13.5515 196.905 1.509 -13 -1 1 0 1 -0.405917 0.082162 -0.350473 0 0 0 
-68.8242 -7.53143 495.247 -30.6378 -31.4627 195.119 1.88625 -13 -1 1 0 1 -0.453705 0.0685347 -1.72768 0 0 0 
-81.7009 -28.6511 592.074 -19.0454 -52.6353 192.007 2.26351 -13 -1 1 0 1 -0.378038 0.171986 -2.78203 0 0 0 
-86.2629 -58.5689 687.319 1.77377 -64.3236 189.366 2.64076 -13 -1 1 0 1 -0.129648 0.327153 -3.3002 0 0 0 
-80.7214 -90.3454 781.941 18.3766 -60.3122 189.802 3.01801 -13 -1 1 0 1 0.0882074 0.652403 -3.14526 0 0 0 
-70.5469 -117.016 877.754 19.2463 -45.5328 193.795 3.39526 -13 -1 1 0 1 0.327433 0.839109 -2.32982 0 0 0 
-64.5801 -135.948 975.705 1.71017 -30.7845 197.609 3.77251 -13 -1 1 0 1 0.432022 1.03212 -1.04018 0 0 0 
-71.1377 -148.007 1074.64 -29.4546 -16.7564 197.108 4.14976 -13 -1 1 0 1 0.520952 1.13994 0.448837 0 0 0 
-94.4903 -150.718 1171.63 -62.9639 9.12526 189.611 4.52701 -13 -1 1 0 1 0.643109 1.09915 1.92114 0 0 0 
-131.045 -135.206 1263.1 -77.9415 56.0764 175.444 4.90426 -13 -1 1 0 1 0.67434 0.889357 3.15795 0 0 0 
-165.333 -93.8709 1347.01 -51.4386 106.695 161.153 5.28151 -13 -1 1 0 1 0.38964 0.534636 3.8611 0 0 0 
-176.615 -34.4729 1426.14 8.40068 122.353 157.985 5.65876 -13 -1 1 0 1 -0.23353 0.395346 3.87733 0 0 0 
-158.666 20.5226 1507.23 58.7268 91.7102 167.751 6.03601 -13 -1 1 0 1 -0.660754 0.423278 3.28427 0 0 0 
-123.641 54.3036 1594.26 75.8238 43.4267 179.903 6.41326 -13 -1 1 0 1 -0.754487 0.482009 2.23933 0 0 0 
-87.0762 65.9876 1686.42 67.7917 6.55837 188.046 6.79052 -13 -1 1 0 1 -0.609122 0.540008 0.934737 0 0 0 
-56.9536 64.3048 1781.71 52.7893 -10.0804 192.644 7.16777 -13 -1 1 0 1 -0.385804 0.509462 -0.46171 0 0 0 
-33.692 58.6198 1878.78 40.9532 -10.4483 195.483 7.54502 -13 -1 1 0 1 -0.175308 0.437467 -1.78461 0 0 0 
-15.7272 55.63 1977.09 30.5541 -0.21802 197.652 7.92227 -13 -1 1 0 1 0.0181603 0.409787 -2.82123 0 0 0 
-3.86265 58.9396 2076.28 16.262 13.11 198.906 8.29952 -13 -1 1 0 1 0.11166 0.307696 -3.33844 0 0 0 
0.4698 67.7439 2175.77 1.74374 20.8228 198.906 8.67677 -13 -1 1 0 1 0.104053 0.0564149 -3.18276 0 0 0 
-0.602238 78.6934 2275.16 -3.8622 22.363 198.708 9.05402 -13 -1 1 0 1 0.0563244 -0.306091 -2.38152 0 0 0 
-1.1964 90.0374 2374.51 3.41097 23.2925 198.61 9.43127 -13 -1 1 0 1 0.0404563 -0.562153 -1.14555 0 0 0 
4.49393 102.109 2473.58 20.8795 24.6197 197.378 9.80852 -13 -1 1 0 1 0.00877015 -0.704848 0.269479 0 0 0 
20.8792 113.418 2571.51 45.2365 18.4416 193.942 10.1858 -13 -1 1 0 1 -0.0803293 -0.706341 1.64847 0 0 0 
49.1122 117.786 2667.24 65.5403 -3.78775 188.918 10.563 -13 -1 1 0 1 -0.0980566 -0.484192 2.77867 0 0 0 
82.7106 107.789 2760.77 64.0726 -36.3728 185.935 10.9403 -13 -1 1 0 1 0.0649652 -0.0892449 3.40419 0 0 0 
108.944 83.453 2854.02 38.4228 -57.0364 187.805 11.3175 -13 -1 1 0 1 0.409279 0.125096 3.32306 0 0 0 
120.162 55.4271 2949.24 7.38347 -50.6763 193.333 11.6948 -13 -1 1 0 1 0.730447 0.257831 2.52804 0 0 0 
118.436 35.8535 3047.18 -11.7941 -25.9784 197.955 12.072 -13 -1 1 0 1 0.881324 0.245235 1.22811 0 0 0 
110.263 29.9294 3146.58 -19.9474 1.84438 198.994 12.4493 -13 -1 1 0 1 0.893574 0.211128 -0.299204 0 0 0 
98.373 36.5368 3245.6 -28.6917 22.7273 196.622 12.8265 -13 -1 1 0 1 0.76215 0.217371 -1.8301 0 0 0 
80.1659 50.0563 3342.96 -45.1563 28.0168 192.811 13.2038 -13 -1 1 0 1 0.55394 0.179258 -3.14906 0 0 0 
53.5252 60.833 3438.68 -59.4897 11.4763 190.603 13.581 -13 -1 1 0 1 0.325737 0.0012927 -4.02985 0 0 0 
24.0962 58.9701 3534.12 -53.3962 -20.137 191.686 13.9583 -13 -1 1 0 1 0.0737749 -0.265545 -4.33908 0 0 0 
4.30389 42.0818 3630.51 -23.3001 -44.127 193.675 14.3355 -13 -1 1 0 1 0.0347094 -0.281281 -4.11452 0 0 0 
1.25972 18.4597 3727.51 9.9988 -47.1618 194.103 14.7128 -13 -1 1 0 1 0.0121133 -0.135228 -3.54115 0 0 0 
12.4707 -2.85647 3824.5 32.7436 -36.9118 193.818 15.09 -13 -1 1 0 1 -0.0364928 -0.0273755 -2.84162 0 0 0 
32.1105 -18.0752 3921.33 44.3347 -24.151 193.523 15.4673 -13 -1 1 0 1 -0.0897448 0.00845815 -2.17704 0 0 0 
55.8125 -27.4333 4018.01 49.9868 -13.7742 193.162 15.8445 -13 -1 1 0 1 -0.110846 -0.0479166 -1.6263 0 0 0 
82.1142 -32.236 4114.36 55.5575 -5.69739 192.044 16.2218 -13 -1 1 0 1 -0.0922066 -0.193108 -1.20355 0 0 0 
111.609 -33.3605 4209.9 62.4237 0.671557 190.008 16.599 -13 -1 1 0 1 -0.200386 -0.232049 -0.893249 0 0 0 
144.389 -32.4538 4304.36 68.4531 2.80866 187.9 16.9763 -13 -1 1 0 1 -0.180419 -0.187999 -0.668281 0 0 0 
179.575 -30.6333 4397.95 71.7121 4.417 186.649 17.3535 -13 -1 1 0 1 -0.143074 -0.0710814 -0.505196 0 0 0 
215.704 -28.1094 4491.16 72.6136 5.58946 186.269 17.7308 -13 -1 1 0 1 -0.11826 -0.0282686 -0.386395 0 0 0 
252.106 -25.1299 4584.25 72.9996 6.24719 186.097 18.108 -13 -1 1 0 1 -0.102479 -0.0277674 -0.29926 0 0 0 
288.798 -21.9405 4677.22 73.9457 6.43398 185.717 18.4853 -13 -1 1 0 1 -0.0951276 -0.0654697 -0.234609 0 0 0 
325.977 -18.7142 4770 74.3097 6.52786 185.568 18.8625 -13 -1 1 0 1 -0.0699194 0.00401404 -0.186141 0 0 0 
363.066 -15.4307 4862.81 74.0556 6.58441 185.668 19.2398 -13 -1 1 0 1 -0.0597153 0.00253796 -0.149394 0 0 0 
400.044 -12.1466 4955.66 73.8669 6.53931 185.744 19.617 -13 -1 1 0 1 -0.0510513 0.00155008 -0.121219 0 0 0 
436.94 -8.90077 5048.55 73.7267 6.43716 185.804 19.9943 -13 -1 1 0 1 -0.0437647 0.000891516 -0.09938 0 0 0 
473.776 -5.71437 5141.46 73.6219 6.30507 185.85 20.3715 -13 -1 1 0 1 -0.0376373 0.000453956 -0.0822451 0 0 0 
510.567 -2.59789 5234.4 73.5433 6.15963 185.886 20.7488 -13 -1 1 0 1 -0.0324958 0.000165346 -0.0686653 0 0 0 
547.323 0.444699 5327.35 73.4839 6.01074 185.914 21.126 -13 -1 1 0 1 -0.0281667 -2.28854e-05 -0.0577932 0 0 0 
584.053 3.41327 5420.31 73.439 5.86432 185.937 21.5033 -13 -1 1 0 1 -0.024521 -0.000143303 -0.049012 0 0 0 
620.763 6.30999 5513.28 73.4047 5.72373 185.954 21.8805 -13 -1 1 0 1 -0.0214375 -0.00021791 -0.0418583 0 0 0 
657.459 9.13827 5606.26 73.3786 5.59074 185.969 22.2578 -13 -1 1 0 1 -0.0188196 -0.00026158 -0.0359793 0 0 0 
694.143 11.9021 5699.25 73.3585 5.46617 185.981 22.635 -13 -1 1 0 1 -0.0165858 -0.000284388 -0.03111 0 0 0 
730.818 14.6059 5792.24 73.343 5.35018 185.99 23.0123 -13 -1 1 0 1 -0.0146736 -0.00029326 -0.0270494 0 0 0 
767.486 17.2537 5885.24 73.3311 5.24264 185.998 23.3895 -13 -1 1 0 1 -0.01303 -0.000292924 -0.0236405 0 0 0 
804.15 19.8498 5978.24 73.322 5.14317 186.004 23.7668 -13 -1 1 0 1 -0.0116125 -0.000286645 -0.0207619 0 0 0 
840.808 22.3994 6071.24 73.3138 5.0603 186.01 24.1441 -13 -1 1 0 1 -0.0110094 -0.000293293 -0.0213155 0 0 0 
877.463 24.9118 6164.25 73.3067 4.99043 186.014 24.5213 -13 -1 1 0 1 -0.00992735 -0.000281845 -0.0190824 0 0 0 
900.678 26.4837 6223.16 73.3032 4.95212 186.017 24.7602 -13 -1 1 0 1 -0.00931412 -0.000273874 -0.0178289 0 0 0 

# Event 1 Track 1
0 0 0 0 0 0 0 -13 1 1 0 1 -0.248744 0.372421 4.21861 0 0 0 
0 0 0 0 0 0 1e+06 -13 1 1 0 1 -0.248744 0.372421 4.21861 0 0 0 

# End of Event 1

