# AllTracks
#x y z Px Py Pz t PDGid EventID TrackID ParentID Weight Bx By Bz Ex Ey Ez
# Event -2 Track 1
-11.2945 14.0917 0 0.731734 -1.1308 199.995 0 -13 -2 1 0 1 -0.100274 0.104192 4.22421 0 0 0 
-12.117 12.8182 99.9851 -4.3386 -3.58979 199.921 0.377251 -13 -2 1 0 1 -0.121612 0.124673 3.63901 0 0 0 
-15.5632 10.926 199.906 -8.9472 -3.58815 199.768 0.754502 -13 -2 1 0 1 -0.101313 0.0711255 2.53281 0 0 0 
-20.8551 9.01174 299.746 -12.1054 -4.57009 199.581 1.13175 -13 -2 1 0 1 -0.155772 0.0673108 1.1176 0 0 0 
-27.4837 5.72874 399.469 -14.0748 -9.26707 199.289 1.509 -13 -2 1 0 1 -0.201659 0.0420341 -0.377501 0 0 0 
-34.3246 -0.907563 499.006 -12.365 -17.7372 198.828 1.88625 -13 -2 1 0 1 -0.2097 -0.00554459 -1.74113 0 0 0 
-38.8136 -12.016 598.272 -4.99977 -26.1567 198.219 2.26351 -13 -2 1 0 1 -0.141863 0.0522891 -2.74061 0 0 0 
-38.783 -26.0181 697.275 5.28897 -28.4179 197.9 2.64076 -13 -2 1 0 1 -0.0106336 0.112272 -3.15002 0 0 0 
-34.0758 -39.0266 796.304 12.3463 -22.551 198.341 3.01801 -13 -2 1 0 1 0.106875 0.221463 -2.86373 0 0 0 
-27.7662 -48.0987 895.683 11.86 -13.8009 199.17 3.39526 -13 -2 1 0 1 0.156543 0.271175 -1.96801 0 0 0 
-23.4582 -53.2087 995.449 4.34492 -7.14297 199.825 3.77251 -13 -2 1 0 1 0.160853 0.364852 -0.692621 0 0 0 
-24.0547 -55.5306 1095.4 -6.99232 -2.07004 199.867 4.14976 -13 -2 1 0 1 0.166591 0.384577 0.712851 0 0 0 
-30.299 -54.7852 1195.19 -17.3363 5.87338 199.161 4.52701 -13 -2 1 0 1 0.177514 0.320972 2.02234 0 0 0 
-40.2074 -48.7597 1294.49 -20.8405 19.185 197.984 4.90426 -13 -2 1 0 1 0.208028 0.238113 2.98802 0 0 0 
-49.1439 -35.5482 1393.19 -12.823 32.6035 196.908 5.28151 -13 -2 1 0 1 0.0940337 0.0913689 3.36338 0 0 0 
-51.6822 -18.0295 1491.58 2.98247 35.2086 196.854 5.65876 -13 -2 1 0 1 -0.0926313 0.0143543 3.04818 0 0 0 
-46.7603 -2.35668 1590.19 15.6228 25.8991 197.7 6.03601 -13 -2 1 0 1 -0.265092 -0.0133604 2.13767 0 0 0 
-37.5822 7.44657 1689.27 19.6707 13.7666 198.554 6.41326 -13 -2 1 0 1 -0.260163 0.0515488 0.859464 0 0 0 
-28.0566 12.2388 1788.69 17.886 6.3911 199.096 6.79052 -13 -2 1 0 1 -0.197338 0.0860827 -0.549615 0 0 0 
-19.9768 14.7739 1888.33 14.3 4.55751 199.436 7.16777 -13 -2 1 0 1 -0.120389 0.0890338 -1.87149 0 0 0 
-13.8751 17.4949 1988.11 9.92436 7.28972 199.621 7.54502 -13 -2 1 0 1 0.0384135 0.0656876 -2.86836 0 0 0 
-10.357 22.5868 2087.91 3.85348 13.054 199.536 7.92227 -13 -2 1 0 1 0.114272 0.0107549 -3.30473 0 0 0 
-10.0872 30.2447 2187.61 -2.51297 17.1511 199.247 8.29952 -13 -2 1 0 1 0.132756 -0.0887 -3.0586 0 0 0 
-12.2556 39.2954 2287.17 -5.22592 18.4687 199.077 8.67677 -13 -2 1 0 1 0.067404 -0.216118 -2.20399 0 0 0 
-14.2223 48.8028 2386.7 -1.52578 19.9733 198.994 9.05402 -13 -2 1 0 1 0.0968401 -0.332301 -0.957262 0 0 0 
-12.6594 59.5183 2486.1 8.90897 22.7968 198.497 9.43127 -13 -2 1 0 1 0.0880566 -0.413998 0.43619 0 0 0 
-4.27212 70.934 2585.06 25.4082 21.5334 197.207 9.80852 -13 -2 1 0 1 0.0256416 -0.42575 1.75791 0 0 0 
12.8602 79.1835 2683.19 42.5813 9.59651 195.179 10.1858 -13 -2 1 0 1 0.0129883 -0.36308 2.77538 0 0 0 
36.6216 78.9356 2780.27 49.6701 -11.4515 193.395 10.563 -13 -2 1 0 1 0.0638067 -0.127628 3.24167 0 0 0 
59.525 68.3053 2876.98 39.4251 -29.0639 193.91 10.9403 -13 -2 1 0 1 0.250794 0.124505 3.01167 0 0 0 
74.6711 52.6273 2974.54 20.8099 -30.9346 196.494 11.3175 -13 -2 1 0 1 0.424786 0.299385 2.13032 0 0 0 
81.0359 39.7579 3073.46 6.00377 -18.7359 199.03 11.6948 -13 -2 1 0 1 0.585229 0.287126 0.804724 0 0 0 
81.7556 34.8728 3173.3 -2.63076 -0.531445 199.982 12.072 -13 -2 1 0 1 0.623647 0.266016 -0.716441 0 0 0 
78.1469 38.8745 3273.11 -12.7192 15.4957 198.993 12.4493 -13 -2 1 0 1 0.546665 0.271941 -2.2149 0 0 0 
67.9515 48.4595 3372.1 -28.489 20.0592 196.942 12.8265 -13 -2 1 0 1 0.351152 0.169822 -3.45547 0 0 0 
50.4455 55.8087 3470.24 -39.6893 6.42719 195.917 13.2038 -13 -2 1 0 1 0.117754 0.0121976 -4.1959 0 0 0 
31.1594 53.1189 3568.26 -34.0625 -17.3756 196.311 13.581 -13 -2 1 0 1 -0.0202279 -0.145015 -4.32099 0 0 0 
19.1207 39.7586 3666.55 -12.7977 -33.7364 196.718 13.9583 -13 -2 1 0 1 -0.0530944 -0.110402 -3.93607 0 0 0 
18.4789 21.7341 3764.86 9.70327 -36.3567 196.428 14.3355 -13 -2 1 0 1 -0.0669432 -0.0787358 -3.27695 0 0 0 
27.7335 4.77023 3862.94 25.9891 -30.78 195.901 14.7128 -13 -2 1 0 1 -0.0964611 -0.0165916 -2.56695 0 0 0 
43.2352 -8.81867 3960.78 34.9843 -23.693 195.486 15.09 -13 -2 1 0 1 -0.124025 0.0252975 -1.93799 0 0 0 
61.9268 -19.1991 4058.46 39.3138 -18.275 195.245 15.4673 -13 -2 1 0 1 -0.185948 -0.00877845 -1.43762 0 0 0 
82.5913 -27.8106 4155.92 43.2743 -16.571 194.558 15.8445 -13 -2 1 0 1 -0.214281 -0.0376885 -1.06316 0 0 0 
105.114 -36.0385 4253 46.7135 -16.5058 193.766 16.2218 -13 -2 1 0 1 -0.20238 -0.0393731 -0.790615 0 0 0 
129.154 -44.3812 4349.71 49.2233 -16.8185 193.117 16.599 -13 -2 1 0 1 -0.154601 -0.00995905 -0.594139 0 0 0 
153.852 -52.5365 4446.27 49.5101 -15.892 193.122 16.9763 -13 -2 1 0 1 -0.093108 0.031794 -0.451928 0 0 0 
178.633 -60.3522 4542.83 49.5952 -15.4317 193.138 17.3535 -13 -2 1 0 1 -0.0793286 0.0268016 -0.348475 0 0 0 
203.433 -68.0148 4639.41 49.5929 -15.2537 193.153 17.7308 -13 -2 1 0 1 -0.0670827 0.0224281 -0.272255 0 0 0 
228.22 -75.6328 4735.99 49.5521 -15.2382 193.164 18.108 -13 -2 1 0 1 -0.0566422 0.0187714 -0.215571 0 0 0 
252.982 -83.2678 4832.57 49.496 -15.3129 193.173 18.4853 -13 -2 1 0 1 -0.0478409 0.0157466 -0.172732 0 0 0 
277.715 -90.9534 4929.16 49.4356 -15.4348 193.179 18.8625 -13 -2 1 0 1 -0.0405308 0.0132741 -0.140028 0 0 0 
302.418 -98.7062 5025.75 49.3763 -15.5786 193.182 19.2398 -13 -2 1 0 1 -0.0344688 0.0112503 -0.11472 0 0 0 
327.092 -106.533 5122.34 49.3203 -15.7292 193.184 19.617 -13 -2 1 0 1 -0.0294429 0.00958949 -0.0949104 0 0 0 
351.739 -114.435 5218.93 49.2686 -15.8783 193.185 19.9943 -13 -2 1 0 1 -0.0252681 0.00822076 -0.0792346 0 0 0 
376.361 -122.41 5315.52 49.2214 -16.0212 193.185 20.3715 -13 -2 1 0 1 -0.0217868 0.00708607 -0.066693 0 0 0 
400.961 -130.455 5412.12 49.1784 -16.1556 193.185 20.7488 -13 -2 1 0 1 -0.0188813 0.00614312 -0.0565788 0 0 0 
425.541 -138.564 5508.71 49.1395 -16.2804 193.185 21.126 -13 -2 1 0 1 -0.0164344 0.00535137 -0.0483292 0 0 0 
450.101 -146.734 5605.3 49.1043 -16.3954 193.184 21.5033 -13 -2 1 0 1 -0.0143722 0.00468536 -0.0415582 0 0 0 
474.645 -154.958 5701.89 49.0723 -16.5011 193.183 21.8805 -13 -2 1 0 1 -0.012622 0.00412071 -0.0359483 0 0 0 
499.174 -163.233 5798.48 49.0433 -16.5978 193.182 22.2578 -13 -2 1 0 1 -0.0111324 0.00364036 -0.0312723 0 0 0 
523.689 -171.555 5895.08 49.017 -16.6862 193.181 22.635 -13 -2 1 0 1 -0.00985617 0.00322877 -0.0273444 0 0 0 
548.191 -179.918 5991.67 48.9931 -16.767 193.18 23.0123 -13 -2 1 0 1 -0.00875925 0.00287481 -0.0240256 0 0 0 
572.683 -188.318 6088.26 48.9746 -16.8313 193.179 23.3896 -13 -2 1 0 1 -0.00824405 0.00271093 -0.024264 0 0 0 
597.166 -196.748 6184.85 48.9581 -16.8892 193.178 23.7668 -13 -2 1 0 1 -0.00741364 0.00244257 -0.0217077 0 0 0 
621.642 -205.207 6281.43 48.943 -16.9422 193.178 24.1441 -13 -2 1 0 1 -0.00669046 0.00220855 -0.0195016 0 0 0 
646.11 -213.69 6378.02 48.9292 -16.9907 193.177 24.5213 -13 -2 1 0 1 -0.00605673 0.00200316 -0.0175855 0 0 0 
670.571 -222.197 6474.61 48.9166 -17.0352 193.176 24.8986 -13 -2 1 0 1 -0.0055006 0.00182265 -0.0159154 0 0 0 
695.026 -230.724 6571.2 48.9049 -17.076 193.175 25.2758 -13 -2 1 0 1 -0.00500958 0.001663 -0.0144514 0 0 0 
719.476 -239.272 6667.79 48.8942 -17.1135 193.175 25.6531 -13 -2 1 0 1 -0.0045752 0.00152155 -0.0131638 0 0 0 
743.92 -247.838 6764.37 48.8829 -17.1516 193.174 26.0303 -13 -2 1 0 1 -0.00363068 0.00120956 -0.00899438 0 0 0 
768.359 -256.423 6860.96 48.8715 -17.1892 193.174 26.4076 -13 -2 1 0 1 -0.00330461 0.00110284 -0.00813029 0 0 0 
792.792 -265.027 6957.55 48.8609 -17.2239 193.173 26.7848 -13 -2 1 0 1 -0.00301471 0.0010078 -0.00736867 0 0 0 
817.22 -273.647 7054.13 48.8511 -17.256 193.173 27.1621 -13 -2 1 0 1 -0.00275595 0.000922831 -0.00669462 0 0 0 
841.643 -282.282 7150.72 48.8421 -17.2856 193.173 27.5393 -13 -2 1 0 1 -0.0025249 0.000846837 -0.00609702 0 0 0 
866.062 -290.932 7247.31 48.8337 -17.313 193.172 27.9166 -13 -2 1 0 1 -0.00231754 0.000778519 -0.00556484 0 0 0 
890.477 -299.595 7343.89 48.8259 -17.3384 193.172 28.2938 -13 -2 1 0 1 -0.00213131 0.000717063 -0.00509019 0 0 0 
900.678 -303.219 7384.26 48.823 -17.3477 193.172 28.4515 -13 -2 1 0 1 -0.00205899 0.000693173 -0.00490683 0 0 0 

# Event -1 Track 1
-11.2945 14.0917 0 0.731734 -1.1308 199.995 0 -13 -1 1 0 1 -0.100274 0.104192 4.22421 0 0 0 
-12.117 12.8182 99.9851 -4.3386 -3.58979 199.921 0.377251 -13 -1 1 0 1 -0.121612 0.124673 3.63901 0 0 0 
-15.5632 10.926 199.906 -8.9472 -3.58815 199.768 0.754502 -13 -1 1 0 1 -0.101313 0.0711255 2.53281 0 0 0 
-20.8551 9.01174 299.746 -12.1054 -4.57009 199.581 1.13175 -13 -1 1 0 1 -0.155772 0.0673108 1.1176 0 0 0 
-27.4837 5.72874 399.469 -14.0748 -9.26707 199.289 1.509 -13 -1 1 0 1 -0.201659 0.0420341 -0.377501 0 0 0 
-34.3246 -0.907563 499.006 -12.365 -17.7372 198.828 1.88625 -13 -1 1 0 1 -0.2097 -0.00554459 -1.74113 0 0 0 
-38.8136 -12.016 598.272 -4.99977 -26.1567 198.219 2.26351 -13 -1 1 0 1 -0.141863 0.0522891 -2.74061 0 0 0 
-38.783 -26.0181 697.275 5.28897 -28.4179 197.9 2.64076 -13 -1 1 0 1 -0.0106336 0.112272 -3.15002 0 0 0 
-34.0758 -39.0266 796.304 12.3463 -22.551 198.341 3.01801 -13 -1 1 0 1 0.106875 0.221463 -2.86373 0 0 0 
-27.7662 -48.0987 895.683 11.86 -13.8009 199.17 3.39526 -13 -1 1 0 1 0.156543 0.271175 -1.96801 0 0 0 
-23.4582 -53.2087 995.449 4.34492 -7.14297 199.825 3.77251 -13 -1 1 0 1 0.160853 0.364852 -0.692621 0 0 0 
-24.0547 -55.5306 1095.4 -6.99232 -2.07004 199.867 4.14976 -13 -1 1 0 1 0.166591 0.384577 0.712851 0 0 0 
-30.299 -54.7852 1195.19 -17.3363 5.87338 199.161 4.52701 -13 -1 1 0 1 0.177514 0.320972 2.02234 0 0 0 
-40.2074 -48.7597 1294.49 -20.8405 19.185 197.984 4.90426 -13 -1 1 0 1 0.208028 0.238113 2.98802 0 0 0 
-49.1439 -35.5482 1393.19 -12.823 32.6035 196.908 5.28151 -13 -1 1 0 1 0.0940337 0.0913689 3.36338 0 0 0 
-51.6822 -18.0295 1491.58 2.98247 35.2086 196.854 5.65876 -13 -1 1 0 1 -0.0926313 0.0143543 3.04818 0 0 0 
-46.7603 -2.35668 1590.19 15.6228 25.8991 197.7 6.03601 -13 -1 1 0 1 -0.265092 -0.0133604 2.13767 0 0 0 
-37.5822 7.44657 1689.27 19.6707 13.7666 198.554 6.41326 -13 -1 1 0 1 -0.260163 0.0515488 0.859464 0 0 0 
-28.0566 12.2388 1788.69 17.886 6.3911 199.096 6.79052 -13 -1 1 0 1 -0.197338 0.0860827 -0.549615 0 0 0 
-19.9768 14.7739 1888.33 14.3 4.55751 199.436 7.16777 -13 -1 1 0 1 -0.120389 0.0890338 -1.87149 0 0 0 
-13.8751 17.4949 1988.11 9.92436 7.28972 199.621 7.54502 -13 -1 1 0 1 0.0384135 0.0656876 -2.86836 0 0 0 
-10.357 22.5868 2087.91 3.85348 13.054 199.536 7.92227 -13 -1 1 0 1 0.114272 0.0107549 -3.30473 0 0 0 
-10.0872 30.2447 2187.61 -2.51297 17.1511 199.247 8.29952 -13 -1 1 0 1 0.132756 -0.0887 -3.0586 0 0 0 
-12.2556 39.2954 2287.17 -5.22592 18.4687 199.077 8.67677 -13 -1 1 0 1 0.067404 -0.216118 -2.20399 0 0 0 
-14.2223 48.8028 2386.7 -1.52578 19.9733 198.994 9.05402 -13 -1 1 0 1 0.0968401 -0.332301 -0.957262 0 0 0 
-12.6594 59.5183 2486.1 8.90897 22.7968 198.497 9.43127 -13 -1 1 0 1 0.0880566 -0.413998 0.43619 0 0 0 
-4.27212 70.934 2585.06 25.4082 21.5334 197.207 9.80852 -13 -1 1 0 1 0.0256416 -0.42575 1.75791 0 0 0 
12.8602 79.1835 2683.19 42.5813 9.59651 195.179 10.1858 -13 -1 1 0 1 0.0129883 -0.36308 2.77538 0 0 0 
36.6216 78.9356 2780.27 49.6701 -11.4515 193.395 10.563 -13 -1 1 0 1 0.0638067 -0.127628 3.24167 0 0 0 
59.525 68.3053 2876.98 39.4251 -29.0639 193.91 10.9403 -13 -1 1 0 1 0.250794 0.124505 3.01167 0 0 0 
74.6711 52.6273 2974.54 20.8099 -30.9346 196.494 11.3175 -13 -1 1 0 1 0.424786 0.299385 2.13032 0 0 0 
81.0359 39.7579 3073.46 6.00377 -18.7359 199.03 11.6948 -13 -1 1 0 1 0.585229 0.287126 0.804724 0 0 0 
81.7556 34.8728 3173.3 -2.63076 -0.531445 199.982 12.072 -13 -1 1 0 1 0.623647 0.266016 -0.716441 0 0 0 
78.1469 38.8745 3273.11 -12.7192 15.4957 198.993 12.4493 -13 -1 1 0 1 0.546665 0.271941 -2.2149 0 0 0 
67.9515 48.4595 3372.1 -28.489 20.0592 196.942 12.8265 -13 -1 1 0 1 0.351152 0.169822 -3.45547 0 0 0 
50.4455 55.8087 3470.24 -39.6893 6.42719 195.917 13.2038 -13 -1 1 0 1 0.117754 0.0121976 -4.1959 0 0 0 
31.1594 53.1189 3568.26 -34.0625 -17.3756 196.311 13.581 -13 -1 1 0 1 -0.0202279 -0.145015 -4.32099 0 0 0 
19.1207 39.7586 3666.55 -12.7977 -33.7364 196.718 13.9583 -13 -1 1 0 1 -0.0530944 -0.110402 -3.93607 0 0 0 
18.4789 21.7341 3764.86 9.70327 -36.3567 196.428 14.3355 -13 -1 1 0 1 -0.0669432 -0.0787358 -3.27695 0 0 0 
27.7335 4.77023 3862.94 25.9891 -30.78 195.901 14.7128 -13 -1 1 0 1 -0.0964611 -0.0165916 -2.56695 0 0 0 
43.2352 -8.81867 3960.78 34.9843 -23.693 195.486 15.09 -13 -1 1 0 1 -0.124025 0.0252975 -1.93799 0 0 0 
61.9268 -19.1991 4058.46 39.3138 -18.275 195.245 15.4673 -13 -1 1 0 1 -0.185948 -0.00877845 -1.43762 0 0 0 
82.5913 -27.8106 4155.92 43.2743 -16.571 194.558 15.8445 -13 -1 1 0 1 -0.214281 -0.0376885 -1.06316 0 0 0 
105.114 -36.0385 4253 46.7135 -16.5058 193.766 16.2218 -13 -1 1 0 1 -0.20238 -0.0393731 -0.790615 0 0 0 
129.154 -44.3812 4349.71 49.2233 -16.8185 193.117 16.599 -13 -1 1 0 1 -0.154601 -0.00995905 -0.594139 0 0 0 
153.852 -52.5365 4446.27 49.5101 -15.892 193.122 16.9763 -13 -1 1 0 1 -0.093108 0.031794 -0.451928 0 0 0 
178.633 -60.3522 4542.83 49.5952 -15.4317 193.138 17.3535 -13 -1 1 0 1 -0.0793286 0.0268016 -0.348475 0 0 0 
203.433 -68.0148 4639.41 49.5929 -15.2537 193.153 17.7308 -13 -1 1 0 1 -0.0670827 0.0224281 -0.272255 0 0 0 
228.22 -75.6328 4735.99 49.5521 -15.2382 193.164 18.108 -13 -1 1 0 1 -0.0566422 0.0187714 -0.215571 0 0 0 
252.982 -83.2678 4832.57 49.496 -15.3129 193.173 18.4853 -13 -1 1 0 1 -0.0478409 0.0157466 -0.172732 0 0 0 
277.715 -90.9534 4929.16 49.4356 -15.4348 193.179 18.8625 -13 -1 1 0 1 -0.0405308 0.0132741 -0.140028 0 0 0 
302.418 -98.7062 5025.75 49.3763 -15.5786 193.182 19.2398 -13 -1 1 0 1 -0.0344688 0.0112503 -0.11472 0 0 0 
327.092 -106.533 5122.34 49.3203 -15.7292 193.184 19.617 -13 -1 1 0 1 -0.0294429 0.00958949 -0.0949104 0 0 0 
351.739 -114.435 5218.93 49.2686 -15.8783 193.185 19.9943 -13 -1 1 0 1 -0.0252681 0.00822076 -0.0792346 0 0 0 
376.361 -122.41 5315.52 49.2214 -16.0212 193.185 20.3715 -13 -1 1 0 1 -0.0217868 0.00708607 -0.066693 0 0 0 
400.961 -130.455 5412.12 49.1784 -16.1556 193.185 20.7488 -13 -1 1 0 1 -0.0188813 0.00614312 -0.0565788 0 0 0 
425.541 -138.564 5508.71 49.1395 -16.2804 193.185 21.126 -13 -1 1 0 1 -0.0164344 0.00535137 -0.0483292 0 0 0 
450.101 -146.734 5605.3 49.1043 -16.3954 193.184 21.5033 -13 -1 1 0 1 -0.0143722 0.00468536 -0.0415582 0 0 0 
474.645 -154.958 5701.89 49.0723 -16.5011 193.183 21.8805 -13 -1 1 0 1 -0.012622 0.00412071 -0.0359483 0 0 0 
499.174 -163.233 5798.48 49.0433 -16.5978 193.182 22.2578 -13 -1 1 0 1 -0.0111324 0.00364036 -0.0312723 0 0 0 
523.689 -171.555 5895.08 49.017 -16.6862 193.181 22.635 -13 -1 1 0 1 -0.00985617 0.00322877 -0.0273444 0 0 0 
548.191 -179.918 5991.67 48.9931 -16.767 193.18 23.0123 -13 -1 1 0 1 -0.00875925 0.00287481 -0.0240256 0 0 0 
572.683 -188.318 6088.26 48.9746 -16.8313 193.179 23.3896 -13 -1 1 0 1 -0.00824405 0.00271093 -0.024264 0 0 0 
597.166 -196.748 6184.85 48.9581 -16.8892 193.178 23.7668 -13 -1 1 0 1 -0.00741364 0.00244257 -0.0217077 0 0 0 
621.642 -205.207 6281.43 48.943 -16.9422 193.178 24.1441 -13 -1 1 0 1 -0.00669046 0.00220855 -0.0195016 0 0 0 
646.11 -213.69 6378.02 48.9292 -16.9907 193.177 24.5213 -13 -1 1 0 1 -0.00605673 0.00200316 -0.0175855 0 0 0 
670.571 -222.197 6474.61 48.9166 -17.0352 193.176 24.8986 -13 -1 1 0 1 -0.0055006 0.00182265 -0.0159154 0 0 0 
695.026 -230.724 6571.2 48.9049 -17.076 193.175 25.2758 -13 -1 1 0 1 -0.00500958 0.001663 -0.0144514 0 0 0 
719.476 -239.272 6667.79 48.8942 -17.1135 193.175 25.6531 -13 -1 1 0 1 -0.0045752 0.00152155 -0.0131638 0 0 0 
743.92 -247.838 6764.37 48.8829 -17.1516 193.174 26.0303 -13 -1 1 0 1 -0.00363068 0.00120956 -0.00899438 0 0 0 
768.359 -256.423 6860.96 48.8715 -17.1892 193.174 26.4076 -13 -1 1 0 1 -0.00330461 0.00110284 -0.00813029 0 0 0 
792.792 -265.027 6957.55 48.8609 -17.2239 193.173 26.7848 -13 -1 1 0 1 -0.00301471 0.0010078 -0.00736867 0 0 0 
817.22 -273.647 7054.13 48.8511 -17.256 193.173 27.1621 -13 -1 1 0 1 -0.00275595 0.000922831 -0.00669462 0 0 0 
841.643 -282.282 7150.72 48.8421 -17.2856 193.173 27.5393 -13 -1 1 0 1 -0.0025249 0.000846837 -0.00609702 0 0 0 
866.062 -290.932 7247.31 48.8337 -17.313 193.172 27.9166 -13 -1 1 0 1 -0.00231754 0.000778519 -0.00556484 0 0 0 
890.477 -299.595 7343.89 48.8259 -17.3384 193.172 28.2938 -13 -1 1 0 1 -0.00213131 0.000717063 -0.00509019 0 0 0 
900.678 -303.219 7384.26 48.823 -17.3477 193.172 28.4515 -13 -1 1 0 1 -0.00205899 0.000693173 -0.00490683 0 0 0 

# Event 1 Track 1
0 0 0 0 0 0 0 -13 1 1 0 1 -0.0844532 0.0844532 4.21861 0 0 0 
0 0 0 0 0 0 1e+06 -13 1 1 0 1 -0.0844532 0.0844532 4.21861 0 0 0 

# End of Event 1

