# AllTracks
#x y z Px Py Pz t PDGid EventID TrackID ParentID Weight Bx By Bz Ex Ey Ez
# Event -2 Track 1
-11.2945 14.0917 0 0.731734 -1.1308 199.995 0 -13 -2 1 0 1 -0.0646162 0.0372879 3.28149 0 0 0 
-11.5563 12.9578 99.9918 -2.14986 -3.3408 199.961 0.377251 -13 -2 1 0 1 -0.0964225 0.0801465 2.93282 0 0 0 
-13.679 10.8454 199.945 -6.42601 -5.06648 199.833 0.754502 -13 -2 1 0 1 -0.121856 0.0958954 1.99753 0 0 0 
-17.9353 7.78524 299.805 -10.433 -7.45775 199.588 1.13175 -13 -2 1 0 1 -0.151415 0.0868994 0.704593 0 0 0 
-23.8101 2.94133 399.511 -12.5888 -12.4714 199.213 1.509 -13 -2 1 0 1 -0.180274 0.0602565 -0.696881 0 0 0 
-29.8008 -5.19481 498.992 -10.3889 -20.3846 198.687 1.88625 -13 -2 1 0 1 -0.180465 0.0234323 -1.98969 0 0 0 
-33.0642 -17.3016 598.19 -1.57685 -27.3206 198.119 2.26351 -13 -2 1 0 1 -0.116201 0.00891332 -2.93619 0 0 0 
-30.7523 -31.2461 697.169 10.733 -26.8628 197.897 2.64076 -13 -2 1 0 1 -0.00291863 0.0718589 -3.30339 0 0 0 
-23.2419 -42.7724 796.205 17.7518 -18.388 198.36 3.01801 -13 -2 1 0 1 0.0789077 0.20888 -2.98116 0 0 0 
-14.7216 -49.5212 895.602 14.7661 -9.1291 199.245 3.39526 -13 -2 1 0 1 0.0915322 0.338409 -2.05977 0 0 0 
-9.62246 -52.6736 995.409 4.90968 -4.21518 199.895 3.77251 -13 -2 1 0 1 0.0810978 0.405157 -0.768845 0 0 0 
-10.2093 -54.11 1095.38 -7.38953 -1.42427 199.858 4.14976 -13 -2 1 0 1 0.0975199 0.410634 0.648725 0 0 0 
-16.8471 -53.486 1195.14 -18.5932 4.94643 199.072 4.52701 -13 -2 1 0 1 0.141469 0.348914 1.96182 0 0 0 
-27.65 -48.0519 1294.39 -22.8483 17.6495 197.905 4.90426 -13 -2 1 0 1 0.155858 0.208191 2.9308 0 0 0 
-37.5677 -35.7404 1393.1 -14.7279 30.733 197.075 5.28151 -13 -2 1 0 1 0.074625 0.0470111 3.31844 0 0 0 
-40.983 -18.9826 1491.6 1.46161 34.2307 197.044 5.65876 -13 -2 1 0 1 -0.0660993 -0.0266515 3.01933 0 0 0 
-36.7003 -3.26876 1590.24 14.3675 27.5255 197.575 6.03601 -13 -2 1 0 1 -0.154793 0.00339313 2.12382 0 0 0 
-28.091 8.25366 1689.19 18.6999 18.9638 198.219 6.41326 -13 -2 1 0 1 -0.15055 0.0652381 0.857348 0 0 0 
-19.0884 16.4686 1788.44 16.4882 14.8244 198.767 6.79052 -13 -2 1 0 1 -0.0918545 0.109837 -0.545441 0 0 0 
-12.2757 23.9031 1887.93 10.1715 15.5036 199.139 7.16777 -13 -2 1 0 1 -0.0245128 0.124298 -1.86361 0 0 0 
-9.43371 32.1947 1987.54 0.828853 17.4868 199.232 7.54502 -13 -2 1 0 1 0.0243659 0.0896147 -2.86021 0 0 0 
-11.48 40.9103 2087.12 -8.60764 16.7624 199.11 7.92227 -13 -2 1 0 1 0.0596548 -0.0186866 -3.30019 0 0 0 
-17.1945 48.5393 2186.67 -13.0849 13.7145 199.1 8.29952 -13 -2 1 0 1 0.110617 -0.181965 -3.05128 0 0 0 
-23.3474 55.0395 2286.26 -10.4005 13.0555 199.302 8.67677 -13 -2 1 0 1 0.17512 -0.340229 -2.17967 0 0 0 
-26.6093 62.4448 2385.93 -1.73235 17.2925 199.244 9.05402 -13 -2 1 0 1 0.212227 -0.462531 -0.912006 0 0 0 
-24.0891 72.6573 2485.34 12.9297 23.3137 198.215 9.43127 -13 -2 1 0 1 0.186187 -0.550692 0.500555 0 0 0 
-12.5567 84.7211 2583.89 34.0771 23.0233 195.726 9.80852 -13 -2 1 0 1 0.0853856 -0.57247 1.84606 0 0 0 
10.0314 93.0085 2680.88 55.0692 7.06182 192.139 10.1858 -13 -2 1 0 1 -0.0372116 -0.44326 2.89627 0 0 0 
39.805 89.2855 2776.16 60.0867 -23.1284 189.353 10.563 -13 -2 1 0 1 -0.0353933 -0.1563 3.4153 0 0 0 
66.0504 70.714 2870.74 41.6362 -48.4135 189.533 10.9403 -13 -2 1 0 1 0.163903 0.104921 3.25387 0 0 0 
79.9675 44.5721 2966.17 14.45 -52.3854 192.476 11.3175 -13 -2 1 0 1 0.41358 0.174192 2.45706 0 0 0 
82.2249 21.1653 3063.31 -3.02394 -39.5925 196.019 11.6948 -13 -2 1 0 1 0.545041 0.09927 1.2307 0 0 0 
79.2006 5.5981 3162.01 -7.28463 -22.7945 198.563 12.072 -13 -2 1 0 1 0.544837 0.00594469 -0.18518 0 0 0 
76.069 -2.06835 3261.65 -4.76263 -8.46251 199.764 12.4493 -13 -2 1 0 1 0.454772 -0.0455551 -1.58007 0 0 0 
74.3877 -3.54494 3361.61 -2.40062 1.72743 199.978 12.8265 -13 -2 1 0 1 0.281989 -0.0514479 -2.71315 0 0 0 
73.1341 -1.41797 3461.58 -3.02218 5.45204 199.903 13.2038 -13 -2 1 0 1 0.0353146 -0.0399356 -3.31964 0 0 0 
71.333 0.479827 3561.54 -3.80288 0.792852 199.962 13.581 -13 -2 1 0 1 -0.220247 -0.0358514 -3.22382 0 0 0 
69.9391 -1.66879 3661.5 -1.16407 -10.087 199.742 13.9583 -13 -2 1 0 1 -0.409079 -0.0167702 -2.46191 0 0 0 
70.443 -10.0673 3761.12 2.95803 -23.8501 198.551 14.3355 -13 -2 1 0 1 -0.515154 0.0550712 -1.25646 0 0 0 
72.0462 -25.847 3859.83 1.94022 -39.537 196.044 14.7128 -13 -2 1 0 1 -0.55317 0.185436 0.131753 0 0 0 
70.24 -49.5361 3956.92 -11.8115 -54.51 192.066 15.09 -13 -2 1 0 1 -0.503889 0.33822 1.49359 0 0 0 
57.5714 -78.5308 4051.68 -41.0021 -58.3432 186.855 15.4673 -13 -2 1 0 1 -0.334651 0.407249 2.63346 0 0 0 
28.6047 -103.729 4143.84 -73.4401 -37.9246 182.122 15.8445 -13 -2 1 0 1 -0.124027 0.250422 3.34555 0 0 0 
-12.3219 -113.001 4234.4 -85.1936 2.28334 180.933 16.2218 -13 -2 1 0 1 -0.0808205 -0.103979 3.45315 0 0 0 
-51.5731 -102.592 4325.61 -67.9474 35.9513 184.637 16.599 -13 -2 1 0 1 -0.276842 -0.404328 2.90868 0 0 0 
-78.458 -81.4459 4419.48 -39.7834 44.1925 190.957 16.9763 -13 -2 1 0 1 -0.53523 -0.482406 1.84126 0 0 0 
-92.7879 -61.9344 4516.44 -19.5238 31.4303 196.548 17.3535 -13 -2 1 0 1 -0.690108 -0.412101 0.473304 0 0 0 
-99.679 -51.4433 4615.59 -9.09675 9.92822 199.546 17.7308 -13 -2 1 0 1 -0.711765 -0.319835 -0.986132 0 0 0 
-102.11 -51.9209 4715.5 -0.115318 -11.0179 199.696 18.108 -13 -2 1 0 1 -0.58809 -0.239439 -2.32183 0 0 0 
-99.0199 -60.7772 4815.03 13.0226 -21.8818 198.373 18.4853 -13 -2 1 0 1 -0.302399 -0.112415 -3.2571 0 0 0 
-89.4726 -70.8687 4914.04 23.6178 -15.6812 197.981 18.8625 -13 -2 1 0 1 0.0490814 0.11528 -3.51253 0 0 0 
-77.83 -74.5737 5013.26 20.1898 1.57572 198.972 19.2398 -13 -2 1 0 1 0.307579 0.359285 -3.00469 0 0 0 
-71.5227 -69.5057 5112.87 3.69087 18.0118 199.153 19.617 -13 -2 1 0 1 0.447064 0.478376 -1.92749 0 0 0 
-74.4576 -57.0269 5211.99 -14.801 31.9551 196.875 19.9943 -13 -2 1 0 1 0.542722 0.441601 -0.569964 0 0 0 
-84.8705 -36.903 5309.34 -24.5859 49.5986 192.186 20.3715 -13 -2 1 0 1 0.619176 0.28916 0.832838 0 0 0 
-95.9539 -6.53353 5403.9 -15.9312 72.0812 185.878 20.7488 -13 -2 1 0 1 0.604758 0.0713485 2.09 0 0 0 
-96.775 33.9169 5495.2 16.2202 86.684 179.507 21.126 -13 -2 1 0 1 0.410697 -0.0866843 3.02213 0 0 0 
-77.8355 75.6027 5583.86 59.089 74.7438 175.846 21.5033 -13 -2 1 0 1 0.112292 -0.0065405 3.45105 0 0 0 
-40.6499 104.205 5671.92 84.754 37.1065 177.313 21.8805 -13 -2 1 0 1 -0.0426766 0.30817 3.27152 0 0 0 
1.64189 112.772 5761.96 79.8426 -0.378846 183.372 22.2578 -13 -2 1 0 1 0.0629044 0.616453 2.51201 0 0 0 
36.2836 107.612 5855.53 57.5369 -16.0078 190.875 22.635 -13 -2 1 0 1 0.289592 0.742851 1.32673 0 0 0 
59.1458 100.512 5952.56 34.4652 -9.4855 196.78 23.0123 -13 -2 1 0 1 0.467895 0.728533 -0.081646 0 0 0 
71.1543 99.9886 6051.75 13.539 8.14999 199.375 23.3895 -13 -2 1 0 1 0.522918 0.658801 -1.52878 0 0 0 
72.2181 108.195 6151.33 -9.87262 22.9193 198.437 23.7668 -13 -2 1 0 1 0.416172 0.512326 -2.7883 0 0 0 
61.3605 120.079 6249.97 -32.2681 21.2049 196.238 24.1441 -13 -2 1 0 1 0.182984 0.192617 -3.55275 0 0 0 
42.7234 126.556 6347.96 -38.3802 3.17856 196.257 24.5213 -13 -2 1 0 1 -0.0108377 -0.26243 -3.55977 0 0 0 
26.8873 123.466 6446.59 -21.8214 -13.9292 198.318 24.8986 -13 -2 1 0 1 -0.0784152 -0.632754 -2.81373 0 0 0 
22.7142 114.594 6546.02 5.68592 -19.948 198.922 25.2758 -13 -2 1 0 1 -0.115329 -0.786939 -1.58356 0 0 0 
32.3136 104.113 6644.93 31.9015 -22.53 196.15 25.6531 -13 -2 1 0 1 -0.210425 -0.775524 -0.172552 0 0 0 
53.3631 90.4997 6741.68 50.4649 -34.2321 190.477 26.0303 -13 -2 1 0 1 -0.3453 -0.64668 1.20594 0 0 0 
80.0592 67.4936 6835.19 52.5934 -59.6581 183.507 26.4076 -13 -2 1 0 1 -0.407075 -0.405769 2.36447 0 0 0 
101.533 30.4608 6925.4 28.7926 -86.8837 177.827 26.7848 -13 -2 1 0 1 -0.257356 -0.149126 3.11375 0 0 0 
105.561 -15.8319 7013.72 -13.9208 -93.3505 176.329 27.1621 -13 -2 1 0 1 0.0718427 -0.0862574 3.2969 0 0 0 
88.9144 -58.0847 7102.61 -49.1358 -72.0448 179.987 27.5393 -13 -2 1 0 1 0.33592 -0.289718 2.8637 0 0 0 
60.985 -86.3707 7194.24 -57.9237 -41.7153 186.828 27.9166 -13 -2 1 0 1 0.367356 -0.584125 1.89442 0 0 0 
34.7945 -101.822 7289.44 -44.0953 -22.81 193.741 28.2938 -13 -2 1 0 1 0.242715 -0.790823 0.558625 0 0 0 
18.7683 -111.627 7387.59 -18.7232 -18.0898 198.299 28.6711 -13 -2 1 0 1 0.117971 -0.884091 -0.955694 0 0 0 
17.0009 -120.336 7487.09 12.1322 -15.7548 199.009 29.0483 -13 -2 1 0 1 0.0760771 -0.862132 -2.46782 0 0 0 
30.3865 -125.109 7585.97 39.405 -0.258283 196.08 29.4256 -13 -2 1 0 1 0.0924418 -0.653814 -3.72926 0 0 0 
52.5655 -118.038 7683.12 44.0024 29.5244 192.853 29.8028 -13 -2 1 0 1 0.0354206 -0.266303 -4.43939 0 0 0 
69.1005 -97.0881 7779.36 18.1012 50.4923 192.673 30.1801 -13 -2 1 0 1 -0.137102 0.0720053 -4.44976 0 0 0 
69.002 -72.2288 7876.08 -17.8099 44.5189 194.168 30.5573 -13 -2 1 0 1 -0.258727 0.196056 -3.93954 0 0 0 
53.429 -55.6013 7973.32 -41.678 20.5517 194.527 30.9346 -13 -2 1 0 1 -0.229143 0.190342 -3.22272 0 0 0 
29.9053 -51.8308 8070.37 -50.362 -4.72056 193.498 31.3118 -13 -2 1 0 1 -0.121319 0.170762 -2.51442 0 0 0 
6.51644 -58.2737 8159.04 -50.6227 -22.2241 192.207 31.6587 -13 -2 1 0 1 -0.0285446 0.164263 -1.94718 0 0 0 

# Event -1 Track 1
-11.2945 14.0917 0 0.731734 -1.1308 199.995 0 -13 -1 1 0 1 -0.0646162 0.0372879 3.28149 0 0 0 
-11.5563 12.9578 99.9918 -2.14986 -3.3408 199.961 0.377251 -13 -1 1 0 1 -0.0964225 0.0801465 2.93282 0 0 0 
-13.679 10.8454 199.945 -6.42601 -5.06648 199.833 0.754502 -13 -1 1 0 1 -0.121856 0.0958954 1.99753 0 0 0 
-17.9353 7.78524 299.805 -10.433 -7.45775 199.588 1.13175 -13 -1 1 0 1 -0.151415 0.0868994 0.704593 0 0 0 
-23.8101 2.94133 399.511 -12.5888 -12.4714 199.213 1.509 -13 -1 1 0 1 -0.180274 0.0602565 -0.696881 0 0 0 
-29.8008 -5.19481 498.992 -10.3889 -20.3846 198.687 1.88625 -13 -1 1 0 1 -0.180465 0.0234323 -1.98969 0 0 0 
-33.0642 -17.3016 598.19 -1.57685 -27.3206 198.119 2.26351 -13 -1 1 0 1 -0.116201 0.00891332 -2.93619 0 0 0 
-30.7523 -31.2461 697.169 10.733 -26.8628 197.897 2.64076 -13 -1 1 0 1 -0.00291863 0.0718589 -3.30339 0 0 0 
-23.2419 -42.7724 796.205 17.7518 -18.388 198.36 3.01801 -13 -1 1 0 1 0.0789077 0.20888 -2.98116 0 0 0 
-14.7216 -49.5212 895.602 14.7661 -9.1291 199.245 3.39526 -13 -1 1 0 1 0.0915322 0.338409 -2.05977 0 0 0 
-9.62246 -52.6736 995.409 4.90968 -4.21518 199.895 3.77251 -13 -1 1 0 1 0.0810978 0.405157 -0.768845 0 0 0 
-10.2093 -54.11 1095.38 -7.38953 -1.42427 199.858 4.14976 -13 -1 1 0 1 0.0975199 0.410634 0.648725 0 0 0 
-16.8471 -53.486 1195.14 -18.5932 4.94643 199.072 4.52701 -13 -1 1 0 1 0.141469 0.348914 1.96182 0 0 0 
-27.65 -48.0519 1294.39 -22.8483 17.6495 197.905 4.90426 -13 -1 1 0 1 0.155858 0.208191 2.9308 0 0 0 
-37.5677 -35.7404 1393.1 -14.7279 30.733 197.075 5.28151 -13 -1 1 0 1 0.074625 0.0470111 3.31844 0 0 0 
-40.983 -18.9826 1491.6 1.46161 34.2307 197.044 5.65876 -13 -1 1 0 1 -0.0660993 -0.0266515 3.01933 0 0 0 
-36.7003 -3.26876 1590.24 14.3675 27.5255 197.575 6.03601 -13 -1 1 0 1 -0.154793 0.00339313 2.12382 0 0 0 
-28.091 8.25366 1689.19 18.6999 18.9638 198.219 6.41326 -13 -1 1 0 1 -0.15055 0.0652381 0.857348 0 0 0 
-19.0884 16.4686 1788.44 16.4882 14.8244 198.767 6.79052 -13 -1 1 0 1 -0.0918545 0.109837 -0.545441 0 0 0 
-12.2757 23.9031 1887.93 10.1715 15.5036 199.139 7.16777 -13 -1 1 0 1 -0.0245128 0.124298 -1.86361 0 0 0 
-9.43371 32.1947 1987.54 0.828853 17.4868 199.232 7.54502 -13 -1 1 0 1 0.0243659 0.0896147 -2.86021 0 0 0 
-11.48 40.9103 2087.12 -8.60764 16.7624 199.11 7.92227 -13 -1 1 0 1 0.0596548 -0.0186866 -3.30019 0 0 0 
-17.1945 48.5393 2186.67 -13.0849 13.7145 199.1 8.29952 -13 -1 1 0 1 0.110617 -0.181965 -3.05128 0 0 0 
-23.3474 55.0395 2286.26 -10.4005 13.0555 199.302 8.67677 -13 -1 1 0 1 0.17512 -0.340229 -2.17967 0 0 0 
-26.6093 62.4448 2385.93 -1.73235 17.2925 199.244 9.05402 -13 -1 1 0 1 0.212227 -0.462531 -0.912006 0 0 0 
-24.0891 72.6573 2485.34 12.9297 23.3137 198.215 9.43127 -13 -1 1 0 1 0.186187 -0.550692 0.500555 0 0 0 
-12.5567 84.7211 2583.89 34.0771 23.0233 195.726 9.80852 -13 -1 1 0 1 0.0853856 -0.57247 1.84606 0 0 0 
10.0314 93.0085 2680.88 55.0692 7.06182 192.139 10.1858 -13 -1 1 0 1 -0.0372116 -0.44326 2.89627 0 0 0 
39.805 89.2855 2776.16 60.0867 -23.1284 189.353 10.563 -13 -1 1 0 1 -0.0353933 -0.1563 3.4153 0 0 0 
66.0504 70.714 2870.74 41.6362 -48.4135 189.533 10.9403 -13 -1 1 0 1 0.163903 0.104921 3.25387 0 0 0 
79.9675 44.5721 2966.17 14.45 -52.3854 192.476 11.3175 -13 -1 1 0 1 0.41358 0.174192 2.45706 0 0 0 
82.2249 21.1653 3063.31 -3.02394 -39.5925 196.019 11.6948 -13 -1 1 0 1 0.545041 0.09927 1.2307 0 0 0 
79.2006 5.5981 3162.01 -7.28463 -22.7945 198.563 12.072 -13 -1 1 0 1 0.544837 0.00594469 -0.18518 0 0 0 
76.069 -2.06835 3261.65 -4.76263 -8.46251 199.764 12.4493 -13 -1 1 0 1 0.454772 -0.0455551 -1.58007 0 0 0 
74.3877 -3.54494 3361.61 -2.40062 1.72743 199.978 12.8265 -13 -1 1 0 1 0.281989 -0.0514479 -2.71315 0 0 0 
73.1341 -1.41797 3461.58 -3.02218 5.45204 199.903 13.2038 -13 -1 1 0 1 0.0353146 -0.0399356 -3.31964 0 0 0 
71.333 0.479827 3561.54 -3.80288 0.792852 199.962 13.581 -13 -1 1 0 1 -0.220247 -0.0358514 -3.22382 0 0 0 
69.9391 -1.66879 3661.5 -1.16407 -10.087 199.742 13.9583 -13 -1 1 0 1 -0.409079 -0.0167702 -2.46191 0 0 0 
70.443 -10.0673 3761.12 2.95803 -23.8501 198.551 14.3355 -13 -1 1 0 1 -0.515154 0.0550712 -1.25646 0 0 0 
72.0462 -25.847 3859.83 1.94022 -39.537 196.044 14.7128 -13 -1 1 0 1 -0.55317 0.185436 0.131753 0 0 0 
70.24 -49.5361 3956.92 -11.8115 -54.51 192.066 15.09 -13 -1 1 0 1 -0.503889 0.33822 1.49359 0 0 0 
57.5714 -78.5308 4051.68 -41.0021 -58.3432 186.855 15.4673 -13 -1 1 0 1 -0.334651 0.407249 2.63346 0 0 0 
28.6047 -103.729 4143.84 -73.4401 -37.9246 182.122 15.8445 -13 -1 1 0 1 -0.124027 0.250422 3.34555 0 0 0 
-12.3219 -113.001 4234.4 -85.1936 2.28334 180.933 16.2218 -13 -1 1 0 1 -0.0808205 -0.103979 3.45315 0 0 0 
-51.5731 -102.592 4325.61 -67.9474 35.9513 184.637 16.599 -13 -1 1 0 1 -0.276842 -0.404328 2.90868 0 0 0 
-78.458 -81.4459 4419.48 -39.7834 44.1925 190.957 16.9763 -13 -1 1 0 1 -0.53523 -0.482406 1.84126 0 0 0 
-92.7879 -61.9344 4516.44 -19.5238 31.4303 196.548 17.3535 -13 -1 1 0 1 -0.690108 -0.412101 0.473304 0 0 0 
-99.679 -51.4433 4615.59 -9.09675 9.92822 199.546 17.7308 -13 -1 1 0 1 -0.711765 -0.319835 -0.986132 0 0 0 
-102.11 -51.9209 4715.5 -0.115318 -11.0179 199.696 18.108 -13 -1 1 0 1 -0.58809 -0.239439 -2.32183 0 0 0 
-99.0199 -60.7772 4815.03 13.0226 -21.8818 198.373 18.4853 -13 -1 1 0 1 -0.302399 -0.112415 -3.2571 0 0 0 
-89.4726 -70.8687 4914.04 23.6178 -15.6812 197.981 18.8625 -13 -1 1 0 1 0.0490814 0.11528 -3.51253 0 0 0 
-77.83 -74.5737 5013.26 20.1898 1.57572 198.972 19.2398 -13 -1 1 0 1 0.307579 0.359285 -3.00469 0 0 0 
-71.5227 -69.5057 5112.87 3.69087 18.0118 199.153 19.617 -13 -1 1 0 1 0.447064 0.478376 -1.92749 0 0 0 
-74.4576 -57.0269 5211.99 -14.801 31.9551 196.875 19.9943 -13 -1 1 0 1 0.542722 0.441601 -0.569964 0 0 0 
-84.8705 -36.903 5309.34 -24.5859 49.5986 192.186 20.3715 -13 -1 1 0 1 0.619176 0.28916 0.832838 0 0 0 
-95.9539 -6.53353 5403.9 -15.9312 72.0812 185.878 20.7488 -13 -1 1 0 1 0.604758 0.0713485 2.09 0 0 0 
-96.775 33.9169 5495.2 16.2202 86.684 179.507 21.126 -13 -1 1 0 1 0.410697 -0.0866843 3.02213 0 0 0 
-77.8355 75.6027 5583.86 59.089 74.7438 175.846 21.5033 -13 -1 1 0 1 0.112292 -0.0065405 3.45105 0 0 0 
-40.6499 104.205 5671.92 84.754 37.1065 177.313 21.8805 -13 -1 1 0 1 -0.0426766 0.30817 3.27152 0 0 0 
1.64189 112.772 5761.96 79.8426 -0.378846 183.372 22.2578 -13 -1 1 0 1 0.0629044 0.616453 2.51201 0 0 0 
36.2836 107.612 5855.53 57.5369 -16.0078 190.875 22.635 -13 -1 1 0 1 0.289592 0.742851 1.32673 0 0 0 
59.1458 100.512 5952.56 34.4652 -9.4855 196.78 23.0123 -13 -1 1 0 1 0.467895 0.728533 -0.081646 0 0 0 
71.1543 99.9886 6051.75 13.539 8.14999 199.375 23.3895 -13 -1 1 0 1 0.522918 0.658801 -1.52878 0 0 0 
72.2181 108.195 6151.33 -9.87262 22.9193 198.437 23.7668 -13 -1 1 0 1 0.416172 0.512326 -2.7883 0 0 0 
61.3605 120.079 6249.97 -32.2681 21.2049 196.238 24.1441 -13 -1 1 0 1 0.182984 0.192617 -3.55275 0 0 0 
42.7234 126.556 6347.96 -38.3802 3.17856 196.257 24.5213 -13 -1 1 0 1 -0.0108377 -0.26243 -3.55977 0 0 0 
26.8873 123.466 6446.59 -21.8214 -13.9292 198.318 24.8986 -13 -1 1 0 1 -0.0784152 -0.632754 -2.81373 0 0 0 
22.7142 114.594 6546.02 5.68592 -19.948 198.922 25.2758 -13 -1 1 0 1 -0.115329 -0.786939 -1.58356 0 0 0 
32.3136 104.113 6644.93 31.9015 -22.53 196.15 25.6531 -13 -1 1 0 1 -0.210425 -0.775524 -0.172552 0 0 0 
53.3631 90.4997 6741.68 50.4649 -34.2321 190.477 26.0303 -13 -1 1 0 1 -0.3453 -0.64668 1.20594 0 0 0 
80.0592 67.4936 6835.19 52.5934 -59.6581 183.507 26.4076 -13 -1 1 0 1 -0.407075 -0.405769 2.36447 0 0 0 
101.533 30.4608 6925.4 28.7926 -86.8837 177.827 26.7848 -13 -1 1 0 1 -0.257356 -0.149126 3.11375 0 0 0 
105.561 -15.8319 7013.72 -13.9208 -93.3505 176.329 27.1621 -13 -1 1 0 1 0.0718427 -0.0862574 3.2969 0 0 0 
88.9144 -58.0847 7102.61 -49.1358 -72.0448 179.987 27.5393 -13 -1 1 0 1 0.33592 -0.289718 2.8637 0 0 0 
60.985 -86.3707 7194.24 -57.9237 -41.7153 186.828 27.9166 -13 -1 1 0 1 0.367356 -0.584125 1.89442 0 0 0 
34.7945 -101.822 7289.44 -44.0953 -22.81 193.741 28.2938 -13 -1 1 0 1 0.242715 -0.790823 0.558625 0 0 0 
18.7683 -111.627 7387.59 -18.7232 -18.0898 198.299 28.6711 -13 -1 1 0 1 0.117971 -0.884091 -0.955694 0 0 0 
17.0009 -120.336 7487.09 12.1322 -15.7548 199.009 29.0483 -13 -1 1 0 1 0.0760771 -0.862132 -2.46782 0 0 0 
30.3865 -125.109 7585.97 39.405 -0.258283 196.08 29.4256 -13 -1 1 0 1 0.0924418 -0.653814 -3.72926 0 0 0 
52.5655 -118.038 7683.12 44.0024 29.5244 192.853 29.8028 -13 -1 1 0 1 0.0354206 -0.266303 -4.43939 0 0 0 
69.1005 -97.0881 7779.36 18.1012 50.4923 192.673 30.1801 -13 -1 1 0 1 -0.137102 0.0720053 -4.44976 0 0 0 
69.002 -72.2288 7876.08 -17.8099 44.5189 194.168 30.5573 -13 -1 1 0 1 -0.258727 0.196056 -3.93954 0 0 0 
53.429 -55.6013 7973.32 -41.678 20.5517 194.527 30.9346 -13 -1 1 0 1 -0.229143 0.190342 -3.22272 0 0 0 
29.9053 -51.8308 8070.37 -50.362 -4.72056 193.498 31.3118 -13 -1 1 0 1 -0.121319 0.170762 -2.51442 0 0 0 
6.51644 -58.2737 8159.04 -50.6227 -22.2241 192.207 31.6587 -13 -1 1 0 1 -0.0285446 0.164263 -1.94718 0 0 0 

# Event 1 Track 1
-10.117 -0.107102 0 0 0 200 0 2112 1 1 0 1 -0.0645515 0.0371769 3.27734 0 0 0 
-10.117 -0.107102 100 0 0 200 1.60214 2112 1 1 0 1 -0.0915583 0.0362438 2.9307 0 0 0 
-10.117 -0.107102 200 0 0 200 3.20427 2112 1 1 0 1 -0.101295 0.0326449 1.99629 0 0 0 
-10.117 -0.107102 300 0 0 200 4.80641 2112 1 1 0 1 -0.0972437 0.0322526 0.701979 0 0 0 
-10.117 -0.107102 400 0 0 200 6.40854 2112 1 1 0 1 -0.0851933 0.0392173 -0.701452 0 0 0 
-10.117 -0.107102 500 0 0 200 8.01068 2112 1 1 0 1 -0.0659007 0.0531211 -1.99241 0 0 0 
-10.117 -0.107102 600 0 0 200 9.61281 2112 1 1 0 1 -0.0369372 0.0678113 -2.92621 0 0 0 
-10.117 -0.107102 700 0 0 200 11.2149 2112 1 1 0 1 -3.43029e-05 0.074441 -3.27193 0 0 0 
-10.117 -0.107102 800 0 0 200 12.8171 2112 1 1 0 1 0.0368682 0.0685308 -2.92661 0 0 0 
-10.117 -0.107102 900 0 0 200 14.4192 2112 1 1 0 1 0.0658308 0.0543605 -1.99323 0 0 0 
-10.117 -0.107102 1000 0 0 200 16.0214 2112 1 1 0 1 0.0851305 0.0407279 -0.699439 0 0 0 
-10.117 -0.107102 1100 0 0 200 17.6235 2112 1 1 0 1 0.0971802 0.0337661 0.7037 0 0 0 
-10.117 -0.107102 1200 0 0 200 19.2256 2112 1 1 0 1 0.101257 0.033925 1.9946 0 0 0 
-10.117 -0.107102 1300 0 0 200 20.8278 2112 1 1 0 1 0.0915182 0.0370083 2.92888 0 0 0 
-10.117 -0.107102 1400 0 0 200 22.4299 2112 1 1 0 1 0.064509 0.0372255 3.27538 0 0 0 
-10.117 -0.107102 1500 0 0 200 24.032 2112 1 1 0 1 0.0266273 0.0311737 2.93071 0 0 0 
-10.117 -0.107102 1600 0 0 200 25.6342 2112 1 1 0 1 -0.00813718 0.019828 1.99715 0 0 0 
-10.117 -0.107102 1700 0 0 200 27.2363 2112 1 1 0 1 -0.0279271 0.00621972 0.702231 0 0 0 
-10.117 -0.107102 1800 0 0 200 28.8384 2112 1 1 0 1 -0.0279274 -0.0077044 -0.702206 0 0 0 
-10.117 -0.107102 1900 0 0 200 30.4406 2112 1 1 0 1 -0.00813771 -0.0210651 -1.99713 0 0 0 
-10.117 -0.107102 2000 0 0 200 32.0427 2112 1 1 0 1 0.0266266 -0.0318918 -2.9307 0 0 0 
-10.117 -0.107102 2100 0 0 200 33.6448 2112 1 1 0 1 0.0645087 -0.0372248 -3.27537 0 0 0 
-10.117 -0.107102 2200 0 0 200 35.247 2112 1 1 0 1 0.0915182 -0.0362892 -2.92888 0 0 0 
-10.117 -0.107102 2300 0 0 200 36.8491 2112 1 1 0 1 0.101257 -0.0326879 -1.9946 0 0 0 
-10.117 -0.107102 2400 0 0 200 38.4512 2112 1 1 0 1 0.0971806 -0.0322822 -0.703689 0 0 0 
-10.117 -0.107102 2500 0 0 200 40.0534 2112 1 1 0 1 0.0851307 -0.0392443 0.699465 0 0 0 
-10.117 -0.107102 2600 0 0 200 41.6555 2112 1 1 0 1 0.0658306 -0.0531242 1.99327 0 0 0 
-10.117 -0.107102 2700 0 0 200 43.2576 2112 1 1 0 1 0.0368676 -0.067813 2.92664 0 0 0 
-10.117 -0.107102 2800 0 0 200 44.8598 2112 1 1 0 1 -3.51018e-05 -0.0744412 3.27193 0 0 0 
-10.117 -0.107102 2900 0 0 200 46.4619 2112 1 1 0 1 -0.0369378 -0.0685296 2.92618 0 0 0 
-10.117 -0.107102 3000 0 0 200 48.0641 2112 1 1 0 1 -0.0659008 -0.0543578 1.99237 0 0 0 
-10.117 -0.107102 3100 0 0 200 49.6662 2112 1 1 0 1 -0.0851931 -0.0407012 0.701427 0 0 0 
-10.117 -0.107102 3200 0 0 200 51.2683 2112 1 1 0 1 -0.0972432 -0.0337368 -0.701989 0 0 0 
-10.117 -0.107102 3300 0 0 200 52.8705 2112 1 1 0 1 -0.101295 -0.0338822 -1.99629 0 0 0 
-10.117 -0.107102 3400 0 0 200 54.4726 2112 1 1 0 1 -0.0915582 -0.036963 -2.9307 0 0 0 
-10.117 -0.107102 3500 0 0 200 56.0747 2112 1 1 0 1 -0.0645517 -0.0371777 -3.27735 0 0 0 
-10.117 -0.107102 3600 0 0 200 57.6769 2112 1 1 0 1 -0.026673 -0.0311231 -2.93283 0 0 0 
-10.117 -0.107102 3700 0 0 200 59.279 2112 1 1 0 1 0.00808827 -0.0197745 -1.99945 0 0 0 
-10.117 -0.107102 3800 0 0 200 60.8811 2112 1 1 0 1 0.0278858 -0.0061519 -0.708006 0 0 0 
-10.117 -0.107102 3900 0 0 200 62.4833 2112 1 1 0 1 0.0278828 0.00777623 0.696052 0 0 0 
-10.117 -0.107102 4000 0 0 200 64.0854 2112 1 1 0 1 0.00808925 0.0211412 1.99056 0 0 0 
-10.117 -0.107102 4100 0 0 200 65.6875 2112 1 1 0 1 -0.0266793 0.0319726 2.92368 0 0 0 
-10.117 -0.107102 4200 0 0 200 67.2897 2112 1 1 0 1 -0.0645661 0.0373107 3.26785 0 0 0 
-10.117 -0.107102 4300 0 0 200 68.8918 2112 1 1 0 1 -0.0915809 0.0363806 2.92082 0 0 0 
-10.117 -0.107102 4400 0 0 200 70.4939 2112 1 1 0 1 -0.101326 0.0327853 1.98594 0 0 0 
-10.117 -0.107102 4500 0 0 200 72.0961 2112 1 1 0 1 -0.0972557 0.0323861 0.694371 0 0 0 
-10.117 -0.107102 4600 0 0 200 73.6982 2112 1 1 0 1 -0.0852132 0.0393553 -0.709514 0 0 0 
-10.117 -0.107102 4700 0 0 200 75.3003 2112 1 1 0 1 -0.0659214 0.053243 -2.00413 0 0 0 
-10.117 -0.107102 4800 0 0 200 76.9025 2112 1 1 0 1 -0.0369679 0.0679403 -2.9384 0 0 0 
-10.117 -0.107102 4900 0 0 200 78.5046 2112 1 1 0 1 -7.57854e-05 0.0745779 -3.28469 0 0 0 
-10.117 -0.107102 5000 0 0 200 80.1068 2112 1 1 0 1 0.0368148 0.0686765 -2.94007 0 0 0 
-10.117 -0.107102 5100 0 0 200 81.7089 2112 1 1 0 1 0.0657639 0.054516 -2.00752 0 0 0 
-10.117 -0.107102 5200 0 0 200 83.311 2112 1 1 0 1 0.0850403 0.0408719 -0.717993 0 0 0 
-10.117 -0.107102 5300 0 0 200 84.9132 2112 1 1 0 1 0.0970722 0.0339213 0.683818 0 0 0 
-10.117 -0.107102 5400 0 0 200 86.5153 2112 1 1 0 1 0.101102 0.0340821 1.9763 0 0 0 
-10.117 -0.107102 5500 0 0 200 88.1174 2112 1 1 0 1 0.0913415 0.0371801 2.90863 0 0 0 
-10.117 -0.107102 5600 0 0 200 89.7196 2112 1 1 0 1 0.0643064 0.0374139 3.2529 0 0 0 
-10.117 -0.107102 5700 0 0 200 91.3217 2112 1 1 0 1 0.0263942 0.0313807 2.90565 0 0 0 
-10.117 -0.107102 5800 0 0 200 92.9238 2112 1 1 0 1 -0.00840647 0.020056 1.96911 0 0 0 
-10.117 -0.107102 5900 0 0 200 94.526 2112 1 1 0 1 -0.0282507 0.00646041 0.673991 0 0 0 
-10.117 -0.107102 6000 0 0 200 96.1281 2112 1 1 0 1 -0.0283031 -0.00743729 -0.734357 0 0 0 
-10.117 -0.107102 6100 0 0 200 97.7302 2112 1 1 0 1 -0.00857622 -0.0207678 -2.03392 0 0 0 
-10.117 -0.107102 6200 0 0 200 99.3324 2112 1 1 0 1 0.0261121 -0.0315601 -2.97301 0 0 0 
-10.117 -0.107102 6300 0 0 200 100.935 2112 1 1 0 1 0.0639014 -0.0368537 -3.3243 0 0 0 
-10.117 -0.107102 6400 0 0 200 102.537 2112 1 1 0 1 0.0907968 -0.0358728 -2.98583 0 0 0 
-10.117 -0.107102 6500 0 0 200 104.139 2112 1 1 0 1 0.100395 -0.0322193 -2.06131 0 0 0 
-10.117 -0.107102 6600 0 0 200 105.741 2112 1 1 0 1 0.0961416 -0.0317538 -0.782386 0 0 0 
-10.117 -0.107102 6700 0 0 200 107.343 2112 1 1 0 1 0.0838694 -0.0386468 0.60589 0 0 0 
-10.117 -0.107102 6800 0 0 200 108.945 2112 1 1 0 1 0.064287 -0.0524476 1.88108 0 0 0 
-10.117 -0.107102 6900 0 0 200 110.547 2112 1 1 0 1 0.0349627 -0.0670461 2.79091 0 0 0 
-10.117 -0.107102 7000 0 0 200 112.149 2112 1 1 0 1 -0.00240824 -0.0735726 3.10605 0 0 0 
-10.117 -0.107102 7100 0 0 200 113.752 2112 1 1 0 1 -0.039921 -0.0675489 2.7213 0 0 0 
-10.117 -0.107102 7200 0 0 200 115.354 2112 1 1 0 1 -0.0696847 -0.0532591 1.73637 0 0 0 
-10.117 -0.107102 7300 0 0 200 116.956 2112 1 1 0 1 -0.0900383 -0.0394882 0.377424 0 0 0 
-10.117 -0.107102 7400 0 0 200 118.558 2112 1 1 0 1 -0.103492 -0.032436 -1.11746 0 0 0 
-10.117 -0.107102 7500 0 0 200 120.16 2112 1 1 0 1 -0.109387 -0.0325668 -2.53634 0 0 0 
-10.117 -0.107102 7600 0 0 200 121.762 2112 1 1 0 1 -0.102033 -0.0357975 -3.64272 0 0 0 
-10.117 -0.107102 7700 0 0 200 123.364 2112 1 1 0 1 -0.0779415 -0.0365042 -4.22776 0 0 0 
-10.117 -0.107102 7800 0 0 200 124.967 2112 1 1 0 1 -0.0432233 -0.0316105 -4.2133 0 0 0 
-10.117 -0.107102 7900 0 0 200 126.569 2112 1 1 0 1 -0.0108626 -0.0226462 -3.73072 0 0 0 
-10.117 -0.107102 8000 0 0 200 128.171 2112 1 1 0 1 0.00976859 -0.0134016 -3.02757 0 0 0 
-10.117 -0.107102 8100 0 0 200 129.773 2112 1 1 0 1 0.0181586 -0.00648029 -2.32534 0 0 0 
-10.117 -0.107102 8159.04 0 0 200 130.719 2112 1 1 0 1 0.0192568 -0.00370462 -1.95789 0 0 0 

# End of Event 1

