# ReferenceParticle
#x y z Px Py Pz t PDGid EventID TrackID ParentID Weight Bx By Bz Ex Ey Ez
# Event -1 Track 1
-0.000811901 0.00143502 0 -3.82564 -2.37079 221.754 0 -13 -1 1 0 1 0.0138067 -0.00795671 3.9165 0 0 0 
-1.85025 -0.510503 99.9811 -4.15057 0.044365 221.761 0.369478 -13 -1 1 0 1 0.00490685 -0.00988483 3.50407 0 0 0 
-3.59629 -0.113468 199.965 -3.52956 1.47254 221.767 0.738956 -13 -1 1 0 1 -0.0156577 -0.00790731 2.38872 0 0 0 
-5.05619 0.589729 299.952 -3.03111 1.41237 221.775 1.10843 -13 -1 1 0 1 -0.0360844 -0.00217657 0.845795 0 0 0 
-6.40342 0.973027 399.942 -2.98512 0.105147 221.78 1.47791 -13 -1 1 0 1 -0.0498335 -0.000489931 -0.83629 0 0 0 
-7.70492 0.548387 499.932 -2.63765 -2.08653 221.775 1.84739 -13 -1 1 0 1 -0.0516318 -0.00771267 -2.38035 0 0 0 
-8.56839 -0.898141 599.917 -0.91677 -4.17276 221.759 2.21687 -13 -1 1 0 1 -0.033768 -0.0181973 -3.49764 0 0 0 
-8.34827 -2.93305 699.895 1.94691 -4.43377 221.747 2.58635 -13 -1 1 0 1 -4.35663e-05 -0.0159525 -3.91187 0 0 0 
-6.94216 -4.53745 799.872 3.98423 -2.40032 221.751 2.95582 -13 -1 1 0 1 0.0271765 0.0035772 -3.49989 0 0 0 
-5.07024 -5.00898 899.853 4.01583 0.236424 221.764 3.3253 -13 -1 1 0 1 0.0334061 0.0230598 -2.38445 0 0 0 
-3.48401 -4.47349 999.838 2.97158 1.93767 221.772 3.69478 -13 -1 1 0 1 0.0256408 0.0284933 -0.841603 0 0 0 
-2.34287 -3.42751 1099.83 2.21378 2.54505 221.774 4.06426 -13 -1 1 0 1 0.0136187 0.0213275 0.840113 0 0 0 
-1.35617 -2.30895 1199.82 2.30179 2.26902 221.776 4.43374 -13 -1 1 0 1 0.00020831 0.00882207 2.38352 0 0 0 
-0.188236 -1.52752 1299.81 2.89204 1.03166 221.779 4.80321 -13 -1 1 0 1 -0.0115595 -0.00170732 3.50017 0 0 0 
1.18685 -1.49407 1399.8 3.07109 -0.93893 221.777 5.17269 -13 -1 1 0 1 -0.0138095 -0.00795536 3.91462 0 0 0 
2.45684 -2.33502 1499.78 2.47335 -2.65959 221.77 5.54217 -13 -1 1 0 1 -0.00312428 -0.0160994 3.50388 0 0 0 
3.42135 -3.73756 1599.77 1.90498 -3.38794 221.766 5.91165 -13 -1 1 0 1 0.0128436 -0.0301727 2.38954 0 0 0 
4.32247 -5.25634 1699.75 2.28994 -3.22289 221.765 6.28113 -13 -1 1 0 1 0.0267779 -0.0450338 0.847057 0 0 0 
5.65408 -6.52154 1799.74 3.76074 -2.22111 221.757 6.6506 -13 -1 1 0 1 0.037833 -0.0525658 -0.835099 0 0 0 
7.75779 -7.06206 1899.71 5.48742 0.0766086 221.732 7.02008 -13 -1 1 0 1 0.0428622 -0.0444419 -2.38357 0 0 0 
10.3729 -6.26136 1999.67 5.70034 3.5667 221.698 7.38956 -13 -1 1 0 1 0.0287715 -0.0184428 -3.5021 0 0 0 
12.4747 -3.96798 2099.62 3.21399 6.22356 221.689 7.75904 -13 -1 1 0 1 -0.0136169 0.0079082 -3.91798 0 0 0 
13.1005 -1.13767 2199.58 -0.36242 5.75354 221.725 8.12851 -13 -1 1 0 1 -0.0646939 0.0123972 -3.50766 0 0 0 
12.398 0.820923 2299.56 -2.37976 2.68651 221.771 8.49799 -13 -1 1 0 1 -0.094688 0.0014728 -2.39315 0 0 0 
11.2379 1.22397 2399.55 -2.58139 -0.836049 221.783 8.86747 -13 -1 1 0 1 -0.0988804 -0.00306903 -0.850381 0 0 0 
10.0875 0.176071 2499.54 -2.65955 -3.6541 221.754 9.23695 -13 -1 1 0 1 -0.0868431 0.0070925 0.831862 0 0 0 
8.61694 -1.87887 2599.5 -4.1654 -5.16256 221.701 9.60643 -13 -1 1 0 1 -0.0611918 0.0244843 2.38013 0 0 0 
6.11402 -4.10315 2699.45 -7.02988 -4.18789 221.649 9.9759 -13 -1 1 0 1 -0.0252874 0.0311234 3.49868 0 0 0 
2.41213 -5.201 2799.37 -9.00581 -0.307282 221.617 10.3454 -13 -1 1 0 1 -6.8972e-05 0.0160766 3.91554 0 0 0 
-1.56198 -4.28418 2899.29 -8.16176 4.19185 221.61 10.7149 -13 -1 1 0 1 -0.00559557 -0.00246125 3.50813 0 0 0 
-4.71499 -1.76227 2999.2 -5.81568 6.5302 221.628 11.0843 -13 -1 1 0 1 -0.0308984 -0.000606994 2.39736 0 0 0 
-6.98422 1.22413 3099.13 -4.58333 6.37508 221.661 11.4538 -13 -1 1 0 1 -0.0546142 0.018713 0.857329 0 0 0 
-9.16716 3.7302 3199.08 -5.40742 4.47795 221.689 11.8233 -13 -1 1 0 1 -0.0702316 0.0380077 -0.824326 0 0 0 
-12.0154 5.0017 3299.03 -7.2115 0.85349 221.681 12.1928 -13 -1 1 0 1 -0.0740786 0.0417669 -2.37456 0 0 0 
-15.4451 4.27439 3398.96 -7.5376 -4.17727 221.633 12.5623 -13 -1 1 0 1 -0.0502477 0.0251532 -3.49809 0 0 0 
-18.3178 1.40298 3498.88 -4.72427 -8.06167 221.603 12.9317 -13 -1 1 0 1 0.0129563 0.00804366 -3.9215 0 0 0 
-19.5201 -2.36048 3598.8 -0.742042 -7.87385 221.659 13.3012 -13 -1 1 0 1 0.090547 0.0161542 -3.51796 0 0 0 
-19.3451 -5.15312 3698.76 0.987765 -4.13704 221.759 13.6707 -13 -1 1 0 1 0.143994 0.0398931 -2.40686 0 0 0 
-19.0457 -5.9294 3798.75 0.0442112 0.74786 221.799 14.0402 -13 -1 1 0 1 0.166737 0.0506231 -0.864594 0 0 0 
-19.3565 -4.4491 3898.74 -1.22392 5.85727 221.719 14.4096 -13 -1 1 0 1 0.169624 0.0354658 0.819257 0 0 0 
-19.7469 -0.651031 3998.66 0.147548 10.8602 221.534 14.7791 -13 -1 1 0 1 0.147761 0.000178769 2.37119 0 0 0 
-18.5726 4.97716 4098.5 5.6866 13.3665 221.324 15.1486 -13 -1 1 0 1 0.0885475 -0.0269865 3.49608 0 0 0 
-14.3934 10.5085 4198.25 12.6002 10.1162 221.211 15.5181 -13 -1 1 0 1 0.0149011 -0.00875768 3.92063 0 0 0 
-7.85473 13.4154 4297.99 15.4195 2.49905 221.249 15.8876 -13 -1 1 0 1 -0.0185614 0.0449807 3.52179 0 0 0 
-1.28936 12.9736 4397.77 13.1084 -3.83891 221.379 16.257 -13 -1 1 0 1 0.000404957 0.0818363 2.41843 0 0 0 
3.77147 10.621 4497.61 9.44885 -5.88239 221.521 16.6265 -13 -1 1 0 1 0.0370555 0.0807557 0.882815 0 0 0 
7.47032 8.19987 4597.51 7.26819 -4.40067 221.637 16.996 -13 -1 1 0 1 0.0652833 0.0595566 -0.798483 0 0 0 
10.5243 6.97142 4697.46 6.35535 -0.793052 221.708 17.3655 -13 -1 1 0 1 0.0748555 0.037087 -2.3527 0 0 0 
13.119 7.59781 4797.42 4.93114 3.52326 221.717 17.7349 -13 -1 1 0 1 0.0545073 0.0166545 -3.48497 0 0 0 
14.762 9.90966 4897.38 2.22976 6.2707 221.7 18.1044 -13 -1 1 0 1 0.0016466 -0.0148476 -3.92021 0 0 0 
15.2195 12.7672 4997.33 0.138454 5.90302 221.721 18.4739 -13 -1 1 0 1 -0.0602825 -0.0647229 -3.52977 0 0 0 
15.3263 14.9163 5097.31 0.869762 3.44052 221.772 18.8434 -13 -1 1 0 1 -0.106643 -0.11387 -2.42782 0 0 0 
16.4102 15.7698 5197.3 4.25066 0.228211 221.759 19.2129 -13 -1 1 0 1 -0.13891 -0.139063 -0.889596 0 0 0 
19.267 14.9146 5297.25 8.31135 -4.39214 221.601 19.5823 -13 -1 1 0 1 -0.16582 -0.131019 0.794793 0 0 0 
23.5308 11.3988 5397.09 9.84302 -11.628 221.276 19.9518 -13 -1 1 0 1 -0.173253 -0.0866436 2.352 0 0 0 
27.1778 4.31447 5496.77 5.09661 -19.4422 220.888 20.3213 -13 -1 1 0 1 -0.124752 -0.0256914 3.48856 0 0 0 
27.2088 -5.27024 5596.3 -5.45462 -21.6346 220.675 20.6908 -13 -1 1 0 1 -0.0181272 -0.0071604 3.92893 0 0 0 
22.5084 -13.8622 5695.81 -14.4173 -15.331 220.799 21.0602 -13 -1 1 0 1 0.074022 -0.0604578 3.54743 0 0 0 
15.367 -18.6584 5795.43 -16.0009 -6.12889 221.137 21.4297 -13 -1 1 0 1 0.0939389 -0.131751 2.45536 0 0 0 
8.90012 -19.9313 5895.21 -12.1862 -0.31084 221.465 21.7992 -13 -1 1 0 1 0.0644305 -0.166217 0.923874 0 0 0 
4.53606 -19.5904 5995.11 -7.21752 1.26711 221.679 22.1687 -13 -1 1 0 1 0.0287665 -0.161657 -0.759717 0 0 0 
2.27081 -19.1015 6095.08 -3.00812 0.753323 221.778 22.5382 -13 -1 1 0 1 0.00527862 -0.129733 -2.32223 0 0 0 
1.63473 -18.9098 6195.08 -0.0738524 0.197737 221.8 22.9076 -13 -1 1 0 1 -0.00601922 -0.0726459 -3.46917 0 0 0 
1.90651 -18.8273 6295.08 0.889312 0.218765 221.798 23.2771 -13 -1 1 0 1 -0.0134227 0.00402765 -3.92024 0 0 0 
2.0801 -18.7639 6395.08 -0.473803 -0.0930961 221.8 23.6466 -13 -1 1 0 1 -0.0204355 0.0798998 -3.54665 0 0 0 
1.229 -19.0775 6495.07 -3.51087 -1.44586 221.768 24.0161 -13 -1 1 0 1 -0.0177068 0.137025 -2.45775 0 0 0 
-1.25543 -20.0899 6595.03 -7.70804 -2.9039 221.647 24.3855 -13 -1 1 0 1 0.00441171 0.172852 -0.92709 0 0 0 
-5.90948 -21.375 6694.91 -13.11 -2.20598 221.401 24.755 -13 -1 1 0 1 0.0458552 0.186328 0.755574 0 0 0 
-13.0681 -21.3451 6794.65 -18.32 3.30455 221.018 25.1245 -13 -1 1 0 1 0.0901872 0.161335 2.31746 0 0 0 
-21.7058 -17.6068 6894.2 -18.714 13.8099 220.577 25.494 -13 -1 1 0 1 0.0911652 0.08896 3.46758 0 0 0 
-28.5946 -9.04326 6993.58 -10.4846 23.2169 220.332 25.8635 -13 -1 1 0 1 0.00777532 0.018426 3.92972 0 0 0 
-30.5329 1.95681 7092.94 1.7254 23.87 220.505 26.2329 -13 -1 1 0 1 -0.114441 0.0221606 3.57324 0 0 0 
-27.8444 11.2848 7192.46 8.8676 16.7902 220.986 26.6024 -13 -1 1 0 1 -0.186599 0.0879878 2.49815 0 0 0 
-23.7125 16.9879 7292.21 8.40046 8.81118 221.466 26.9719 -13 -1 1 0 1 -0.1923 0.148688 0.974005 0 0 0 
-20.9012 19.606 7392.13 3.71921 3.16941 221.746 27.3414 -13 -1 1 0 1 -0.168798 0.170667 -0.711514 0 0 0 
-20.4053 20.0233 7492.12 -1.29245 -1.28561 221.793 27.7108 -13 -1 1 0 1 -0.13562 0.14889 -2.28477 0 0 0 
-21.6331 18.4321 7592.1 -3.4593 -5.71244 221.7 28.0803 -13 -1 1 0 1 -0.0809382 0.0871031 -3.4507 0 0 0 
-22.8402 15.1501 7692.04 -1.22715 -8.24617 221.643 28.4498 -13 -1 1 0 1 0.00609843 0.0131151 -3.9266 0 0 0 
-22.4085 11.7121 7791.97 3.15325 -6.17581 221.692 28.8193 -13 -1 1 0 1 0.0966813 -0.036775 -3.57604 0 0 0 
-20.2198 10.1509 7891.93 6.20226 -0.402253 221.713 29.1888 -13 -1 1 0 1 0.147174 -0.063797 -2.50189 0 0 0 
-17.0251 11.4065 7991.87 7.95791 5.8038 221.581 29.5582 -13 -1 1 0 1 0.149218 -0.0921446 -0.979025 0 0 0 
-12.8193 15.0766 8091.71 11.1659 9.96145 221.295 29.9277 -13 -1 1 0 1 0.11584 -0.126962 0.702179 0 0 0 
-6.47731 19.7154 8191.4 17.4007 9.60534 220.908 30.2972 -13 -1 1 0 1 0.0565045 -0.143972 2.26969 0 0 0 
2.91067 22.6431 8290.91 23.7275 2.13022 220.517 30.6667 -13 -1 1 0 1 0.000158127 -0.104888 3.43488 0 0 0 
13.9044 20.8463 8390.27 23.4929 -10.3136 220.311 31.0361 -13 -1 1 0 1 0.00810719 -0.0165053 3.9228 0 0 0 
22.7963 13.9088 8489.62 15.0018 -19.1343 220.464 31.4056 -13 -1 1 0 1 0.0956671 0.0427724 3.59473 0 0 0 
27.2823 4.97966 8589.11 5.45884 -19.0766 220.911 31.7751 -13 -1 1 0 1 0.191682 0.0260485 2.54162 0 0 0 
28.5738 -2.42556 8688.82 1.33605 -13.2554 221.4 32.1446 -13 -1 1 0 1 0.240781 -0.0269149 1.02947 0 0 0 
29.2841 -6.75872 8788.72 2.40165 -5.86925 221.71 32.5141 -13 -1 1 0 1 0.248291 -0.0648025 -0.654466 0 0 0 
30.9277 -7.63745 8888.7 4.70202 2.05378 221.741 32.8835 -13 -1 1 0 1 0.22302 -0.0657736 -2.23726 0 0 0 
33.0353 -4.94992 8988.64 3.84972 9.55785 221.561 33.253 -13 -1 1 0 1 0.146997 -0.0362389 -3.4252 0 0 0 
33.7008 0.339203 9088.49 -1.41326 12.8164 221.425 33.6225 -13 -1 1 0 1 0.016526 -0.015788 -3.93233 0 0 0 
31.7539 5.51106 9188.33 -6.7134 9.03275 221.515 33.992 -13 -1 1 0 1 -0.114824 -0.0347336 -3.61007 0 0 0 
28.363 7.85825 9288.24 -7.49384 1.12528 221.671 34.3614 -13 -1 1 0 1 -0.190223 -0.0642014 -2.55511 0 0 0 
25.5163 6.57408 9388.19 -4.92087 -6.60636 221.647 34.7309 -13 -1 1 0 1 -0.212347 -0.0627771 -1.04077 0 0 0 
23.7641 2.09953 9488.07 -3.38997 -13.0418 221.391 35.1004 -13 -1 1 0 1 -0.204138 -0.0247041 0.641492 0 0 0 
21.7317 -4.93782 9587.8 -6.59931 -17.7063 220.994 35.4699 -13 -1 1 0 1 -0.164434 0.0283166 2.21873 0 0 0 
17.0096 -13.1202 9687.35 -14.9274 -17.3836 220.614 35.8394 -13 -1 1 0 1 -0.0879083 0.0507876 3.40231 0 0 0 
8.32148 -19.3724 9786.76 -22.8341 -9.10625 220.434 36.2088 -13 -1 1 0 1 -0.0184172 0.00283032 3.91636 0 0 0 
-2.41031 -20.7529 9886.16 -23.294 2.84225 220.555 36.5783 -13 -1 1 0 1 -0.0216584 -0.0798375 3.61403 0 0 0 
-11.6667 -17.5534 9985.67 -17.2084 10.1005 220.901 36.9478 -13 -1 1 0 1 -0.0879853 -0.120461 2.58387 0 0 0 
-17.9413 -12.7785 10085.4 -11.0566 10.0063 221.298 37.3173 -13 -1 1 0 1 -0.155945 -0.106455 1.08541 0 0 0 
-22.1245 -9.25731 10185.2 -7.97069 5.04901 221.6 37.6867 -13 -1 1 0 1 -0.194199 -0.0764879 -0.594005 0 0 0 
-25.3279 -8.56904 10285.1 -6.15559 -2.19234 221.704 38.0562 -13 -1 1 0 1 -0.193203 -0.0578725 -2.18286 0 0 0 
-27.3516 -11.1739 10385.1 -2.29685 -8.95777 221.607 38.4257 -13 -1 1 0 1 -0.136985 -0.0443177 -3.38856 0 0 0 
-27.0243 -15.9454 10485 3.85088 -11.1459 221.487 38.7952 -13 -1 1 0 1 -0.0311136 -0.00229634 -3.92564 0 0 0 
-24.2196 -20.2735 10584.8 7.77972 -7.23439 221.546 39.1647 -13 -1 1 0 1 0.07118 0.0781633 -3.63389 0 0 0 
-20.891 -22.1164 10684.8 6.06399 -0.952819 221.715 39.5341 -13 -1 1 0 1 0.127677 0.152666 -2.60243 0 0 0 
-19.3276 -21.3204 10784.7 0.568654 4.25215 221.759 39.9036 -13 -1 1 0 1 0.151816 0.181366 -1.09829 0 0 0 
-20.3593 -18.3468 10884.7 -4.82309 9.06751 221.562 40.2731 -13 -1 1 0 1 0.167076 0.161966 0.584533 0 0 0 
-23.1174 -12.9102 10984.5 -6.49113 15.3095 221.176 40.6426 -13 -1 1 0 1 0.165334 0.104321 2.17274 0 0 0 
-25.1733 -4.5515 11084.1 -1.39007 21.3104 220.77 41.012 -13 -1 1 0 1 0.114445 0.0350156 3.37648 0 0 0 
-23.5099 5.39785 11183.6 9.16215 21.3954 220.576 41.3815 -13 -1 1 0 1 0.0162355 0.0121667 3.91532 0 0 0 
-17.2517 13.4766 11283.1 17.5445 13.4239 220.698 41.751 -13 -1 1 0 1 -0.0580203 0.060726 3.63594 0 0 0 
-8.87002 17.2183 11382.6 18.4111 3.54885 221.006 42.1205 -13 -1 1 0 1 -0.0564336 0.124322 2.62308 0 0 0 
-1.39183 17.3907 11482.3 14.3824 -1.81002 221.326 42.49 -13 -1 1 0 1 -0.0084724 0.150695 1.13406 0 0 0 
4.03978 16.3942 11582.2 9.82155 -1.88405 221.575 42.8594 -13 -1 1 0 1 0.0391309 0.14462 -0.542696 0 0 0 
7.5579 16.1514 11682.1 5.81056 1.08891 221.722 43.2289 -13 -1 1 0 1 0.0634483 0.124373 -2.13524 0 0 0 
9.22087 17.4088 11782.1 1.46659 4.27415 221.754 43.5984 -13 -1 1 0 1 0.0546499 0.088541 -3.35361 0 0 0 
8.88533 19.6275 11882.1 -2.75107 5.03261 221.726 43.9679 -13 -1 1 0 1 0.0204732 0.0229592 -3.91032 0 0 0 
7.14412 21.5303 11982 -4.33706 3.13492 221.736 44.3373 -13 -1 1 0 1 -0.0106876 -0.0651147 -3.64433 0 0 0 
5.57105 22.4317 12082 -2.06128 1.0352 221.788 44.7068 -13 -1 1 0 1 -0.025077 -0.141108 -2.63447 0 0 0 
5.66415 22.6548 12182 2.73834 0.0950151 221.784 45.0763 -13 -1 1 0 1 -0.0369499 -0.182646 -1.14178 0 0 0 
8.16808 22.4694 12282 8.39368 -1.20347 221.638 45.4458 -13 -1 1 0 1 -0.0596585 -0.189469 0.539325 0 0 0 
13.0968 21.1111 12381.9 13.0673 -5.48528 221.347 45.8153 -13 -1 1 0 1 -0.0849525 -0.157503 2.13427 0 0 0 
19.2697 16.9749 12481.6 13.2104 -13.2115 221.012 46.1847 -13 -1 1 0 1 -0.0772527 -0.0855524 3.35367 0 0 0 
23.8864 9.37709 12581.2 6.15765 -19.6682 220.841 46.5542 -13 -1 1 0 1 -0.00519579 -0.015326 3.9126 0 0 0 
24.3193 0.379344 12680.8 -4.09095 -18.8472 220.96 46.9237 -13 -1 1 0 1 0.0932206 -0.00670235 3.6534 0 0 0 
20.8651 -6.66361 12780.4 -10.1477 -11.8693 221.25 47.2932 -13 -1 1 0 1 0.144838 -0.0503679 2.6532 0 0 0 
16.0948 -10.3263 12880.3 -10.2231 -4.76796 221.513 47.6626 -13 -1 1 0 1 0.137275 -0.0909272 1.16875 0 0 0 
12.0737 -11.4334 12980.2 -7.42184 -0.663122 221.675 48.0321 -13 -1 1 0 1 0.104943 -0.104047 -0.508733 0 0 0 
9.41198 -11.3003 13080.1 -4.49519 0.955718 221.753 48.4016 -13 -1 1 0 1 0.0705407 -0.0933229 -2.10537 0 0 0 
7.86964 -10.7542 13180.1 -2.54601 1.32799 221.782 48.7711 -13 -1 1 0 1 0.0378153 -0.0646654 -3.33179 0 0 0 
6.93433 -10.2121 13280.1 -1.78903 0.951861 221.791 49.1406 -13 -1 1 0 1 0.00594841 -0.0244685 -3.89992 0 0 0 
6.12226 -10.018 13380.1 -1.92105 -0.225403 221.792 49.51 -13 -1 1 0 1 -0.0205404 0.0177461 -3.64966 0 0 0 
5.12639 -10.513 13480.1 -2.58031 -2.03673 221.776 49.8795 -13 -1 1 0 1 -0.0344393 0.0556676 -2.65448 0 0 0 
3.68603 -11.8633 13580.1 -3.98622 -3.89697 221.73 50.249 -13 -1 1 0 1 -0.0327742 0.0873282 -1.17147 0 0 0 
1.31988 -13.8947 13680 -6.78193 -4.85233 221.644 50.6185 -13 -1 1 0 1 -0.0162839 0.109331 0.506059 0 0 0 
-2.63836 -15.8625 13779.9 -10.8838 -3.30004 221.509 50.9879 -13 -1 1 0 1 0.0108056 0.108841 2.10337 0 0 0 
-8.34461 -16.2719 13879.8 -13.9148 2.11162 221.354 51.3574 -13 -1 1 0 1 0.0276045 0.069089 3.33189 0 0 0 
-14.4316 -13.6591 13979.5 -12.0755 9.35716 221.274 51.7269 -13 -1 1 0 1 -0.0012283 0.00375584 3.90438 0 0 0 
-18.4773 -8.39855 14079.3 -5.42601 12.9831 221.354 52.0964 -13 -1 1 0 1 -0.0733638 -0.0344179 3.65967 0 0 0 
-19.3868 -2.87194 14179.1 0.893262 10.7104 221.54 52.4659 -13 -1 1 0 1 -0.135998 -0.0234159 2.66874 0 0 0 
-18.2677 0.836055 14279.1 3.42749 5.60008 221.703 52.8353 -13 -1 1 0 1 -0.15756 0.00467859 1.18791 0 0 0 
-16.7093 2.23564 14379 3.25346 0.782424 221.775 53.2048 -13 -1 1 0 1 -0.149112 0.0196321 -0.489924 0 0 0 
-15.3494 1.72722 14479 2.94029 -2.80573 221.763 53.5743 -13 -1 1 0 1 -0.122635 0.0164332 -2.08934 0 0 0 
-13.8284 -0.0275981 14579 4.07721 -4.58927 221.716 53.9438 -13 -1 1 0 1 -0.0781141 0.00619605 -3.32115 0 0 0 
-11.5326 -1.9819 14679 6.07926 -3.57317 221.688 54.3132 -13 -1 1 0 1 -0.0240576 0.0060681 -3.89758 0 0 0 
-8.5504 -2.88451 14778.9 6.78805 -0.209239 221.697 54.6827 -13 -1 1 0 1 0.0147957 0.0172768 -3.65665 0 0 0 
-5.72326 -2.16791 14878.9 5.51928 3.21405 221.709 55.0522 -13 -1 1 0 1 0.0268506 0.0211931 -2.66885 0 0 0 
-3.62237 -0.205591 14978.8 3.91893 5.24231 221.704 55.4217 -13 -1 1 0 1 0.0229169 0.00864136 -1.19069 0 0 0 
-1.97506 2.36583 15078.8 3.69959 5.97241 221.689 55.7912 -13 -1 1 0 1 0.0128918 -0.0117517 0.481075 0 0 0 
-0.00401403 4.98166 15178.7 5.30437 5.3507 221.673 56.1606 -13 -1 1 0 1 -0.00183673 -0.025678 2.0795 0 0 0 
2.91258 6.87269 15278.7 7.5478 2.65195 221.656 56.5301 -13 -1 1 0 1 -0.0146314 -0.0186258 3.3121 0 0 0 
6.51711 7.10911 15378.6 7.94479 -1.69946 221.652 56.8996 -13 -1 1 0 1 -0.00599658 0.00945627 3.89153 0 0 0 
9.61801 5.50965 15478.5 5.42793 -4.95007 221.679 57.2691 -13 -1 1 0 1 0.0314314 0.0328124 3.65452 0 0 0 
11.2926 3.14554 15578.5 2.1164 -4.99873 221.734 57.6385 -13 -1 1 0 1 0.0737725 0.032395 2.6693 0 0 0 
11.7569 1.36204 15678.5 0.240225 -2.67247 221.784 58.008 -13 -1 1 0 1 0.098155 0.0201405 1.1915 0 0 0 
11.7076 0.84042 15778.5 -0.36138 0.385958 221.8 58.3775 -13 -1 1 0 1 0.103459 0.014295 -0.481717 0 0 0 
11.3899 1.67789 15878.5 -1.22294 3.22046 221.774 58.747 -13 -1 1 0 1 0.0919079 0.0193107 -2.08229 0 0 0 
10.3873 3.54477 15978.4 -3.45918 4.70513 221.724 59.1165 -13 -1 1 0 1 0.061191 0.0245677 -3.31695 0 0 0 
8.18119 5.5031 16078.4 -6.22488 3.48448 221.686 59.4859 -13 -1 1 0 1 0.0211574 0.0130589 -3.89816 0 0 0 
5.05216 6.34592 16178.3 -7.21499 0.0836974 221.683 59.8554 -13 -1 1 0 1 -0.00288295 -0.0132329 -3.6626 0 0 0 
2.04309 5.63981 16278.3 -5.85482 -2.96095 221.703 60.2249 -13 -1 1 0 1 -0.00181775 -0.0311847 -2.6788 0 0 0 
-0.144813 3.9636 16378.3 -3.92682 -4.16375 221.727 60.5944 -13 -1 1 0 1 0.0104644 -0.0300073 -1.20275 0 0 0 
-1.65274 2.11323 16478.2 -2.97653 -3.84732 221.747 60.9638 -13 -1 1 0 1 0.0227378 -0.0185945 0.468657 0 0 0 
-2.99956 0.648196 16578.2 -3.12573 -2.49003 221.765 61.3333 -13 -1 1 0 1 0.0322789 -0.00853593 2.06793 0 0 0 
-4.4945 0.00583183 16678.2 -3.41745 -0.238965 221.774 61.7028 -13 -1 1 0 1 0.0339539 -0.00635249 3.30269 0 0 0 
-5.91906 0.460259 16778.2 -2.67934 2.16198 221.774 62.0723 -13 -1 1 0 1 0.0192434 -0.00826243 3.88537 0 0 0 
-6.76021 1.76006 16878.2 -0.997507 3.30555 221.774 62.4418 -13 -1 1 0 1 -0.00882466 -0.00234276 3.65141 0 0 0 
-6.89138 3.18148 16978.2 0.22881 2.77569 221.783 62.8112 -13 -1 1 0 1 -0.0342195 0.0130874 2.66799 0 0 0 
-6.74969 4.14254 17078.2 0.201039 1.42859 221.796 63.1807 -13 -1 1 0 1 -0.0482408 0.0266026 1.19093 0 0 0 
-6.8297 4.44305 17178.2 -0.606599 -0.122832 221.8 63.5502 -13 -1 1 0 1 -0.0536589 0.029205 -0.482516 0 0 0 
-7.25699 3.99606 17278.2 -1.14714 -1.89869 221.789 63.9197 -13 -1 1 0 1 -0.0513745 0.0185165 -2.08414 0 0 0 
-7.66018 2.74104 17378.1 -0.361569 -3.56608 221.772 64.2891 -13 -1 1 0 1 -0.0357509 -0.000950461 -3.32079 0 0 0 
-7.3588 0.987174 17478.1 1.84698 -3.8741 221.759 64.6586 -13 -1 1 0 1 -0.00669311 -0.0149752 -3.90479 0 0 0 
-6.01135 -0.427415 17578.1 3.95217 -2.10411 221.755 65.0281 -13 -1 1 0 1 0.0187277 -0.0137596 -3.67214 0 0 0 
-4.0216 -0.780247 17678.1 4.63111 0.518041 221.752 65.3976 -13 -1 1 0 1 0.0243916 -0.00727681 -2.69072 0 0 0 
-1.96619 -0.0882821 17778.1 4.46124 2.33409 221.743 65.7671 -13 -1 1 0 1 0.0131409 -0.00842719 -1.2166 0 0 0 
0.0675615 1.10317 17878 4.69642 2.68752 221.735 66.1365 -13 -1 1 0 1 -0.00571001 -0.0165374 0.453189 0 0 0 
2.38352 2.07486 17978 5.64291 1.30824 221.725 66.506 -13 -1 1 0 1 -0.0258483 -0.0222563 2.05125 0 0 0 
5.09538 2.00362 18078 6.16118 -1.87648 221.707 66.8755 -13 -1 1 0 1 -0.0359754 -0.0172783 3.28526 0 0 0 
7.62189 0.301739 18177.9 4.64756 -5.54571 221.683 67.245 -13 -1 1 0 1 -0.0206563 -0.00836082 3.86796 0 0 0 
9.03072 -2.69255 18277.9 1.5256 -7.26557 221.676 67.6144 -13 -1 1 0 1 0.0156515 -0.0158136 3.63428 0 0 0 
9.14537 -5.85015 18377.8 -0.663992 -6.41613 221.707 67.9839 -13 -1 1 0 1 0.0474014 -0.0425359 2.65027 0 0 0 
8.80783 -8.32792 18477.8 -0.429519 -4.53461 221.754 68.3534 -13 -1 1 0 1 0.0622943 -0.0698574 1.17113 0 0 0 
9.04722 -9.93427 18577.8 1.70671 -2.56085 221.779 68.7229 -13 -1 1 0 1 0.0673718 -0.0828927 -0.506228 0 0 0 
10.4214 -10.539 18677.8 4.31438 0.0640483 221.759 69.0924 -13 -1 1 0 1 0.0665894 -0.0739978 -2.11388 0 0 0 
12.6984 -9.70119 18777.7 5.33227 3.76947 221.704 69.4618 -13 -1 1 0 1 0.0486943 -0.0405085 -3.35937 0 0 0 
14.7277 -7.22879 18877.7 3.1291 6.83126 221.673 69.8313 -13 -1 1 0 1 0.000717921 0.000637627 -3.9542 0 0 0 
15.2226 -4.06774 18977.6 -0.971107 6.5122 221.703 70.2008 -13 -1 1 0 1 -0.0604703 0.0206205 -3.73276 0 0 0 
14.0574 -1.86388 19077.6 -3.81161 2.91579 221.749 70.5703 -13 -1 1 0 1 -0.0988337 0.0189748 -2.76297 0 0 0 
12.1044 -1.53713 19177.6 -4.62789 -1.38324 221.748 70.9397 -13 -1 1 0 1 -0.103561 0.0191912 -1.30175 0 0 0 
9.91511 -2.93875 19277.5 -5.23006 -4.5692 221.692 71.3092 -13 -1 1 0 1 -0.0859449 0.0323503 0.353025 0 0 0 
7.15266 -5.35012 19377.5 -7.32784 -5.68968 221.606 71.6787 -13 -1 1 0 1 -0.053484 0.049291 1.93256 0 0 0 
3.1221 -7.57303 19477.4 -10.5594 -3.54275 221.521 72.0482 -13 -1 1 0 1 -0.0151866 0.0489842 3.14376 0 0 0 
-2.11474 -8.03867 19577.2 -12.1217 1.83343 221.462 72.4177 -13 -1 1 0 1 0.00163003 0.0218468 3.69903 0 0 0 
-7.23216 -5.92285 19677.1 -10.029 7.18025 221.457 72.7871 -13 -1 1 0 1 -0.0240341 -0.005291 3.43061 0 0 0 
-10.9293 -2.10334 19776.9 -6.45687 9.08848 221.52 73.1566 -13 -1 1 0 1 -0.0717435 -0.00205779 2.39855 0 0 0 
-13.3619 1.74845 19876.8 -4.81943 7.54829 221.62 73.5261 -13 -1 1 0 1 -0.111047 0.023794 0.851527 0 0 0 
-15.6907 4.37678 19976.7 -5.8533 3.77719 221.691 73.8956 -13 -1 1 0 1 -0.135818 0.0463352 -0.921999 0 0 0 
-18.7332 4.82571 20076.7 -7.43743 -2.16224 221.665 74.265 -13 -1 1 0 1 -0.14463 0.0461575 -2.66587 0 0 0 
-21.8868 2.20427 20176.6 -5.66934 -9.42561 221.528 74.6345 -13 -1 1 0 1 -0.118207 0.0204924 -4.10228 0 0 0 
-22.985 -3.18356 20276.5 1.55232 -13.3976 221.39 75.004 -13 -1 1 0 1 -0.0447957 -0.000251137 -4.96317 0 0 0 
-20.3279 -8.63561 20376.3 9.73011 -9.42573 221.387 75.3735 -13 -1 1 0 1 0.0331346 0.0157527 -5.10776 0 0 0 
-15.1181 -10.8706 20476.1 12.1563 -0.198302 221.467 75.743 -13 -1 1 0 1 0.0623202 0.0429965 -4.63395 0 0 0 
-10.2995 -9.03824 20576 8.53253 7.7226 221.502 76.1124 -13 -1 1 0 1 0.0514302 0.0427399 -3.82773 0 0 0 
-7.69971 -4.51895 20675.8 3.00331 11.7045 221.471 76.4819 -13 -1 1 0 1 0.0351586 0.0202026 -2.97162 0 0 0 
-7.31783 -0.2682 20752.2 -0.624799 12.7386 221.434 76.7645 -13 -1 1 0 1 0.0278512 0.0018581 -2.38713 0 0 0 

