# AllTracks
#x y z Px Py Pz t PDGid EventID TrackID ParentID Weight Bx By Bz Ex Ey Ez
# Event -2 Track 1
-11.2945 14.0917 0 0.831981 -1.28572 227.395 0 -13 -2 1 0 1 0.0844236 -0.0883828 -2.26474 0 0 0 
-11.2894 14.0922 0.4995 0.847132 -1.27182 227.395 0.00183735 -13 -2 1 0 1 0.0844909 -0.0885386 -2.25815 0 0 0 
-11.2894 14.0922 0.5005 0.847162 -1.27179 227.395 0.00184102 -13 -2 1 0 1 0.084491 -0.0885389 -2.25814 0 0 0 
-10.2584 14.2041 100.494 3.85315 1.82956 227.36 0.369653 -13 -2 1 0 1 0.0894422 -0.110546 -0.784152 0 0 0 
-7.81376 15.5951 200.453 7.44419 4.20182 227.239 0.737465 -13 -2 1 0 1 0.0701359 -0.124255 0.811963 0 0 0 
-3.55093 17.4776 300.342 12.0361 3.70283 227.051 1.10528 -13 -2 1 0 1 0.0335515 -0.118865 2.27869 0 0 0 
2.63399 18.194 400.145 15.607 -1.15803 226.861 1.47309 -13 -2 1 0 1 0.00229391 -0.0757774 3.33917 0 0 0 
9.47717 16.0821 499.884 14.5494 -8.44383 226.777 1.8409 -13 -2 1 0 1 0.0131046 -0.00763391 3.73204 0 0 0 
14.7071 11.1894 599.622 8.75618 -12.9675 226.861 2.20871 -13 -2 1 0 1 0.0677193 0.0351333 3.34063 0 0 0 
17.1615 5.47292 699.426 2.78643 -12.2523 227.053 2.57653 -13 -2 1 0 1 0.121329 0.0291295 2.28113 0 0 0 
17.6614 0.862054 799.316 0.103581 -8.46968 227.242 2.94434 -13 -2 1 0 1 0.144661 8.34071e-05 0.814614 0 0 0 
17.6968 -1.90268 899.277 0.3969 -4.10953 227.363 3.31215 -13 -2 1 0 1 0.142655 -0.0231209 -0.785898 0 0 0 
18.1377 -2.77235 999.27 1.56026 0.119882 227.395 3.67996 -13 -2 1 0 1 0.120999 -0.0291768 -2.25761 0 0 0 
18.8864 -1.8789 1099.26 1.52993 3.74246 227.364 4.04777 -13 -2 1 0 1 0.073236 -0.0210903 -3.32587 0 0 0 
19.2195 0.20558 1199.24 -0.205826 5.24012 227.34 4.41559 -13 -2 1 0 1 0.0006221 -0.015156 -3.72549 0 0 0 
18.7137 2.25606 1299.22 -1.88733 3.59724 227.364 4.7834 -13 -2 1 0 1 -0.0715242 -0.0224528 -3.33771 0 0 0 
17.8324 3.06975 1399.21 -1.80281 -0.0789472 227.393 5.15121 -13 -2 1 0 1 -0.118372 -0.0310831 -2.27847 0 0 0 
17.3082 2.11992 1499.2 -0.539248 -4.26159 227.359 5.51902 -13 -2 1 0 1 -0.139335 -0.0248429 -0.811365 0 0 0 
17.2256 -0.690596 1599.16 -0.178821 -8.52156 227.24 5.88683 -13 -2 1 0 1 -0.14132 -0.00127979 0.788707 0 0 0 
16.7074 -5.30216 1699.05 -2.79163 -12.2099 227.055 6.25465 -13 -2 1 0 1 -0.118778 0.0281628 2.25894 0 0 0 
14.2678 -10.9907 1798.86 -8.68684 -12.8977 226.868 6.62246 -13 -2 1 0 1 -0.0667355 0.0349405 3.32664 0 0 0 
9.07695 -15.8617 1898.6 -14.4544 -8.42329 226.784 6.99027 -13 -2 1 0 1 -0.0136413 -0.00669085 3.72887 0 0 0 
2.26699 -17.9791 1998.34 -15.5602 -1.1995 226.864 7.35808 -13 -2 1 0 1 -0.00382727 -0.0740732 3.34784 0 0 0 
-3.91347 -17.2897 2098.14 -12.0615 3.62372 227.051 7.72589 -13 -2 1 0 1 -0.0358403 -0.117172 2.29593 0 0 0 
-8.20029 -15.4506 2198.03 -7.52328 4.07887 227.239 8.09371 -13 -2 1 0 1 -0.0731103 -0.123027 0.833146 0 0 0 
-10.6852 -14.1306 2297.99 -3.9484 1.62219 227.36 8.46152 -13 -2 1 0 1 -0.0929041 -0.110177 -0.767268 0 0 0 
-11.7482 -14.1346 2397.98 -0.880682 -1.59251 227.393 8.82933 -13 -2 1 0 1 -0.087857 -0.0893371 -2.24575 0 0 0 
-11.4248 -15.3376 2497.97 2.35487 -3.50342 227.361 9.19714 -13 -2 1 0 1 -0.0567191 -0.0532575 -3.32097 0 0 0 
-9.80118 -16.8197 2597.95 4.70425 -2.80121 227.334 9.56495 -13 -2 1 0 1 -0.0139493 0.00618007 -3.72973 0 0 0 
-7.70371 -17.5506 2697.92 4.29422 -0.43834 227.359 9.93277 -13 -2 1 0 1 0.017095 0.073246 -3.35195 0 0 0 
-6.43876 -17.2838 2797.91 1.11989 1.46423 227.393 10.3006 -13 -2 1 0 1 0.0332534 0.119648 -2.29977 0 0 0 
-6.88164 -16.3951 2897.91 -3.18463 2.53586 227.364 10.6684 -13 -2 1 0 1 0.0485622 0.135685 -0.835826 0 0 0 
-9.19046 -14.9456 2997.87 -7.15079 4.34238 227.246 11.0362 -13 -2 1 0 1 0.0694425 0.126071 0.764654 0 0 0 
-12.8905 -12.2324 3097.76 -9.16579 8.40995 227.06 11.404 -13 -2 1 0 1 0.0837334 0.0917884 2.24205 0 0 0 
-16.6232 -7.32469 3197.57 -6.95456 13.8755 226.87 11.7718 -13 -2 1 0 1 0.0642484 0.0424099 3.3169 0 0 0 
-18.322 -0.415575 3297.31 -0.263017 16.7372 226.783 12.1396 -13 -2 1 0 1 0.00197325 0.0152065 3.72834 0 0 0 
-16.8259 6.56845 3397.05 6.61587 14.1819 226.861 12.5075 -13 -2 1 0 1 -0.06196 0.0383691 3.35738 0 0 0 
-13.1634 11.6272 3496.85 9.18383 8.74216 227.046 12.8753 -13 -2 1 0 1 -0.0841865 0.0867056 2.31279 0 0 0 
-9.3923 14.4554 3596.74 7.43293 4.52485 227.234 13.2431 -13 -2 1 0 1 -0.0708085 0.121802 0.853557 0 0 0 
-6.92355 15.9593 3696.7 3.61492 2.62461 227.356 13.6109 -13 -2 1 0 1 -0.0492752 0.132826 -0.746828 0 0 0 
-6.27518 16.8973 3796.69 -0.635081 1.62942 227.393 13.9787 -13 -2 1 0 1 -0.0330351 0.118898 -2.22852 0 0 0 
-7.34428 17.2777 3896.68 -3.92353 -0.0826019 227.366 14.3465 -13 -2 1 0 1 -0.0172415 0.0753994 -3.31079 0 0 0 
-9.33951 16.7311 3996.66 -4.62857 -2.35458 227.341 14.7143 -13 -2 1 0 1 0.0118619 0.00985278 -3.72886 0 0 0 
-10.9963 15.4231 4096.64 -2.55851 -3.1899 227.363 15.0821 -13 -2 1 0 1 0.0531038 -0.0506323 -3.36135 0 0 0 
-11.439 14.3101 4196.63 0.569801 -1.49161 227.394 15.4499 -13 -2 1 0 1 0.0847001 -0.08882 -2.31661 0 0 0 
-11.4032 14.3105 4200.5 0.690299 -1.38554 227.395 15.4642 -13 -2 1 0 1 0.0852652 -0.0900289 -2.26574 0 0 0 
-11.4032 14.3105 4200.5 0.69033 -1.38551 227.395 15.4642 -13 -2 1 0 1 0.0852654 -0.0900292 -2.26573 0 0 0 
-10.4253 14.3722 4300.49 3.76348 1.72464 227.362 15.832 -13 -2 1 0 1 0.0907785 -0.111922 -0.791178 0 0 0 
-8.01139 15.7269 4400.45 7.38959 4.14543 227.242 16.1998 -13 -2 1 0 1 0.0716945 -0.125326 0.809184 0 0 0 
-3.76772 17.5972 4500.34 12.0035 3.70408 227.053 16.5676 -13 -2 1 0 1 0.0349706 -0.119681 2.27618 0 0 0 
2.409 18.3252 4600.15 15.6047 -1.1107 226.861 16.9354 -13 -2 1 0 1 0.00314194 -0.076305 3.33685 0 0 0 
9.25949 16.2379 4699.89 14.5839 -8.38711 226.777 17.3032 -13 -2 1 0 1 0.0130915 -0.00765624 3.72982 0 0 0 
14.5092 11.3645 4799.63 8.80559 -12.9411 226.861 17.6711 -13 -2 1 0 1 0.0669487 0.0357825 3.3385 0 0 0 
16.9816 5.64989 4899.43 2.81378 -12.2703 227.051 18.0389 -13 -2 1 0 1 0.120129 0.0302772 2.27912 0 0 0 
17.4846 1.02191 4999.32 0.0892897 -8.52901 227.24 18.4067 -13 -2 1 0 1 0.143248 0.00133329 0.812771 0 0 0 
17.5058 -1.77841 5099.28 0.350583 -4.21371 227.361 18.7745 -13 -2 1 0 1 0.141129 -0.0221475 -0.787553 0 0 0 
17.9261 -2.70569 5199.27 1.52111 -0.0385292 227.395 19.1423 -13 -2 1 0 1 0.11957 -0.0287364 -2.26263 0 0 0 
18.6692 -1.89179 5299.26 1.55264 3.54551 227.367 19.5101 -13 -2 1 0 1 0.0723671 -0.0211397 -3.33056 0 0 0 
19.0324 0.107813 5399.24 -0.0919996 5.06293 227.344 19.8779 -13 -2 1 0 1 0.000585796 -0.0151617 -3.72991 0 0 0 
18.5914 2.09601 5499.22 -1.71671 3.49667 227.367 20.2457 -13 -2 1 0 1 -0.0710871 -0.0218511 -3.34193 0 0 0 
17.7859 2.88332 5599.21 -1.63763 -0.103518 227.394 20.6136 -13 -2 1 0 1 -0.118091 -0.0298668 -2.28251 0 0 0 
17.3262 1.9316 5699.21 -0.412837 -4.25383 227.36 20.9814 -13 -2 1 0 1 -0.1395 -0.0233644 -0.815207 0 0 0 
17.29 -0.876493 5799.17 -0.0940426 -8.52385 227.24 21.3492 -13 -2 1 0 1 -0.141849 0.000184781 0.78507 0 0 0 
16.7994 -5.49537 5899.06 -2.75205 -12.2418 227.054 21.717 -13 -2 1 0 1 -0.119385 0.0294363 2.25908 0 0 0 
14.3664 -11.2032 5998.86 -8.69643 -12.9499 226.864 22.0848 -13 -2 1 0 1 -0.0671163 0.0357606 3.32683 0 0 0 
9.16214 -16.0963 6098.6 -14.5013 -8.46637 226.779 22.4526 -13 -2 1 0 1 -0.0136453 -0.00667963 3.72909 0 0 0 
2.32992 -18.2266 6198.34 -15.6072 -1.21411 226.861 22.8204 -13 -2 1 0 1 -0.00359012 -0.075009 3.34802 0 0 0 
-3.86392 -17.5385 6298.14 -12.0705 3.62988 227.051 23.1882 -13 -2 1 0 1 -0.0355176 -0.118803 2.29603 0 0 0 
-8.14261 -15.6947 6398.03 -7.47594 4.09342 227.24 23.5561 -13 -2 1 0 1 -0.072658 -0.124951 0.833158 0 0 0 
-10.5939 -14.3652 6497.99 -3.84376 1.65468 227.362 23.9239 -13 -2 1 0 1 -0.0921845 -0.112031 -0.767313 0 0 0 
-11.6013 -14.345 6597.98 -0.738291 -1.50813 227.394 24.2917 -13 -2 1 0 1 -0.086886 -0.0907284 -2.24582 0 0 0 
-11.2163 -15.4936 6697.98 2.48048 -3.33876 227.362 24.6595 -13 -2 1 0 1 -0.0559074 -0.0538625 -3.32099 0 0 0 
-9.55427 -16.889 6797.95 4.74415 -2.58184 227.336 25.0273 -13 -2 1 0 1 -0.0139276 0.00617654 -3.72967 0 0 0 
-7.46275 -17.5249 6897.93 4.23112 -0.238921 227.361 25.3951 -13 -2 1 0 1 0.0161925 0.0731507 -3.35182 0 0 0 
-6.23963 -17.1853 6997.92 1.00385 1.59351 227.392 25.7629 -13 -2 1 0 1 0.0319527 0.119003 -2.29964 0 0 0 
-6.73391 -16.2545 7097.91 -3.29474 2.6027 227.361 26.1307 -13 -2 1 0 1 0.0473988 0.134576 -0.835739 0 0 0 
-9.08384 -14.7835 7197.87 -7.22502 4.37802 227.243 26.4985 -13 -2 1 0 1 0.0685988 0.124788 0.764668 0 0 0 
-12.807 -12.0574 7297.76 -9.19694 8.43464 227.057 26.8664 -13 -2 1 0 1 0.0831783 0.090628 2.24199 0 0 0 
-16.545 -7.14066 7397.57 -6.94936 13.8911 226.869 27.2342 -13 -2 1 0 1 0.0639407 0.0416906 3.31679 0 0 0 
-18.2371 -0.227406 7497.31 -0.242156 16.7405 226.783 27.602 -13 -2 1 0 1 0.00196376 0.0151859 3.72826 0 0 0 
-16.7332 6.75674 7597.05 6.62634 14.1819 226.861 27.9698 -13 -2 1 0 1 -0.0616153 0.0390689 3.35736 0 0 0 
-13.0718 11.8181 7696.85 9.16684 8.75725 227.047 28.3376 -13 -2 1 0 1 -0.0835908 0.087949 2.31281 0 0 0 
-9.31596 14.6585 7796.74 7.37844 4.56526 227.235 28.7054 -13 -2 1 0 1 -0.0702099 0.1234 0.853574 0 0 0 
-6.88182 16.1842 7896.7 3.50935 2.67918 227.357 29.0732 -13 -2 1 0 1 -0.048947 0.134605 -0.746865 0 0 0 
-6.29334 17.1427 7996.69 -0.801826 1.65913 227.393 29.441 -13 -2 1 0 1 -0.0331573 0.120531 -2.22864 0 0 0 
-7.44577 17.5203 8096.68 -4.12722 -0.132654 227.363 29.8089 -13 -2 1 0 1 -0.0176421 0.0763579 -3.311 0 0 0 
-9.52611 16.9292 8196.66 -4.79841 -2.50437 227.336 30.1767 -13 -2 1 0 1 0.0118362 0.00988135 -3.7291 0 0 0 
-11.238 15.542 8296.63 -2.63467 -3.38738 227.36 30.5445 -13 -2 1 0 1 0.0539996 -0.0510729 -3.36157 0 0 0 
-11.6942 14.3458 8396.62 0.577328 -1.66232 227.393 30.9123 -13 -2 1 0 1 0.0863613 -0.0890538 -2.31677 0 0 0 
-11.6579 14.3438 8400.5 0.700244 -1.55405 227.394 30.9265 -13 -2 1 0 1 0.0869438 -0.0902512 -2.26582 0 0 0 
-11.6579 14.3438 8400.5 0.700276 -1.55403 227.394 30.9266 -13 -2 1 0 1 0.086944 -0.0902515 -2.26581 0 0 0 
-10.6673 14.3444 8500.49 3.80282 1.61656 227.363 31.2944 -13 -2 1 0 1 0.0926873 -0.111704 -0.791196 0 0 0 
-8.23739 15.6644 8600.45 7.41859 4.09342 227.242 31.6622 -13 -2 1 0 1 0.0734752 -0.124834 0.809188 0 0 0 
-3.98564 17.5221 8700.34 12.0118 3.69725 227.053 32.03 -13 -2 1 0 1 0.0364009 -0.119187 2.27617 0 0 0 
2.19242 18.2551 8800.15 15.6059 -1.08404 226.861 32.3978 -13 -2 1 0 1 0.00396793 -0.076036 3.33677 0 0 0 
9.04563 16.1827 8899.89 14.5976 -8.35054 226.777 32.7656 -13 -2 1 0 1 0.0130922 -0.00765612 3.72969 0 0 0 
14.3052 11.3216 8999.63 8.8355 -12.927 226.86 33.1334 -13 -2 1 0 1 0.0661697 0.0356174 3.33836 0 0 0 
16.7923 5.60402 9099.43 2.84869 -12.2999 227.049 33.5012 -13 -2 1 0 1 0.118883 0.0299748 2.27904 0 0 0 
17.3108 0.952527 9199.32 0.126357 -8.60587 227.237 33.869 -13 -2 1 0 1 0.141876 0.000786438 0.812779 0 0 0 
17.352 -1.89074 9299.27 0.409557 -4.32979 227.359 34.2369 -13 -2 1 0 1 0.139914 -0.0230332 -0.787479 0 0 0 
17.8094 -2.8733 9399.27 1.63648 -0.166939 227.394 34.6047 -13 -2 1 0 1 0.118801 -0.0298399 -2.26253 0 0 0 
18.6195 -2.10869 9499.26 1.74017 3.46079 227.367 34.9725 -13 -2 1 0 1 0.072178 -0.0219735 -3.3305 0 0 0 
19.0745 -0.125956 9599.24 0.126778 5.07628 227.344 35.3403 -13 -2 1 0 1 0.00059038 -0.015169 -3.72994 0 0 0 
18.7228 1.88973 9699.22 -1.53993 3.6007 227.366 35.7081 -13 -2 1 0 1 -0.0715842 -0.0210691 -3.34205 0 0 0 
17.9787 2.7313 9799.21 -1.53526 0.0273527 227.395 36.0759 -13 -2 1 0 1 -0.119356 -0.0288707 -2.28265 0 0 0 
17.5512 1.8319 9899.2 -0.362807 -4.15352 227.362 36.4437 -13 -2 1 0 1 -0.141275 -0.0225794 -0.815301 0 0 0 
17.5316 -0.943893 9999.16 -0.0645848 -8.47927 227.242 36.8115 -13 -2 1 0 1 -0.143759 0.000716839 0.785056 0 0 0 
17.0515 -5.55639 10099.1 -2.73437 -12.2565 227.053 37.1794 -13 -2 1 0 1 -0.121053 0.0298405 2.25916 0 0 0 
14.6213 -11.2812 10198.9 -8.70471 -13.0074 226.861 37.5472 -13 -2 1 0 1 -0.0681047 0.0360651 3.32699 0 0 0 
9.4055 -16.2018 10298.6 -14.5449 -8.52621 226.774 37.915 -13 -2 1 0 1 -0.0136614 -0.00667031 3.72928 0 0 0 
2.54977 -18.351 10398.3 -15.6647 -1.23529 226.857 38.2828 -13 -2 1 0 1 -0.00276373 -0.0754749 3.34819 0 0 0 
-3.66585 -17.6607 10498.1 -12.1071 3.6606 227.048 38.6506 -13 -2 1 0 1 -0.0342234 -0.119601 2.29618 0 0 0 
-7.95287 -15.7929 10598 -7.47744 4.17107 227.239 39.0184 -13 -2 1 0 1 -0.0711649 -0.125723 0.833307 0 0 0 
-10.3996 -14.4193 10698 -3.82699 1.77853 227.361 39.3862 -13 -2 1 0 1 -0.0906511 -0.112458 -0.767149 0 0 0 
-11.4032 -14.3343 10798 -0.746539 -1.33937 227.395 39.754 -13 -2 1 0 1 -0.085577 -0.090659 -2.24563 0 0 0 
-11.0369 -15.4037 10898 2.39737 -3.15582 227.366 40.1219 -13 -2 1 0 1 -0.0552112 -0.0535156 -3.32079 0 0 0 
-9.43081 -16.7273 10997.9 4.57697 -2.4497 227.341 40.4897 -13 -2 1 0 1 -0.0139197 0.00618512 -3.72948 0 0 0 
-7.42216 -17.3253 11097.9 4.03344 -0.200291 227.364 40.8575 -13 -2 1 0 1 0.016038 0.072397 -3.3517 0 0 0 
-6.28067 -16.9859 11197.9 0.837545 1.56218 227.393 41.2253 -13 -2 1 0 1 0.0322188 0.117696 -2.29961 0 0 0 
-6.8369 -16.074 11297.9 -3.41048 2.55737 227.36 41.5931 -13 -2 1 0 1 0.0482077 0.133154 -0.835784 0 0 0 
-9.22813 -14.6177 11397.9 -7.29888 4.36139 227.241 41.9609 -13 -2 1 0 1 0.0697373 0.123479 0.764583 0 0 0 
-12.9755 -11.8891 11497.8 -9.23247 8.46313 227.055 42.3287 -13 -2 1 0 1 0.0842946 0.0895162 2.24192 0 0 0 
-16.7192 -6.95173 11597.6 -6.93871 13.9518 226.866 42.6965 -13 -2 1 0 1 0.0646259 0.0409555 3.31681 0 0 0 
-18.3968 -0.0114157 11697.3 -0.190085 16.7961 226.779 43.0643 -13 -2 1 0 1 0.00198736 0.0151627 3.7284 0 0 0 
-16.8669 6.98984 11797 6.6848 14.2015 226.858 43.4322 -13 -2 1 0 1 -0.0621096 0.0399346 3.3576 0 0 0 
-13.1864 12.0515 11896.8 9.18961 8.74063 227.046 43.8 -13 -2 1 0 1 -0.084338 0.0894685 2.31306 0 0 0 
-9.43256 14.8787 11996.7 7.34572 4.52353 227.237 44.1678 -13 -2 1 0 1 -0.0711285 0.125134 0.853772 0 0 0 
-7.02442 16.3799 12096.7 3.42668 2.6062 227.36 44.5356 -13 -2 1 0 1 -0.0500762 0.136156 -0.746751 0 0 0 
-6.47813 17.295 12196.7 -0.903269 1.53069 227.393 44.9034 -13 -2 1 0 1 -0.0343866 0.121549 -2.22862 0 0 0 
-7.66869 17.6015 12296.7 -4.18778 -0.3259 227.361 45.2712 -13 -2 1 0 1 -0.0185224 0.0766849 -3.31106 0 0 0 
-9.75573 16.9181 12396.6 -4.76309 -2.71886 227.334 45.639 -13 -2 1 0 1 0.0118014 0.00988664 -3.7292 0 0 0 
-11.431 15.4455 12496.6 -2.5107 -3.55129 227.359 46.0068 -13 -2 1 0 1 0.0547106 -0.0507102 -3.36167 0 0 0 
-11.8241 14.1948 12596.6 0.729053 -1.74713 227.392 46.3747 -13 -2 1 0 1 0.0872033 -0.0880676 -2.31689 0 0 0 
-11.7853 14.1919 12600.5 0.85214 -1.63579 227.393 46.389 -13 -2 1 0 1 0.0877816 -0.0892505 -2.2658 0 0 0 
-11.7853 14.1919 12600.5 0.852172 -1.63576 227.393 46.389 -13 -2 1 0 1 0.0877817 -0.0892508 -2.26578 0 0 0 
-10.7321 14.1691 12700.5 3.9298 1.58503 227.361 46.7568 -13 -2 1 0 1 0.0931977 -0.110321 -0.791186 0 0 0 
-8.25564 15.4787 12800.5 7.50233 4.07207 227.24 47.1246 -13 -2 1 0 1 0.0736178 -0.123368 0.809147 0 0 0 
-3.97746 17.3249 12900.3 12.0479 3.66514 227.051 47.4924 -13 -2 1 0 1 0.0363465 -0.11789 2.27605 0 0 0 
2.20601 18.0419 13000.1 15.5957 -1.12193 226.862 47.8602 -13 -2 1 0 1 0.00391611 -0.0752213 3.3366 0 0 0 
9.04744 15.9551 13099.9 14.5591 -8.37587 226.779 48.228 -13 -2 1 0 1 0.0130912 -0.00765621 3.72951 0 0 0 
14.2901 11.087 13199.6 8.80328 -12.9345 226.861 48.5958 -13 -2 1 0 1 0.0661096 0.0347225 3.33825 0 0 0 
16.7701 5.3675 13299.4 2.85236 -12.3041 227.049 48.9636 -13 -2 1 0 1 0.118735 0.0284226 2.27902 0 0 0 
17.3011 0.712289 13399.3 0.180724 -8.61904 227.237 49.3315 -13 -2 1 0 1 0.141798 -0.00110576 0.812805 0 0 0 
17.3788 -2.1372 13499.3 0.522083 -4.34053 227.358 49.6993 -13 -2 1 0 1 0.140126 -0.0249768 -0.787453 0 0 0 
17.8979 -3.11714 13599.3 1.80149 -0.136027 227.393 50.0671 -13 -2 1 0 1 0.119387 -0.0314461 -2.26256 0 0 0 
18.7851 -2.32121 13699.3 1.91467 3.57736 227.364 50.4349 -13 -2 1 0 1 0.0728197 -0.0227912 -3.33062 0 0 0 
19.3052 -0.267787 13799.2 0.236072 5.27413 227.339 50.8027 -13 -2 1 0 1 0.000601616 -0.0151737 -3.73016 0 0 0 
18.9785 1.84079 13899.2 -1.53566 3.81153 227.363 51.1705 -13 -2 1 0 1 -0.0725527 -0.0208839 -3.3423 0 0 0 
18.2183 2.765 13999.2 -1.60282 0.18561 227.395 51.5383 -13 -2 1 0 1 -0.120929 -0.0290921 -2.28286 0 0 0 
17.7564 1.92049 14099.2 -0.443064 -4.06026 227.364 51.9061 -13 -2 1 0 1 -0.142894 -0.0232774 -0.815455 0 0 0 
17.7061 -0.825181 14199.2 -0.120469 -8.4319 227.244 52.2739 -13 -2 1 0 1 -0.145138 -0.000219088 0.784968 0 0 0 
17.2089 -5.42364 14299 -2.75629 -12.2383 227.054 52.6418 -13 -2 1 0 1 -0.122094 0.0289672 2.25912 0 0 0 
14.7749 -11.1455 14398.9 -8.7028 -13.0111 226.861 53.0096 -13 -2 1 0 1 -0.0687011 0.0355442 3.32697 0 0 0 
9.56141 -16.0709 14498.6 -14.5402 -8.54179 226.774 53.3774 -13 -2 1 0 1 -0.0136727 -0.00667355 3.72924 0 0 0 
2.70511 -18.2258 14598.3 -15.6736 -1.24155 226.856 53.7452 -13 -2 1 0 1 -0.00218033 -0.0749984 3.34816 0 0 0 
-3.51822 -17.5322 14698.1 -12.1335 3.68468 227.047 54.113 -13 -2 1 0 1 -0.0332579 -0.118755 2.29621 0 0 0 
-7.82125 -15.6454 14798 -7.52552 4.23327 227.236 54.4808 -13 -2 1 0 1 -0.0701276 -0.124559 0.833411 0 0 0 
-10.2969 -14.2374 14898 -3.91447 1.86887 227.359 54.8486 -13 -2 1 0 1 -0.0898387 -0.111021 -0.766972 0 0 0 
-11.3521 -14.1125 14998 -0.896843 -1.25596 227.395 55.2164 -13 -2 1 0 1 -0.0852387 -0.0891918 -2.2454 0 0 0 
-11.0658 -15.1573 15098 2.1892 -3.13833 227.368 55.5843 -13 -2 1 0 1 -0.0553253 -0.0525606 -3.32057 0 0 0 
-9.55383 -16.4961 15197.9 4.37066 -2.53735 227.344 55.9521 -13 -2 1 0 1 -0.0139328 0.00619875 -3.72934 0 0 0 
-7.62176 -17.1512 15297.9 3.89968 -0.361129 227.367 56.3199 -13 -2 1 0 1 0.0167836 0.0717395 -3.35169 0 0 0 
-6.5197 -16.885 15397.9 0.788059 1.40167 227.395 56.6877 -13 -2 1 0 1 0.0337784 0.117036 -2.29969 0 0 0 
-7.08613 -16.034 15497.9 -3.41532 2.44519 227.362 57.0555 -13 -2 1 0 1 0.0501685 0.13284 -0.835886 0 0 0 
-9.47739 -14.6145 15597.9 -7.29884 4.30605 227.242 57.4233 -13 -2 1 0 1 0.0717013 0.123439 0.760596 0 0 0 
-13.2267 -11.8986 15697.8 -9.2414 8.45929 227.055 57.7911 -13 -2 1 0 1 0.085951 0.0895675 2.23781 0 0 0 
-16.9749 -6.95353 15797.6 -6.94773 13.9876 226.863 58.1589 -13 -2 1 0 1 0.0656157 0.0409548 3.3126 0 0 0 
-18.6538 0.00694283 15897.3 -0.185846 16.8466 226.775 58.5268 -13 -2 1 0 1 0.00200252 0.0151583 3.72404 0 0 0 
-17.1194 7.02769 15997 6.69898 14.2348 226.856 58.8946 -13 -2 1 0 1 -0.0630643 0.0400815 3.35301 0 0 0 
-13.4338 12.0959 16096.8 9.19572 8.73509 227.046 59.2624 -13 -2 1 0 1 -0.0859625 0.0897728 2.30817 0 0 0 
-9.68134 14.9104 16196.7 7.33296 4.4696 227.238 59.6302 -13 -2 1 0 1 -0.0730939 0.125404 0.848522 0 0 0 
-7.28076 16.3752 16296.7 3.4096 2.4933 227.361 59.998 -13 -2 1 0 1 -0.0521015 0.136124 -0.748442 0 0 0 
-6.73596 17.2275 16396.7 -0.88431 1.36077 227.395 60.3658 -13 -2 1 0 1 -0.0360976 0.121107 -2.23048 0 0 0 
-7.90085 17.4529 16496.7 -4.08367 -0.514191 227.363 60.7336 -13 -2 1 0 1 -0.0194365 0.0761077 -3.31306 0 0 0 
-9.92119 16.6965 16596.6 -4.56954 -2.84967 227.337 61.1014 -13 -2 1 0 1 0.0117756 0.00986437 -3.73133 0 0 0 
-11.5027 15.1893 16696.6 -2.29211 -3.57631 227.361 61.4692 -13 -2 1 0 1 0.05497 -0.0497534 -3.36398 0 0 0 
-11.808 13.9471 16796.6 0.902025 -1.69253 227.392 61.8371 -13 -2 1 0 1 0.087091 -0.0864488 -2.31945 0 0 0 
-11.7667 13.9453 16800.5 1.02272 -1.57919 227.393 61.8514 -13 -2 1 0 1 0.0876529 -0.0876215 -2.26831 0 0 0 
-11.7667 13.9453 16800.5 1.02275 -1.57916 227.393 61.8514 -13 -2 1 0 1 0.087653 -0.0876218 -2.2683 0 0 0 
-10.6532 13.9535 16900.5 4.03498 1.66015 227.359 62.2192 -13 -2 1 0 1 0.0925554 -0.108602 -0.797725 0 0 0 
-8.14244 15.2929 17000.5 7.556 4.12915 227.237 62.587 -13 -2 1 0 1 0.0727111 -0.121881 0.802094 0 0 0 
-3.84883 17.1586 17100.3 12.0668 3.69787 227.05 62.9548 -13 -2 1 0 1 0.0354975 -0.116768 2.26846 0 0 0 
2.3382 17.8873 17200.1 15.5963 -1.09814 226.862 63.3226 -13 -2 1 0 1 0.00342408 -0.0745996 3.32849 0 0 0 
9.18061 15.8124 17299.9 14.5682 -8.34313 226.78 63.6904 -13 -2 1 0 1 0.0131229 -0.00762807 3.72092 0 0 0 
14.4348 10.9614 17399.6 8.85065 -12.8907 226.862 64.0582 -13 -2 1 0 1 0.0667132 0.0342609 3.32914 0 0 0 
16.9469 5.26272 17499.4 2.95146 -12.2529 227.051 64.4261 -13 -2 1 0 1 0.119965 0.0277349 2.26926 0 0 0 
17.5322 0.634171 17599.3 0.32648 -8.54388 227.24 64.7939 -13 -2 1 0 1 0.1437 -0.00173934 0.80226 0 0 0 
17.6797 -2.1696 17699.3 0.687634 -4.19939 227.361 65.1617 -13 -2 1 0 1 0.142569 -0.0252602 -0.794994 0 0 0 
18.266 -3.06463 17799.3 1.92785 0.113198 227.392 65.5295 -13 -2 1 0 1 0.121893 -0.0311348 -2.27094 0 0 0 
19.183 -2.13672 17899.3 1.9085 3.91726 227.359 65.8973 -13 -2 1 0 1 0.0744434 -0.0221154 -3.33993 0 0 0 
19.6602 0.0670169 17999.2 0.0483332 5.59452 227.332 66.2651 -13 -2 1 0 1 0.000716847 -0.0151887 -3.7404 0 0 0 
19.2228 2.28962 18099.2 -1.82951 3.99825 227.358 66.6329 -13 -2 1 0 1 -0.0733666 -0.0226006 -3.35351 0 0 0 
18.3353 3.26382 18199.2 -1.86789 0.235679 227.393 67.0007 -13 -2 1 0 1 -0.121574 -0.0323714 -2.29516 0 0 0 
17.7795 2.42538 18299.2 -0.597501 -4.06867 227.363 67.3686 -13 -2 1 0 1 -0.14294 -0.0272684 -0.829023 0 0 0 
17.6908 -0.324627 18399.1 -0.139131 -8.43826 227.244 67.7364 -13 -2 1 0 1 -0.144846 -0.00419939 0.765964 0 0 0 
17.2161 -4.92582 18499 -2.63703 -12.2526 227.055 68.1042 -13 -2 1 0 1 -0.12195 0.0256037 2.23815 0 0 0 
14.8594 -10.669 18598.8 -8.48255 -13.1087 226.864 68.472 -13 -2 1 0 1 -0.0688382 0.0335459 3.30374 0 0 0 
9.74556 -15.6688 18698.6 -14.3307 -8.78636 226.778 68.8398 -13 -2 1 0 1 -0.0135368 -0.00694297 3.7035 0 0 0 
2.95471 -17.9587 18798.3 -15.6005 -1.59616 226.859 69.2076 -13 -2 1 0 1 -0.00117742 -0.0743111 3.31961 0 0 0 
-3.2735 -17.4271 18898.1 -12.2226 3.31646 227.047 69.5754 -13 -2 1 0 1 -0.0316965 -0.118429 2.26439 0 0 0 
-7.63844 -15.6959 18998 -7.70066 3.8939 227.237 69.9432 -13 -2 1 0 1 -0.0688271 -0.125341 0.797721 0 0 0 
-10.1895 -14.4347 19098 -4.06279 1.53381 227.359 70.311 -13 -2 1 0 1 -0.0892048 -0.112982 -0.803379 0 0 0 
-11.2826 -14.4612 19198 -0.902132 -1.60773 227.393 70.6789 -13 -2 1 0 1 -0.0850684 -0.0919772 -2.28717 0 0 0 
-10.9505 -15.6541 19298 2.40852 -3.44014 227.362 71.0467 -13 -2 1 0 1 -0.0552143 -0.0551032 -3.36875 0 0 0 
-9.29784 -17.0907 19397.9 4.77028 -2.66164 227.335 71.4145 -13 -2 1 0 1 -0.0142496 0.00536341 -3.78517 0 0 0 
-7.18069 -17.7526 19497.9 4.31145 -0.278345 227.359 71.7823 -13 -2 1 0 1 0.0148266 0.0730184 -3.41662 0 0 0 
-5.92064 -17.4275 19597.9 1.08482 1.55545 227.393 72.1501 -13 -2 1 0 1 0.0295696 0.119417 -2.37561 0 0 0 
-6.38445 -16.5279 19697.9 -3.24085 2.48367 227.364 72.5179 -13 -2 1 0 1 0.0442422 0.135372 -0.925314 0 0 0 
-8.72401 -15.1441 19797.8 -7.24603 4.08664 227.248 72.8857 -13 -2 1 0 1 0.0650235 0.126077 0.654394 0 0 0 
-12.498 -12.5942 19897.7 -9.44359 7.92693 227.066 73.2535 -13 -2 1 0 1 0.0797584 0.0925453 2.11063 0 0 0 
-16.4399 -7.92895 19997.6 -7.67165 13.2995 226.882 73.6214 -13 -2 1 0 1 0.0611811 0.0434147 3.1589 0 0 0 
-18.5834 -1.22764 20097.3 -1.56737 16.4423 226.8 73.9892 -13 -2 1 0 1 -0.00145535 0.014875 3.53649 0 0 0 
-17.7624 5.75798 20197 4.90142 14.5146 226.884 74.357 -13 -2 1 0 1 -0.0697683 0.0366034 3.12165 0 0 0 
-14.8916 11.0975 20296.9 7.32354 9.63462 227.078 74.7248 -13 -2 1 0 1 -0.100222 0.0867228 2.01909 0 0 0 
-11.9715 14.3577 20396.8 5.38478 5.49081 227.27 75.0926 -13 -2 1 0 1 -0.0962148 0.127158 0.482545 0 0 0 
-10.4953 16.1645 20496.7 1.11096 2.88002 227.38 75.4604 -13 -2 1 0 1 -0.0835994 0.143851 -1.21777 0 0 0 
-11.0454 16.8655 20596.7 -3.48802 0.105106 227.374 75.8282 -13 -2 1 0 1 -0.0735927 0.132227 -2.84045 0 0 0 
-13.2452 16.0109 20696.7 -5.90383 -4.22884 227.284 76.196 -13 -2 1 0 1 -0.0553819 0.088286 -4.11602 0 0 0 
-15.5495 13.1528 20796.6 -3.76201 -8.42352 227.213 76.5639 -13 -2 1 0 1 -0.0135591 0.0298698 -4.80087 0 0 0 
-16.0391 9.18649 20896.5 1.76095 -8.76711 227.225 76.9317 -13 -2 1 0 1 0.0363703 -0.00754893 -4.80357 0 0 0 
-14.143 6.11469 20996.5 6.40987 -4.66898 227.262 77.2995 -13 -2 1 0 1 0.059497 -0.0171391 -4.26583 0 0 0 
-10.8723 5.27973 21096.4 7.96905 0.828434 227.259 77.6673 -13 -2 1 0 1 0.0508339 -0.0190778 -3.47003 0 0 0 
-7.45241 6.6673 21196.4 7.36679 5.20342 227.222 78.0351 -13 -2 1 0 1 0.0310513 -0.0235564 -2.66961 0 0 0 
-5.76347 8.25645 21252.2 6.68828 6.90176 227.197 78.2406 -13 -2 1 0 1 0.0213098 -0.02662 -2.26997 0 0 0 

# Event -1 Track 1
-11.2945 14.0917 0 0.831981 -1.28572 227.395 0 -13 -1 1 0 1 0.0844236 -0.0883828 -2.26474 0 0 0 
-11.2894 14.0922 0.4995 0.847132 -1.27182 227.395 0.00183735 -13 -1 1 0 1 0.0844909 -0.0885386 -2.25815 0 0 0 
-11.2894 14.0922 0.5005 0.847162 -1.27179 227.395 0.00184102 -13 -1 1 0 1 0.084491 -0.0885389 -2.25814 0 0 0 
-10.2584 14.2041 100.494 3.85315 1.82956 227.36 0.369653 -13 -1 1 0 1 0.0894422 -0.110546 -0.784152 0 0 0 
-7.81376 15.5951 200.453 7.44419 4.20182 227.239 0.737465 -13 -1 1 0 1 0.0701359 -0.124255 0.811963 0 0 0 
-3.55093 17.4776 300.342 12.0361 3.70283 227.051 1.10528 -13 -1 1 0 1 0.0335515 -0.118865 2.27869 0 0 0 
2.63399 18.194 400.145 15.607 -1.15803 226.861 1.47309 -13 -1 1 0 1 0.00229391 -0.0757774 3.33917 0 0 0 
9.47717 16.0821 499.884 14.5494 -8.44383 226.777 1.8409 -13 -1 1 0 1 0.0131046 -0.00763391 3.73204 0 0 0 
14.7071 11.1894 599.622 8.75618 -12.9675 226.861 2.20871 -13 -1 1 0 1 0.0677193 0.0351333 3.34063 0 0 0 
17.1615 5.47292 699.426 2.78643 -12.2523 227.053 2.57653 -13 -1 1 0 1 0.121329 0.0291295 2.28113 0 0 0 
17.6614 0.862054 799.316 0.103581 -8.46968 227.242 2.94434 -13 -1 1 0 1 0.144661 8.34071e-05 0.814614 0 0 0 
17.6968 -1.90268 899.277 0.3969 -4.10953 227.363 3.31215 -13 -1 1 0 1 0.142655 -0.0231209 -0.785898 0 0 0 
18.1377 -2.77235 999.27 1.56026 0.119882 227.395 3.67996 -13 -1 1 0 1 0.120999 -0.0291768 -2.25761 0 0 0 
18.8864 -1.8789 1099.26 1.52993 3.74246 227.364 4.04777 -13 -1 1 0 1 0.073236 -0.0210903 -3.32587 0 0 0 
19.2195 0.20558 1199.24 -0.205826 5.24012 227.34 4.41559 -13 -1 1 0 1 0.0006221 -0.015156 -3.72549 0 0 0 
18.7137 2.25606 1299.22 -1.88733 3.59724 227.364 4.7834 -13 -1 1 0 1 -0.0715242 -0.0224528 -3.33771 0 0 0 
17.8324 3.06975 1399.21 -1.80281 -0.0789472 227.393 5.15121 -13 -1 1 0 1 -0.118372 -0.0310831 -2.27847 0 0 0 
17.3082 2.11992 1499.2 -0.539248 -4.26159 227.359 5.51902 -13 -1 1 0 1 -0.139335 -0.0248429 -0.811365 0 0 0 
17.2256 -0.690596 1599.16 -0.178821 -8.52156 227.24 5.88683 -13 -1 1 0 1 -0.14132 -0.00127979 0.788707 0 0 0 
16.7074 -5.30216 1699.05 -2.79163 -12.2099 227.055 6.25465 -13 -1 1 0 1 -0.118778 0.0281628 2.25894 0 0 0 
14.2678 -10.9907 1798.86 -8.68684 -12.8977 226.868 6.62246 -13 -1 1 0 1 -0.0667355 0.0349405 3.32664 0 0 0 
9.07695 -15.8617 1898.6 -14.4544 -8.42329 226.784 6.99027 -13 -1 1 0 1 -0.0136413 -0.00669085 3.72887 0 0 0 
2.26699 -17.9791 1998.34 -15.5602 -1.1995 226.864 7.35808 -13 -1 1 0 1 -0.00382727 -0.0740732 3.34784 0 0 0 
-3.91347 -17.2897 2098.14 -12.0615 3.62372 227.051 7.72589 -13 -1 1 0 1 -0.0358403 -0.117172 2.29593 0 0 0 
-8.20029 -15.4506 2198.03 -7.52328 4.07887 227.239 8.09371 -13 -1 1 0 1 -0.0731103 -0.123027 0.833146 0 0 0 
-10.6852 -14.1306 2297.99 -3.9484 1.62219 227.36 8.46152 -13 -1 1 0 1 -0.0929041 -0.110177 -0.767268 0 0 0 
-11.7482 -14.1346 2397.98 -0.880682 -1.59251 227.393 8.82933 -13 -1 1 0 1 -0.087857 -0.0893371 -2.24575 0 0 0 
-11.4248 -15.3376 2497.97 2.35487 -3.50342 227.361 9.19714 -13 -1 1 0 1 -0.0567191 -0.0532575 -3.32097 0 0 0 
-9.80118 -16.8197 2597.95 4.70425 -2.80121 227.334 9.56495 -13 -1 1 0 1 -0.0139493 0.00618007 -3.72973 0 0 0 
-7.70371 -17.5506 2697.92 4.29422 -0.43834 227.359 9.93277 -13 -1 1 0 1 0.017095 0.073246 -3.35195 0 0 0 
-6.43876 -17.2838 2797.91 1.11989 1.46423 227.393 10.3006 -13 -1 1 0 1 0.0332534 0.119648 -2.29977 0 0 0 
-6.88164 -16.3951 2897.91 -3.18463 2.53586 227.364 10.6684 -13 -1 1 0 1 0.0485622 0.135685 -0.835826 0 0 0 
-9.19046 -14.9456 2997.87 -7.15079 4.34238 227.246 11.0362 -13 -1 1 0 1 0.0694425 0.126071 0.764654 0 0 0 
-12.8905 -12.2324 3097.76 -9.16579 8.40995 227.06 11.404 -13 -1 1 0 1 0.0837334 0.0917884 2.24205 0 0 0 
-16.6232 -7.32469 3197.57 -6.95456 13.8755 226.87 11.7718 -13 -1 1 0 1 0.0642484 0.0424099 3.3169 0 0 0 
-18.322 -0.415575 3297.31 -0.263017 16.7372 226.783 12.1396 -13 -1 1 0 1 0.00197325 0.0152065 3.72834 0 0 0 
-16.8259 6.56845 3397.05 6.61587 14.1819 226.861 12.5075 -13 -1 1 0 1 -0.06196 0.0383691 3.35738 0 0 0 
-13.1634 11.6272 3496.85 9.18383 8.74216 227.046 12.8753 -13 -1 1 0 1 -0.0841865 0.0867056 2.31279 0 0 0 
-9.3923 14.4554 3596.74 7.43293 4.52485 227.234 13.2431 -13 -1 1 0 1 -0.0708085 0.121802 0.853557 0 0 0 
-6.92355 15.9593 3696.7 3.61492 2.62461 227.356 13.6109 -13 -1 1 0 1 -0.0492752 0.132826 -0.746828 0 0 0 
-6.27518 16.8973 3796.69 -0.635081 1.62942 227.393 13.9787 -13 -1 1 0 1 -0.0330351 0.118898 -2.22852 0 0 0 
-7.34428 17.2777 3896.68 -3.92353 -0.0826019 227.366 14.3465 -13 -1 1 0 1 -0.0172415 0.0753994 -3.31079 0 0 0 
-9.33951 16.7311 3996.66 -4.62857 -2.35458 227.341 14.7143 -13 -1 1 0 1 0.0118619 0.00985278 -3.72886 0 0 0 
-10.9963 15.4231 4096.64 -2.55851 -3.1899 227.363 15.0821 -13 -1 1 0 1 0.0531038 -0.0506323 -3.36135 0 0 0 
-11.439 14.3101 4196.63 0.569801 -1.49161 227.394 15.4499 -13 -1 1 0 1 0.0847001 -0.08882 -2.31661 0 0 0 
-11.4032 14.3105 4200.5 0.690299 -1.38554 227.395 15.4642 -13 -1 1 0 1 0.0852652 -0.0900289 -2.26574 0 0 0 
-11.4032 14.3105 4200.5 0.69033 -1.38551 227.395 15.4642 -13 -1 1 0 1 0.0852654 -0.0900292 -2.26573 0 0 0 
-10.4253 14.3722 4300.49 3.76348 1.72464 227.362 15.832 -13 -1 1 0 1 0.0907785 -0.111922 -0.791178 0 0 0 
-8.01139 15.7269 4400.45 7.38959 4.14543 227.242 16.1998 -13 -1 1 0 1 0.0716945 -0.125326 0.809184 0 0 0 
-3.76772 17.5972 4500.34 12.0035 3.70408 227.053 16.5676 -13 -1 1 0 1 0.0349706 -0.119681 2.27618 0 0 0 
2.409 18.3252 4600.15 15.6047 -1.1107 226.861 16.9354 -13 -1 1 0 1 0.00314194 -0.076305 3.33685 0 0 0 
9.25949 16.2379 4699.89 14.5839 -8.38711 226.777 17.3032 -13 -1 1 0 1 0.0130915 -0.00765624 3.72982 0 0 0 
14.5092 11.3645 4799.63 8.80559 -12.9411 226.861 17.6711 -13 -1 1 0 1 0.0669487 0.0357825 3.3385 0 0 0 
16.9816 5.64989 4899.43 2.81378 -12.2703 227.051 18.0389 -13 -1 1 0 1 0.120129 0.0302772 2.27912 0 0 0 
17.4846 1.02191 4999.32 0.0892897 -8.52901 227.24 18.4067 -13 -1 1 0 1 0.143248 0.00133329 0.812771 0 0 0 
17.5058 -1.77841 5099.28 0.350583 -4.21371 227.361 18.7745 -13 -1 1 0 1 0.141129 -0.0221475 -0.787553 0 0 0 
17.9261 -2.70569 5199.27 1.52111 -0.0385292 227.395 19.1423 -13 -1 1 0 1 0.11957 -0.0287364 -2.26263 0 0 0 
18.6692 -1.89179 5299.26 1.55264 3.54551 227.367 19.5101 -13 -1 1 0 1 0.0723671 -0.0211397 -3.33056 0 0 0 
19.0324 0.107813 5399.24 -0.0919996 5.06293 227.344 19.8779 -13 -1 1 0 1 0.000585796 -0.0151617 -3.72991 0 0 0 
18.5914 2.09601 5499.22 -1.71671 3.49667 227.367 20.2457 -13 -1 1 0 1 -0.0710871 -0.0218511 -3.34193 0 0 0 
17.7859 2.88332 5599.21 -1.63763 -0.103518 227.394 20.6136 -13 -1 1 0 1 -0.118091 -0.0298668 -2.28251 0 0 0 
17.3262 1.9316 5699.21 -0.412837 -4.25383 227.36 20.9814 -13 -1 1 0 1 -0.1395 -0.0233644 -0.815207 0 0 0 
17.29 -0.876493 5799.17 -0.0940426 -8.52385 227.24 21.3492 -13 -1 1 0 1 -0.141849 0.000184781 0.78507 0 0 0 
16.7994 -5.49537 5899.06 -2.75205 -12.2418 227.054 21.717 -13 -1 1 0 1 -0.119385 0.0294363 2.25908 0 0 0 
14.3664 -11.2032 5998.86 -8.69643 -12.9499 226.864 22.0848 -13 -1 1 0 1 -0.0671163 0.0357606 3.32683 0 0 0 
9.16214 -16.0963 6098.6 -14.5013 -8.46637 226.779 22.4526 -13 -1 1 0 1 -0.0136453 -0.00667963 3.72909 0 0 0 
2.32992 -18.2266 6198.34 -15.6072 -1.21411 226.861 22.8204 -13 -1 1 0 1 -0.00359012 -0.075009 3.34802 0 0 0 
-3.86392 -17.5385 6298.14 -12.0705 3.62988 227.051 23.1882 -13 -1 1 0 1 -0.0355176 -0.118803 2.29603 0 0 0 
-8.14261 -15.6947 6398.03 -7.47594 4.09342 227.24 23.5561 -13 -1 1 0 1 -0.072658 -0.124951 0.833158 0 0 0 
-10.5939 -14.3652 6497.99 -3.84376 1.65468 227.362 23.9239 -13 -1 1 0 1 -0.0921845 -0.112031 -0.767313 0 0 0 
-11.6013 -14.345 6597.98 -0.738291 -1.50813 227.394 24.2917 -13 -1 1 0 1 -0.086886 -0.0907284 -2.24582 0 0 0 
-11.2163 -15.4936 6697.98 2.48048 -3.33876 227.362 24.6595 -13 -1 1 0 1 -0.0559074 -0.0538625 -3.32099 0 0 0 
-9.55427 -16.889 6797.95 4.74415 -2.58184 227.336 25.0273 -13 -1 1 0 1 -0.0139276 0.00617654 -3.72967 0 0 0 
-7.46275 -17.5249 6897.93 4.23112 -0.238921 227.361 25.3951 -13 -1 1 0 1 0.0161925 0.0731507 -3.35182 0 0 0 
-6.23963 -17.1853 6997.92 1.00385 1.59351 227.392 25.7629 -13 -1 1 0 1 0.0319527 0.119003 -2.29964 0 0 0 
-6.73391 -16.2545 7097.91 -3.29474 2.6027 227.361 26.1307 -13 -1 1 0 1 0.0473988 0.134576 -0.835739 0 0 0 
-9.08384 -14.7835 7197.87 -7.22502 4.37802 227.243 26.4985 -13 -1 1 0 1 0.0685988 0.124788 0.764668 0 0 0 
-12.807 -12.0574 7297.76 -9.19694 8.43464 227.057 26.8664 -13 -1 1 0 1 0.0831783 0.090628 2.24199 0 0 0 
-16.545 -7.14066 7397.57 -6.94936 13.8911 226.869 27.2342 -13 -1 1 0 1 0.0639407 0.0416906 3.31679 0 0 0 
-18.2371 -0.227406 7497.31 -0.242156 16.7405 226.783 27.602 -13 -1 1 0 1 0.00196376 0.0151859 3.72826 0 0 0 
-16.7332 6.75674 7597.05 6.62634 14.1819 226.861 27.9698 -13 -1 1 0 1 -0.0616153 0.0390689 3.35736 0 0 0 
-13.0718 11.8181 7696.85 9.16684 8.75725 227.047 28.3376 -13 -1 1 0 1 -0.0835908 0.087949 2.31281 0 0 0 
-9.31596 14.6585 7796.74 7.37844 4.56526 227.235 28.7054 -13 -1 1 0 1 -0.0702099 0.1234 0.853574 0 0 0 
-6.88182 16.1842 7896.7 3.50935 2.67918 227.357 29.0732 -13 -1 1 0 1 -0.048947 0.134605 -0.746865 0 0 0 
-6.29334 17.1427 7996.69 -0.801826 1.65913 227.393 29.441 -13 -1 1 0 1 -0.0331573 0.120531 -2.22864 0 0 0 
-7.44577 17.5203 8096.68 -4.12722 -0.132654 227.363 29.8089 -13 -1 1 0 1 -0.0176421 0.0763579 -3.311 0 0 0 
-9.52611 16.9292 8196.66 -4.79841 -2.50437 227.336 30.1767 -13 -1 1 0 1 0.0118362 0.00988135 -3.7291 0 0 0 
-11.238 15.542 8296.63 -2.63467 -3.38738 227.36 30.5445 -13 -1 1 0 1 0.0539996 -0.0510729 -3.36157 0 0 0 
-11.6942 14.3458 8396.62 0.577328 -1.66232 227.393 30.9123 -13 -1 1 0 1 0.0863613 -0.0890538 -2.31677 0 0 0 
-11.6579 14.3438 8400.5 0.700244 -1.55405 227.394 30.9265 -13 -1 1 0 1 0.0869438 -0.0902512 -2.26582 0 0 0 
-11.6579 14.3438 8400.5 0.700276 -1.55403 227.394 30.9266 -13 -1 1 0 1 0.086944 -0.0902515 -2.26581 0 0 0 
-10.6673 14.3444 8500.49 3.80282 1.61656 227.363 31.2944 -13 -1 1 0 1 0.0926873 -0.111704 -0.791196 0 0 0 
-8.23739 15.6644 8600.45 7.41859 4.09342 227.242 31.6622 -13 -1 1 0 1 0.0734752 -0.124834 0.809188 0 0 0 
-3.98564 17.5221 8700.34 12.0118 3.69725 227.053 32.03 -13 -1 1 0 1 0.0364009 -0.119187 2.27617 0 0 0 
2.19242 18.2551 8800.15 15.6059 -1.08404 226.861 32.3978 -13 -1 1 0 1 0.00396793 -0.076036 3.33677 0 0 0 
9.04563 16.1827 8899.89 14.5976 -8.35054 226.777 32.7656 -13 -1 1 0 1 0.0130922 -0.00765612 3.72969 0 0 0 
14.3052 11.3216 8999.63 8.8355 -12.927 226.86 33.1334 -13 -1 1 0 1 0.0661697 0.0356174 3.33836 0 0 0 
16.7923 5.60402 9099.43 2.84869 -12.2999 227.049 33.5012 -13 -1 1 0 1 0.118883 0.0299748 2.27904 0 0 0 
17.3108 0.952527 9199.32 0.126357 -8.60587 227.237 33.869 -13 -1 1 0 1 0.141876 0.000786438 0.812779 0 0 0 
17.352 -1.89074 9299.27 0.409557 -4.32979 227.359 34.2369 -13 -1 1 0 1 0.139914 -0.0230332 -0.787479 0 0 0 
17.8094 -2.8733 9399.27 1.63648 -0.166939 227.394 34.6047 -13 -1 1 0 1 0.118801 -0.0298399 -2.26253 0 0 0 
18.6195 -2.10869 9499.26 1.74017 3.46079 227.367 34.9725 -13 -1 1 0 1 0.072178 -0.0219735 -3.3305 0 0 0 
19.0745 -0.125956 9599.24 0.126778 5.07628 227.344 35.3403 -13 -1 1 0 1 0.00059038 -0.015169 -3.72994 0 0 0 
18.7228 1.88973 9699.22 -1.53993 3.6007 227.366 35.7081 -13 -1 1 0 1 -0.0715842 -0.0210691 -3.34205 0 0 0 
17.9787 2.7313 9799.21 -1.53526 0.0273527 227.395 36.0759 -13 -1 1 0 1 -0.119356 -0.0288707 -2.28265 0 0 0 
17.5512 1.8319 9899.2 -0.362807 -4.15352 227.362 36.4437 -13 -1 1 0 1 -0.141275 -0.0225794 -0.815301 0 0 0 
17.5316 -0.943893 9999.16 -0.0645848 -8.47927 227.242 36.8115 -13 -1 1 0 1 -0.143759 0.000716839 0.785056 0 0 0 
17.0515 -5.55639 10099.1 -2.73437 -12.2565 227.053 37.1794 -13 -1 1 0 1 -0.121053 0.0298405 2.25916 0 0 0 
14.6213 -11.2812 10198.9 -8.70471 -13.0074 226.861 37.5472 -13 -1 1 0 1 -0.0681047 0.0360651 3.32699 0 0 0 
9.4055 -16.2018 10298.6 -14.5449 -8.52621 226.774 37.915 -13 -1 1 0 1 -0.0136614 -0.00667031 3.72928 0 0 0 
2.54977 -18.351 10398.3 -15.6647 -1.23529 226.857 38.2828 -13 -1 1 0 1 -0.00276373 -0.0754749 3.34819 0 0 0 
-3.66585 -17.6607 10498.1 -12.1071 3.6606 227.048 38.6506 -13 -1 1 0 1 -0.0342234 -0.119601 2.29618 0 0 0 
-7.95287 -15.7929 10598 -7.47744 4.17107 227.239 39.0184 -13 -1 1 0 1 -0.0711649 -0.125723 0.833307 0 0 0 
-10.3996 -14.4193 10698 -3.82699 1.77853 227.361 39.3862 -13 -1 1 0 1 -0.0906511 -0.112458 -0.767149 0 0 0 
-11.4032 -14.3343 10798 -0.746539 -1.33937 227.395 39.754 -13 -1 1 0 1 -0.085577 -0.090659 -2.24563 0 0 0 
-11.0369 -15.4037 10898 2.39737 -3.15582 227.366 40.1219 -13 -1 1 0 1 -0.0552112 -0.0535156 -3.32079 0 0 0 
-9.43081 -16.7273 10997.9 4.57697 -2.4497 227.341 40.4897 -13 -1 1 0 1 -0.0139197 0.00618512 -3.72948 0 0 0 
-7.42216 -17.3253 11097.9 4.03344 -0.200291 227.364 40.8575 -13 -1 1 0 1 0.016038 0.072397 -3.3517 0 0 0 
-6.28067 -16.9859 11197.9 0.837545 1.56218 227.393 41.2253 -13 -1 1 0 1 0.0322188 0.117696 -2.29961 0 0 0 
-6.8369 -16.074 11297.9 -3.41048 2.55737 227.36 41.5931 -13 -1 1 0 1 0.0482077 0.133154 -0.835784 0 0 0 
-9.22813 -14.6177 11397.9 -7.29888 4.36139 227.241 41.9609 -13 -1 1 0 1 0.0697373 0.123479 0.764583 0 0 0 
-12.9755 -11.8891 11497.8 -9.23247 8.46313 227.055 42.3287 -13 -1 1 0 1 0.0842946 0.0895162 2.24192 0 0 0 
-16.7192 -6.95173 11597.6 -6.93871 13.9518 226.866 42.6965 -13 -1 1 0 1 0.0646259 0.0409555 3.31681 0 0 0 
-18.3968 -0.0114157 11697.3 -0.190085 16.7961 226.779 43.0643 -13 -1 1 0 1 0.00198736 0.0151627 3.7284 0 0 0 
-16.8669 6.98984 11797 6.6848 14.2015 226.858 43.4322 -13 -1 1 0 1 -0.0621096 0.0399346 3.3576 0 0 0 
-13.1864 12.0515 11896.8 9.18961 8.74063 227.046 43.8 -13 -1 1 0 1 -0.084338 0.0894685 2.31306 0 0 0 
-9.43256 14.8787 11996.7 7.34572 4.52353 227.237 44.1678 -13 -1 1 0 1 -0.0711285 0.125134 0.853772 0 0 0 
-7.02442 16.3799 12096.7 3.42668 2.6062 227.36 44.5356 -13 -1 1 0 1 -0.0500762 0.136156 -0.746751 0 0 0 
-6.47813 17.295 12196.7 -0.903269 1.53069 227.393 44.9034 -13 -1 1 0 1 -0.0343866 0.121549 -2.22862 0 0 0 
-7.66869 17.6015 12296.7 -4.18778 -0.3259 227.361 45.2712 -13 -1 1 0 1 -0.0185224 0.0766849 -3.31106 0 0 0 
-9.75573 16.9181 12396.6 -4.76309 -2.71886 227.334 45.639 -13 -1 1 0 1 0.0118014 0.00988664 -3.7292 0 0 0 
-11.431 15.4455 12496.6 -2.5107 -3.55129 227.359 46.0068 -13 -1 1 0 1 0.0547106 -0.0507102 -3.36167 0 0 0 
-11.8241 14.1948 12596.6 0.729053 -1.74713 227.392 46.3747 -13 -1 1 0 1 0.0872033 -0.0880676 -2.31689 0 0 0 
-11.7853 14.1919 12600.5 0.85214 -1.63579 227.393 46.389 -13 -1 1 0 1 0.0877816 -0.0892505 -2.2658 0 0 0 
-11.7853 14.1919 12600.5 0.852172 -1.63576 227.393 46.389 -13 -1 1 0 1 0.0877817 -0.0892508 -2.26578 0 0 0 
-10.7321 14.1691 12700.5 3.9298 1.58503 227.361 46.7568 -13 -1 1 0 1 0.0931977 -0.110321 -0.791186 0 0 0 
-8.25564 15.4787 12800.5 7.50233 4.07207 227.24 47.1246 -13 -1 1 0 1 0.0736178 -0.123368 0.809147 0 0 0 
-3.97746 17.3249 12900.3 12.0479 3.66514 227.051 47.4924 -13 -1 1 0 1 0.0363465 -0.11789 2.27605 0 0 0 
2.20601 18.0419 13000.1 15.5957 -1.12193 226.862 47.8602 -13 -1 1 0 1 0.00391611 -0.0752213 3.3366 0 0 0 
9.04744 15.9551 13099.9 14.5591 -8.37587 226.779 48.228 -13 -1 1 0 1 0.0130912 -0.00765621 3.72951 0 0 0 
14.2901 11.087 13199.6 8.80328 -12.9345 226.861 48.5958 -13 -1 1 0 1 0.0661096 0.0347225 3.33825 0 0 0 
16.7701 5.3675 13299.4 2.85236 -12.3041 227.049 48.9636 -13 -1 1 0 1 0.118735 0.0284226 2.27902 0 0 0 
17.3011 0.712289 13399.3 0.180724 -8.61904 227.237 49.3315 -13 -1 1 0 1 0.141798 -0.00110576 0.812805 0 0 0 
17.3788 -2.1372 13499.3 0.522083 -4.34053 227.358 49.6993 -13 -1 1 0 1 0.140126 -0.0249768 -0.787453 0 0 0 
17.8979 -3.11714 13599.3 1.80149 -0.136027 227.393 50.0671 -13 -1 1 0 1 0.119387 -0.0314461 -2.26256 0 0 0 
18.7851 -2.32121 13699.3 1.91467 3.57736 227.364 50.4349 -13 -1 1 0 1 0.0728197 -0.0227912 -3.33062 0 0 0 
19.3052 -0.267787 13799.2 0.236072 5.27413 227.339 50.8027 -13 -1 1 0 1 0.000601616 -0.0151737 -3.73016 0 0 0 
18.9785 1.84079 13899.2 -1.53566 3.81153 227.363 51.1705 -13 -1 1 0 1 -0.0725527 -0.0208839 -3.3423 0 0 0 
18.2183 2.765 13999.2 -1.60282 0.18561 227.395 51.5383 -13 -1 1 0 1 -0.120929 -0.0290921 -2.28286 0 0 0 
17.7564 1.92049 14099.2 -0.443064 -4.06026 227.364 51.9061 -13 -1 1 0 1 -0.142894 -0.0232774 -0.815455 0 0 0 
17.7061 -0.825181 14199.2 -0.120469 -8.4319 227.244 52.2739 -13 -1 1 0 1 -0.145138 -0.000219088 0.784968 0 0 0 
17.2089 -5.42364 14299 -2.75629 -12.2383 227.054 52.6418 -13 -1 1 0 1 -0.122094 0.0289672 2.25912 0 0 0 
14.7749 -11.1455 14398.9 -8.7028 -13.0111 226.861 53.0096 -13 -1 1 0 1 -0.0687011 0.0355442 3.32697 0 0 0 
9.56141 -16.0709 14498.6 -14.5402 -8.54179 226.774 53.3774 -13 -1 1 0 1 -0.0136727 -0.00667355 3.72924 0 0 0 
2.70511 -18.2258 14598.3 -15.6736 -1.24155 226.856 53.7452 -13 -1 1 0 1 -0.00218033 -0.0749984 3.34816 0 0 0 
-3.51822 -17.5322 14698.1 -12.1335 3.68468 227.047 54.113 -13 -1 1 0 1 -0.0332579 -0.118755 2.29621 0 0 0 
-7.82125 -15.6454 14798 -7.52552 4.23327 227.236 54.4808 -13 -1 1 0 1 -0.0701276 -0.124559 0.833411 0 0 0 
-10.2969 -14.2374 14898 -3.91447 1.86887 227.359 54.8486 -13 -1 1 0 1 -0.0898387 -0.111021 -0.766972 0 0 0 
-11.3521 -14.1125 14998 -0.896843 -1.25596 227.395 55.2164 -13 -1 1 0 1 -0.0852387 -0.0891918 -2.2454 0 0 0 
-11.0658 -15.1573 15098 2.1892 -3.13833 227.368 55.5843 -13 -1 1 0 1 -0.0553253 -0.0525606 -3.32057 0 0 0 
-9.55383 -16.4961 15197.9 4.37066 -2.53735 227.344 55.9521 -13 -1 1 0 1 -0.0139328 0.00619875 -3.72934 0 0 0 
-7.62176 -17.1512 15297.9 3.89968 -0.361129 227.367 56.3199 -13 -1 1 0 1 0.0167836 0.0717395 -3.35169 0 0 0 
-6.5197 -16.885 15397.9 0.788059 1.40167 227.395 56.6877 -13 -1 1 0 1 0.0337784 0.117036 -2.29969 0 0 0 
-7.08613 -16.034 15497.9 -3.41532 2.44519 227.362 57.0555 -13 -1 1 0 1 0.0501685 0.13284 -0.835886 0 0 0 
-9.47739 -14.6145 15597.9 -7.29884 4.30605 227.242 57.4233 -13 -1 1 0 1 0.0717013 0.123439 0.760596 0 0 0 
-13.2267 -11.8986 15697.8 -9.2414 8.45929 227.055 57.7911 -13 -1 1 0 1 0.085951 0.0895675 2.23781 0 0 0 
-16.9749 -6.95353 15797.6 -6.94773 13.9876 226.863 58.1589 -13 -1 1 0 1 0.0656157 0.0409548 3.3126 0 0 0 
-18.6538 0.00694283 15897.3 -0.185846 16.8466 226.775 58.5268 -13 -1 1 0 1 0.00200252 0.0151583 3.72404 0 0 0 
-17.1194 7.02769 15997 6.69898 14.2348 226.856 58.8946 -13 -1 1 0 1 -0.0630643 0.0400815 3.35301 0 0 0 
-13.4338 12.0959 16096.8 9.19572 8.73509 227.046 59.2624 -13 -1 1 0 1 -0.0859625 0.0897728 2.30817 0 0 0 
-9.68134 14.9104 16196.7 7.33296 4.4696 227.238 59.6302 -13 -1 1 0 1 -0.0730939 0.125404 0.848522 0 0 0 
-7.28076 16.3752 16296.7 3.4096 2.4933 227.361 59.998 -13 -1 1 0 1 -0.0521015 0.136124 -0.748442 0 0 0 
-6.73596 17.2275 16396.7 -0.88431 1.36077 227.395 60.3658 -13 -1 1 0 1 -0.0360976 0.121107 -2.23048 0 0 0 
-7.90085 17.4529 16496.7 -4.08367 -0.514191 227.363 60.7336 -13 -1 1 0 1 -0.0194365 0.0761077 -3.31306 0 0 0 
-9.92119 16.6965 16596.6 -4.56954 -2.84967 227.337 61.1014 -13 -1 1 0 1 0.0117756 0.00986437 -3.73133 0 0 0 
-11.5027 15.1893 16696.6 -2.29211 -3.57631 227.361 61.4692 -13 -1 1 0 1 0.05497 -0.0497534 -3.36398 0 0 0 
-11.808 13.9471 16796.6 0.902025 -1.69253 227.392 61.8371 -13 -1 1 0 1 0.087091 -0.0864488 -2.31945 0 0 0 
-11.7667 13.9453 16800.5 1.02272 -1.57919 227.393 61.8514 -13 -1 1 0 1 0.0876529 -0.0876215 -2.26831 0 0 0 
-11.7667 13.9453 16800.5 1.02275 -1.57916 227.393 61.8514 -13 -1 1 0 1 0.087653 -0.0876218 -2.2683 0 0 0 
-10.6532 13.9535 16900.5 4.03498 1.66015 227.359 62.2192 -13 -1 1 0 1 0.0925554 -0.108602 -0.797725 0 0 0 
-8.14244 15.2929 17000.5 7.556 4.12915 227.237 62.587 -13 -1 1 0 1 0.0727111 -0.121881 0.802094 0 0 0 
-3.84883 17.1586 17100.3 12.0668 3.69787 227.05 62.9548 -13 -1 1 0 1 0.0354975 -0.116768 2.26846 0 0 0 
2.3382 17.8873 17200.1 15.5963 -1.09814 226.862 63.3226 -13 -1 1 0 1 0.00342408 -0.0745996 3.32849 0 0 0 
9.18061 15.8124 17299.9 14.5682 -8.34313 226.78 63.6904 -13 -1 1 0 1 0.0131229 -0.00762807 3.72092 0 0 0 
14.4348 10.9614 17399.6 8.85065 -12.8907 226.862 64.0582 -13 -1 1 0 1 0.0667132 0.0342609 3.32914 0 0 0 
16.9469 5.26272 17499.4 2.95146 -12.2529 227.051 64.4261 -13 -1 1 0 1 0.119965 0.0277349 2.26926 0 0 0 
17.5322 0.634171 17599.3 0.32648 -8.54388 227.24 64.7939 -13 -1 1 0 1 0.1437 -0.00173934 0.80226 0 0 0 
17.6797 -2.1696 17699.3 0.687634 -4.19939 227.361 65.1617 -13 -1 1 0 1 0.142569 -0.0252602 -0.794994 0 0 0 
18.266 -3.06463 17799.3 1.92785 0.113198 227.392 65.5295 -13 -1 1 0 1 0.121893 -0.0311348 -2.27094 0 0 0 
19.183 -2.13672 17899.3 1.9085 3.91726 227.359 65.8973 -13 -1 1 0 1 0.0744434 -0.0221154 -3.33993 0 0 0 
19.6602 0.0670169 17999.2 0.0483332 5.59452 227.332 66.2651 -13 -1 1 0 1 0.000716847 -0.0151887 -3.7404 0 0 0 
19.2228 2.28962 18099.2 -1.82951 3.99825 227.358 66.6329 -13 -1 1 0 1 -0.0733666 -0.0226006 -3.35351 0 0 0 
18.3353 3.26382 18199.2 -1.86789 0.235679 227.393 67.0007 -13 -1 1 0 1 -0.121574 -0.0323714 -2.29516 0 0 0 
17.7795 2.42538 18299.2 -0.597501 -4.06867 227.363 67.3686 -13 -1 1 0 1 -0.14294 -0.0272684 -0.829023 0 0 0 
17.6908 -0.324627 18399.1 -0.139131 -8.43826 227.244 67.7364 -13 -1 1 0 1 -0.144846 -0.00419939 0.765964 0 0 0 
17.2161 -4.92582 18499 -2.63703 -12.2526 227.055 68.1042 -13 -1 1 0 1 -0.12195 0.0256037 2.23815 0 0 0 
14.8594 -10.669 18598.8 -8.48255 -13.1087 226.864 68.472 -13 -1 1 0 1 -0.0688382 0.0335459 3.30374 0 0 0 
9.74556 -15.6688 18698.6 -14.3307 -8.78636 226.778 68.8398 -13 -1 1 0 1 -0.0135368 -0.00694297 3.7035 0 0 0 
2.95471 -17.9587 18798.3 -15.6005 -1.59616 226.859 69.2076 -13 -1 1 0 1 -0.00117742 -0.0743111 3.31961 0 0 0 
-3.2735 -17.4271 18898.1 -12.2226 3.31646 227.047 69.5754 -13 -1 1 0 1 -0.0316965 -0.118429 2.26439 0 0 0 
-7.63844 -15.6959 18998 -7.70066 3.8939 227.237 69.9432 -13 -1 1 0 1 -0.0688271 -0.125341 0.797721 0 0 0 
-10.1895 -14.4347 19098 -4.06279 1.53381 227.359 70.311 -13 -1 1 0 1 -0.0892048 -0.112982 -0.803379 0 0 0 
-11.2826 -14.4612 19198 -0.902132 -1.60773 227.393 70.6789 -13 -1 1 0 1 -0.0850684 -0.0919772 -2.28717 0 0 0 
-10.9505 -15.6541 19298 2.40852 -3.44014 227.362 71.0467 -13 -1 1 0 1 -0.0552143 -0.0551032 -3.36875 0 0 0 
-9.29784 -17.0907 19397.9 4.77028 -2.66164 227.335 71.4145 -13 -1 1 0 1 -0.0142496 0.00536341 -3.78517 0 0 0 
-7.18069 -17.7526 19497.9 4.31145 -0.278345 227.359 71.7823 -13 -1 1 0 1 0.0148266 0.0730184 -3.41662 0 0 0 
-5.92064 -17.4275 19597.9 1.08482 1.55545 227.393 72.1501 -13 -1 1 0 1 0.0295696 0.119417 -2.37561 0 0 0 
-6.38445 -16.5279 19697.9 -3.24085 2.48367 227.364 72.5179 -13 -1 1 0 1 0.0442422 0.135372 -0.925314 0 0 0 
-8.72401 -15.1441 19797.8 -7.24603 4.08664 227.248 72.8857 -13 -1 1 0 1 0.0650235 0.126077 0.654394 0 0 0 
-12.498 -12.5942 19897.7 -9.44359 7.92693 227.066 73.2535 -13 -1 1 0 1 0.0797584 0.0925453 2.11063 0 0 0 
-16.4399 -7.92895 19997.6 -7.67165 13.2995 226.882 73.6214 -13 -1 1 0 1 0.0611811 0.0434147 3.1589 0 0 0 
-18.5834 -1.22764 20097.3 -1.56737 16.4423 226.8 73.9892 -13 -1 1 0 1 -0.00145535 0.014875 3.53649 0 0 0 
-17.7624 5.75798 20197 4.90142 14.5146 226.884 74.357 -13 -1 1 0 1 -0.0697683 0.0366034 3.12165 0 0 0 
-14.8916 11.0975 20296.9 7.32354 9.63462 227.078 74.7248 -13 -1 1 0 1 -0.100222 0.0867228 2.01909 0 0 0 
-11.9715 14.3577 20396.8 5.38478 5.49081 227.27 75.0926 -13 -1 1 0 1 -0.0962148 0.127158 0.482545 0 0 0 
-10.4953 16.1645 20496.7 1.11096 2.88002 227.38 75.4604 -13 -1 1 0 1 -0.0835994 0.143851 -1.21777 0 0 0 
-11.0454 16.8655 20596.7 -3.48802 0.105106 227.374 75.8282 -13 -1 1 0 1 -0.0735927 0.132227 -2.84045 0 0 0 
-13.2452 16.0109 20696.7 -5.90383 -4.22884 227.284 76.196 -13 -1 1 0 1 -0.0553819 0.088286 -4.11602 0 0 0 
-15.5495 13.1528 20796.6 -3.76201 -8.42352 227.213 76.5639 -13 -1 1 0 1 -0.0135591 0.0298698 -4.80087 0 0 0 
-16.0391 9.18649 20896.5 1.76095 -8.76711 227.225 76.9317 -13 -1 1 0 1 0.0363703 -0.00754893 -4.80357 0 0 0 
-14.143 6.11469 20996.5 6.40987 -4.66898 227.262 77.2995 -13 -1 1 0 1 0.059497 -0.0171391 -4.26583 0 0 0 
-10.8723 5.27973 21096.4 7.96905 0.828434 227.259 77.6673 -13 -1 1 0 1 0.0508339 -0.0190778 -3.47003 0 0 0 
-7.45241 6.6673 21196.4 7.36679 5.20342 227.222 78.0351 -13 -1 1 0 1 0.0310513 -0.0235564 -2.66961 0 0 0 
-5.76347 8.25645 21252.2 6.68828 6.90176 227.197 78.2406 -13 -1 1 0 1 0.0213098 -0.02662 -2.26997 0 0 0 

# Event 1 Track 1
-21.4115 13.9846 0 -40.2752 -10.8774 223.54 0.0870076 -13 1 1 0 1 0.151005 -0.0877636 -2.26809 0 0 0 
-21.4954 13.9568 0.4995 -40.2456 -10.9158 223.544 0.0888734 -13 1 1 0 1 0.151759 -0.0877321 -2.26152 0 0 0 
-21.4955 13.9567 0.5005 -40.2455 -10.9158 223.544 0.0888771 -13 1 1 0 1 0.15176 -0.087732 -2.26151 0 0 0 
-38.0156 8.4674 98.9712 -35.353 -11.9 224.32 0.456689 -13 1 1 0 1 0.308542 -0.0653575 -0.815544 0 0 0 
-53.0998 5.24477 197.764 -33.6129 -0.944721 224.9 0.824501 -13 1 1 0 1 0.429697 -0.0429428 0.776997 0 0 0 
-67.3392 8.99573 296.64 -30.0708 19.1161 224.591 1.19231 -13 1 1 0 1 0.462456 -0.0645086 2.27132 0 0 0 
-77.9364 22.2662 395.133 -15.8568 40.2739 223.243 1.56013 -13 1 1 0 1 0.330524 -0.0973086 3.40515 0 0 0 
-79.6728 42.3645 493.021 8.68006 47.7055 222.17 1.92794 -13 1 1 0 1 0.0369421 -0.0201973 3.88703 0 0 0 
-71.159 61.1196 590.831 27.4871 34.7588 223.04 2.29575 -13 1 1 0 1 -0.245032 0.213305 3.55898 0 0 0 
-58.3813 71.7096 689.406 27.3697 13.4505 225.346 2.66356 -13 1 1 0 1 -0.370601 0.45962 2.50389 0 0 0 
-49.2271 73.7306 788.925 12.8547 -3.08222 227.016 3.03137 -13 1 1 0 1 -0.384551 0.578105 1.00793 0 0 0 
-47.4641 69.7172 888.794 -4.42997 -14.9226 226.867 3.39919 -13 1 1 0 1 -0.379122 0.553831 -0.636637 0 0 0 
-52.1116 60.3614 988.223 -14.8229 -28.1905 225.158 3.767 -13 1 1 0 1 -0.358898 0.407039 -2.16674 0 0 0 
-58.284 44.69 1086.77 -10.3249 -42.6139 223.133 4.13481 -13 1 1 0 1 -0.252139 0.180201 -3.30712 0 0 0 
-58.8681 24.2844 1184.63 9.45271 -47.5543 222.171 4.50262 -13 1 1 0 1 -0.0368625 -1.39115e-05 -3.79043 0 0 0 
-49.6798 5.47916 1282.36 31.2098 -35.3525 222.457 4.87043 -13 1 1 0 1 0.159737 -0.0319992 -3.49405 0 0 0 
-33.159 -5.52373 1380.33 41.7116 -14.5701 223.066 5.23825 -13 1 1 0 1 0.202999 0.0224633 -2.52823 0 0 0 
-14.4978 -8.20483 1478.52 42.1816 0.625282 223.453 5.60606 -13 1 1 0 1 0.109177 0.0546434 -1.1341 0 0 0 
3.66317 -6.77976 1576.84 40.5279 3.70863 223.729 5.97387 -13 1 1 0 1 -0.0341255 0.0472486 0.434264 0 0 0 
21.2271 -6.76576 1675.28 39.1304 -5.54312 223.939 6.34168 -13 1 1 0 1 -0.157205 0.0409312 1.93651 0 0 0 
37.3513 -12.9384 1773.75 32.7552 -23.2867 223.821 6.70949 -13 1 1 0 1 -0.186442 0.0534573 3.13026 0 0 0 
48.5292 -26.9621 1872.08 16.5727 -39.004 223.416 7.07731 -13 1 1 0 1 -0.0680925 0.0228788 3.75202 0 0 0 
51.4395 -45.2114 1970.33 -2.63196 -41.3874 223.587 7.44512 -13 1 1 0 1 0.131405 -0.133781 3.61339 0 0 0 
47.8495 -61.5473 2068.91 -11.0859 -31.7411 224.901 7.81293 -13 1 1 0 1 0.275057 -0.372841 2.73157 0 0 0 
44.012 -72.8776 2168.17 -4.06175 -20.081 226.475 8.18074 -13 1 1 0 1 0.331632 -0.566076 1.33132 0 0 0 
45.7787 -79.4414 2267.91 13.157 -9.65398 226.814 8.54855 -13 1 1 0 1 0.364592 -0.646376 -0.298699 0 0 0 
55.8566 -80.6754 2367.34 32.0892 5.47784 225.058 8.91637 -13 1 1 0 1 0.399732 -0.587662 -1.89777 0 0 0 
72.4509 -73.1718 2465.61 40.3702 29.9662 221.773 9.28418 -13 1 1 0 1 0.357711 -0.367301 -3.1926 0 0 0 
87.9711 -54.3023 2562.52 26.2042 54.1043 219.31 9.65199 -13 1 1 0 1 0.12343 -0.0769496 -3.88033 0 0 0 
92.9998 -28.5952 2658.94 -4.30277 58.3894 219.734 10.0198 -13 1 1 0 1 -0.238255 0.0770802 -3.76586 0 0 0 
85.1134 -6.46658 2756.06 -29.0155 39.4832 222.059 10.3876 -13 1 1 0 1 -0.492407 0.0436993 -2.89766 0 0 0 
69.9887 5.17336 2854.16 -37.3215 13.8579 223.888 10.7554 -13 1 1 0 1 -0.53436 -0.0324648 -1.53433 0 0 0 
53.6082 6.85477 2952.77 -36.6536 -4.4207 224.383 11.1232 -13 1 1 0 1 -0.437003 -0.0481491 0.0462063 0 0 0 
37.5932 2.99511 3051.4 -36.7715 -11.1036 224.133 11.491 -13 1 1 0 1 -0.280418 -0.0127263 1.59888 0 0 0 
20.8211 -1.08741 3149.89 -39.6303 -5.41122 223.855 11.8589 -13 1 1 0 1 -0.113002 0.0183597 2.87424 0 0 0 
3.22122 -0.226928 3248.31 -39.2022 10.4814 223.75 12.2267 -13 1 1 0 1 -0.00689724 0.0152589 3.61478 0 0 0 
-12.3466 8.31262 3346.69 -30.2661 27.5659 223.685 12.5945 -13 1 1 0 1 -0.0226778 0.0303111 3.63846 0 0 0 
-22.8885 22.724 3445.06 -18.0531 36.2157 223.771 12.9623 -13 1 1 0 1 -0.119083 0.131837 2.9347 0 0 0 
-29.31 38.8151 3543.55 -12.996 35.8224 224.185 13.3301 -13 1 1 0 1 -0.213388 0.294906 1.67766 0 0 0 
-36.1047 53.4859 3642.22 -19.8797 30.1282 224.517 13.6979 -13 1 1 0 1 -0.2882 0.440029 0.125256 0 0 0 
-48.188 64.3648 3740.86 -36.0319 17.7791 223.822 14.0657 -13 1 1 0 1 -0.360475 0.496967 -1.47075 0 0 0 
-67.6956 67.3298 3838.82 -51.2159 -6.50555 221.462 14.4335 -13 1 1 0 1 -0.384856 0.399815 -2.86649 0 0 0 
-90.6413 57.3074 3935.55 -49.0489 -39.1858 218.562 14.8014 -13 1 1 0 1 -0.227453 0.15965 -3.77829 0 0 0 
-107.273 34.6002 4031.41 -23.6177 -60.1509 218.025 15.1692 -13 1 1 0 1 0.156101 -0.0384229 -3.94076 0 0 0 
-110.699 8.60701 4127.82 6.6251 -53.5105 220.915 15.537 -13 1 1 0 1 0.557787 -0.0364231 -3.28186 0 0 0 
-106.171 -6.09822 4200.5 19.2665 -35.4528 223.792 15.8103 -13 1 1 0 1 0.730696 0.0455913 -2.3733 0 0 0 
-106.171 -6.09832 4200.5 19.2666 -35.4525 223.792 15.8103 -13 1 1 0 1 0.730698 0.045592 -2.37328 0 0 0 
-96.7204 -15.5726 4299.54 21.589 -7.97742 226.233 16.1781 -13 1 1 0 1 0.784389 0.126376 -0.837104 0 0 0 
-88.0123 -13.8584 4399.1 18.2283 14.695 226.192 16.546 -13 1 1 0 1 0.712879 0.109533 0.807079 0 0 0 
-79.712 -3.75496 4498.22 21.239 29.6696 224.454 16.9138 -13 1 1 0 1 0.54576 0.0210858 2.30749 0 0 0 
-67.8228 10.3295 4596.49 34.0544 31.6083 222.603 17.2816 -13 1 1 0 1 0.284088 -0.0478049 3.38221 0 0 0 
-49.6828 21.4044 4694.17 47.2376 16.0525 221.86 17.6494 -13 1 1 0 1 0.0251962 -0.0127551 3.77947 0 0 0 
-28.1579 23.0247 4791.76 48.1752 -8.91584 222.06 18.0172 -13 1 1 0 1 -0.0879262 0.0741416 3.41524 0 0 0 
-8.97641 14.4443 4889.49 38.1758 -28.2789 222.382 18.385 -13 1 1 0 1 -0.0479124 0.0848483 2.40828 0 0 0 
5.63148 -0.0953562 4987.33 29.4436 -35.9923 222.595 18.7528 -13 1 1 0 1 0.0497465 -0.00740385 0.999993 0 0 0 
18.3977 -15.7857 5085.26 30.4706 -33.8687 222.79 19.1206 -13 1 1 0 1 0.149894 -0.133549 -0.565816 0 0 0 
33.8052 -28.4437 5183.23 40.5548 -21.8194 222.688 19.4884 -13 1 1 0 1 0.235546 -0.207157 -2.06009 0 0 0 
53.9752 -33.2164 5281.01 49.8308 1.90243 221.865 19.8563 -13 1 1 0 1 0.244057 -0.163213 -3.23744 0 0 0 
75.4776 -26.0423 5378.34 44.8869 30.1123 220.883 20.2241 -13 1 1 0 1 0.0675801 -0.03858 -3.83175 0 0 0 
91.177 -8.70322 5475.51 25.146 45.2404 221.432 20.5919 -13 1 1 0 1 -0.277966 0.0118562 -3.65301 0 0 0 
97.8795 10.4682 5573.39 7.13839 38.71 223.968 20.9597 -13 1 1 0 1 -0.603532 -0.076244 -2.72166 0 0 0 
99.5896 23.3959 5672.5 3.04301 18.8498 226.597 21.3275 -13 1 1 0 1 -0.781917 -0.191749 -1.28089 0 0 0 
102.02 26.446 5772.38 8.66513 -5.41146 227.171 21.6953 -13 1 1 0 1 -0.837745 -0.222685 0.371401 0 0 0 
106.727 18.3209 5871.88 10.9777 -31.6834 224.915 22.0631 -13 1 1 0 1 -0.785994 -0.140099 1.97457 0 0 0 
109.29 -0.87523 5969.93 -2.53176 -53.8036 220.929 22.4309 -13 1 1 0 1 -0.55707 -0.00292671 3.25181 0 0 0 
102.201 -26.1 6066.36 -30.9008 -56.4324 218.109 22.7988 -13 1 1 0 1 -0.157574 0.0290293 3.89907 0 0 0 
82.9456 -46.5457 6162.24 -53.742 -33.0203 218.478 23.1666 -13 1 1 0 1 0.197621 -0.125402 3.74219 0 0 0 
58.2768 -53.7477 6258.79 -54.768 -0.145322 220.707 23.5344 -13 1 1 0 1 0.322076 -0.312584 2.85558 0 0 0 
36.9644 -48.1918 6356.27 -41.1345 23.0409 222.459 23.9022 -13 1 1 0 1 0.269642 -0.366039 1.49603 0 0 0 
21.8697 -35.4618 6454.28 -28.7439 32.9651 223.155 24.27 -13 1 1 0 1 0.16793 -0.285655 -0.0700733 0 0 0 
10.207 -20.5552 6552.48 -26.1259 33.4665 223.402 24.6378 -13 1 1 0 1 0.0659636 -0.148662 -1.60891 0 0 0 
-2.46821 -7.29168 6650.77 -32.5203 25.27 223.64 25.0056 -13 1 1 0 1 -0.0245497 -0.0335866 -2.87833 0 0 0 
-18.5176 0.288213 6749.15 -39.6946 7.93978 223.768 25.3734 -13 1 1 0 1 -0.0503943 0.00774042 -3.62459 0 0 0 
-36.1371 -0.707346 6847.55 -38.8142 -11.8976 223.747 25.7413 -13 1 1 0 1 0.0558304 0.00901915 -3.65774 0 0 0 
-51.6579 -8.85183 6945.99 -31.4574 -23.0092 224.036 26.1091 -13 1 1 0 1 0.263327 0.0540734 -2.95183 0 0 0 
-64.2933 -18.9897 7044.66 -27.2159 -21.0389 224.784 26.4769 -13 1 1 0 1 0.468896 0.147175 -1.67943 0 0 0 
-76.779 -25.7581 7143.63 -30.6983 -8.06963 225.174 26.8447 -13 1 1 0 1 0.620076 0.216458 -0.106907 0 0 0 
-91.665 -24.6105 7242.47 -36.4434 14.9597 223.962 27.2125 -13 1 1 0 1 0.69892 0.197322 1.50677 0 0 0 
-107.242 -11.4605 7340.29 -31.3765 45.2929 220.624 27.5803 -13 1 1 0 1 0.625774 0.0792776 2.91432 0 0 0 
-116.07 14.1727 7436.44 -5.36638 68.134 216.887 27.9481 -13 1 1 0 1 0.306322 -0.0224174 3.82446 0 0 0 
-110.442 44.3221 7531.5 30.3184 63.6251 216.203 28.3159 -13 1 1 0 1 -0.14776 0.0748613 3.96917 0 0 0 
-91.9959 66.338 7627.18 49.1147 34.0991 219.399 28.6837 -13 1 1 0 1 -0.451968 0.339821 3.29663 0 0 0 
-71.0939 74.0901 7724.57 42.5278 2.56673 223.374 29.0516 -13 1 1 0 1 -0.511308 0.544738 2.01854 0 0 0 
-56.2679 70.3439 7823.34 24.451 -17.6609 225.391 29.4194 -13 1 1 0 1 -0.452885 0.577997 0.438263 0 0 0 
-49.0268 59.7976 7922.49 9.95224 -29.4479 225.266 29.7872 -13 1 1 0 1 -0.3762 0.472859 -1.18108 0 0 0 
-45.7586 44.9669 8021.32 7.23332 -37.3589 224.194 30.155 -13 1 1 0 1 -0.273199 0.284654 -2.589 0 0 0 
-40.6913 27.9299 8119.72 17.6147 -38.3891 223.444 30.5228 -13 1 1 0 1 -0.115871 0.0955081 -3.51182 0 0 0 
-29.5235 13.0768 8217.95 32.8964 -27.045 223.377 30.8906 -13 1 1 0 1 0.0345736 -0.00199872 -3.72954 0 0 0 
-12.798 5.38405 8316.2 41.5182 -7.55327 223.451 31.2584 -13 1 1 0 1 0.0677402 -0.0173251 -3.20053 0 0 0 
3.1258 5.3865 8400.5 42.2037 6.51783 223.355 31.574 -13 1 1 0 1 -0.0103343 -0.0312783 -2.26307 0 0 0 
3.12598 5.38655 8400.5 42.2037 6.51795 223.355 31.574 -13 1 1 0 1 -0.0103356 -0.0312787 -2.26306 0 0 0 
21.489 10.0711 8498.68 41.656 12.6961 223.192 31.9418 -13 1 1 0 1 -0.16071 -0.0778893 -0.824655 0 0 0 
40.3017 14.6383 8596.79 44.4528 5.85017 222.937 32.3097 -13 1 1 0 1 -0.310908 -0.11735 0.752393 0 0 0 
60.5628 13.2769 8694.67 46.8019 -14.0546 222.088 32.6775 -13 1 1 0 1 -0.398279 -0.093569 2.23702 0 0 0 
79.7543 1.1265 8791.99 37.6565 -41.3415 220.418 33.0453 -13 1 1 0 1 -0.321044 -0.0110673 3.37524 0 0 0 
91.1384 -21.7158 8888.59 11.9775 -59.315 219.202 33.4131 -13 1 1 0 1 -0.0293196 0.00251117 3.89602 0 0 0 
89.9808 -47.4468 8985.15 -15.5624 -53.6754 220.427 33.7809 -13 1 1 0 1 0.321243 -0.170549 3.62143 0 0 0 
80.2188 -66.4739 9082.78 -25.0135 -31.6713 223.791 34.1487 -13 1 1 0 1 0.522712 -0.432239 2.60933 0 0 0 
70.9463 -75.3989 9181.9 -14.6968 -9.78253 226.714 34.5165 -13 1 1 0 1 0.567327 -0.603048 1.12776 0 0 0 
68.4709 -75.7776 9281.82 3.69487 7.7005 227.24 34.8843 -13 1 1 0 1 0.55969 -0.623297 -0.529722 0 0 0 
73.5233 -68.4381 9381.38 17.5016 26.2799 225.198 35.2522 -13 1 1 0 1 0.523859 -0.496368 -2.10449 0 0 0 
81.4696 -52.3439 9479.72 15.2179 46.5069 222.073 35.62 -13 1 1 0 1 0.378803 -0.256446 -3.31202 0 0 0 
83.9919 -29.0914 9576.9 -6.21748 56.109 220.282 35.9878 -13 1 1 0 1 0.0806075 -0.0432217 -3.85974 0 0 0 
75.3326 -6.30232 9673.81 -32.0872 43.9814 220.788 36.3556 -13 1 1 0 1 -0.222468 0.00398184 -3.61261 0 0 0 
57.7899 7.58656 9771.2 -44.9334 18.4965 222.149 36.7234 -13 1 1 0 1 -0.346745 -0.0572339 -2.67091 0 0 0 
37.7789 10.5769 9869.1 -44.7388 -3.22464 222.933 37.0912 -13 1 1 0 1 -0.291336 -0.0897396 -1.2895 0 0 0 
18.7868 6.56112 9967.18 -41.9819 -12.8432 223.123 37.459 -13 1 1 0 1 -0.155265 -0.0596202 0.275716 0 0 0 
0.318102 1.19617 10065.3 -42.551 -9.41751 223.186 37.8268 -13 1 1 0 1 -0.0098491 -0.0152238 1.79128 0 0 0 
-18.6453 0.0258499 10163.5 -42.9827 5.74329 223.228 38.1946 -13 1 1 0 1 0.0822413 -0.00735004 3.01393 0 0 0 
-36.2468 7.02 10261.6 -35.252 25.8925 223.155 38.5625 -13 1 1 0 1 0.0428523 -0.0184773 3.68997 0 0 0 
-48.3309 21.635 10359.8 -19.0304 38.3539 223.334 38.9303 -13 1 1 0 1 -0.128394 0.0445875 3.63395 0 0 0 
-53.4474 38.6352 10458.2 -5.87081 36.8689 224.315 39.2981 -13 1 1 0 1 -0.313961 0.213641 2.83649 0 0 0 
-55.4367 52.8359 10557.1 -5.53565 26.9751 225.727 39.6659 -13 1 1 0 1 -0.429501 0.398114 1.497 0 0 0 
-60.0914 61.9377 10656.6 -17.1014 13.8752 226.332 40.0337 -13 1 1 0 1 -0.497347 0.504396 -0.106654 0 0 0 
-71.0596 64.202 10755.9 -32.4606 -4.97994 225.017 40.4015 -13 1 1 0 1 -0.54067 0.483169 -1.71442 0 0 0 
-87.2566 56.2319 10854.2 -38.3204 -32.3784 221.798 40.7693 -13 1 1 0 1 -0.486488 0.311701 -3.06303 0 0 0 
-101.448 35.9123 10951 -22.2744 -58.0317 218.74 41.1371 -13 1 1 0 1 -0.220847 0.0808501 -3.85306 0 0 0 
-104.431 8.46438 11047 9.48803 -62.046 218.567 41.505 -13 1 1 0 1 0.190285 -0.00866133 -3.85214 0 0 0 
-94.3267 -14.8789 11143.6 33.45 -41.1526 221.131 41.8728 -13 1 1 0 1 0.493715 0.0867367 -3.06979 0 0 0 
-77.9597 -26.7205 11241.5 38.0968 -13.1429 223.801 42.2406 -13 1 1 0 1 0.569948 0.204378 -1.74306 0 0 0 
-62.4003 -27.584 11340.3 32.0191 7.52029 225.01 42.6084 -13 1 1 0 1 0.501015 0.230404 -0.161624 0 0 0 
-49.5718 -21.5759 11439.2 27.2309 18.215 225.029 42.9762 -13 1 1 0 1 0.373368 0.172598 1.4226 0 0 0 
-37.4614 -12.9689 11538.1 28.8947 19.2362 224.736 43.344 -13 1 1 0 1 0.212939 0.0862533 2.75712 0 0 0 
-23.6672 -6.21581 11636.9 33.723 9.79184 224.673 43.7118 -13 1 1 0 1 0.0585822 0.0301222 3.57473 0 0 0 
-8.49488 -5.40905 11735.7 34.0604 -6.57732 224.739 44.0796 -13 1 1 0 1 -0.011931 0.00725684 3.6724 0 0 0 
5.32576 -11.6554 11834.6 28.1856 -20.7407 224.692 44.4474 -13 1 1 0 1 0.0270967 -0.0444357 3.03056 0 0 0 
16.4169 -22.436 11933.4 23.1074 -26.8696 224.622 44.8153 -13 1 1 0 1 0.119676 -0.151004 1.8172 0 0 0 
26.7897 -34.1423 12032.1 25.5754 -25.1331 224.556 45.1831 -13 1 1 0 1 0.219149 -0.267067 0.29004 0 0 0 
40.0856 -43.3307 12130.8 35.7955 -15.008 224.064 45.5509 -13 1 1 0 1 0.31429 -0.326239 -1.29575 0 0 0 
58.3023 -45.6595 12229 45.9626 6.37741 222.616 45.9187 -13 1 1 0 1 0.360373 -0.267673 -2.69752 0 0 0 
78.4563 -36.5492 12326.5 42.3777 35.1878 220.629 46.2865 -13 1 1 0 1 0.244849 -0.100573 -3.6464 0 0 0 
92.6454 -16.1539 12423.3 19.6896 54.2457 219.957 46.6543 -13 1 1 0 1 -0.0758232 0.0231381 -3.87938 0 0 0 
95.2164 7.56071 12520.3 -6.68844 49.6557 221.813 47.0221 -13 1 1 0 1 -0.429221 -0.0288925 -3.31064 0 0 0 
90.4731 22.6104 12600.5 -17.6402 33.0472 224.294 47.3227 -13 1 1 0 1 -0.599671 -0.148209 -2.35284 0 0 0 
90.473 22.6105 12600.5 -17.6402 33.0469 224.294 47.3227 -13 1 1 0 1 -0.599673 -0.14821 -2.35283 0 0 0 
82.5386 32.048 12699.7 -16.3706 10.2351 226.58 47.6906 -13 1 1 0 1 -0.65209 -0.255031 -0.832304 0 0 0 
77.0033 32.1852 12799.5 -8.7639 -8.93564 227.056 48.0584 -13 1 1 0 1 -0.607305 -0.258767 0.811095 0 0 0 
74.0995 24.7452 12899.2 -5.98211 -24.1615 226.035 48.4262 -13 1 1 0 1 -0.48612 -0.169912 2.3205 0 0 0 
70.1107 11.9939 12998.3 -13.9378 -31.9808 224.709 48.794 -13 1 1 0 1 -0.264189 -0.053772 3.40436 0 0 0 
60.9248 -1.25081 13096.9 -27.8132 -25.6002 224.237 49.1618 -13 1 1 0 1 0.00582585 -0.0074715 3.79611 0 0 0 
46.6227 -8.63136 13195.6 -35.3964 -6.75013 224.528 49.5296 -13 1 1 0 1 0.184132 -0.0393956 3.40056 0 0 0 
31.36 -7.10693 13294.4 -32.7653 12.8378 224.662 49.8974 -13 1 1 0 1 0.211799 -0.0527872 2.35213 0 0 0 
18.1415 1.51718 13393.1 -27.8198 24.9212 224.313 50.2652 -13 1 1 0 1 0.147828 0.0052034 0.910711 0 0 0 
5.96089 13.543 13491.6 -28.9763 28.3232 223.762 50.6331 -13 1 1 0 1 0.0504802 0.099381 -0.6668 0 0 0 
-8.50565 24.9999 13589.9 -37.7495 21.9051 223.173 51.0009 -13 1 1 0 1 -0.0560229 0.158834 -2.14187 0 0 0 
-27.3148 31.0219 13687.9 -46.8189 3.57495 222.5 51.3687 -13 1 1 0 1 -0.11521 0.118009 -3.26121 0 0 0 
-47.9323 27.1557 13785.6 -44.3162 -21.0673 222.044 51.7365 -13 1 1 0 1 -0.0278844 0.000613639 -3.77546 0 0 0 
-64.226 13.8372 13883.3 -28.3597 -36.8098 222.603 52.1043 -13 1 1 0 1 0.21049 -0.0598102 -3.52489 0 0 0 
-72.8416 -2.55678 13981.6 -12.0582 -34.9895 224.369 52.4721 -13 1 1 0 1 0.455314 0.00449011 -2.56398 0 0 0 
-76.4809 -15.183 14080.7 -6.49958 -21.2136 226.316 52.8399 -13 1 1 0 1 0.596434 0.110432 -1.12873 0 0 0 
-79.9102 -20.5632 14180.5 -9.9105 -2.76186 227.168 53.2077 -13 1 1 0 1 0.641065 0.159486 0.502943 0 0 0 
-85.0962 -17.2503 14280.2 -12.5944 18.0705 226.332 53.5755 -13 1 1 0 1 0.594117 0.115465 2.07048 0 0 0 
-89.3263 -4.95348 14379.4 -4.27293 36.6332 224.39 53.9434 -13 1 1 0 1 0.401562 0.0155235 3.28911 0 0 0 
-87.0687 12.8828 14477.7 15.5923 41.1526 223.102 54.3112 -13 1 1 0 1 0.0667217 -0.0196055 3.85878 0 0 0 
-76.057 28.2068 14575.9 32.5098 25.7103 223.592 54.679 -13 1 1 0 1 -0.24403 0.0788209 3.61597 0 0 0 
-60.8167 34.2001 14674.5 34.1823 1.48679 224.812 55.0468 -13 1 1 0 1 -0.38106 0.203378 2.64877 0 0 0 
-47.5532 30.2881 14773.5 25.4351 -17.9218 225.262 55.4146 -13 1 1 0 1 -0.375679 0.231493 1.23008 0 0 0 
-38.1876 19.5904 14872.4 18.266 -29.5993 224.725 55.7824 -13 1 1 0 1 -0.314904 0.157898 -0.361506 0 0 0 
-30.1011 5.16898 14971 20.3232 -34.8559 223.793 56.1502 -13 1 1 0 1 -0.223489 0.0401172 -1.87939 0 0 0 
-18.8939 -9.75305 15069.3 31.7334 -31.0982 223.018 56.518 -13 1 1 0 1 -0.102697 -0.0411325 -3.07166 0 0 0 
-2.09191 -20.3493 15167.2 43.6958 -15.2281 222.643 56.8858 -13 1 1 0 1 -0.0158443 -0.0193453 -3.68754 0 0 0 
17.9356 -22.2858 15265.2 45.2066 6.21221 222.776 57.2537 -13 1 1 0 1 -0.0585785 0.0649246 -3.56734 0 0 0 
36.1456 -16.072 15363.3 36.7252 19.8953 223.532 57.6215 -13 1 1 0 1 -0.217794 0.0994448 -2.74064 0 0 0 
50.2968 -6.8393 15461.8 28.4491 19.9052 224.735 57.9893 -13 1 1 0 1 -0.388078 0.0584245 -1.40432 0 0 0 
62.086 -0.202369 15560.9 26.0858 8.71749 225.732 58.3571 -13 1 1 0 1 -0.505562 0.00894818 0.175376 0 0 0 
73.5394 -0.352591 15660.2 25.558 -10.4852 225.717 58.7249 -13 1 1 0 1 -0.542622 0.0122473 1.75345 0 0 0 
83.3871 -9.89211 15759.2 17.1469 -32.5614 224.404 59.0927 -13 1 1 0 1 -0.436746 0.0645729 3.06395 0 0 0 
86.7042 -27.5661 15857.5 -3.67383 -44.9114 222.892 59.4605 -13 1 1 0 1 -0.151847 0.0633793 3.8092 0 0 0 
80.0119 -46.2518 15955.5 -25.2489 -36.5928 223.013 59.8283 -13 1 1 0 1 0.181869 -0.0899537 3.76098 0 0 0 
66.9 -57.692 16053.9 -31.1386 -14.5684 224.788 60.1962 -13 1 1 0 1 0.376595 -0.311443 2.92939 0 0 0 
55.0253 -59.3826 16153.2 -21.0788 5.7717 226.349 60.564 -13 1 1 0 1 0.417889 -0.439386 1.55916 0 0 0 
48.9731 -53.6026 16252.8 -6.7339 19.7001 226.446 60.9318 -13 1 1 0 1 0.401513 -0.427812 -0.0451697 0 0 0 
48.1763 -42.3997 16352.1 1.40686 31.1448 225.254 61.2996 -13 1 1 0 1 0.365619 -0.308978 -1.62731 0 0 0 
48.314 -26.4233 16450.8 -3.17966 40.8059 223.688 61.6674 -13 1 1 0 1 0.271316 -0.135581 -2.92099 0 0 0 
43.5248 -7.83509 16549 -19.9711 41.4664 222.695 62.0352 -13 1 1 0 1 0.101629 -0.00833474 -3.65618 0 0 0 
30.6308 7.84717 16646.8 -37.5375 27.6884 222.566 62.403 -13 1 1 0 1 -0.044143 -0.00744073 -3.65623 0 0 0 
12.1875 15.5389 16744.8 -44.2201 7.4324 222.937 62.7708 -13 1 1 0 1 -0.0522076 -0.0756707 -2.93261 0 0 0 
1.21361 16.1949 16800.5 -43.2586 -1.62745 223.243 62.9797 -13 1 1 0 1 0.00224809 -0.102389 -2.26779 0 0 0 
1.21342 16.1949 16800.5 -43.2586 -1.62759 223.243 62.9798 -13 1 1 0 1 0.00224925 -0.102389 -2.26778 0 0 0 
-16.8755 13.5748 16898.8 -38.9499 -8.13803 223.893 63.3476 -13 1 1 0 1 0.141488 -0.105466 -0.824911 0 0 0 
-33.2858 10.8788 16997.4 -35.9809 -2.17257 224.526 63.7154 -13 1 1 0 1 0.271782 -0.0873942 0.753104 0 0 0 
-48.4171 13.1606 17096.2 -32.1008 13.8571 224.697 64.0832 -13 1 1 0 1 0.333785 -0.0920615 2.2351 0 0 0 
-60.2916 23.5567 17194.9 -20.072 32.9532 224.104 64.451 -13 1 1 0 1 0.256543 -0.101824 3.35258 0 0 0 
-64.6812 40.6641 17293.3 0.854488 42.1451 223.46 64.8188 -13 1 1 0 1 0.0313212 -0.0189803 3.82913 0 0 0 
-60.1132 58.0317 17391.6 17.8918 34.3282 224.082 65.1866 -13 1 1 0 1 -0.205588 0.20254 3.50858 0 0 0 
-51.3899 69.6286 17490.6 18.8598 18.1969 225.886 65.5544 -13 1 1 0 1 -0.325585 0.446619 2.46487 0 0 0 
-45.6033 74.4845 17590.3 5.86905 4.65575 227.278 65.9222 -13 1 1 0 1 -0.356297 0.584768 0.97343 0 0 0 
-46.9175 74.0994 17690.2 -11.8689 -6.546 226.997 66.2901 -13 1 1 0 1 -0.374939 0.589371 -0.670435 0 0 0 
-55.3728 68.0921 17789.6 -24.9607 -21.864 224.967 66.6579 -13 1 1 0 1 -0.381567 0.460554 -2.21239 0 0 0 
-66.6479 54.1349 17888 -23.0623 -41.6664 222.359 67.0257 -13 1 1 0 1 -0.288143 0.220834 -3.36503 0 0 0 
-72.7879 32.6144 17985.4 -2.30549 -53.4644 221.015 67.3935 -13 1 1 0 1 -0.0439824 0.00437705 -3.85303 0 0 0 
-67.8204 10.176 18082.6 24.1132 -45.1592 221.564 67.7613 -13 1 1 0 1 0.220558 -0.0475733 -3.54731 0 0 0 
-53.3617 -5.07269 18180.4 39.0556 -23.3466 222.803 68.1291 -13 1 1 0 1 0.329034 0.0197986 -2.56404 0 0 0 
-35.4205 -10.7877 18278.5 41.0582 -4.11428 223.626 68.4969 -13 1 1 0 1 0.271092 0.0747067 -1.15567 0 0 0 
-17.8454 -10.3576 18377 38.8244 4.00907 224.027 68.8647 -13 1 1 0 1 0.137655 0.0757861 0.415232 0 0 0 
-1.13096 -9.04142 18475.6 37.2737 0.076228 224.326 69.2326 -13 1 1 0 1 3.75216e-05 0.0566924 1.9173 0 0 0 
14.6333 -11.7023 18574.3 33.5541 -13.2996 224.519 69.6004 -13 1 1 0 1 -0.07905 0.0470602 3.09436 0 0 0 
27.2952 -21.0153 18673 22.7536 -28.4314 224.467 69.9682 -13 1 1 0 1 -0.0423381 0.0148918 3.69129 0 0 0 
34.0116 -35.4545 18771.7 7.95356 -35.3485 224.496 70.336 -13 1 1 0 1 0.0840222 -0.107869 3.53531 0 0 0 
35.283 -50.5938 18870.5 -0.28574 -32.2876 225.097 70.7038 -13 1 1 0 1 0.200471 -0.308022 2.65276 0 0 0 
35.6513 -63.3156 18969.7 4.07274 -25.3946 225.942 71.0716 -13 1 1 0 1 0.26704 -0.492244 1.26291 0 0 0 
40.4352 -72.7607 19069.1 19.0279 -17.0511 225.962 71.4394 -13 1 1 0 1 0.321038 -0.591931 -0.351648 0 0 0 
52.99 -77.3203 19168.2 37.882 -1.92311 224.216 71.8072 -13 1 1 0 1 0.378665 -0.563015 -1.94311 0 0 0 
72.4767 -72.6758 19266.1 47.8834 24.7788 220.918 72.175 -13 1 1 0 1 0.359087 -0.366044 -3.24182 0 0 0 
91.633 -55.1684 19362.6 34.8966 53.3645 218.279 72.5429 -13 1 1 0 1 0.132922 -0.080627 -3.94833 0 0 0 
100.272 -28.7463 19458.5 2.99333 62.0939 218.739 72.9107 -13 1 1 0 1 -0.250865 0.0759482 -3.85498 0 0 0 
94.995 -4.50732 19555.3 -24.4032 44.8038 221.604 73.2785 -13 1 1 0 1 -0.54433 0.0323206 -3.00019 0 0 0 
81.5391 9.26959 19653.4 -33.9792 17.8871 224.136 73.6463 -13 1 1 0 1 -0.617553 -0.0630349 -1.63966 0 0 0 
66.7295 12.1242 19752.2 -32.604 -3.32699 225.027 74.0141 -13 1 1 0 1 -0.538892 -0.090143 -0.063981 0 0 0 
52.7789 7.87012 19851.1 -31.5457 -14.2032 224.755 74.3819 -13 1 1 0 1 -0.388612 -0.0483594 1.48391 0 0 0 
38.2499 1.317 19949.8 -35.1774 -13.576 224.254 74.7497 -13 1 1 0 1 -0.202266 0.00543279 2.74388 0 0 0 
21.7924 -2.34149 20048.4 -39.0169 -1.40464 224.025 75.1175 -13 1 1 0 1 -0.0411306 0.019039 3.45039 0 0 0 
4.97631 0.892894 20146.9 -36.0947 16.122 223.939 75.4853 -13 1 1 0 1 0.010786 0.0165265 3.42227 0 0 0 
-9.12766 11.1051 20245.3 -27.8488 28.9124 223.83 75.8532 -13 1 1 0 1 -0.0492928 0.0737658 2.65801 0 0 0 
-20.0922 24.9748 20343.7 -23.3949 32.7205 223.816 76.221 -13 1 1 0 1 -0.152607 0.20185 1.33899 0 0 0 
-31.2373 38.7011 20442.2 -29.1287 28.3125 223.744 76.5888 -13 1 1 0 1 -0.263582 0.338715 -0.282626 0 0 0 
-47.0079 48.3263 20540.4 -43.3526 13.1835 222.841 76.9566 -13 1 1 0 1 -0.38201 0.40606 -1.97412 0 0 0 
-68.85 47.9457 20637.9 -53.6827 -17.5585 220.276 77.3244 -13 1 1 0 1 -0.454252 0.330134 -3.50084 0 0 0 
-90.6127 31.5911 20734 -39.896 -56.2219 216.7 77.6922 -13 1 1 0 1 -0.345209 0.132261 -4.59985 0 0 0 
-99.5177 1.49578 20828.7 2.66631 -74.759 214.745 78.06 -13 1 1 0 1 -0.0385895 0.00818633 -5.03988 0 0 0 
-88.1163 -28.3027 20923.3 46.3008 -54.8516 215.775 78.4278 -13 1 1 0 1 0.221193 0.0735923 -4.80005 0 0 0 
-62.8599 -43.5935 21018.7 63.4471 -13.6911 217.942 78.7957 -13 1 1 0 1 0.255059 0.175549 -4.12427 0 0 0 
-36.0132 -41.2009 21114.9 55.7904 22.3535 219.316 79.1635 -13 1 1 0 1 0.155136 0.174218 -3.3123 0 0 0 
-15.1298 -26.1366 21211.4 38.7596 43.7882 219.754 79.5313 -13 1 1 0 1 0.0579246 0.0964704 -2.5512 0 0 0 
-8.61525 -17.5021 21252.2 31.5849 49.0331 219.795 79.6864 -13 1 1 0 1 0.0308026 0.0591524 -2.26863 0 0 0 

# End of Event 1

