# AllTracks
#x y z Px Py Pz t PDGid EventID TrackID ParentID Weight Bx By Bz Ex Ey Ez
# Event -2 Track 1
-11.2945 14.0917 0 0.830884 -1.28402 227.095 0 -13 -2 1 0 1 0.0844236 -0.0883828 -2.26474 0 0 0 
-11.2894 14.0922 0.4995 0.846034 -1.27012 227.095 0.00183778 -13 -2 1 0 1 0.0844909 -0.0885386 -2.25815 0 0 0 
-11.2894 14.0922 0.5005 0.846064 -1.2701 227.095 0.00184146 -13 -2 1 0 1 0.084491 -0.0885389 -2.25814 0 0 0 
-10.2576 14.2051 100.494 3.85176 1.83151 227.06 0.36974 -13 -2 1 0 1 0.0894357 -0.110554 -0.784152 0 0 0 
-7.81026 15.5987 200.452 7.44338 4.2032 226.939 0.737638 -13 -2 1 0 1 0.0701083 -0.124283 0.811962 0 0 0 
-3.54171 17.4836 300.342 12.0374 3.70007 226.751 1.10554 -13 -2 1 0 1 0.033491 -0.118904 2.27869 0 0 0 
2.65196 18.1978 400.144 15.607 -1.1704 226.56 1.47343 -13 -2 1 0 1 0.00222527 -0.0757924 3.33917 0 0 0 
9.50213 16.0754 499.882 14.5382 -8.4649 226.476 1.84133 -13 -2 1 0 1 0.0131039 -0.00763495 3.73204 0 0 0 
14.7305 11.1672 599.62 8.7292 -12.9856 226.56 2.20923 -13 -2 1 0 1 0.0678072 0.0350477 3.34065 0 0 0 
17.1742 5.43766 699.423 2.75286 -12.2586 226.752 2.57713 -13 -2 1 0 1 0.121412 0.0288978 2.28117 0 0 0 
17.6609 0.819884 799.313 0.0751296 -8.46849 226.942 2.94503 -13 -2 1 0 1 0.144656 -0.000248781 0.814664 0 0 0 
17.6859 -1.94798 899.273 0.378818 -4.10957 227.063 3.31293 -13 -2 1 0 1 0.14257 -0.0234782 -0.785845 0 0 0 
18.122 -2.81993 999.267 1.55345 0.114787 227.095 3.68083 -13 -2 1 0 1 0.120897 -0.0294902 -2.25756 0 0 0 
18.8709 -1.92822 1099.26 1.53233 3.7351 227.064 4.04872 -13 -2 1 0 1 0.0731782 -0.02128 -3.32584 0 0 0 
19.2065 0.15609 1199.24 -0.200286 5.2346 227.04 4.41662 -13 -2 1 0 1 0.000624276 -0.0151575 -3.72547 0 0 0 
18.7018 2.20736 1299.21 -1.88548 3.59378 227.064 4.78452 -13 -2 1 0 1 -0.0714766 -0.022268 -3.33772 0 0 0 
17.8186 3.02075 1399.21 -1.80849 -0.0818944 227.093 5.15242 -13 -2 1 0 1 -0.11828 -0.0307618 -2.27851 0 0 0 
17.289 2.06855 1499.2 -0.554873 -4.26329 227.059 5.52032 -13 -2 1 0 1 -0.139183 -0.0244384 -0.811414 0 0 0 
17.1968 -0.745397 1599.16 -0.207088 -8.51742 226.94 5.88822 -13 -2 1 0 1 -0.141093 -0.000847721 0.78865 0 0 0 
16.6626 -5.35825 1699.05 -2.83254 -12.1902 226.755 6.25611 -13 -2 1 0 1 -0.118483 0.0285326 2.25888 0 0 0 
14.2006 -11.0398 1798.85 -8.73006 -12.8501 226.568 6.62401 -13 -2 1 0 1 -0.0664775 0.0351312 3.32659 0 0 0 
8.98741 -15.8896 1898.59 -14.4773 -8.34728 226.484 6.99191 -13 -2 1 0 1 -0.0136375 -0.00668689 3.72886 0 0 0 
2.1662 -17.9738 1998.33 -15.5469 -1.11683 226.565 7.35981 -13 -2 1 0 1 -0.00420671 -0.0740508 3.34785 0 0 0 
-4.01017 -17.2506 2098.14 -12.0229 3.68759 226.752 7.72771 -13 -2 1 0 1 -0.0364719 -0.116915 2.29597 0 0 0 
-8.28465 -15.3867 2198.03 -7.48403 4.1172 226.939 8.09561 -13 -2 1 0 1 -0.0737736 -0.122524 0.833205 0 0 0 
-10.7589 -14.0525 2297.99 -3.92578 1.64146 227.06 8.4635 -13 -2 1 0 1 -0.0934853 -0.109561 -0.767202 0 0 0 
-11.8178 -14.0513 2397.98 -0.87813 -1.58736 227.093 8.8314 -13 -2 1 0 1 -0.0883178 -0.0887869 -2.24569 0 0 0 
-11.4958 -15.2565 2497.97 2.34613 -3.51086 227.061 9.1993 -13 -2 1 0 1 -0.0569966 -0.0529438 -3.32092 0 0 0 
-9.87379 -16.7455 2597.95 4.69826 -2.81475 227.034 9.5672 -13 -2 1 0 1 -0.0139569 0.00618344 -3.7297 0 0 0 
-7.77397 -17.4823 2697.92 4.29876 -0.445404 227.059 9.9351 -13 -2 1 0 1 0.0173569 0.0729875 -3.35195 0 0 0 
-6.50299 -17.2151 2797.91 1.13497 1.47284 227.092 10.303 -13 -2 1 0 1 0.0336718 0.119197 -2.29981 0 0 0 
-6.93733 -16.3176 2897.9 -3.15749 2.56157 227.064 10.6709 -13 -2 1 0 1 0.0489996 0.135074 -0.835883 0 0 0 
-9.23317 -14.8519 2997.87 -7.10322 4.37981 226.947 11.0388 -13 -2 1 0 1 0.0697792 0.125331 0.764585 0 0 0 
-12.9104 -12.1186 3097.76 -9.08626 8.44364 226.761 11.4067 -13 -2 1 0 1 0.0838654 0.0910359 2.24198 0 0 0 
-16.6056 -7.19545 3197.57 -6.84273 13.8775 226.572 11.7746 -13 -2 1 0 1 0.0641802 0.0419057 3.31683 0 0 0 
-18.2547 -0.288164 3297.31 -0.145501 16.6836 226.486 12.1425 -13 -2 1 0 1 0.00196728 0.0151926 3.72828 0 0 0 
-16.711 6.67028 3397.05 6.6996 14.0825 226.564 12.5104 -13 -2 1 0 1 -0.0615316 0.0387469 3.35733 0 0 0 
-13.0175 11.6889 3496.85 9.22045 8.63627 226.748 12.8783 -13 -2 1 0 1 -0.0832356 0.0871064 2.31276 0 0 0 
-9.23236 14.4792 3596.74 7.44192 4.4455 226.935 13.2462 -13 -2 1 0 1 -0.0695508 0.121989 0.853543 0 0 0 
-6.7578 15.9586 3696.7 3.62044 2.58407 227.057 13.6141 -13 -2 1 0 1 -0.0479652 0.132819 -0.746824 0 0 0 
-6.10511 16.8888 3796.69 -0.625261 1.628 227.093 13.982 -13 -2 1 0 1 -0.0319059 0.11884 -2.2285 0 0 0 
-7.17192 17.2761 3896.68 -3.91887 -0.0543984 227.066 14.3499 -13 -2 1 0 1 -0.0165631 0.075392 -3.31074 0 0 0 
-9.17099 16.7437 3996.66 -4.63935 -2.31979 227.041 14.7178 -13 -2 1 0 1 0.0118847 0.00985412 -3.72879 0 0 0 
-10.8374 15.4459 4096.64 -2.57924 -3.17438 227.063 15.0857 -13 -2 1 0 1 0.0525149 -0.0507159 -3.36129 0 0 0 
-11.2893 14.3313 4196.63 0.553592 -1.50818 227.094 15.4536 -13 -2 1 0 1 0.0837255 -0.0889571 -2.31657 0 0 0 
-11.2536 14.3311 4200.5 0.674453 -1.40344 227.095 15.4678 -13 -2 1 0 1 0.08428 -0.0901637 -2.26571 0 0 0 
-11.2536 14.3311 4200.5 0.674485 -1.40341 227.095 15.4678 -13 -2 1 0 1 0.0842801 -0.090164 -2.26569 0 0 0 
-10.2792 14.3775 4300.49 3.7573 1.67243 227.063 15.8357 -13 -2 1 0 1 0.0896255 -0.111963 -0.791166 0 0 0 
-7.86457 15.7033 4400.45 7.38087 4.05814 226.944 16.2036 -13 -2 1 0 1 0.0705372 -0.125138 0.809182 0 0 0 
-3.62459 17.5306 4500.35 11.9645 3.58685 226.756 16.5715 -13 -2 1 0 1 0.0340306 -0.119241 2.27617 0 0 0 
2.53077 18.2059 4600.15 15.5061 -1.23044 226.567 16.9394 -13 -2 1 0 1 0.00267808 -0.0758461 3.3368 0 0 0 
9.33304 16.0714 4699.89 14.4266 -8.46072 226.483 17.3073 -13 -2 1 0 1 0.0130932 -0.00765173 3.72973 0 0 0 
14.5153 11.1755 4799.63 8.63453 -12.94 226.567 17.6752 -13 -2 1 0 1 0.0669742 0.0350653 3.33835 0 0 0 
16.922 5.46683 4899.44 2.67719 -12.2173 226.755 18.0431 -13 -2 1 0 1 0.119739 0.0290768 2.27894 0 0 0 
17.3762 0.858751 4999.33 0.000192253 -8.47127 226.942 18.411 -13 -2 1 0 1 0.142393 4.79628e-05 0.812585 0 0 0 
17.3668 -1.92546 5099.29 0.299015 -4.18519 227.061 18.7789 -13 -2 1 0 1 0.14003 -0.0233072 -0.787709 0 0 0 
17.7718 -2.85013 5199.28 1.50076 -0.0492323 227.095 19.1468 -13 -2 1 0 1 0.118547 -0.0296868 -2.26271 0 0 0 
18.5142 -2.04636 5299.28 1.56486 3.50935 227.068 19.5147 -13 -2 1 0 1 0.0717616 -0.0217329 -3.33053 0 0 0 
18.8892 -0.0603576 5399.25 -0.0556139 5.03031 227.044 19.8826 -13 -2 1 0 1 0.000572464 -0.0151666 -3.72978 0 0 0 
18.4642 1.92116 5499.23 -1.68297 3.48883 227.067 20.2505 -13 -2 1 0 1 -0.0706104 -0.0211883 -3.34173 0 0 0 
17.6666 2.71205 5599.23 -1.6342 -0.0849804 227.094 20.6184 -13 -2 1 0 1 -0.11731 -0.028744 -2.28228 0 0 0 
17.1987 1.77237 5699.22 -0.451274 -4.21167 227.061 20.9863 -13 -2 1 0 1 -0.138495 -0.0221101 -0.81499 0 0 0 
17.1372 -1.0141 5799.18 -0.168 -8.44791 226.943 21.3542 -13 -2 1 0 1 -0.14064 0.00126971 0.785255 0 0 0 
16.61 -5.59433 5899.07 -2.83406 -12.1112 226.759 21.7221 -13 -2 1 0 1 -0.11813 0.0300856 2.25921 0 0 0 
14.1451 -11.2385 5998.88 -8.73506 -12.7595 226.573 22.09 -13 -2 1 0 1 -0.0662525 0.0358882 3.32685 0 0 0 
8.93591 -16.0477 6098.62 -14.4496 -8.25723 226.49 22.4579 -13 -2 1 0 1 -0.0136247 -0.00669618 3.72897 0 0 0 
2.13709 -18.0971 6198.37 -15.4733 -1.05277 226.57 22.8258 -13 -2 1 0 1 -0.00431333 -0.0745348 3.34771 0 0 0 
-3.99849 -17.3539 6298.17 -11.9136 3.71518 226.757 23.1937 -13 -2 1 0 1 -0.0363978 -0.117603 2.29559 0 0 0 
-8.21906 -15.4828 6398.06 -7.34934 4.1273 226.944 23.5616 -13 -2 1 0 1 -0.0732597 -0.123284 0.832659 0 0 0 
-10.629 -14.141 6498.02 -3.76931 1.67407 227.063 23.9295 -13 -2 1 0 1 -0.0924582 -0.110256 -0.767778 0 0 0 
-11.6171 -14.1118 6598.02 -0.718742 -1.48596 227.094 24.2974 -13 -2 1 0 1 -0.0869819 -0.0891742 -2.24615 0 0 0 
-11.2336 -15.2524 6698.01 2.45481 -3.3204 227.063 24.6653 -13 -2 1 0 1 -0.0559612 -0.0529054 -3.32109 0 0 0 
-9.58602 -16.645 6797.98 4.70001 -2.58004 227.037 25.0332 -13 -2 1 0 1 -0.0139175 0.00621813 -3.7295 0 0 0 
-7.5087 -17.2843 6897.96 4.20366 -0.250039 227.061 25.4011 -13 -2 1 0 1 0.0163727 0.0722651 -3.35142 0 0 0 
-6.28766 -16.9486 6997.95 1.0171 1.5878 227.092 25.769 -13 -2 1 0 1 0.03227 0.117464 -2.29911 0 0 0 
-6.76575 -16.0156 7097.94 -3.23023 2.61319 227.062 26.1369 -13 -2 1 0 1 0.0476501 0.132697 -0.83519 0 0 0 
-9.07775 -14.5363 7197.91 -7.10211 4.39186 226.947 26.5048 -13 -2 1 0 1 0.0685475 0.122832 0.765167 0 0 0 
-12.7387 -11.8067 7297.8 -9.01721 8.41189 226.765 26.8727 -13 -2 1 0 1 0.0827144 0.0889593 2.24236 0 0 0 
-16.3956 -6.91091 7397.61 -6.74843 13.7825 226.581 27.2406 -13 -2 1 0 1 0.0633322 0.0407839 3.31693 0 0 0 
-18.0101 -0.0582866 7497.36 -0.0936835 16.5369 226.497 27.6085 -13 -2 1 0 1 0.00190626 0.0151672 3.72808 0 0 0 
-16.4614 6.83462 7597.1 6.66931 13.9431 226.574 27.9764 -13 -2 1 0 1 -0.0606304 0.0393676 3.35681 0 0 0 
-12.797 11.8042 7696.91 9.12454 8.55824 226.755 28.3443 -13 -2 1 0 1 -0.0818126 0.0878667 2.31199 0 0 0 
-9.06234 14.5756 7796.8 7.31229 4.43471 226.939 28.7122 -13 -2 1 0 1 -0.0682171 0.122751 0.852626 0 0 0 
-6.65013 16.0596 7896.76 3.46652 2.60794 227.059 29.0801 -13 -2 1 0 1 -0.047111 0.133611 -0.747765 0 0 0 
-6.07126 16.9985 7996.75 -0.806242 1.63446 227.093 29.448 -13 -2 1 0 1 -0.0316728 0.11955 -2.22932 0 0 0 
-7.22069 17.3747 8096.74 -4.1063 -0.118222 227.063 29.8158 -13 -2 1 0 1 -0.0167394 0.0757465 -3.31128 0 0 0 
-9.29406 16.795 8196.72 -4.77975 -2.46764 227.036 30.1837 -13 -2 1 0 1 0.0118899 0.00982221 -3.72892 0 0 0 
-11.0042 15.4213 8296.69 -2.63654 -3.3607 227.06 30.5516 -13 -2 1 0 1 0.0531534 -0.050656 -3.36094 0 0 0 
-11.4665 14.2272 8396.68 0.555139 -1.67633 227.093 30.9195 -13 -2 1 0 1 0.0848901 -0.0882969 -2.31586 0 0 0 
-11.4313 14.2245 8400.5 0.675466 -1.5717 227.094 30.9336 -13 -2 1 0 1 0.0854494 -0.0894621 -2.26571 0 0 0 
-11.4313 14.2245 8400.5 0.675498 -1.57168 227.094 30.9336 -13 -2 1 0 1 0.0854496 -0.0894625 -2.2657 0 0 0 
-10.4543 14.2054 8500.49 3.75817 1.54419 227.064 31.3015 -13 -2 1 0 1 0.0910061 -0.110604 -0.791155 0 0 0 
-8.04836 15.484 8600.46 7.33517 3.97327 226.947 31.6694 -13 -2 1 0 1 0.0719841 -0.123408 0.809184 0 0 0 
-3.84238 17.2862 8700.35 11.8566 3.56247 226.762 32.0373 -13 -2 1 0 1 0.0354592 -0.117632 2.27611 0 0 0 
2.25655 17.9693 8800.16 15.3671 -1.16749 226.577 32.4052 -13 -2 1 0 1 0.00372466 -0.0749359 3.33664 0 0 0 
9.0032 15.8812 8899.9 14.3248 -8.32018 226.495 32.7731 -13 -2 1 0 1 0.0130981 -0.0076438 3.72945 0 0 0 
14.1581 11.0525 8999.65 8.61393 -12.7894 226.576 33.141 -13 -2 1 0 1 0.0656172 0.0345997 3.33797 0 0 0 
16.571 5.3986 9099.46 2.71927 -12.1274 226.76 33.5089 -13 -2 1 0 1 0.117435 0.0286288 2.27854 0 0 0 
17.05 0.811317 9199.35 0.0659156 -8.46711 226.942 33.8768 -13 -2 1 0 1 0.13982 -0.000326308 0.812231 0 0 0 
17.0723 -1.98828 9299.31 0.378807 -4.25547 227.06 34.2447 -13 -2 1 0 1 0.1377 -0.0238024 -0.787964 0 0 0 
17.5196 -2.95456 9399.3 1.61854 -0.160226 227.094 34.6126 -13 -2 1 0 1 0.116875 -0.0303732 -2.26285 0 0 0 
18.3269 -2.19796 9499.29 1.7428 3.41811 227.068 34.9805 -13 -2 1 0 1 0.0710275 -0.0223141 -3.33054 0 0 0 
18.7899 -0.235206 9599.27 0.156703 5.02409 227.045 35.3484 -13 -2 1 0 1 0.000555334 -0.0151716 -3.72969 0 0 0 
18.454 1.76606 9699.25 -1.50103 3.58078 227.067 35.7163 -13 -2 1 0 1 -0.0705832 -0.0206008 -3.34157 0 0 0 
17.7222 2.61112 9799.25 -1.51824 0.0594114 227.095 36.0842 -13 -2 1 0 1 -0.117682 -0.0280829 -2.28206 0 0 0 
17.2938 1.73691 9899.24 -0.380969 -4.06516 227.064 36.4521 -13 -2 1 0 1 -0.139248 -0.0218307 -0.814696 0 0 0 
17.2612 -0.990049 9999.2 -0.0998012 -8.32762 226.947 36.82 -13 -2 1 0 1 -0.141619 0.00108032 0.785606 0 0 0 
16.7699 -5.52699 10099.1 -2.73676 -12.0388 226.764 37.1879 -13 -2 1 0 1 -0.119179 0.0296402 2.25957 0 0 0 
14.3543 -11.1543 10198.9 -8.61225 -12.7581 226.578 37.5558 -13 -2 1 0 1 -0.067049 0.0355545 3.32713 0 0 0 
9.19816 -15.9791 10298.6 -14.339 -8.32598 226.494 37.9237 -13 -2 1 0 1 -0.0136293 -0.00671746 3.72904 0 0 0 
2.43899 -18.0668 10398.4 -15.4058 -1.14794 226.574 38.2916 -13 -2 1 0 1 -0.00317458 -0.0744386 3.34751 0 0 0 
-3.67519 -17.3606 10498.2 -11.8793 3.65021 226.76 38.6595 -13 -2 1 0 1 -0.0342867 -0.117656 2.29516 0 0 0 
-7.88256 -15.5047 10598.1 -7.3197 4.12769 226.945 39.0273 -13 -2 1 0 1 -0.0706128 -0.123456 0.832137 0 0 0 
-10.2785 -14.145 10698.1 -3.73744 1.75622 227.063 39.3952 -13 -2 1 0 1 -0.0896882 -0.110281 -0.768256 0 0 0 
-11.2575 -14.061 10798 -0.717987 -1.32143 227.095 39.7631 -13 -2 1 0 1 -0.084595 -0.0888245 -2.24646 0 0 0 
-10.8909 -15.1174 10898 2.369 -3.11376 227.067 40.131 -13 -2 1 0 1 -0.054614 -0.0523587 -3.3211 0 0 0 
-9.30445 -16.4255 10998 4.51273 -2.41939 227.043 40.4989 -13 -2 1 0 1 -0.0138806 0.00625967 -3.72921 0 0 0 
-7.32115 -17.0181 11098 3.97903 -0.203164 227.065 40.8668 -13 -2 1 0 1 0.0156785 0.0712846 -3.35088 0 0 0 
-6.19162 -16.6857 11198 0.836047 1.53393 227.094 41.2347 -13 -2 1 0 1 0.0316469 0.115755 -2.29847 0 0 0 
-6.73381 -15.7883 11298 -3.341 2.51456 227.062 41.6026 -13 -2 1 0 1 0.0474001 0.13091 -0.834536 0 0 0 
-9.08247 -14.3542 11397.9 -7.16315 4.28958 226.947 41.9705 -13 -2 1 0 1 0.068582 0.12139 0.765759 0 0 0 
-12.7654 -11.667 11497.8 -9.06127 8.32335 226.767 42.3384 -13 -2 1 0 1 0.0828805 0.0880266 2.24285 0 0 0 
-16.4428 -6.80545 11597.6 -6.80055 13.7171 226.584 42.7063 -13 -2 1 0 1 0.063494 0.0403641 3.31724 0 0 0 
-18.0841 0.0251424 11697.4 -0.162855 16.5031 226.5 43.0742 -13 -2 1 0 1 0.00188436 0.0151585 3.72816 0 0 0 
-16.5689 6.91015 11797.1 6.5869 13.9394 226.576 43.4421 -13 -2 1 0 1 -0.0610557 0.0396583 3.35659 0 0 0 
-12.9431 11.8819 11897 9.03099 8.56756 226.759 43.81 -13 -2 1 0 1 -0.0827773 0.0883833 2.31149 0 0 0 
-9.25316 14.6552 11996.8 7.20178 4.42876 226.943 44.1779 -13 -2 1 0 1 -0.0697206 0.123382 0.851934 0 0 0 
-6.89385 16.1267 12096.8 3.33827 2.55113 227.061 44.5458 -13 -2 1 0 1 -0.0490346 0.13414 -0.748528 0 0 0 
-6.37105 17.0228 12196.8 -0.924669 1.49259 227.093 44.9137 -13 -2 1 0 1 -0.0336553 0.119698 -2.23001 0 0 0 
-7.55924 17.3169 12296.8 -4.15219 -0.343699 227.062 45.2816 -13 -2 1 0 1 -0.0180571 0.0754923 -3.31171 0 0 0 
-9.62675 16.6312 12396.8 -4.70487 -2.70724 227.035 45.6495 -13 -2 1 0 1 0.0118643 0.00976871 -3.72896 0 0 0 
-11.2819 15.1663 12496.7 -2.47438 -3.52408 227.059 46.0174 -13 -2 1 0 1 0.0541991 -0.0497357 -3.36055 0 0 0 
-11.6698 13.9232 12596.7 0.716492 -1.7378 227.092 46.3853 -13 -2 1 0 1 0.0862208 -0.086332 -2.3152 0 0 0 
-11.6328 13.9202 12600.5 0.833819 -1.63111 227.093 46.3992 -13 -2 1 0 1 0.0867742 -0.0874577 -2.26565 0 0 0 
-11.6328 13.9202 12600.5 0.83385 -1.63108 227.093 46.3992 -13 -2 1 0 1 0.0867743 -0.087458 -2.26564 0 0 0 
-10.5988 13.8908 12700.5 3.85352 1.54969 227.062 46.7671 -13 -2 1 0 1 0.0921434 -0.108121 -0.791129 0 0 0 
-8.16738 15.1796 12800.5 7.35664 4.01083 226.946 47.135 -13 -2 1 0 1 0.0729201 -0.121006 0.809139 0 0 0 
-3.965 17.0043 12900.3 11.8242 3.62876 226.763 47.5029 -13 -2 1 0 1 0.036263 -0.115777 2.27598 0 0 0 
2.11545 17.7247 13000.2 15.3246 -1.06424 226.58 47.8708 -13 -2 1 0 1 0.00426285 -0.0739993 3.33644 0 0 0 
8.85103 15.6879 13099.9 14.3244 -8.19613 226.5 48.2387 -13 -2 1 0 1 0.0130988 -0.00764212 3.72923 0 0 0 
14.0201 10.9104 13199.7 8.67841 -12.6885 226.579 48.6066 -13 -2 1 0 1 0.0650905 0.0340581 3.3378 0 0 0 
16.4731 5.28976 13299.5 2.83243 -12.0788 226.761 48.9745 -13 -2 1 0 1 0.116791 0.0279144 2.27843 0 0 0 
17.0085 0.713679 13399.4 0.207447 -8.46001 226.943 49.3424 -13 -2 1 0 1 0.139492 -0.00109541 0.812158 0 0 0 
17.0983 -2.08497 13499.3 0.543667 -4.25023 227.06 49.7103 -13 -2 1 0 1 0.137905 -0.024565 -0.788035 0 0 0 
17.6222 -3.0399 13599.3 1.79784 -0.10537 227.093 50.0782 -13 -2 1 0 1 0.117552 -0.0309354 -2.26295 0 0 0 
18.5048 -2.24076 13699.3 1.89584 3.55893 227.064 50.4461 -13 -2 1 0 1 0.071712 -0.0224789 -3.33071 0 0 0 
19.0184 -0.199469 13799.3 0.225814 5.23089 227.04 50.814 -13 -2 1 0 1 0.000561215 -0.0151709 -3.72991 0 0 0 
18.6911 1.89465 13899.3 -1.52662 3.7834 227.064 51.1819 -13 -2 1 0 1 -0.0714855 -0.021089 -3.34177 0 0 0 
17.9365 2.81768 13999.2 -1.58387 0.207007 227.095 51.5498 -13 -2 1 0 1 -0.119092 -0.0294376 -2.28219 0 0 0 
17.4831 1.99551 14099.2 -0.420231 -3.97403 227.065 51.9177 -13 -2 1 0 1 -0.140742 -0.0238675 -0.814752 0 0 0 
17.4466 -0.701446 14199.2 -0.0740978 -8.28203 226.949 52.2856 -13 -2 1 0 1 -0.143084 -0.00119535 0.785614 0 0 0 
16.9822 -5.22994 14299.1 -2.6432 -12.0501 226.765 52.6535 -13 -2 1 0 1 -0.12058 0.0276838 2.25961 0 0 0 
14.6161 -10.8792 14398.9 -8.49211 -12.8491 226.577 53.0214 -13 -2 1 0 1 -0.0680592 0.0344945 3.32715 0 0 0 
9.50538 -15.7603 14498.6 -14.2641 -8.48255 226.493 53.3893 -13 -2 1 0 1 -0.0136465 -0.00672858 3.72901 0 0 0 
2.76034 -17.9193 14598.4 -15.4178 -1.30202 226.573 53.7572 -13 -2 1 0 1 -0.00196561 -0.0738809 3.34745 0 0 0 
-3.37517 -17.2678 14698.2 -11.9574 3.56281 226.757 54.1251 -13 -2 1 0 1 -0.0323256 -0.117045 2.29513 0 0 0 
-7.62421 -15.4322 14798.1 -7.42632 4.12096 226.941 54.493 -13 -2 1 0 1 -0.0685788 -0.122883 0.83217 0 0 0 
-10.071 -14.0618 14898.1 -3.86319 1.80564 227.06 54.8608 -13 -2 1 0 1 -0.0880492 -0.109622 -0.76815 0 0 0 
-11.1122 -13.9517 14998 -0.877044 -1.26153 227.095 55.2287 -13 -2 1 0 1 -0.0836334 -0.0881009 -2.2463 0 0 0 
-10.8238 -14.9903 15098 2.17621 -3.10278 227.069 55.5966 -13 -2 1 0 1 -0.0543536 -0.0518658 -3.32095 0 0 0 
-9.32258 -16.3128 15198 4.32813 -2.49792 227.045 55.9645 -13 -2 1 0 1 -0.0138835 0.00626594 -3.72912 0 0 0 
-7.40854 -16.9574 15298 3.85495 -0.353077 227.067 56.3324 -13 -2 1 0 1 0.0160053 0.0710549 -3.35089 0 0 0 
-6.31839 -16.6967 15398 0.777025 1.36688 227.095 56.7003 -13 -2 1 0 1 0.0324748 0.115827 -2.29853 0 0 0 
-6.87959 -15.8691 15498 -3.37696 2.36825 227.063 57.0682 -13 -2 1 0 1 0.0485479 0.131547 -0.834588 0 0 0 
-9.24833 -14.4923 15597.9 -7.22554 4.17791 226.947 57.4361 -13 -2 1 0 1 0.0698884 0.122466 0.761836 0 0 0 
-12.9704 -11.8432 15697.8 -9.17806 8.26625 226.764 57.804 -13 -2 1 0 1 0.0842313 0.0891814 2.23881 0 0 0 
-16.7095 -6.98906 15797.6 -6.9576 13.7453 226.577 58.1719 -13 -2 1 0 1 0.0645266 0.0410726 3.3131 0 0 0 
-18.4187 -0.12566 15897.4 -0.303515 16.6196 226.491 58.5398 -13 -2 1 0 1 0.00190763 0.0151719 3.72387 0 0 0 
-16.9523 6.82093 15997.1 6.50966 14.0899 226.569 58.9077 -13 -2 1 0 1 -0.0624973 0.0393323 3.35209 0 0 0 
-13.3474 11.8526 16096.9 9.00738 8.67929 226.756 59.2756 -13 -2 1 0 1 -0.0854237 0.088208 2.30669 0 0 0 
-9.66339 14.6582 16196.8 7.1924 4.45952 226.943 59.6435 -13 -2 1 0 1 -0.0729556 0.123427 0.846782 0 0 0 
-7.30846 16.1221 16296.8 3.32881 2.48455 227.062 60.0114 -13 -2 1 0 1 -0.052311 0.13411 -0.750135 0 0 0 
-6.78524 16.968 16396.8 -0.904925 1.33492 227.095 60.3793 -13 -2 1 0 1 -0.0364047 0.119344 -2.23182 0 0 0 
-7.94807 17.1803 16496.8 -4.04856 -0.545352 227.064 60.7472 -13 -2 1 0 1 -0.0195882 0.074967 -3.31372 0 0 0 
-9.94734 16.413 16596.8 -4.50323 -2.85956 227.038 61.1151 -13 -2 1 0 1 0.0118166 0.00975183 -3.73116 0 0 0 
-11.5032 14.9062 16696.7 -2.24014 -3.55628 227.061 61.483 -13 -2 1 0 1 0.0550114 -0.0487619 -3.36298 0 0 0 
-11.7965 13.6746 16796.7 0.902444 -1.66175 227.092 61.8509 -13 -2 1 0 1 0.0870367 -0.0847065 -2.31788 0 0 0 
-11.7568 13.6733 16800.5 1.01738 -1.55171 227.093 61.8648 -13 -2 1 0 1 0.0875848 -0.0858282 -2.2682 0 0 0 
-11.7568 13.6733 16800.5 1.01742 -1.55168 227.093 61.8648 -13 -2 1 0 1 0.0875849 -0.0858285 -2.26819 0 0 0 
-10.6581 13.6922 16900.5 3.96585 1.6806 227.06 62.2327 -13 -2 1 0 1 0.0925919 -0.106539 -0.797683 0 0 0 
-8.18824 15.0427 17000.5 7.42571 4.15613 226.941 62.6006 -13 -2 1 0 1 0.0730702 -0.119907 0.802088 0 0 0 
-3.95674 16.9312 17100.3 11.895 3.77084 226.757 62.9685 -13 -2 1 0 1 0.0362044 -0.115271 2.26842 0 0 0 
2.16261 17.71 17200.1 15.4351 -0.945362 226.573 63.3364 -13 -2 1 0 1 0.00409406 -0.0739165 3.32839 0 0 0 
8.95805 15.7152 17299.9 14.4842 -8.12844 226.492 63.7043 -13 -2 1 0 1 0.0131273 -0.00762028 3.72075 0 0 0 
14.2046 10.9539 17399.6 8.86563 -12.6803 226.573 64.0722 -13 -2 1 0 1 0.0658415 0.034237 3.32887 0 0 0 
16.7416 5.3292 17499.4 3.02507 -12.0974 226.758 64.4401 -13 -2 1 0 1 0.11862 0.0281723 2.26892 0 0 0 
17.3626 0.749749 17599.3 0.40377 -8.44597 226.943 64.808 -13 -2 1 0 1 0.142363 -0.000828878 0.801884 0 0 0 
17.5384 -2.02361 17699.3 0.73425 -4.13903 227.061 65.1759 -13 -2 1 0 1 0.141449 -0.0241085 -0.79534 0 0 0 
18.1366 -2.89888 17799.3 1.93116 0.148683 227.092 65.5438 -13 -2 1 0 1 0.121029 -0.0300415 -2.27118 0 0 0 
19.0476 -1.95983 17899.3 1.87501 3.9258 227.059 65.9117 -13 -2 1 0 1 0.073904 -0.0214332 -3.33999 0 0 0 
19.507 0.244113 17999.3 0.00409816 5.57488 227.032 66.2796 -13 -2 1 0 1 0.000692352 -0.0151824 -3.74027 0 0 0 
19.053 2.45792 18099.2 -1.85419 3.96958 227.058 66.6475 -13 -2 1 0 1 -0.0727375 -0.0232388 -3.35321 0 0 0 
18.1605 3.42469 18199.2 -1.85993 0.229656 227.093 67.0154 -13 -2 1 0 1 -0.120436 -0.0334253 -2.29477 0 0 0 
17.6149 2.5914 18299.2 -0.555877 -4.03298 227.064 67.3833 -13 -2 1 0 1 -0.141646 -0.0285744 -0.828615 0 0 0 
17.553 -0.137885 18399.2 -0.0556011 -8.36651 226.946 67.7512 -13 -2 1 0 1 -0.143756 -0.00567054 0.766336 0 0 0 
17.1265 -4.71121 18499.1 -2.49714 -12.178 226.76 68.1191 -13 -2 1 0 1 -0.12135 0.0241881 2.23842 0 0 0 
14.8401 -10.4381 18598.9 -8.29398 -13.084 226.571 68.487 -13 -2 1 0 1 -0.068748 0.0326462 3.30385 0 0 0 
9.8047 -15.4519 18698.6 -14.1432 -8.84558 226.487 68.8549 -13 -2 1 0 1 -0.0135268 -0.006972 3.70338 0 0 0 
3.07623 -17.7862 18798.4 -15.4704 -1.71687 226.566 69.2228 -13 -2 1 0 1 -0.000714507 -0.073678 3.31924 0 0 0 
-3.11879 -17.3106 18898.2 -12.1622 3.18832 226.752 69.5907 -13 -2 1 0 1 -0.0306839 -0.117675 2.26384 0 0 0 
-7.47363 -15.6278 18998 -7.68334 3.79506 226.939 69.9586 -13 -2 1 0 1 -0.0675278 -0.124805 0.797086 0 0 0 
-10.0241 -14.3999 19098 -4.05839 1.47405 227.059 70.3265 -13 -2 1 0 1 -0.0878928 -0.112701 -0.803983 0 0 0 
-11.1165 -14.4445 19198 -0.89559 -1.63036 227.093 70.6944 -13 -2 1 0 1 -0.0839565 -0.0918519 -2.28764 0 0 0 
-10.7807 -15.6418 19298 2.41585 -3.43193 227.062 71.0623 -13 -2 1 0 1 -0.0545329 -0.0550315 -3.36898 0 0 0 
-9.12407 -17.0724 19398 4.76951 -2.63803 227.035 71.4302 -13 -2 1 0 1 -0.0142132 0.00539306 -3.7851 0 0 0 
-7.00666 -17.7259 19497.9 4.30188 -0.263758 227.06 71.7981 -13 -2 1 0 1 0.0141933 0.0729422 -3.41626 0 0 0 
-5.74905 -17.3998 19597.9 1.078 1.54104 227.093 72.166 -13 -2 1 0 1 0.0284651 0.11925 -2.37505 0 0 0 
-6.21411 -16.5135 19697.9 -3.23684 2.43165 227.064 72.5339 -13 -2 1 0 1 0.0429173 0.135263 -0.924677 0 0 0 
-8.55404 -15.1595 19797.9 -7.24101 3.99482 226.95 72.9018 -13 -2 1 0 1 0.0636959 0.126194 0.65501 0 0 0 
-12.3355 -12.6544 19897.8 -9.46515 7.80277 226.769 73.2697 -13 -2 1 0 1 0.0786916 0.0929265 2.11112 0 0 0 
-16.3032 -8.03984 19997.6 -7.74612 13.1727 226.586 73.6376 -13 -2 1 0 1 0.0606434 0.0438193 3.15916 0 0 0 
-18.4936 -1.37801 20097.3 -1.68873 16.356 226.504 74.0055 -13 -2 1 0 1 -0.00148042 0.0148597 3.53643 0 0 0 
-17.7281 5.59194 20197.1 4.77334 14.4872 226.588 74.3734 -13 -2 1 0 1 -0.0696588 0.0359516 3.12123 0 0 0 
-14.9043 10.9361 20296.9 7.22476 9.64564 226.78 74.7413 -13 -2 1 0 1 -0.100322 0.085627 2.01841 0 0 0 
-12.0153 14.2078 20396.8 5.32525 5.50778 226.971 75.1092 -13 -2 1 0 1 -0.0965805 0.125917 0.481747 0 0 0 
-10.5552 16.0218 20496.8 1.08766 2.88268 227.08 75.4771 -13 -2 1 0 1 -0.0841045 0.142634 -1.21856 0 0 0 
-11.1084 16.7209 20596.8 -3.4751 0.0913374 227.074 75.845 -13 -2 1 0 1 -0.0740511 0.131135 -2.84112 0 0 0 
-13.2971 15.8585 20696.7 -5.8535 -4.24152 226.985 76.2129 -13 -2 1 0 1 -0.0556234 0.0874899 -4.11644 0 0 0 
-15.5763 12.9966 20796.7 -3.69003 -8.40603 226.915 76.5808 -13 -2 1 0 1 -0.0135789 0.0295812 -4.80098 0 0 0 
-16.037 9.04234 20896.6 1.81611 -8.70707 226.926 76.9487 -13 -2 1 0 1 0.0363863 -0.00734041 -4.80337 0 0 0 
-14.1243 5.99897 20996.5 6.41585 -4.58675 226.963 77.3166 -13 -2 1 0 1 0.0594354 -0.0167288 -4.26546 0 0 0 
-10.8584 5.19834 21096.5 7.92342 0.903041 226.96 77.6845 -13 -2 1 0 1 0.0507749 -0.0187404 -3.46962 0 0 0 
-7.46263 6.61582 21196.4 7.28576 5.25537 226.923 78.0524 -13 -2 1 0 1 0.031086 -0.0233617 -2.66924 0 0 0 
-5.79467 8.21511 21252.2 6.59572 6.93931 226.899 78.2577 -13 -2 1 0 1 0.0214137 -0.0264823 -2.26997 0 0 0 

# Event -1 Track 1
-11.2945 14.0917 0 0.830884 -1.28402 227.095 0 -13 -1 1 0 1 0.0844236 -0.0883828 -2.26474 0 0 0 
-11.2894 14.0922 0.4995 0.846034 -1.27012 227.095 0.00183778 -13 -1 1 0 1 0.0844909 -0.0885386 -2.25815 0 0 0 
-11.2894 14.0922 0.5005 0.846064 -1.2701 227.095 0.00184146 -13 -1 1 0 1 0.084491 -0.0885389 -2.25814 0 0 0 
-10.2576 14.2051 100.494 3.85176 1.83151 227.06 0.36974 -13 -1 1 0 1 0.0894357 -0.110554 -0.784152 0 0 0 
-7.81026 15.5987 200.452 7.44338 4.2032 226.939 0.737638 -13 -1 1 0 1 0.0701083 -0.124283 0.811962 0 0 0 
-3.54171 17.4836 300.342 12.0374 3.70007 226.751 1.10554 -13 -1 1 0 1 0.033491 -0.118904 2.27869 0 0 0 
2.65196 18.1978 400.144 15.607 -1.1704 226.56 1.47343 -13 -1 1 0 1 0.00222527 -0.0757924 3.33917 0 0 0 
9.50213 16.0754 499.882 14.5382 -8.4649 226.476 1.84133 -13 -1 1 0 1 0.0131039 -0.00763495 3.73204 0 0 0 
14.7305 11.1672 599.62 8.7292 -12.9856 226.56 2.20923 -13 -1 1 0 1 0.0678072 0.0350477 3.34065 0 0 0 
17.1742 5.43766 699.423 2.75286 -12.2586 226.752 2.57713 -13 -1 1 0 1 0.121412 0.0288978 2.28117 0 0 0 
17.6609 0.819884 799.313 0.0751296 -8.46849 226.942 2.94503 -13 -1 1 0 1 0.144656 -0.000248781 0.814664 0 0 0 
17.6859 -1.94798 899.273 0.378818 -4.10957 227.063 3.31293 -13 -1 1 0 1 0.14257 -0.0234782 -0.785845 0 0 0 
18.122 -2.81993 999.267 1.55345 0.114787 227.095 3.68083 -13 -1 1 0 1 0.120897 -0.0294902 -2.25756 0 0 0 
18.8709 -1.92822 1099.26 1.53233 3.7351 227.064 4.04872 -13 -1 1 0 1 0.0731782 -0.02128 -3.32584 0 0 0 
19.2065 0.15609 1199.24 -0.200286 5.2346 227.04 4.41662 -13 -1 1 0 1 0.000624276 -0.0151575 -3.72547 0 0 0 
18.7018 2.20736 1299.21 -1.88548 3.59378 227.064 4.78452 -13 -1 1 0 1 -0.0714766 -0.022268 -3.33772 0 0 0 
17.8186 3.02075 1399.21 -1.80849 -0.0818944 227.093 5.15242 -13 -1 1 0 1 -0.11828 -0.0307618 -2.27851 0 0 0 
17.289 2.06855 1499.2 -0.554873 -4.26329 227.059 5.52032 -13 -1 1 0 1 -0.139183 -0.0244384 -0.811414 0 0 0 
17.1968 -0.745397 1599.16 -0.207088 -8.51742 226.94 5.88822 -13 -1 1 0 1 -0.141093 -0.000847721 0.78865 0 0 0 
16.6626 -5.35825 1699.05 -2.83254 -12.1902 226.755 6.25611 -13 -1 1 0 1 -0.118483 0.0285326 2.25888 0 0 0 
14.2006 -11.0398 1798.85 -8.73006 -12.8501 226.568 6.62401 -13 -1 1 0 1 -0.0664775 0.0351312 3.32659 0 0 0 
8.98741 -15.8896 1898.59 -14.4773 -8.34728 226.484 6.99191 -13 -1 1 0 1 -0.0136375 -0.00668689 3.72886 0 0 0 
2.1662 -17.9738 1998.33 -15.5469 -1.11683 226.565 7.35981 -13 -1 1 0 1 -0.00420671 -0.0740508 3.34785 0 0 0 
-4.01017 -17.2506 2098.14 -12.0229 3.68759 226.752 7.72771 -13 -1 1 0 1 -0.0364719 -0.116915 2.29597 0 0 0 
-8.28465 -15.3867 2198.03 -7.48403 4.1172 226.939 8.09561 -13 -1 1 0 1 -0.0737736 -0.122524 0.833205 0 0 0 
-10.7589 -14.0525 2297.99 -3.92578 1.64146 227.06 8.4635 -13 -1 1 0 1 -0.0934853 -0.109561 -0.767202 0 0 0 
-11.8178 -14.0513 2397.98 -0.87813 -1.58736 227.093 8.8314 -13 -1 1 0 1 -0.0883178 -0.0887869 -2.24569 0 0 0 
-11.4958 -15.2565 2497.97 2.34613 -3.51086 227.061 9.1993 -13 -1 1 0 1 -0.0569966 -0.0529438 -3.32092 0 0 0 
-9.87379 -16.7455 2597.95 4.69826 -2.81475 227.034 9.5672 -13 -1 1 0 1 -0.0139569 0.00618344 -3.7297 0 0 0 
-7.77397 -17.4823 2697.92 4.29876 -0.445404 227.059 9.9351 -13 -1 1 0 1 0.0173569 0.0729875 -3.35195 0 0 0 
-6.50299 -17.2151 2797.91 1.13497 1.47284 227.092 10.303 -13 -1 1 0 1 0.0336718 0.119197 -2.29981 0 0 0 
-6.93733 -16.3176 2897.9 -3.15749 2.56157 227.064 10.6709 -13 -1 1 0 1 0.0489996 0.135074 -0.835883 0 0 0 
-9.23317 -14.8519 2997.87 -7.10322 4.37981 226.947 11.0388 -13 -1 1 0 1 0.0697792 0.125331 0.764585 0 0 0 
-12.9104 -12.1186 3097.76 -9.08626 8.44364 226.761 11.4067 -13 -1 1 0 1 0.0838654 0.0910359 2.24198 0 0 0 
-16.6056 -7.19545 3197.57 -6.84273 13.8775 226.572 11.7746 -13 -1 1 0 1 0.0641802 0.0419057 3.31683 0 0 0 
-18.2547 -0.288164 3297.31 -0.145501 16.6836 226.486 12.1425 -13 -1 1 0 1 0.00196728 0.0151926 3.72828 0 0 0 
-16.711 6.67028 3397.05 6.6996 14.0825 226.564 12.5104 -13 -1 1 0 1 -0.0615316 0.0387469 3.35733 0 0 0 
-13.0175 11.6889 3496.85 9.22045 8.63627 226.748 12.8783 -13 -1 1 0 1 -0.0832356 0.0871064 2.31276 0 0 0 
-9.23236 14.4792 3596.74 7.44192 4.4455 226.935 13.2462 -13 -1 1 0 1 -0.0695508 0.121989 0.853543 0 0 0 
-6.7578 15.9586 3696.7 3.62044 2.58407 227.057 13.6141 -13 -1 1 0 1 -0.0479652 0.132819 -0.746824 0 0 0 
-6.10511 16.8888 3796.69 -0.625261 1.628 227.093 13.982 -13 -1 1 0 1 -0.0319059 0.11884 -2.2285 0 0 0 
-7.17192 17.2761 3896.68 -3.91887 -0.0543984 227.066 14.3499 -13 -1 1 0 1 -0.0165631 0.075392 -3.31074 0 0 0 
-9.17099 16.7437 3996.66 -4.63935 -2.31979 227.041 14.7178 -13 -1 1 0 1 0.0118847 0.00985412 -3.72879 0 0 0 
-10.8374 15.4459 4096.64 -2.57924 -3.17438 227.063 15.0857 -13 -1 1 0 1 0.0525149 -0.0507159 -3.36129 0 0 0 
-11.2893 14.3313 4196.63 0.553592 -1.50818 227.094 15.4536 -13 -1 1 0 1 0.0837255 -0.0889571 -2.31657 0 0 0 
-11.2536 14.3311 4200.5 0.674453 -1.40344 227.095 15.4678 -13 -1 1 0 1 0.08428 -0.0901637 -2.26571 0 0 0 
-11.2536 14.3311 4200.5 0.674485 -1.40341 227.095 15.4678 -13 -1 1 0 1 0.0842801 -0.090164 -2.26569 0 0 0 
-10.2792 14.3775 4300.49 3.7573 1.67243 227.063 15.8357 -13 -1 1 0 1 0.0896255 -0.111963 -0.791166 0 0 0 
-7.86457 15.7033 4400.45 7.38087 4.05814 226.944 16.2036 -13 -1 1 0 1 0.0705372 -0.125138 0.809182 0 0 0 
-3.62459 17.5306 4500.35 11.9645 3.58685 226.756 16.5715 -13 -1 1 0 1 0.0340306 -0.119241 2.27617 0 0 0 
2.53077 18.2059 4600.15 15.5061 -1.23044 226.567 16.9394 -13 -1 1 0 1 0.00267808 -0.0758461 3.3368 0 0 0 
9.33304 16.0714 4699.89 14.4266 -8.46072 226.483 17.3073 -13 -1 1 0 1 0.0130932 -0.00765173 3.72973 0 0 0 
14.5153 11.1755 4799.63 8.63453 -12.94 226.567 17.6752 -13 -1 1 0 1 0.0669742 0.0350653 3.33835 0 0 0 
16.922 5.46683 4899.44 2.67719 -12.2173 226.755 18.0431 -13 -1 1 0 1 0.119739 0.0290768 2.27894 0 0 0 
17.3762 0.858751 4999.33 0.000192253 -8.47127 226.942 18.411 -13 -1 1 0 1 0.142393 4.79628e-05 0.812585 0 0 0 
17.3668 -1.92546 5099.29 0.299015 -4.18519 227.061 18.7789 -13 -1 1 0 1 0.14003 -0.0233072 -0.787709 0 0 0 
17.7718 -2.85013 5199.28 1.50076 -0.0492323 227.095 19.1468 -13 -1 1 0 1 0.118547 -0.0296868 -2.26271 0 0 0 
18.5142 -2.04636 5299.28 1.56486 3.50935 227.068 19.5147 -13 -1 1 0 1 0.0717616 -0.0217329 -3.33053 0 0 0 
18.8892 -0.0603576 5399.25 -0.0556139 5.03031 227.044 19.8826 -13 -1 1 0 1 0.000572464 -0.0151666 -3.72978 0 0 0 
18.4642 1.92116 5499.23 -1.68297 3.48883 227.067 20.2505 -13 -1 1 0 1 -0.0706104 -0.0211883 -3.34173 0 0 0 
17.6666 2.71205 5599.23 -1.6342 -0.0849804 227.094 20.6184 -13 -1 1 0 1 -0.11731 -0.028744 -2.28228 0 0 0 
17.1987 1.77237 5699.22 -0.451274 -4.21167 227.061 20.9863 -13 -1 1 0 1 -0.138495 -0.0221101 -0.81499 0 0 0 
17.1372 -1.0141 5799.18 -0.168 -8.44791 226.943 21.3542 -13 -1 1 0 1 -0.14064 0.00126971 0.785255 0 0 0 
16.61 -5.59433 5899.07 -2.83406 -12.1112 226.759 21.7221 -13 -1 1 0 1 -0.11813 0.0300856 2.25921 0 0 0 
14.1451 -11.2385 5998.88 -8.73506 -12.7595 226.573 22.09 -13 -1 1 0 1 -0.0662525 0.0358882 3.32685 0 0 0 
8.93591 -16.0477 6098.62 -14.4496 -8.25723 226.49 22.4579 -13 -1 1 0 1 -0.0136247 -0.00669618 3.72897 0 0 0 
2.13709 -18.0971 6198.37 -15.4733 -1.05277 226.57 22.8258 -13 -1 1 0 1 -0.00431333 -0.0745348 3.34771 0 0 0 
-3.99849 -17.3539 6298.17 -11.9136 3.71518 226.757 23.1937 -13 -1 1 0 1 -0.0363978 -0.117603 2.29559 0 0 0 
-8.21906 -15.4828 6398.06 -7.34934 4.1273 226.944 23.5616 -13 -1 1 0 1 -0.0732597 -0.123284 0.832659 0 0 0 
-10.629 -14.141 6498.02 -3.76931 1.67407 227.063 23.9295 -13 -1 1 0 1 -0.0924582 -0.110256 -0.767778 0 0 0 
-11.6171 -14.1118 6598.02 -0.718742 -1.48596 227.094 24.2974 -13 -1 1 0 1 -0.0869819 -0.0891742 -2.24615 0 0 0 
-11.2336 -15.2524 6698.01 2.45481 -3.3204 227.063 24.6653 -13 -1 1 0 1 -0.0559612 -0.0529054 -3.32109 0 0 0 
-9.58602 -16.645 6797.98 4.70001 -2.58004 227.037 25.0332 -13 -1 1 0 1 -0.0139175 0.00621813 -3.7295 0 0 0 
-7.5087 -17.2843 6897.96 4.20366 -0.250039 227.061 25.4011 -13 -1 1 0 1 0.0163727 0.0722651 -3.35142 0 0 0 
-6.28766 -16.9486 6997.95 1.0171 1.5878 227.092 25.769 -13 -1 1 0 1 0.03227 0.117464 -2.29911 0 0 0 
-6.76575 -16.0156 7097.94 -3.23023 2.61319 227.062 26.1369 -13 -1 1 0 1 0.0476501 0.132697 -0.83519 0 0 0 
-9.07775 -14.5363 7197.91 -7.10211 4.39186 226.947 26.5048 -13 -1 1 0 1 0.0685475 0.122832 0.765167 0 0 0 
-12.7387 -11.8067 7297.8 -9.01721 8.41189 226.765 26.8727 -13 -1 1 0 1 0.0827144 0.0889593 2.24236 0 0 0 
-16.3956 -6.91091 7397.61 -6.74843 13.7825 226.581 27.2406 -13 -1 1 0 1 0.0633322 0.0407839 3.31693 0 0 0 
-18.0101 -0.0582866 7497.36 -0.0936835 16.5369 226.497 27.6085 -13 -1 1 0 1 0.00190626 0.0151672 3.72808 0 0 0 
-16.4614 6.83462 7597.1 6.66931 13.9431 226.574 27.9764 -13 -1 1 0 1 -0.0606304 0.0393676 3.35681 0 0 0 
-12.797 11.8042 7696.91 9.12454 8.55824 226.755 28.3443 -13 -1 1 0 1 -0.0818126 0.0878667 2.31199 0 0 0 
-9.06234 14.5756 7796.8 7.31229 4.43471 226.939 28.7122 -13 -1 1 0 1 -0.0682171 0.122751 0.852626 0 0 0 
-6.65013 16.0596 7896.76 3.46652 2.60794 227.059 29.0801 -13 -1 1 0 1 -0.047111 0.133611 -0.747765 0 0 0 
-6.07126 16.9985 7996.75 -0.806242 1.63446 227.093 29.448 -13 -1 1 0 1 -0.0316728 0.11955 -2.22932 0 0 0 
-7.22069 17.3747 8096.74 -4.1063 -0.118222 227.063 29.8158 -13 -1 1 0 1 -0.0167394 0.0757465 -3.31128 0 0 0 
-9.29406 16.795 8196.72 -4.77975 -2.46764 227.036 30.1837 -13 -1 1 0 1 0.0118899 0.00982221 -3.72892 0 0 0 
-11.0042 15.4213 8296.69 -2.63654 -3.3607 227.06 30.5516 -13 -1 1 0 1 0.0531534 -0.050656 -3.36094 0 0 0 
-11.4665 14.2272 8396.68 0.555139 -1.67633 227.093 30.9195 -13 -1 1 0 1 0.0848901 -0.0882969 -2.31586 0 0 0 
-11.4313 14.2245 8400.5 0.675466 -1.5717 227.094 30.9336 -13 -1 1 0 1 0.0854494 -0.0894621 -2.26571 0 0 0 
-11.4313 14.2245 8400.5 0.675498 -1.57168 227.094 30.9336 -13 -1 1 0 1 0.0854496 -0.0894625 -2.2657 0 0 0 
-10.4543 14.2054 8500.49 3.75817 1.54419 227.064 31.3015 -13 -1 1 0 1 0.0910061 -0.110604 -0.791155 0 0 0 
-8.04836 15.484 8600.46 7.33517 3.97327 226.947 31.6694 -13 -1 1 0 1 0.0719841 -0.123408 0.809184 0 0 0 
-3.84238 17.2862 8700.35 11.8566 3.56247 226.762 32.0373 -13 -1 1 0 1 0.0354592 -0.117632 2.27611 0 0 0 
2.25655 17.9693 8800.16 15.3671 -1.16749 226.577 32.4052 -13 -1 1 0 1 0.00372466 -0.0749359 3.33664 0 0 0 
9.0032 15.8812 8899.9 14.3248 -8.32018 226.495 32.7731 -13 -1 1 0 1 0.0130981 -0.0076438 3.72945 0 0 0 
14.1581 11.0525 8999.65 8.61393 -12.7894 226.576 33.141 -13 -1 1 0 1 0.0656172 0.0345997 3.33797 0 0 0 
16.571 5.3986 9099.46 2.71927 -12.1274 226.76 33.5089 -13 -1 1 0 1 0.117435 0.0286288 2.27854 0 0 0 
17.05 0.811317 9199.35 0.0659156 -8.46711 226.942 33.8768 -13 -1 1 0 1 0.13982 -0.000326308 0.812231 0 0 0 
17.0723 -1.98828 9299.31 0.378807 -4.25547 227.06 34.2447 -13 -1 1 0 1 0.1377 -0.0238024 -0.787964 0 0 0 
17.5196 -2.95456 9399.3 1.61854 -0.160226 227.094 34.6126 -13 -1 1 0 1 0.116875 -0.0303732 -2.26285 0 0 0 
18.3269 -2.19796 9499.29 1.7428 3.41811 227.068 34.9805 -13 -1 1 0 1 0.0710275 -0.0223141 -3.33054 0 0 0 
18.7899 -0.235206 9599.27 0.156703 5.02409 227.045 35.3484 -13 -1 1 0 1 0.000555334 -0.0151716 -3.72969 0 0 0 
18.454 1.76606 9699.25 -1.50103 3.58078 227.067 35.7163 -13 -1 1 0 1 -0.0705832 -0.0206008 -3.34157 0 0 0 
17.7222 2.61112 9799.25 -1.51824 0.0594114 227.095 36.0842 -13 -1 1 0 1 -0.117682 -0.0280829 -2.28206 0 0 0 
17.2938 1.73691 9899.24 -0.380969 -4.06516 227.064 36.4521 -13 -1 1 0 1 -0.139248 -0.0218307 -0.814696 0 0 0 
17.2612 -0.990049 9999.2 -0.0998012 -8.32762 226.947 36.82 -13 -1 1 0 1 -0.141619 0.00108032 0.785606 0 0 0 
16.7699 -5.52699 10099.1 -2.73676 -12.0388 226.764 37.1879 -13 -1 1 0 1 -0.119179 0.0296402 2.25957 0 0 0 
14.3543 -11.1543 10198.9 -8.61225 -12.7581 226.578 37.5558 -13 -1 1 0 1 -0.067049 0.0355545 3.32713 0 0 0 
9.19816 -15.9791 10298.6 -14.339 -8.32598 226.494 37.9237 -13 -1 1 0 1 -0.0136293 -0.00671746 3.72904 0 0 0 
2.43899 -18.0668 10398.4 -15.4058 -1.14794 226.574 38.2916 -13 -1 1 0 1 -0.00317458 -0.0744386 3.34751 0 0 0 
-3.67519 -17.3606 10498.2 -11.8793 3.65021 226.76 38.6595 -13 -1 1 0 1 -0.0342867 -0.117656 2.29516 0 0 0 
-7.88256 -15.5047 10598.1 -7.3197 4.12769 226.945 39.0273 -13 -1 1 0 1 -0.0706128 -0.123456 0.832137 0 0 0 
-10.2785 -14.145 10698.1 -3.73744 1.75622 227.063 39.3952 -13 -1 1 0 1 -0.0896882 -0.110281 -0.768256 0 0 0 
-11.2575 -14.061 10798 -0.717987 -1.32143 227.095 39.7631 -13 -1 1 0 1 -0.084595 -0.0888245 -2.24646 0 0 0 
-10.8909 -15.1174 10898 2.369 -3.11376 227.067 40.131 -13 -1 1 0 1 -0.054614 -0.0523587 -3.3211 0 0 0 
-9.30445 -16.4255 10998 4.51273 -2.41939 227.043 40.4989 -13 -1 1 0 1 -0.0138806 0.00625967 -3.72921 0 0 0 
-7.32115 -17.0181 11098 3.97903 -0.203164 227.065 40.8668 -13 -1 1 0 1 0.0156785 0.0712846 -3.35088 0 0 0 
-6.19162 -16.6857 11198 0.836047 1.53393 227.094 41.2347 -13 -1 1 0 1 0.0316469 0.115755 -2.29847 0 0 0 
-6.73381 -15.7883 11298 -3.341 2.51456 227.062 41.6026 -13 -1 1 0 1 0.0474001 0.13091 -0.834536 0 0 0 
-9.08247 -14.3542 11397.9 -7.16315 4.28958 226.947 41.9705 -13 -1 1 0 1 0.068582 0.12139 0.765759 0 0 0 
-12.7654 -11.667 11497.8 -9.06127 8.32335 226.767 42.3384 -13 -1 1 0 1 0.0828805 0.0880266 2.24285 0 0 0 
-16.4428 -6.80545 11597.6 -6.80055 13.7171 226.584 42.7063 -13 -1 1 0 1 0.063494 0.0403641 3.31724 0 0 0 
-18.0841 0.0251424 11697.4 -0.162855 16.5031 226.5 43.0742 -13 -1 1 0 1 0.00188436 0.0151585 3.72816 0 0 0 
-16.5689 6.91015 11797.1 6.5869 13.9394 226.576 43.4421 -13 -1 1 0 1 -0.0610557 0.0396583 3.35659 0 0 0 
-12.9431 11.8819 11897 9.03099 8.56756 226.759 43.81 -13 -1 1 0 1 -0.0827773 0.0883833 2.31149 0 0 0 
-9.25316 14.6552 11996.8 7.20178 4.42876 226.943 44.1779 -13 -1 1 0 1 -0.0697206 0.123382 0.851934 0 0 0 
-6.89385 16.1267 12096.8 3.33827 2.55113 227.061 44.5458 -13 -1 1 0 1 -0.0490346 0.13414 -0.748528 0 0 0 
-6.37105 17.0228 12196.8 -0.924669 1.49259 227.093 44.9137 -13 -1 1 0 1 -0.0336553 0.119698 -2.23001 0 0 0 
-7.55924 17.3169 12296.8 -4.15219 -0.343699 227.062 45.2816 -13 -1 1 0 1 -0.0180571 0.0754923 -3.31171 0 0 0 
-9.62675 16.6312 12396.8 -4.70487 -2.70724 227.035 45.6495 -13 -1 1 0 1 0.0118643 0.00976871 -3.72896 0 0 0 
-11.2819 15.1663 12496.7 -2.47438 -3.52408 227.059 46.0174 -13 -1 1 0 1 0.0541991 -0.0497357 -3.36055 0 0 0 
-11.6698 13.9232 12596.7 0.716492 -1.7378 227.092 46.3853 -13 -1 1 0 1 0.0862208 -0.086332 -2.3152 0 0 0 
-11.6328 13.9202 12600.5 0.833819 -1.63111 227.093 46.3992 -13 -1 1 0 1 0.0867742 -0.0874577 -2.26565 0 0 0 
-11.6328 13.9202 12600.5 0.83385 -1.63108 227.093 46.3992 -13 -1 1 0 1 0.0867743 -0.087458 -2.26564 0 0 0 
-10.5988 13.8908 12700.5 3.85352 1.54969 227.062 46.7671 -13 -1 1 0 1 0.0921434 -0.108121 -0.791129 0 0 0 
-8.16738 15.1796 12800.5 7.35664 4.01083 226.946 47.135 -13 -1 1 0 1 0.0729201 -0.121006 0.809139 0 0 0 
-3.965 17.0043 12900.3 11.8242 3.62876 226.763 47.5029 -13 -1 1 0 1 0.036263 -0.115777 2.27598 0 0 0 
2.11545 17.7247 13000.2 15.3246 -1.06424 226.58 47.8708 -13 -1 1 0 1 0.00426285 -0.0739993 3.33644 0 0 0 
8.85103 15.6879 13099.9 14.3244 -8.19613 226.5 48.2387 -13 -1 1 0 1 0.0130988 -0.00764212 3.72923 0 0 0 
14.0201 10.9104 13199.7 8.67841 -12.6885 226.579 48.6066 -13 -1 1 0 1 0.0650905 0.0340581 3.3378 0 0 0 
16.4731 5.28976 13299.5 2.83243 -12.0788 226.761 48.9745 -13 -1 1 0 1 0.116791 0.0279144 2.27843 0 0 0 
17.0085 0.713679 13399.4 0.207447 -8.46001 226.943 49.3424 -13 -1 1 0 1 0.139492 -0.00109541 0.812158 0 0 0 
17.0983 -2.08497 13499.3 0.543667 -4.25023 227.06 49.7103 -13 -1 1 0 1 0.137905 -0.024565 -0.788035 0 0 0 
17.6222 -3.0399 13599.3 1.79784 -0.10537 227.093 50.0782 -13 -1 1 0 1 0.117552 -0.0309354 -2.26295 0 0 0 
18.5048 -2.24076 13699.3 1.89584 3.55893 227.064 50.4461 -13 -1 1 0 1 0.071712 -0.0224789 -3.33071 0 0 0 
19.0184 -0.199469 13799.3 0.225814 5.23089 227.04 50.814 -13 -1 1 0 1 0.000561215 -0.0151709 -3.72991 0 0 0 
18.6911 1.89465 13899.3 -1.52662 3.7834 227.064 51.1819 -13 -1 1 0 1 -0.0714855 -0.021089 -3.34177 0 0 0 
17.9365 2.81768 13999.2 -1.58387 0.207007 227.095 51.5498 -13 -1 1 0 1 -0.119092 -0.0294376 -2.28219 0 0 0 
17.4831 1.99551 14099.2 -0.420231 -3.97403 227.065 51.9177 -13 -1 1 0 1 -0.140742 -0.0238675 -0.814752 0 0 0 
17.4466 -0.701446 14199.2 -0.0740978 -8.28203 226.949 52.2856 -13 -1 1 0 1 -0.143084 -0.00119535 0.785614 0 0 0 
16.9822 -5.22994 14299.1 -2.6432 -12.0501 226.765 52.6535 -13 -1 1 0 1 -0.12058 0.0276838 2.25961 0 0 0 
14.6161 -10.8792 14398.9 -8.49211 -12.8491 226.577 53.0214 -13 -1 1 0 1 -0.0680592 0.0344945 3.32715 0 0 0 
9.50538 -15.7603 14498.6 -14.2641 -8.48255 226.493 53.3893 -13 -1 1 0 1 -0.0136465 -0.00672858 3.72901 0 0 0 
2.76034 -17.9193 14598.4 -15.4178 -1.30202 226.573 53.7572 -13 -1 1 0 1 -0.00196561 -0.0738809 3.34745 0 0 0 
-3.37517 -17.2678 14698.2 -11.9574 3.56281 226.757 54.1251 -13 -1 1 0 1 -0.0323256 -0.117045 2.29513 0 0 0 
-7.62421 -15.4322 14798.1 -7.42632 4.12096 226.941 54.493 -13 -1 1 0 1 -0.0685788 -0.122883 0.83217 0 0 0 
-10.071 -14.0618 14898.1 -3.86319 1.80564 227.06 54.8608 -13 -1 1 0 1 -0.0880492 -0.109622 -0.76815 0 0 0 
-11.1122 -13.9517 14998 -0.877044 -1.26153 227.095 55.2287 -13 -1 1 0 1 -0.0836334 -0.0881009 -2.2463 0 0 0 
-10.8238 -14.9903 15098 2.17621 -3.10278 227.069 55.5966 -13 -1 1 0 1 -0.0543536 -0.0518658 -3.32095 0 0 0 
-9.32258 -16.3128 15198 4.32813 -2.49792 227.045 55.9645 -13 -1 1 0 1 -0.0138835 0.00626594 -3.72912 0 0 0 
-7.40854 -16.9574 15298 3.85495 -0.353077 227.067 56.3324 -13 -1 1 0 1 0.0160053 0.0710549 -3.35089 0 0 0 
-6.31839 -16.6967 15398 0.777025 1.36688 227.095 56.7003 -13 -1 1 0 1 0.0324748 0.115827 -2.29853 0 0 0 
-6.87959 -15.8691 15498 -3.37696 2.36825 227.063 57.0682 -13 -1 1 0 1 0.0485479 0.131547 -0.834588 0 0 0 
-9.24833 -14.4923 15597.9 -7.22554 4.17791 226.947 57.4361 -13 -1 1 0 1 0.0698884 0.122466 0.761836 0 0 0 
-12.9704 -11.8432 15697.8 -9.17806 8.26625 226.764 57.804 -13 -1 1 0 1 0.0842313 0.0891814 2.23881 0 0 0 
-16.7095 -6.98906 15797.6 -6.9576 13.7453 226.577 58.1719 -13 -1 1 0 1 0.0645266 0.0410726 3.3131 0 0 0 
-18.4187 -0.12566 15897.4 -0.303515 16.6196 226.491 58.5398 -13 -1 1 0 1 0.00190763 0.0151719 3.72387 0 0 0 
-16.9523 6.82093 15997.1 6.50966 14.0899 226.569 58.9077 -13 -1 1 0 1 -0.0624973 0.0393323 3.35209 0 0 0 
-13.3474 11.8526 16096.9 9.00738 8.67929 226.756 59.2756 -13 -1 1 0 1 -0.0854237 0.088208 2.30669 0 0 0 
-9.66339 14.6582 16196.8 7.1924 4.45952 226.943 59.6435 -13 -1 1 0 1 -0.0729556 0.123427 0.846782 0 0 0 
-7.30846 16.1221 16296.8 3.32881 2.48455 227.062 60.0114 -13 -1 1 0 1 -0.052311 0.13411 -0.750135 0 0 0 
-6.78524 16.968 16396.8 -0.904925 1.33492 227.095 60.3793 -13 -1 1 0 1 -0.0364047 0.119344 -2.23182 0 0 0 
-7.94807 17.1803 16496.8 -4.04856 -0.545352 227.064 60.7472 -13 -1 1 0 1 -0.0195882 0.074967 -3.31372 0 0 0 
-9.94734 16.413 16596.8 -4.50323 -2.85956 227.038 61.1151 -13 -1 1 0 1 0.0118166 0.00975183 -3.73116 0 0 0 
-11.5032 14.9062 16696.7 -2.24014 -3.55628 227.061 61.483 -13 -1 1 0 1 0.0550114 -0.0487619 -3.36298 0 0 0 
-11.7965 13.6746 16796.7 0.902444 -1.66175 227.092 61.8509 -13 -1 1 0 1 0.0870367 -0.0847065 -2.31788 0 0 0 
-11.7568 13.6733 16800.5 1.01738 -1.55171 227.093 61.8648 -13 -1 1 0 1 0.0875848 -0.0858282 -2.2682 0 0 0 
-11.7568 13.6733 16800.5 1.01742 -1.55168 227.093 61.8648 -13 -1 1 0 1 0.0875849 -0.0858285 -2.26819 0 0 0 
-10.6581 13.6922 16900.5 3.96585 1.6806 227.06 62.2327 -13 -1 1 0 1 0.0925919 -0.106539 -0.797683 0 0 0 
-8.18824 15.0427 17000.5 7.42571 4.15613 226.941 62.6006 -13 -1 1 0 1 0.0730702 -0.119907 0.802088 0 0 0 
-3.95674 16.9312 17100.3 11.895 3.77084 226.757 62.9685 -13 -1 1 0 1 0.0362044 -0.115271 2.26842 0 0 0 
2.16261 17.71 17200.1 15.4351 -0.945362 226.573 63.3364 -13 -1 1 0 1 0.00409406 -0.0739165 3.32839 0 0 0 
8.95805 15.7152 17299.9 14.4842 -8.12844 226.492 63.7043 -13 -1 1 0 1 0.0131273 -0.00762028 3.72075 0 0 0 
14.2046 10.9539 17399.6 8.86563 -12.6803 226.573 64.0722 -13 -1 1 0 1 0.0658415 0.034237 3.32887 0 0 0 
16.7416 5.3292 17499.4 3.02507 -12.0974 226.758 64.4401 -13 -1 1 0 1 0.11862 0.0281723 2.26892 0 0 0 
17.3626 0.749749 17599.3 0.40377 -8.44597 226.943 64.808 -13 -1 1 0 1 0.142363 -0.000828878 0.801884 0 0 0 
17.5384 -2.02361 17699.3 0.73425 -4.13903 227.061 65.1759 -13 -1 1 0 1 0.141449 -0.0241085 -0.79534 0 0 0 
18.1366 -2.89888 17799.3 1.93116 0.148683 227.092 65.5438 -13 -1 1 0 1 0.121029 -0.0300415 -2.27118 0 0 0 
19.0476 -1.95983 17899.3 1.87501 3.9258 227.059 65.9117 -13 -1 1 0 1 0.073904 -0.0214332 -3.33999 0 0 0 
19.507 0.244113 17999.3 0.00409816 5.57488 227.032 66.2796 -13 -1 1 0 1 0.000692352 -0.0151824 -3.74027 0 0 0 
19.053 2.45792 18099.2 -1.85419 3.96958 227.058 66.6475 -13 -1 1 0 1 -0.0727375 -0.0232388 -3.35321 0 0 0 
18.1605 3.42469 18199.2 -1.85993 0.229656 227.093 67.0154 -13 -1 1 0 1 -0.120436 -0.0334253 -2.29477 0 0 0 
17.6149 2.5914 18299.2 -0.555877 -4.03298 227.064 67.3833 -13 -1 1 0 1 -0.141646 -0.0285744 -0.828615 0 0 0 
17.553 -0.137885 18399.2 -0.0556011 -8.36651 226.946 67.7512 -13 -1 1 0 1 -0.143756 -0.00567054 0.766336 0 0 0 
17.1265 -4.71121 18499.1 -2.49714 -12.178 226.76 68.1191 -13 -1 1 0 1 -0.12135 0.0241881 2.23842 0 0 0 
14.8401 -10.4381 18598.9 -8.29398 -13.084 226.571 68.487 -13 -1 1 0 1 -0.068748 0.0326462 3.30385 0 0 0 
9.8047 -15.4519 18698.6 -14.1432 -8.84558 226.487 68.8549 -13 -1 1 0 1 -0.0135268 -0.006972 3.70338 0 0 0 
3.07623 -17.7862 18798.4 -15.4704 -1.71687 226.566 69.2228 -13 -1 1 0 1 -0.000714507 -0.073678 3.31924 0 0 0 
-3.11879 -17.3106 18898.2 -12.1622 3.18832 226.752 69.5907 -13 -1 1 0 1 -0.0306839 -0.117675 2.26384 0 0 0 
-7.47363 -15.6278 18998 -7.68334 3.79506 226.939 69.9586 -13 -1 1 0 1 -0.0675278 -0.124805 0.797086 0 0 0 
-10.0241 -14.3999 19098 -4.05839 1.47405 227.059 70.3265 -13 -1 1 0 1 -0.0878928 -0.112701 -0.803983 0 0 0 
-11.1165 -14.4445 19198 -0.89559 -1.63036 227.093 70.6944 -13 -1 1 0 1 -0.0839565 -0.0918519 -2.28764 0 0 0 
-10.7807 -15.6418 19298 2.41585 -3.43193 227.062 71.0623 -13 -1 1 0 1 -0.0545329 -0.0550315 -3.36898 0 0 0 
-9.12407 -17.0724 19398 4.76951 -2.63803 227.035 71.4302 -13 -1 1 0 1 -0.0142132 0.00539306 -3.7851 0 0 0 
-7.00666 -17.7259 19497.9 4.30188 -0.263758 227.06 71.7981 -13 -1 1 0 1 0.0141933 0.0729422 -3.41626 0 0 0 
-5.74905 -17.3998 19597.9 1.078 1.54104 227.093 72.166 -13 -1 1 0 1 0.0284651 0.11925 -2.37505 0 0 0 
-6.21411 -16.5135 19697.9 -3.23684 2.43165 227.064 72.5339 -13 -1 1 0 1 0.0429173 0.135263 -0.924677 0 0 0 
-8.55404 -15.1595 19797.9 -7.24101 3.99482 226.95 72.9018 -13 -1 1 0 1 0.0636959 0.126194 0.65501 0 0 0 
-12.3355 -12.6544 19897.8 -9.46515 7.80277 226.769 73.2697 -13 -1 1 0 1 0.0786916 0.0929265 2.11112 0 0 0 
-16.3032 -8.03984 19997.6 -7.74612 13.1727 226.586 73.6376 -13 -1 1 0 1 0.0606434 0.0438193 3.15916 0 0 0 
-18.4936 -1.37801 20097.3 -1.68873 16.356 226.504 74.0055 -13 -1 1 0 1 -0.00148042 0.0148597 3.53643 0 0 0 
-17.7281 5.59194 20197.1 4.77334 14.4872 226.588 74.3734 -13 -1 1 0 1 -0.0696588 0.0359516 3.12123 0 0 0 
-14.9043 10.9361 20296.9 7.22476 9.64564 226.78 74.7413 -13 -1 1 0 1 -0.100322 0.085627 2.01841 0 0 0 
-12.0153 14.2078 20396.8 5.32525 5.50778 226.971 75.1092 -13 -1 1 0 1 -0.0965805 0.125917 0.481747 0 0 0 
-10.5552 16.0218 20496.8 1.08766 2.88268 227.08 75.4771 -13 -1 1 0 1 -0.0841045 0.142634 -1.21856 0 0 0 
-11.1084 16.7209 20596.8 -3.4751 0.0913374 227.074 75.845 -13 -1 1 0 1 -0.0740511 0.131135 -2.84112 0 0 0 
-13.2971 15.8585 20696.7 -5.8535 -4.24152 226.985 76.2129 -13 -1 1 0 1 -0.0556234 0.0874899 -4.11644 0 0 0 
-15.5763 12.9966 20796.7 -3.69003 -8.40603 226.915 76.5808 -13 -1 1 0 1 -0.0135789 0.0295812 -4.80098 0 0 0 
-16.037 9.04234 20896.6 1.81611 -8.70707 226.926 76.9487 -13 -1 1 0 1 0.0363863 -0.00734041 -4.80337 0 0 0 
-14.1243 5.99897 20996.5 6.41585 -4.58675 226.963 77.3166 -13 -1 1 0 1 0.0594354 -0.0167288 -4.26546 0 0 0 
-10.8584 5.19834 21096.5 7.92342 0.903041 226.96 77.6845 -13 -1 1 0 1 0.0507749 -0.0187404 -3.46962 0 0 0 
-7.46263 6.61582 21196.4 7.28576 5.25537 226.923 78.0524 -13 -1 1 0 1 0.031086 -0.0233617 -2.66924 0 0 0 
-5.79467 8.21511 21252.2 6.59572 6.93931 226.899 78.2577 -13 -1 1 0 1 0.0214137 -0.0264823 -2.26997 0 0 0 

# Event 1 Track 1
-21.4115 13.9846 0 -40.222 -10.8631 223.246 0.0870076 -13 1 1 0 1 0.151005 -0.0877636 -2.26809 0 0 0 
-21.4954 13.9568 0.4995 -40.1924 -10.9014 223.249 0.0888738 -13 1 1 0 1 0.151759 -0.0877321 -2.26152 0 0 0 
-21.4955 13.9567 0.5005 -40.1924 -10.9015 223.249 0.0888775 -13 1 1 0 1 0.15176 -0.087732 -2.26151 0 0 0 
-38.0139 8.46657 98.9715 -35.2996 -11.8851 224.025 0.456776 -13 1 1 0 1 0.308529 -0.0653509 -0.81554 0 0 0 
-53.0945 5.24617 197.765 -33.5592 -0.93055 224.605 0.824674 -13 1 1 0 1 0.429655 -0.0429539 0.777008 0 0 0 
-67.3282 9.00756 296.641 -30.0108 19.1258 224.294 1.19257 -13 1 1 0 1 0.462379 -0.0645876 2.27132 0 0 0 
-77.909 22.2967 395.133 -15.7774 40.2659 222.944 1.56047 -13 1 1 0 1 0.330408 -0.0974319 3.4051 0 0 0 
-79.6082 42.4093 493.018 8.77703 47.6531 221.871 1.92837 -13 1 1 0 1 0.0369284 -0.0202134 3.88689 0 0 0 
-71.0422 61.1538 590.826 27.5698 34.6532 222.741 2.29627 -13 1 1 0 1 -0.244584 0.213407 3.55878 0 0 0 
-58.2193 71.7054 689.399 27.4158 13.3262 225.045 2.66417 -13 1 1 0 1 -0.369513 0.45955 2.50375 0 0 0 
-49.0379 73.6787 788.917 12.883 -3.18144 226.712 3.03206 -13 1 1 0 1 -0.38303 0.577663 1.00797 0 0 0 
-47.2576 69.6262 888.783 -4.3858 -14.9741 226.563 3.39996 -13 1 1 0 1 -0.377438 0.553069 -0.636397 0 0 0 
-51.8848 60.2481 988.211 -14.7464 -28.1828 224.862 3.76786 -13 1 1 0 1 -0.357299 0.406221 -2.16623 0 0 0 
-58.0265 44.5743 1086.76 -10.2298 -42.5376 222.846 4.13576 -13 1 1 0 1 -0.251012 0.179693 -3.30643 0 0 0 
-58.5722 24.1897 1184.63 9.52812 -47.4161 221.89 4.50366 -13 1 1 0 1 -0.0366818 -6.97609e-05 -3.78957 0 0 0 
-49.3499 5.42753 1282.36 31.2307 -35.1913 222.173 4.87156 -13 1 1 0 1 0.158649 -0.0318292 -3.49342 0 0 0 
-32.8103 -5.52431 1380.33 41.6808 -14.442 222.775 5.23945 -13 1 1 0 1 0.200832 0.0224641 -2.52791 0 0 0 
-14.1433 -8.16729 1478.52 42.1331 0.682559 223.156 5.60735 -13 1 1 0 1 0.106436 0.0543507 -1.134 0 0 0 
4.0218 -6.73331 1576.84 40.4876 3.68246 223.432 5.97525 -13 1 1 0 1 -0.0369902 0.0468775 0.434286 0 0 0 
21.5915 -6.74946 1675.28 39.0855 -5.65294 223.64 6.34315 -13 1 1 0 1 -0.159774 0.0408184 1.93664 0 0 0 
37.7068 -12.9932 1773.75 32.6515 -23.4541 223.513 6.71105 -13 1 1 0 1 -0.18813 0.0537205 3.13063 0 0 0 
48.831 -27.1076 1872.07 16.3632 -39.1464 223.101 7.07895 -13 1 1 0 1 -0.0684627 0.0230582 3.7527 0 0 0 
51.6345 -45.419 1970.31 -2.91146 -41.4059 223.275 7.44684 -13 1 1 0 1 0.131934 -0.13435 3.61421 0 0 0 
47.9189 -61.7527 2068.88 -11.3407 -31.6212 224.602 7.81474 -13 1 1 0 1 0.275478 -0.374079 2.73227 0 0 0 
43.9793 -73.027 2168.15 -4.2474 -19.893 226.187 8.18264 -13 1 1 0 1 0.331382 -0.567237 1.33174 0 0 0 
45.6771 -79.5157 2267.89 13.0106 -9.47022 226.529 8.55054 -13 1 1 0 1 0.363768 -0.646986 -0.298455 0 0 0 
55.7028 -80.6795 2367.34 31.93 5.61451 224.774 8.91844 -13 1 1 0 1 0.398596 -0.587679 -1.89751 0 0 0 
72.2396 -73.1222 2465.61 40.1669 30.0224 221.494 9.28634 -13 1 1 0 1 0.3566 -0.367014 -3.19201 0 0 0 
87.6828 -54.2269 2562.52 25.9717 54.0488 219.04 9.65423 -13 1 1 0 1 0.122942 -0.0768072 -3.87921 0 0 0 
92.6198 -28.5347 2658.95 -4.50687 58.2295 219.462 10.0221 -13 1 1 0 1 -0.237311 0.0769261 -3.76434 0 0 0 
84.6474 -6.45753 2756.08 -29.154 39.2925 221.767 10.39 -13 1 1 0 1 -0.489691 0.0436423 -2.89643 0 0 0 
69.4522 5.124 2854.17 -37.4212 13.7267 223.575 10.7579 -13 1 1 0 1 -0.530247 -0.0320865 -1.53369 0 0 0 
53.0057 6.77514 2952.77 -36.7608 -4.42854 224.061 11.1258 -13 1 1 0 1 -0.432089 -0.0474984 0.0462319 0 0 0 
36.9192 2.94249 3051.39 -36.8859 -10.9443 223.817 11.4937 -13 1 1 0 1 -0.275401 -0.0123341 1.59843 0 0 0 
20.0863 -1.03584 3149.88 -39.6725 -5.07784 223.55 11.8616 -13 1 1 0 1 -0.109044 0.0180813 2.87362 0 0 0 
2.48192 -0.0033935 3248.29 -39.0599 10.8989 223.45 12.2295 -13 1 1 0 1 -0.00538316 0.0148001 3.6145 0 0 0 
-12.9972 8.71726 3346.67 -29.9236 27.8891 223.386 12.5974 -13 1 1 0 1 -0.023883 0.0310615 3.63912 0 0 0 
-23.3808 23.2441 3445.04 -17.6422 36.3226 223.481 12.9653 -13 1 1 0 1 -0.121682 0.134582 2.93563 0 0 0 
-29.6436 39.3588 3543.53 -12.6656 35.7405 223.912 13.3332 -13 1 1 0 1 -0.215877 0.29895 1.67826 0 0 0 
-36.3309 53.9885 3642.23 -19.6823 29.9495 224.255 13.7011 -13 1 1 0 1 -0.290075 0.444159 0.125238 0 0 0 
-48.3673 64.7928 3740.87 -35.9333 17.5571 223.551 14.069 -13 1 1 0 1 -0.361898 0.500302 -1.47143 0 0 0 
-67.8638 67.6559 3838.84 -51.1293 -6.76344 221.166 14.4369 -13 1 1 0 1 -0.38589 0.40177 -2.86764 0 0 0 
-90.7833 57.5039 3935.56 -48.8615 -39.444 218.246 14.8048 -13 1 1 0 1 -0.227837 0.160177 -3.77936 0 0 0 
-107.321 34.6717 4031.41 -23.2822 -60.3043 217.706 15.1727 -13 1 1 0 1 0.156168 -0.0385187 -3.94109 0 0 0 
-110.583 8.61457 4127.81 7.03451 -53.4915 220.599 15.5406 -13 1 1 0 1 0.557118 -0.0364526 -3.28159 0 0 0 
-105.913 -6.09093 4200.5 19.6756 -35.3373 223.47 15.8141 -13 1 1 0 1 0.728814 0.0455338 -2.37272 0 0 0 
-105.913 -6.09103 4200.5 19.6757 -35.3371 223.47 15.8141 -13 1 1 0 1 0.728815 0.0455345 -2.37271 0 0 0 
-96.2743 -15.5205 4299.52 21.9833 -7.85692 225.897 16.182 -13 1 1 0 1 0.780671 0.125936 -0.837077 0 0 0 
-87.3783 -13.7763 4399.07 18.6387 14.678 225.858 16.5499 -13 1 1 0 1 0.707696 0.108859 0.806265 0 0 0 
-78.8862 -3.7197 4498.18 21.6348 29.3976 224.148 16.9178 -13 1 1 0 1 0.540055 0.0208433 2.30557 0 0 0 
-66.8356 10.1999 4596.46 34.2896 31.0578 222.338 17.2857 -13 1 1 0 1 0.280084 -0.0472764 3.37962 0 0 0 
-48.6334 21.0122 4694.15 47.1631 15.3848 221.616 17.6536 -13 1 1 0 1 0.0249696 -0.0126714 3.77707 0 0 0 
-27.1777 22.3629 4791.76 47.8326 -9.44504 221.805 18.0215 -13 1 1 0 1 -0.0844201 0.071769 3.41366 0 0 0 
-8.14172 13.5962 4889.5 37.7827 -28.5396 222.109 18.3894 -13 1 1 0 1 -0.0426039 0.0794473 2.40753 0 0 0 
6.3394 -1.02377 4987.35 29.1961 -36.0226 222.316 18.7573 -13 1 1 0 1 0.0552596 -0.0146339 0.999694 0 0 0 
19.0611 -16.7102 5085.29 30.441 -33.7318 222.509 19.1252 -13 1 1 0 1 0.155186 -0.14092 -0.566359 0 0 0 
34.5167 -29.2873 5183.26 40.6911 -21.5051 222.388 19.4931 -13 1 1 0 1 0.240485 -0.213009 -2.0612 0 0 0 
54.7792 -33.8806 5281.03 49.9539 2.43229 221.525 19.861 -13 1 1 0 1 0.247788 -0.166276 -3.23985 0 0 0 
76.3151 -26.4299 5378.32 44.7507 30.7616 220.512 20.2289 -13 1 1 0 1 0.0684114 -0.0389604 -3.83485 0 0 0 
91.8965 -8.80305 5475.46 24.6608 45.7476 221.074 20.5968 -13 1 1 0 1 -0.280173 0.0121567 -3.656 0 0 0 
98.3439 10.5485 5573.33 6.46213 38.8975 223.651 20.9647 -13 1 1 0 1 -0.606402 -0.0767421 -2.72361 0 0 0 
99.752 23.515 5672.44 2.35596 18.7895 226.31 21.3326 -13 1 1 0 1 -0.783181 -0.192681 -1.28212 0 0 0 
101.89 26.5247 5772.32 8.0063 -5.51694 226.892 21.7005 -13 1 1 0 1 -0.836666 -0.223324 0.370375 0 0 0 
106.315 18.3712 5871.83 10.3282 -31.6252 224.65 22.0684 -13 1 1 0 1 -0.782871 -0.140447 1.97317 0 0 0 
108.608 -0.758445 5969.9 -3.09971 -53.4296 220.704 22.4363 -13 1 1 0 1 -0.553429 -0.00351101 3.24915 0 0 0 
101.311 -25.7818 6066.37 -31.2023 -55.765 217.925 22.8042 -13 1 1 0 1 -0.156144 0.0285407 3.895 0 0 0 
81.9769 -45.9378 6162.3 -53.6895 -32.2986 218.286 23.1721 -13 1 1 0 1 0.195155 -0.123847 3.73753 0 0 0 
57.3504 -52.867 6258.88 -54.5241 0.38944 220.458 23.54 -13 1 1 0 1 0.31667 -0.307442 2.85176 0 0 0 
36.1097 -47.123 6356.37 -40.9648 23.3308 222.154 23.9079 -13 1 1 0 1 0.263118 -0.357876 1.49349 0 0 0 
21.0191 -34.2959 6454.37 -28.8212 33.0436 222.827 24.2758 -13 1 1 0 1 0.161045 -0.27621 -0.0713481 0 0 0 
9.24475 -19.3855 6552.55 -26.4773 33.3011 223.08 24.6437 -13 1 1 0 1 0.0588488 -0.139998 -1.60944 0 0 0 
-3.63849 -6.25029 6650.83 -32.996 24.7572 223.323 25.0116 -13 1 1 0 1 -0.0308029 -0.028006 -2.87881 0 0 0 
-19.8893 1.03367 6749.2 -39.9791 7.08532 223.442 25.3795 -13 1 1 0 1 -0.053145 0.00924724 -3.626 0 0 0 
-37.563 -0.369408 6847.58 -38.6498 -12.8245 223.42 25.7474 -13 1 1 0 1 0.0586102 0.0083799 -3.65971 0 0 0 
-52.9383 -8.88001 6946.01 -30.9047 -23.6506 223.741 26.1153 -13 1 1 0 1 0.270269 0.0542488 -2.9535 0 0 0 
-65.3104 -19.2233 7044.7 -26.5399 -21.274 224.539 26.4832 -13 1 1 0 1 0.476622 0.148959 -1.67988 0 0 0 
-77.523 -26.0337 7143.7 -30.0717 -8.01309 224.958 26.851 -13 1 1 0 1 0.62629 0.218751 -0.105873 0 0 0 
-92.1655 -24.828 7242.57 -35.864 15.1309 223.74 27.2189 -13 1 1 0 1 0.702824 0.199006 1.50896 0 0 0 
-107.504 -11.5931 7340.42 -30.7675 45.3958 220.38 27.5868 -13 1 1 0 1 0.627075 0.0800329 2.91667 0 0 0 
-116.066 14.0681 7436.58 -4.73274 67.9765 216.637 27.9547 -13 1 1 0 1 0.305644 -0.0220573 3.82523 0 0 0 
-110.175 44.1131 7531.67 30.8149 63.1357 215.961 28.3226 -13 1 1 0 1 -0.148104 0.0748583 3.9671 0 0 0 
-91.5419 65.8962 7627.36 49.3572 33.438 219.136 28.6905 -13 1 1 0 1 -0.450022 0.337847 3.29257 0 0 0 
-70.5423 73.3698 7724.76 42.6404 1.94152 223.053 29.0584 -13 1 1 0 1 -0.507335 0.539547 2.01447 0 0 0 
-55.6312 69.3695 7823.5 24.6752 -18.1573 225.025 29.4263 -13 1 1 0 1 -0.447598 0.56995 0.435344 0 0 0 
-48.2215 58.632 7922.61 10.4702 -29.7361 224.902 29.7942 -13 1 1 0 1 -0.36965 0.463453 -1.18201 0 0 0 
-44.6504 43.7317 8021.43 8.05064 -37.2613 223.878 30.1621 -13 1 1 0 1 -0.266026 0.276706 -2.58762 0 0 0 
-39.1953 26.8335 8119.83 18.462 -37.7454 223.18 30.53 -13 1 1 0 1 -0.110905 0.0918776 -3.50891 0 0 0 
-27.7098 12.3456 8218.07 33.3674 -25.9977 223.126 30.8979 -13 1 1 0 1 0.0333716 -0.00152464 -3.72649 0 0 0 
-10.8726 5.11371 8316.34 41.4642 -6.53992 223.187 31.2658 -13 1 1 0 1 0.0594069 -0.0161754 -3.19884 0 0 0 
4.96148 5.43848 8400.5 41.8665 7.18965 223.092 31.5809 -13 1 1 0 1 -0.0224068 -0.0316199 -2.26329 0 0 0 
4.96167 5.43853 8400.5 41.8665 7.18977 223.092 31.5809 -13 1 1 0 1 -0.0224082 -0.0316203 -2.26328 0 0 0 
23.1778 10.3258 8498.7 41.2542 12.9193 222.948 31.9488 -13 1 1 0 1 -0.17404 -0.0799072 -0.824634 0 0 0 
41.8511 14.9084 8596.83 44.1111 5.68401 222.703 32.3167 -13 1 1 0 1 -0.323243 -0.119511 0.753472 0 0 0 
61.9897 13.4042 8694.74 46.4372 -14.5076 221.828 32.6846 -13 1 1 0 1 -0.408076 -0.0944679 2.2398 0 0 0 
81.0045 1.00842 8792.06 37.0715 -41.8834 220.105 33.0525 -13 1 1 0 1 -0.326347 -0.0105791 3.37933 0 0 0 
92.0788 -22.0601 8888.64 11.1004 -59.6021 218.859 33.4204 -13 1 1 0 1 -0.0295952 0.00263051 3.9001 0 0 0 
90.5069 -47.8427 8985.18 -16.5049 -53.4522 220.103 33.7883 -13 1 1 0 1 0.323292 -0.172036 3.62355 0 0 0 
80.3563 -66.6947 9082.81 -25.752 -31.0241 223.493 34.1562 -13 1 1 0 1 0.523698 -0.43374 2.60959 0 0 0 
70.7946 -75.3013 9181.92 -15.2427 -8.97163 226.411 34.5241 -13 1 1 0 1 0.566105 -0.602252 1.12727 0 0 0 
68.077 -75.3271 9281.84 3.11096 8.46333 226.922 34.892 -13 1 1 0 1 0.556376 -0.619514 -0.529767 0 0 0 
72.8271 -67.6894 9381.39 16.658 26.7869 224.899 35.2599 -13 1 1 0 1 0.518644 -0.490799 -2.10292 0 0 0 
80.3509 -51.4565 9479.74 14.1268 46.4903 221.842 35.6278 -13 1 1 0 1 0.373168 -0.252039 -3.30774 0 0 0 
82.401 -28.3241 9576.96 -7.21232 55.454 220.108 35.9957 -13 1 1 0 1 0.0787861 -0.0423749 -3.85392 0 0 0 
73.3847 -5.88584 9673.92 -32.6268 42.9864 220.596 36.3636 -13 1 1 0 1 -0.216815 0.0027713 -3.60669 0 0 0 
55.6849 7.5994 9771.35 -45.0383 17.6472 221.889 36.7315 -13 1 1 0 1 -0.334168 -0.0573058 -2.66644 0 0 0 
35.6448 10.3101 9869.24 -44.6961 -3.63792 222.629 37.0994 -13 1 1 0 1 -0.274992 -0.0876883 -1.28636 0 0 0 
16.6368 6.21925 9967.33 -41.998 -12.7425 222.82 37.4673 -13 1 1 0 1 -0.137992 -0.0568653 0.277945 0 0 0 
-1.8727 1.00626 10065.5 -42.579 -8.80013 222.9 37.8352 -13 1 1 0 1 0.00587429 -0.013858 1.79348 0 0 0 
-20.8271 0.203611 10163.6 -42.7427 6.76446 222.94 38.2031 -13 1 1 0 1 0.0930671 -0.00823734 3.01694 0 0 0 
-38.2329 7.67977 10261.8 -34.4749 26.9319 222.847 38.571 -13 1 1 0 1 0.0457141 -0.0194568 3.69353 0 0 0 
-49.884 22.6779 10359.9 -17.8267 38.8954 223.034 38.9389 -13 1 1 0 1 -0.132464 0.047239 3.63708 0 0 0 
-54.4651 39.785 10458.3 -4.68933 36.7208 224.063 39.3068 -13 1 1 0 1 -0.320143 0.220462 2.83755 0 0 0 
-56.0049 53.8241 10557.3 -4.68372 26.3574 225.517 39.6747 -13 1 1 0 1 -0.434115 0.405913 1.49538 0 0 0 
-60.3593 62.6176 10656.8 -16.5292 13.0774 226.121 40.0426 -13 1 1 0 1 -0.499606 0.51002 -0.110283 0 0 0 
-71.1067 64.5291 10756.2 -31.9165 -5.7719 224.773 40.4105 -13 1 1 0 1 -0.54086 0.485472 -1.71854 0 0 0 
-87.0442 56.2345 10854.5 -37.5601 -32.9725 221.533 40.7784 -13 1 1 0 1 -0.484612 0.311252 -3.06553 0 0 0 
-100.863 35.7189 10951.3 -21.2844 -58.1652 218.492 41.1463 -13 1 1 0 1 -0.218386 0.0800079 -3.85148 0 0 0 
-103.414 8.29961 11047.3 10.4218 -61.6368 218.328 41.5142 -13 1 1 0 1 0.18942 -0.00843295 -3.84678 0 0 0 
-92.9444 -14.8229 11144 34.1025 -40.4879 220.845 41.8821 -13 1 1 0 1 0.486708 0.0864932 -3.06243 0 0 0 
-76.3163 -26.4044 11241.8 38.5701 -12.6084 223.446 42.25 -13 1 1 0 1 0.557714 0.202016 -1.73653 0 0 0 
-60.5244 -27.1103 11340.5 32.5382 7.67548 224.627 42.6179 -13 1 1 0 1 0.485604 0.226477 -0.156989 0 0 0 
-47.424 -21.1419 11439.5 27.8561 17.8175 224.681 42.9858 -13 1 1 0 1 0.356788 0.169182 1.42497 0 0 0 
-35.0377 -12.8414 11538.3 29.3853 18.1915 224.456 43.3537 -13 1 1 0 1 0.198776 0.0854143 2.75751 0 0 0 
-21.1179 -6.65081 11637.2 33.6561 8.3134 224.439 43.7216 -13 1 1 0 1 0.0520218 0.0311398 3.57407 0 0 0 
-6.11648 -6.48513 11736 33.2805 -7.90737 224.51 44.0895 -13 1 1 0 1 -0.00859844 0.00564747 3.67129 0 0 0 
7.28395 -13.1942 11834.9 27.0673 -21.4301 224.461 44.4574 -13 1 1 0 1 0.0368154 -0.0521531 3.02831 0 0 0 
17.9227 -24.1403 11933.7 22.1752 -26.8973 224.41 44.8253 -13 1 1 0 1 0.130605 -0.163406 1.81327 0 0 0 
27.9904 -35.7711 12032.5 25.0688 -24.7302 224.354 45.1932 -13 1 1 0 1 0.228905 -0.280294 0.284116 0 0 0 
41.1639 -44.7292 12131.2 35.631 -14.321 223.831 45.5611 -13 1 1 0 1 0.322542 -0.336939 -1.30333 0 0 0 
59.3545 -46.703 12229.5 45.8339 7.30645 222.308 45.929 -13 1 1 0 1 0.36632 -0.273635 -2.70546 0 0 0 
79.4132 -37.1455 12326.9 41.8968 36.1808 220.251 46.2968 -13 1 1 0 1 0.246625 -0.101834 -3.65218 0 0 0 
93.2988 -16.3458 12423.6 18.7231 54.8967 219.569 46.6647 -13 1 1 0 1 -0.0778741 0.023572 -3.88142 0 0 0 
95.3867 7.55729 12520.7 -7.86941 49.7134 221.453 47.0326 -13 1 1 0 1 -0.431037 -0.0289638 -3.30799 0 0 0 
90.2416 22.5311 12600.5 -18.7616 32.8092 223.934 47.3322 -13 1 1 0 1 -0.598021 -0.147653 -2.35236 0 0 0 
90.2415 22.5312 12600.5 -18.7617 32.809 223.934 47.3322 -13 1 1 0 1 -0.598022 -0.147654 -2.35235 0 0 0 
81.8113 31.8366 12699.7 -17.4645 9.8765 226.213 47.7001 -13 1 1 0 1 -0.646111 -0.253277 -0.832383 0 0 0 
75.7752 31.8567 12799.4 -9.92516 -9.04827 226.704 48.068 -13 1 1 0 1 -0.597258 -0.256045 0.809556 0 0 0 
72.3426 24.4765 12899.1 -7.1748 -23.6828 225.749 48.4359 -13 1 1 0 1 -0.473999 -0.167989 2.31666 0 0 0 
67.8753 12.083 12998.2 -14.8149 -30.769 224.519 48.8038 -13 1 1 0 1 -0.255212 -0.0540891 3.39895 0 0 0 
58.4422 -0.536654 13096.9 -27.9603 -23.9913 224.093 49.1717 -13 1 1 0 1 0.00614625 -0.00755377 3.79009 0 0 0 
44.2195 -7.24931 13195.7 -34.8618 -5.38075 224.345 49.5396 -13 1 1 0 1 0.175167 -0.0342739 3.39544 0 0 0 
29.2304 -5.24783 13294.5 -32.0639 13.6059 224.414 49.9075 -13 1 1 0 1 0.197983 -0.0407539 2.34896 0 0 0 
16.2461 3.59753 13393.2 -27.435 25.1298 224.033 50.2754 -13 1 1 0 1 0.132968 0.0214952 0.908537 0 0 0 
4.11059 15.6296 13491.8 -29.0862 28.0767 223.474 50.6433 -13 1 1 0 1 0.0358152 0.115934 -0.669008 0 0 0 
-10.5128 26.8861 13590 -38.2154 21.1538 222.861 51.0112 -13 1 1 0 1 -0.0696166 0.171579 -2.14468 0 0 0 
-29.5533 32.4594 13688 -47.195 2.26323 222.131 51.3791 -13 1 1 0 1 -0.124664 0.124052 -3.26533 0 0 0 
-50.2401 27.932 13785.7 -44.0594 -22.6462 221.632 51.747 -13 1 1 0 1 -0.0291199 0.000995897 -3.78054 0 0 0 
-66.2666 13.9573 13883.4 -27.3357 -38.0276 222.22 52.1149 -13 1 1 0 1 0.217468 -0.0602693 -3.5297 0 0 0 
-74.3412 -2.83375 13981.6 -10.657 -35.4598 224.062 52.4828 -13 1 1 0 1 0.464952 0.00623436 -2.5665 0 0 0 
-77.3627 -15.5378 14080.7 -5.11214 -21.0773 226.063 52.8507 -13 1 1 0 1 0.603563 0.113259 -1.12931 0 0 0 
-80.2063 -20.8039 14180.5 -8.60549 -2.41884 226.925 53.2186 -13 1 1 0 1 0.64352 0.161449 0.503508 0 0 0 
-84.8257 -17.3676 14280.3 -11.2846 18.2009 226.089 53.5865 -13 1 1 0 1 0.592068 0.116267 2.07087 0 0 0 
-88.4904 -5.11081 14379.4 -3.02494 36.2041 224.176 53.9544 -13 1 1 0 1 0.397303 0.016228 3.2877 0 0 0 
-85.75 12.4175 14477.8 16.4633 40.1042 222.925 54.3223 -13 1 1 0 1 0.0650124 -0.0191014 3.85436 0 0 0 
-74.4697 27.2262 14576 32.7932 24.4112 223.391 54.6902 -13 1 1 0 1 -0.239392 0.0759196 3.60913 0 0 0 
-59.1767 32.687 14674.7 34.1199 0.384073 224.523 55.0581 -13 1 1 0 1 -0.371043 0.194157 2.64276 0 0 0 
-45.9123 28.3637 14773.6 25.4962 -18.6571 224.893 55.426 -13 1 1 0 1 -0.362925 0.216593 1.22596 0 0 0 
-36.4134 17.4149 14872.6 18.7897 -29.9276 224.335 55.7939 -13 1 1 0 1 -0.300566 0.140391 -0.363654 0 0 0 
-27.9672 2.94778 14971.2 21.3636 -34.6046 223.43 56.1618 -13 1 1 0 1 -0.208252 0.0243298 -1.8801 0 0 0 
-16.229 -11.7067 15069.4 32.9422 -30.0149 222.686 56.5297 -13 1 1 0 1 -0.0898093 -0.0504923 -3.07169 0 0 0 
1.04116 -21.6609 15167.3 44.3964 -13.3968 222.316 56.8976 -13 1 1 0 1 -0.0117386 -0.0210068 -3.68888 0 0 0 
21.1975 -22.7427 15265.2 44.9513 8.13424 222.459 57.2655 -13 1 1 0 1 -0.0670503 0.0661895 -3.56958 0 0 0 
39.1408 -15.7947 15363.3 35.7476 21.1838 223.267 57.6334 -13 1 1 0 1 -0.235198 0.0979219 -2.74247 0 0 0 
52.8262 -6.17185 15461.9 27.3101 20.3437 224.533 58.0013 -13 1 1 0 1 -0.407542 0.0533923 -1.40438 0 0 0 
64.1585 0.513924 15561 25.0964 8.50924 225.55 58.3692 -13 1 1 0 1 -0.5226 0.00315348 0.177808 0 0 0 
75.2184 0.1839 15660.4 24.6584 -11.0408 225.488 58.7371 -13 1 1 0 1 -0.555036 0.00830604 1.75773 0 0 0 
84.6604 -9.62812 15759.4 16.11 -33.1195 224.095 59.1049 -13 1 1 0 1 -0.443228 0.0631821 3.06901 0 0 0 
87.4773 -27.4931 15857.7 -4.90998 -45.0479 222.534 59.4728 -13 1 1 0 1 -0.152698 0.0631015 3.81254 0 0 0 
80.2328 -46.1202 15955.6 -26.4216 -36.0745 222.656 59.8407 -13 1 1 0 1 0.182841 -0.089927 3.76082 0 0 0 
66.6515 -57.2306 16054 -32.0066 -13.5756 224.424 60.2086 -13 1 1 0 1 0.375318 -0.308957 2.92696 0 0 0 
54.4292 -58.4447 16153.2 -21.7688 6.90293 225.95 60.5765 -13 1 1 0 1 0.413264 -0.432167 1.55682 0 0 0 
48.0389 -52.1767 16252.8 -7.60604 20.7118 226.027 60.9444 -13 1 1 0 1 0.393791 -0.41608 -0.0456418 0 0 0 
46.7577 -40.591 16352.1 0.0534133 31.7422 224.872 61.3123 -13 1 1 0 1 0.354789 -0.295275 -1.62506 0 0 0 
46.1942 -24.4988 16450.8 -4.95774 40.5683 223.393 61.6802 -13 1 1 0 1 0.259685 -0.125094 -2.91658 0 0 0 
40.6203 -6.22559 16548.9 -21.6024 40.1721 222.474 62.0481 -13 1 1 0 1 0.0956557 -0.00504532 -3.65154 0 0 0 
27.1522 8.74182 16646.8 -38.3606 25.7697 222.35 62.416 -13 1 1 0 1 -0.0376352 -0.0091077 -3.65239 0 0 0 
8.52547 15.6154 16744.8 -44.1705 5.72144 222.691 62.7839 -13 1 1 0 1 -0.0330736 -0.0760613 -2.93084 0 0 0 
-2.40058 15.8918 16800.5 -42.9239 -2.9374 222.989 62.9927 -13 1 1 0 1 0.0260204 -0.10039 -2.26761 0 0 0 
-2.40076 15.8918 16800.5 -42.9239 -2.93753 222.989 62.9927 -13 1 1 0 1 0.0260216 -0.100391 -2.2676 0 0 0 
-20.331 12.874 16898.8 -38.5303 -8.60963 223.643 63.3606 -13 1 1 0 1 0.16873 -0.0999683 -0.824944 0 0 0 
-36.6126 10.1479 16997.5 -35.7219 -1.83417 224.267 63.7285 -13 1 1 0 1 0.298214 -0.08165 0.754357 0 0 0 
-51.6585 12.7416 17096.3 -31.8175 14.8939 224.368 64.0964 -13 1 1 0 1 0.355726 -0.0893308 2.23876 0 0 0 
-63.3352 23.7073 17194.9 -19.3079 34.3535 223.656 64.4643 -13 1 1 0 1 0.269269 -0.102585 3.3592 0 0 0 
-67.2343 41.4088 17293.2 2.33443 43.2082 222.941 64.8322 -13 1 1 0 1 0.0323267 -0.0193681 3.8378 0 0 0 
-61.9119 59.0703 17391.5 19.7044 34.4401 223.608 65.2001 -13 1 1 0 1 -0.211962 0.206176 3.51596 0 0 0 
-52.4182 70.5159 17490.3 20.4246 17.3842 225.512 65.568 -13 1 1 0 1 -0.332192 0.452288 2.47041 0 0 0 
-46.023 74.8963 17590 7.05969 3.35863 226.967 65.9359 -13 1 1 0 1 -0.359602 0.588007 0.977827 0 0 0 
-46.8425 73.9116 17690 -10.7338 -7.90735 226.71 66.3038 -13 1 1 0 1 -0.374364 0.587918 -0.666217 0 0 0 
-54.7475 67.3535 17789.4 -23.4973 -22.8962 224.719 66.6717 -13 1 1 0 1 -0.37732 0.455553 -2.2075 0 0 0 
-65.3011 53.0807 17887.8 -21.218 -41.9106 222.19 67.0396 -13 1 1 0 1 -0.282469 0.21641 -3.35855 0 0 0 
-70.6314 31.6499 17985.3 -0.541066 -52.6932 220.903 67.4075 -13 1 1 0 1 -0.0429882 0.0039472 -3.84494 0 0 0 
-65.0026 9.68292 18082.6 25.2707 -43.7674 221.407 67.7754 -13 1 1 0 1 0.210917 -0.0458894 -3.54073 0 0 0 
-50.1587 -4.97068 18180.3 39.6119 -22.0539 222.53 68.1433 -13 1 1 0 1 0.308861 0.0191329 -2.56053 0 0 0 
-32.0065 -10.2421 18278.5 41.4265 -3.40948 223.265 68.5112 -13 1 1 0 1 0.244548 0.0704346 -1.15516 0 0 0 
-14.2239 -9.67293 18376.9 39.3165 3.90828 223.638 68.8791 -13 1 1 0 1 0.108696 0.0702889 0.41372 0 0 0 
2.74859 -8.6008 18475.4 37.7988 -0.950627 223.932 69.247 -13 1 1 0 1 -0.0271639 0.0536215 1.91555 0 0 0 
18.6835 -11.9102 18574.1 33.6029 -15.1471 224.09 69.6149 -13 1 1 0 1 -0.0980204 0.0481216 3.09504 0 0 0 
31.1755 -22.1224 18672.7 21.8089 -30.4611 223.99 69.9828 -13 1 1 0 1 -0.0468568 0.0163182 3.6964 0 0 0 
37.2765 -37.34 18771.4 6.15641 -36.6331 224.043 70.3507 -13 1 1 0 1 0.0930221 -0.112966 3.54413 0 0 0 
37.708 -52.8097 18870.2 -2.17406 -32.414 224.766 70.7186 -13 1 1 0 1 0.215007 -0.321333 2.66244 0 0 0 
37.3429 -65.3951 18969.4 2.67639 -24.6524 225.744 71.0865 -13 1 1 0 1 0.280207 -0.508478 1.27026 0 0 0 
41.6383 -74.419 19068.8 18.1386 -15.8854 225.818 71.4544 -13 1 1 0 1 0.331066 -0.60584 -0.347471 0 0 0 
53.8684 -78.4325 19167.9 37.1491 -0.617619 224.042 71.8222 -13 1 1 0 1 0.385571 -0.571842 -1.94201 0 0 0 
73.0133 -73.2211 19265.9 46.8864 25.9661 220.686 72.1901 -13 1 1 0 1 0.362419 -0.369422 -3.24225 0 0 0 
91.657 -55.2646 19362.4 33.4586 54.0423 218.025 72.558 -13 1 1 0 1 0.133568 -0.0811482 -3.94813 0 0 0 
99.6201 -28.6786 19458.4 1.37877 61.9933 218.472 72.9259 -13 1 1 0 1 -0.248611 0.0755833 -3.85315 0 0 0 
93.6553 -4.59301 19555.2 -25.8454 44.1351 221.267 73.2938 -13 1 1 0 1 -0.535932 0.0327615 -2.99845 0 0 0 
79.591 8.87319 19653.2 -35.2507 17.1453 223.693 73.6617 -13 1 1 0 1 -0.602298 -0.0599854 -1.64068 0 0 0 
64.197 11.475 19751.9 -33.9347 -3.68137 224.522 74.0296 -13 1 1 0 1 -0.518254 -0.0848728 -0.0685517 0 0 0 
49.6077 7.21896 19850.7 -33.0147 -13.7708 224.267 74.3975 -13 1 1 0 1 -0.365338 -0.0435882 1.47622 0 0 0 
34.4359 1.07343 19949.4 -36.448 -12.1066 223.83 74.7654 -13 1 1 0 1 -0.182415 0.00669208 2.73506 0 0 0 
17.5553 -1.74817 20047.9 -39.4744 0.849421 223.643 75.1333 -13 1 1 0 1 -0.0334628 0.0179404 3.44472 0 0 0 
0.753937 2.50861 20146.4 -35.4934 18.3337 223.56 75.5012 -13 1 1 0 1 0.00196377 0.0198506 3.42382 0 0 0 
-12.9532 13.5496 20244.8 -26.6936 30.3231 223.479 75.8691 -13 1 1 0 1 -0.0702753 0.0871256 2.66651 0 0 0 
-23.4469 27.8426 20343.2 -22.4581 33.1664 223.541 76.237 -13 1 1 0 1 -0.178445 0.223929 1.34987 0 0 0 
-34.3307 41.6015 20441.6 -28.8415 27.957 223.521 76.6049 -13 1 1 0 1 -0.290291 0.363788 -0.272963 0 0 0 
-50.1334 50.916 20539.9 -43.6342 12.0536 222.544 76.9728 -13 1 1 0 1 -0.408533 0.428131 -1.96826 0 0 0 
-72.1492 49.8467 20637.3 -53.9104 -19.555 219.742 77.3407 -13 1 1 0 1 -0.478202 0.344114 -3.50047 0 0 0 
-93.8452 32.4533 20733.2 -39.0729 -58.707 215.875 77.7086 -13 1 1 0 1 -0.360875 0.136675 -4.60519 0 0 0 
-102.059 1.33288 20827.7 5.00856 -76.5077 213.768 78.0765 -13 1 1 0 1 -0.0432643 0.00816039 -5.04734 0 0 0 
-89.406 -28.8898 20922 49.3589 -54.7486 214.806 78.4444 -13 1 1 0 1 0.221975 0.0742626 -4.81034 0 0 0 
-62.851 -43.7315 21017.1 65.9599 -11.7607 216.993 78.8123 -13 1 1 0 1 0.254154 0.175479 -4.1374 0 0 0 
-35.114 -40.2249 21112.9 57.1226 25.3238 218.337 79.1802 -13 1 1 0 1 0.151506 0.170253 -3.32864 0 0 0 
-13.8747 -23.7457 21209.2 38.9616 47.0589 218.73 79.5481 -13 1 1 0 1 0.053618 0.0881644 -2.56786 0 0 0 
-7.01318 -13.9265 21252.2 30.9868 52.5398 218.757 79.7123 -13 1 1 0 1 0.0254686 0.0472444 -2.26939 0 0 0 

# End of Event 1

