# ReferenceParticle
#x y z Px Py Pz t PDGid EventID TrackID ParentID Weight Bx By Bz Ex Ey Ez
# Event -1 Track 1
-0.000811901 0.00143502 0 -3.82564 -2.37079 221.754 0 -13 -1 1 0 1 0.0138354 -0.00797326 3.92465 0 0 0 
-1.85031 -0.509318 99.9811 -4.14996 0.0494518 221.761 0.369478 -13 -1 1 0 1 0.00491682 -0.00990062 3.51135 0 0 0 
-3.5953 -0.109362 199.965 -3.52551 1.47976 221.767 0.738956 -13 -1 1 0 1 -0.0156834 -0.00789534 2.39369 0 0 0 
-5.05295 0.596986 299.952 -3.02579 1.41886 221.775 1.10843 -13 -1 1 0 1 -0.0361325 -0.00212084 0.847553 0 0 0 
-6.39815 0.982865 399.942 -2.98184 0.109975 221.78 1.47791 -13 -1 1 0 1 -0.0498934 -0.000409254 -0.83803 0 0 0 
-7.6988 0.559813 499.932 -2.63687 -2.08455 221.775 1.84739 -13 -1 1 0 1 -0.0516968 -0.0076496 -2.3853 0 0 0 
-8.56178 -0.886545 599.917 -0.914472 -4.17361 221.759 2.21687 -13 -1 1 0 1 -0.0338116 -0.0181885 -3.50491 0 0 0 
-8.33945 -2.92157 699.895 1.95457 -4.43219 221.747 2.58635 -13 -1 1 0 1 -4.35817e-05 -0.0159856 -3.92 0 0 0 
-6.92916 -4.52349 799.872 3.99414 -2.39048 221.751 2.95582 -13 -1 1 0 1 0.0271808 0.00352863 -3.50716 0 0 0 
-5.05325 -4.98891 899.853 4.02326 0.252797 221.763 3.3253 -13 -1 1 0 1 0.033358 0.0229689 -2.3894 0 0 0 
-3.46397 -4.44566 999.838 2.97861 1.95478 221.771 3.69478 -13 -1 1 0 1 0.0255279 0.0283216 -0.843353 0 0 0 
-2.31851 -3.39276 1099.83 2.22708 2.55776 221.774 4.06426 -13 -1 1 0 1 0.0134447 0.0210833 0.841854 0 0 0 
-1.32351 -2.27069 1199.81 2.32535 2.27042 221.776 4.43374 -13 -1 1 0 1 -1.73941e-05 0.00857557 2.38847 0 0 0 
-0.14356 -1.49286 1299.8 2.91961 1.01327 221.778 4.80321 -13 -1 1 0 1 -0.0117634 -0.0018504 3.50744 0 0 0 
1.24181 -1.47229 1399.79 3.08626 -0.97604 221.776 5.17269 -13 -1 1 0 1 -0.0138387 -0.00797205 3.92276 0 0 0 
2.51364 -2.33124 1499.78 2.46625 -2.69896 221.77 5.54217 -13 -1 1 0 1 -0.00290303 -0.0161177 3.51118 0 0 0 
3.47122 -3.74884 1599.77 1.88379 -3.41381 221.766 5.91165 -13 -1 1 0 1 0.0132151 -0.0303134 2.39453 0 0 0 
4.36239 -5.27563 1699.75 2.26903 -3.23314 221.765 6.28113 -13 -1 1 0 1 0.0271649 -0.0452875 0.848836 0 0 0 
5.68626 -6.54277 1799.74 3.74787 -2.22011 221.757 6.6506 -13 -1 1 0 1 0.038179 -0.0528515 -0.836823 0 0 0 
7.78594 -7.08063 1899.71 5.48138 0.0874783 221.732 7.02008 -13 -1 1 0 1 0.0431464 -0.0446631 -2.38852 0 0 0 
10.3981 -6.27284 1999.67 5.69089 3.58664 221.698 7.38956 -13 -1 1 0 1 0.0289331 -0.0185276 -3.50938 0 0 0 
12.4925 -3.97018 2099.62 3.18938 6.24199 221.689 7.75904 -13 -1 1 0 1 -0.0136445 0.00792446 -3.92613 0 0 0 
13.1038 -1.1351 2199.58 -0.399874 5.75417 221.725 8.12851 -13 -1 1 0 1 -0.0648414 0.0124127 -3.51496 0 0 0 
12.3841 0.818824 2299.56 -2.41734 2.66618 221.771 8.49799 -13 -1 1 0 1 -0.094788 0.00149039 -2.39813 0 0 0 
11.2079 1.20991 2399.55 -2.61548 -0.866491 221.783 8.86747 -13 -1 1 0 1 -0.0988371 -0.00295874 -0.852167 0 0 0 
10.0414 0.148598 2499.53 -2.69897 -3.6808 221.753 9.23695 -13 -1 1 0 1 -0.0866408 0.0073354 0.833563 0 0 0 
8.54998 -1.91454 2599.5 -4.21905 -5.16902 221.7 9.60643 -13 -1 1 0 1 -0.0608554 0.0247824 2.38504 0 0 0 
6.02064 -4.13351 2699.44 -7.09004 -4.15532 221.648 9.9759 -13 -1 1 0 1 -0.0249633 0.031311 3.50591 0 0 0 
2.29543 -5.20693 2799.37 -9.04365 -0.233966 221.615 10.3454 -13 -1 1 0 1 -6.62775e-05 0.0161109 3.92367 0 0 0 
-1.68626 -4.25314 2899.28 -8.15706 4.27581 221.609 10.7149 -13 -1 1 0 1 -0.00610334 -0.00234174 3.51546 0 0 0 
-4.82992 -1.69776 2999.2 -5.78397 6.59093 221.627 11.0843 -13 -1 1 0 1 -0.0317557 -0.000162616 2.40241 0 0 0 
-7.0848 1.30866 3099.13 -4.55609 6.40351 221.661 11.4538 -13 -1 1 0 1 -0.055562 0.0194532 0.859188 0 0 0 
-9.26042 3.82102 3199.07 -5.40364 4.4778 221.689 11.8233 -13 -1 1 0 1 -0.0711528 0.0388414 -0.825974 0 0 0 
-12.1121 5.08563 3299.02 -7.22812 0.821899 221.681 12.1928 -13 -1 1 0 1 -0.0749053 0.0424367 -2.37946 0 0 0 
-15.5492 4.33619 3398.96 -7.54729 -4.24279 221.631 12.5623 -13 -1 1 0 1 -0.0507792 0.0254575 -3.50541 0 0 0 
-18.418 1.43142 3498.87 -4.69337 -8.13742 221.601 12.9317 -13 -1 1 0 1 0.0129741 0.00806218 -3.92975 0 0 0 
-19.5962 -2.36026 3598.79 -0.669988 -7.91704 221.658 13.3012 -13 -1 1 0 1 0.0910349 0.0161867 -3.52539 0 0 0 
-19.3852 -5.16102 3698.75 1.0705 -4.13054 221.759 13.6707 -13 -1 1 0 1 0.144568 0.0400303 -2.41198 0 0 0 
-19.0501 -5.926 3798.75 0.119187 0.78735 221.799 14.0402 -13 -1 1 0 1 0.167119 0.0507001 -0.866512 0 0 0 
-19.3275 -4.42522 3898.73 -1.14825 5.90446 221.718 14.4096 -13 -1 1 0 1 0.169737 0.0353413 0.820832 0 0 0 
-19.6801 -0.609065 3998.66 0.242128 10.8882 221.532 14.7791 -13 -1 1 0 1 0.147605 -0.000112404 2.37598 0 0 0 
-18.4581 5.02118 4098.49 5.80119 13.342 221.322 15.1486 -13 -1 1 0 1 0.0882684 -0.0272231 3.5032 0 0 0 
-14.2287 10.5253 4198.24 12.7001 10.02 221.209 15.5181 -13 -1 1 0 1 0.0149249 -0.00878103 3.92866 0 0 0 
-7.65661 13.3772 4297.98 15.4641 2.3602 221.248 15.8876 -13 -1 1 0 1 -0.017814 0.0449163 3.52908 0 0 0 
-1.08342 12.8738 4397.76 13.1042 -3.96488 221.377 16.257 -13 -1 1 0 1 0.00182175 0.0813174 2.42358 0 0 0 
3.97296 10.4739 4497.6 9.4415 -5.96368 221.519 16.6265 -13 -1 1 0 1 0.0388018 0.0797039 0.884835 0 0 0 
7.67545 8.02803 4597.5 7.29553 -4.42759 221.636 16.996 -13 -1 1 0 1 0.067126 0.0582519 -0.799941 0 0 0 
10.7507 6.80213 4697.44 6.41857 -0.751931 221.706 17.3655 -13 -1 1 0 1 0.0765928 0.035986 -2.35743 0 0 0 
13.3742 7.46442 4797.4 4.9848 3.63966 221.714 17.7349 -13 -1 1 0 1 0.0556799 0.016146 -3.4922 0 0 0 
15.0273 9.83911 4897.36 2.21357 6.42122 221.696 18.1044 -13 -1 1 0 1 0.00168974 -0.0148798 -3.92853 0 0 0 
15.4591 12.7573 4997.32 0.0465455 6.00951 221.719 18.4739 -13 -1 1 0 1 -0.0613415 -0.0648128 -3.53739 0 0 0 
15.5168 14.9356 5097.29 0.752925 3.46227 221.772 18.8434 -13 -1 1 0 1 -0.108169 -0.114236 -2.43319 0 0 0 
16.5505 15.782 5197.28 4.14732 0.179917 221.761 19.2129 -13 -1 1 0 1 -0.14036 -0.139453 -0.891758 0 0 0 
19.3633 14.895 5297.24 8.21571 -4.48037 221.603 19.5823 -13 -1 1 0 1 -0.166968 -0.13113 0.796176 0 0 0 
23.5794 11.336 5397.08 9.72067 -11.7251 221.277 19.9518 -13 -1 1 0 1 -0.173961 -0.0863883 2.35668 0 0 0 
27.1592 4.21477 5496.75 4.91871 -19.4983 220.887 20.3213 -13 -1 1 0 1 -0.124949 -0.0253336 3.49565 0 0 0 
27.1004 -5.37437 5596.28 -5.66557 -21.5906 220.674 20.6908 -13 -1 1 0 1 -0.0181664 -0.00715497 3.93701 0 0 0 
22.3105 -13.9213 5695.79 -14.5915 -15.1817 220.798 21.0602 -13 -1 1 0 1 0.073394 -0.0608036 3.55483 0 0 0 
15.1068 -18.6384 5795.41 -16.104 -5.94099 221.135 21.4297 -13 -1 1 0 1 0.0923483 -0.131879 2.46063 0 0 0 
8.60351 -19.8319 5895.19 -12.2546 -0.155602 221.461 21.7992 -13 -1 1 0 1 0.0621071 -0.165735 0.926085 0 0 0 
4.20579 -19.4365 5995.09 -7.30556 1.34762 221.676 22.1687 -13 -1 1 0 1 0.0260722 -0.16071 -0.760909 0 0 0 
1.89252 -18.9343 6095.06 -3.13021 0.727451 221.777 22.5382 -13 -1 1 0 1 0.00263169 -0.128832 -2.32664 0 0 0 
1.20206 -18.7814 6195.05 -0.180125 0.0534626 221.8 22.9076 -13 -1 1 0 1 -0.00784869 -0.0722711 -3.47606 0 0 0 
1.44404 -18.7819 6295.05 0.872661 0.0110572 221.798 23.2771 -13 -1 1 0 1 -0.0135455 0.00402703 -3.9283 0 0 0 
1.63361 -18.8063 6395.05 -0.393153 -0.258078 221.8 23.6466 -13 -1 1 0 1 -0.0187599 0.0802135 -3.55421 0 0 0 
0.828606 -19.1709 6495.05 -3.40022 -1.50275 221.769 24.0161 -13 -1 1 0 1 -0.0150129 0.13794 -2.46321 0 0 0 
-1.6112 -20.1842 6595.01 -7.62613 -2.85412 221.651 24.3855 -13 -1 1 0 1 0.00736278 0.173989 -0.929393 0 0 0 
-6.23613 -21.4263 6694.9 -13.058 -2.06819 221.406 24.755 -13 -1 1 0 1 0.0486756 0.187148 0.756837 0 0 0 
-13.3688 -21.3173 6794.64 -18.2443 3.51436 221.021 25.1245 -13 -1 1 0 1 0.0924981 0.161484 2.32209 0 0 0 
-21.9519 -17.4765 6894.18 -18.5361 14.0402 220.578 25.494 -13 -1 1 0 1 0.0924118 0.0886031 3.47473 0 0 0 
-28.7306 -8.82494 6993.56 -10.1793 23.3567 220.332 25.8635 -13 -1 1 0 1 0.00784847 0.0184108 3.93798 0 0 0 
-30.5171 2.19997 7092.92 2.07257 23.836 220.506 26.2329 -13 -1 1 0 1 -0.114602 0.0231237 3.5808 0 0 0 
-27.684 11.479 7192.44 9.15062 16.6226 220.987 26.6024 -13 -1 1 0 1 -0.18589 0.0894805 2.5035 0 0 0 
-23.4436 17.0967 7292.19 8.60376 8.61828 221.466 26.9719 -13 -1 1 0 1 -0.190476 0.149893 0.976264 0 0 0 
-20.5497 19.6394 7392.11 3.89156 3.03931 221.745 27.3414 -13 -1 1 0 1 -0.166211 0.171301 -0.712686 0 0 0 
-19.9762 20.023 7492.1 -1.1202 -1.29803 221.794 27.7108 -13 -1 1 0 1 -0.132861 0.149201 -2.28914 0 0 0 
-21.131 18.4572 7592.08 -3.31706 -5.58954 221.705 28.0803 -13 -1 1 0 1 -0.0789506 0.0873993 -3.45744 0 0 0 
-22.292 15.2528 7692.02 -1.17252 -8.03998 221.651 28.4498 -13 -1 1 0 1 0.00628399 0.0131846 -3.93438 0 0 0 
-21.8573 11.9069 7791.97 3.11945 -5.9908 221.697 28.8193 -13 -1 1 0 1 0.0948108 -0.0375733 -3.58322 0 0 0 
-19.6908 10.4091 7891.93 6.15203 -0.312791 221.715 29.1888 -13 -1 1 0 1 0.1439 -0.065668 -2.50702 0 0 0 
-16.5082 11.6795 7991.87 7.96306 5.77973 221.582 29.5582 -13 -1 1 0 1 0.145261 -0.0945849 -0.981136 0 0 0 
-12.2832 15.3117 8091.71 11.2419 9.81367 221.298 29.9277 -13 -1 1 0 1 0.111601 -0.129189 0.703516 0 0 0 
-5.90085 19.8511 8191.4 17.487 9.30824 220.914 30.2972 -13 -1 1 0 1 0.0525252 -0.145236 2.27434 0 0 0 
3.50416 22.6124 8290.91 23.6917 1.70156 220.525 30.6667 -13 -1 1 0 1 -0.00242382 -0.104973 3.44207 0 0 0 
14.4312 20.6168 8390.27 23.2255 -10.7342 220.32 31.0361 -13 -1 1 0 1 0.00790875 -0.0164423 3.93106 0 0 0 
23.1573 13.5278 8489.63 14.5585 -19.3627 220.473 31.4056 -13 -1 1 0 1 0.0971916 0.0414742 3.60225 0 0 0 
27.4366 4.55035 8589.12 5.01328 -19.0717 220.922 31.7751 -13 -1 1 0 1 0.193121 0.0232322 2.54679 0 0 0 
28.5491 -2.81929 8688.84 0.993785 -13.1255 221.409 32.1446 -13 -1 1 0 1 0.241081 -0.0302111 1.03135 0 0 0 
29.1285 -7.08979 8788.74 2.15686 -5.73812 221.716 32.5141 -13 -1 1 0 1 0.247499 -0.0677104 -0.656137 0 0 0 
30.6761 -7.92409 8888.72 4.51633 2.11158 221.744 32.8835 -13 -1 1 0 1 0.221657 -0.0679604 -2.24207 0 0 0 
32.7103 -5.23276 8988.66 3.71013 9.51649 221.565 33.253 -13 -1 1 0 1 0.145822 -0.0375632 -3.43215 0 0 0 
33.3249 0.0185701 9088.52 -1.49804 12.6975 221.431 33.6225 -13 -1 1 0 1 0.0163387 -0.0159767 -3.93991 0 0 0 
31.3507 5.12979 9188.36 -6.75557 8.89301 221.519 33.992 -13 -1 1 0 1 -0.113622 -0.0334315 -3.61672 0 0 0 
27.9407 7.41957 9288.27 -7.54784 1.01684 221.669 34.3614 -13 -1 1 0 1 -0.187814 -0.0614111 -2.55978 0 0 0 
25.0542 6.0997 9388.22 -5.05337 -6.65107 221.643 34.7309 -13 -1 1 0 1 -0.208988 -0.0590065 -1.04238 0 0 0 
23.2165 1.62736 9488.1 -3.63823 -12.9762 221.39 35.1004 -13 -1 1 0 1 -0.199965 -0.0207989 0.643218 0 0 0 
21.0511 -5.34017 9587.83 -6.92608 -17.4465 221.005 35.4699 -13 -1 1 0 1 -0.15987 0.0312582 2.22353 0 0 0 
16.191 -13.3487 9687.38 -15.1777 -16.8726 220.636 35.8394 -13 -1 1 0 1 -0.0844042 0.0518932 3.40934 0 0 0 
7.4468 -19.3301 9786.81 -22.8061 -8.45136 220.463 36.2088 -13 -1 1 0 1 -0.0179481 0.00277187 3.9242 0 0 0 
-3.19832 -20.431 9886.22 -22.9544 3.38469 220.583 36.5783 -13 -1 1 0 1 -0.0244807 -0.0789151 3.62093 0 0 0 
-12.2647 -17.0466 9985.74 -16.7444 10.3705 220.924 36.9478 -13 -1 1 0 1 -0.0921356 -0.117389 2.58824 0 0 0 
-18.341 -12.2052 10085.4 -10.6634 10.0503 221.316 37.3173 -13 -1 1 0 1 -0.159556 -0.101982 1.08634 0 0 0 
-22.3777 -8.69229 10185.3 -7.71521 4.9863 221.61 37.6867 -13 -1 1 0 1 -0.196718 -0.0718981 -0.596707 0 0 0 
-25.4929 -8.04074 10285.2 -6.01112 -2.28447 221.707 38.0562 -13 -1 1 0 1 -0.194757 -0.0541563 -2.18869 0 0 0 
-27.4649 -10.687 10385.2 -2.20099 -9.04458 221.605 38.4257 -13 -1 1 0 1 -0.137702 -0.0421573 -3.39634 0 0 0 
-27.094 -15.4902 10485.1 3.9559 -11.1931 221.482 38.7952 -13 -1 1 0 1 -0.0311187 -0.00194988 -3.93368 0 0 0 
-24.235 -19.8237 10584.9 7.9164 -7.20726 221.542 39.1647 -13 -1 1 0 1 0.0714558 0.076823 -3.64048 0 0 0 
-20.8367 -21.6366 10684.8 6.23896 -0.849795 221.711 39.5341 -13 -1 1 0 1 0.127612 0.149847 -2.60644 0 0 0 
-19.1803 -20.7832 10784.8 0.814829 4.39469 221.755 39.9036 -13 -1 1 0 1 0.150937 0.177352 -1.0991 0 0 0 
-20.0742 -17.7495 10884.8 -4.44891 9.17539 221.566 40.2731 -13 -1 1 0 1 0.165019 0.157278 0.587108 0 0 0 
-22.629 -12.2954 10984.6 -5.96836 15.2526 221.195 40.6426 -13 -1 1 0 1 0.162094 0.100062 2.17826 0 0 0 
-24.4335 -4.02842 11084.2 -0.83111 20.9425 220.808 41.012 -13 -1 1 0 1 0.111194 0.0326759 3.38383 0 0 0 
-22.5562 5.68077 11183.7 9.50868 20.7207 220.626 41.3815 -13 -1 1 0 1 0.0154883 0.0120241 3.92288 0 0 0 
-16.2242 13.4295 11283.2 17.5217 12.6878 220.743 41.751 -13 -1 1 0 1 -0.0547262 0.0607543 3.64184 0 0 0 
-7.91807 16.8786 11382.8 18.1365 3.01596 221.037 42.1205 -13 -1 1 0 1 -0.0503537 0.122405 2.62605 0 0 0 
-0.575486 16.8724 11482.5 14.0903 -2.0739 221.343 42.49 -13 -1 1 0 1 -0.00182123 0.146788 1.13352 0 0 0 
4.74945 15.8063 11582.4 9.65166 -1.94098 221.582 42.8594 -13 -1 1 0 1 0.0451725 0.139963 -0.54671 0 0 0 
8.22147 15.574 11682.3 5.76686 1.18692 221.722 43.2289 -13 -1 1 0 1 0.0683879 0.120373 -2.14213 0 0 0 
9.87626 16.9047 11782.3 1.4525 4.4925 221.75 43.5984 -13 -1 1 0 1 0.0577557 0.0862764 -3.36209 0 0 0 
9.51765 19.2331 11882.2 -2.85422 5.27849 221.719 43.9679 -13 -1 1 0 1 0.0209289 0.022565 -3.91867 0 0 0 
7.70247 21.2259 11982.2 -4.55612 3.26694 221.73 44.3373 -13 -1 1 0 1 -0.0126378 -0.0643658 -3.65067 0 0 0 
6.01591 22.1449 12082.2 -2.33441 0.978912 221.786 44.7068 -13 -1 1 0 1 -0.028057 -0.139621 -2.63764 0 0 0 
5.98099 22.3041 12182.2 2.44101 -0.122034 221.787 45.0763 -13 -1 1 0 1 -0.0396254 -0.180199 -1.14131 0 0 0 
8.33596 21.9993 12282.2 8.0151 -1.49908 221.651 45.4458 -13 -1 1 0 1 -0.0611851 -0.185896 0.543324 0 0 0 
13.0581 20.5142 12382 12.5183 -5.72322 221.373 45.8153 -13 -1 1 0 1 -0.0847952 -0.153407 2.14113 0 0 0 
18.9427 16.3208 12481.8 12.497 -13.1924 221.055 46.1847 -13 -1 1 0 1 -0.0757464 -0.0825606 3.36194 0 0 0 
23.2356 8.81832 12581.4 5.48129 -19.2608 220.895 46.5542 -13 -1 1 0 1 -0.0044719 -0.0148311 3.92036 0 0 0 
23.4219 0.0730353 12681 -4.48007 -18.1782 221.009 46.9237 -13 -1 1 0 1 0.0906379 -0.00772921 3.65861 0 0 0 
19.8667 -6.66425 12780.7 -10.2271 -11.2278 221.28 47.2932 -13 -1 1 0 1 0.138761 -0.05051 2.6548 0 0 0 
15.0962 -10.0818 12880.5 -10.1808 -4.33721 221.524 47.6626 -13 -1 1 0 1 0.129439 -0.0891411 1.16659 0 0 0 
11.0861 -11.0505 12980.4 -7.43518 -0.480767 221.675 48.0321 -13 -1 1 0 1 0.0968286 -0.101026 -0.514255 0 0 0 
8.39504 -10.8921 13080.4 -4.60589 0.88471 221.751 48.4016 -13 -1 1 0 1 0.0632045 -0.0904855 -2.11352 0 0 0 
6.79859 -10.4339 13180.4 -2.6481 1.01787 221.782 48.7711 -13 -1 1 0 1 0.0327786 -0.0631997 -3.34095 0 0 0 
5.85033 -10.0639 13280.4 -1.72378 0.532817 221.793 49.1406 -13 -1 1 0 1 0.00497896 -0.0242811 -3.90827 0 0 0 
5.11412 -10.0397 13380.4 -1.66255 -0.522751 221.794 49.51 -13 -1 1 0 1 -0.0173294 0.017963 -3.65527 0 0 0 
4.25438 -10.6109 13480.4 -2.2612 -2.06814 221.779 49.8795 -13 -1 1 0 1 -0.0289024 0.0564932 -2.65636 0 0 0 
2.94884 -11.9156 13580.3 -3.71441 -3.67363 221.739 50.249 -13 -1 1 0 1 -0.0268536 0.0879743 -1.16937 0 0 0 
0.697778 -13.8021 13680.3 -6.52684 -4.44564 221.66 50.6185 -13 -1 1 0 1 -0.0110952 0.108768 0.511819 0 0 0 
-3.1244 -15.5624 13780.2 -10.5087 -2.80781 221.534 50.9879 -13 -1 1 0 1 0.0143576 0.10678 2.11189 0 0 0 
-8.60909 -15.7633 13880.1 -13.2974 2.50421 221.387 51.3574 -13 -1 1 0 1 0.0288149 0.0666614 3.34148 0 0 0 
-14.3707 -13.0419 13979.9 -11.2817 9.41441 221.313 51.7269 -13 -1 1 0 1 -0.00147906 0.00305459 3.91267 0 0 0 
-18.0664 -7.84768 14079.6 -4.71322 12.6472 221.389 52.0964 -13 -1 1 0 1 -0.0723966 -0.0327865 3.66454 0 0 0 
-18.7098 -2.52508 14179.5 1.35339 10.1875 221.562 52.4659 -13 -1 1 0 1 -0.132061 -0.0212392 2.66943 0 0 0 
-17.4309 0.953678 14279.4 3.70115 5.13922 221.71 52.8353 -13 -1 1 0 1 -0.15112 0.00565803 1.18444 0 0 0 
-15.7613 2.18807 14379.4 3.49612 0.526821 221.772 53.2048 -13 -1 1 0 1 -0.141411 0.0192779 -0.496858 0 0 0 
-14.2834 1.62621 14479.4 3.21926 -2.7767 221.76 53.5743 -13 -1 1 0 1 -0.114984 0.0157257 -2.09877 0 0 0 
-12.643 -0.0448861 14579.4 4.30076 -4.25284 221.718 53.9438 -13 -1 1 0 1 -0.0725058 0.00613472 -3.33124 0 0 0 
-10.2914 -1.79967 14679.3 6.08133 -3.06331 221.696 54.3132 -13 -1 1 0 1 -0.0228478 0.00627269 -3.90595 0 0 0 
-7.36607 -2.48443 14779.3 6.55131 0.201919 221.704 54.6827 -13 -1 1 0 1 0.0111035 0.0160502 -3.66147 0 0 0 
-4.66646 -1.64292 14879.2 5.22758 3.34356 221.714 55.0522 -13 -1 1 0 1 0.0201624 0.0178717 -2.6695 0 0 0 
-2.67437 0.311674 14979.2 3.74485 5.08676 221.711 55.4217 -13 -1 1 0 1 0.0152796 0.0044543 -1.18716 0 0 0 
-1.07358 2.7578 15079.1 3.65484 5.57735 221.7 55.7912 -13 -1 1 0 1 0.00534417 -0.0150612 0.488286 0 0 0 
0.88138 5.14619 15179.1 5.243 4.74346 221.688 56.1606 -13 -1 1 0 1 -0.0083264 -0.0268904 2.08941 0 0 0 
3.72377 6.73278 15279 7.24433 1.94113 221.674 56.5301 -13 -1 1 0 1 -0.0184737 -0.0179034 3.3228 0 0 0 
7.11173 6.67455 15379 7.29283 -2.2428 221.669 56.8996 -13 -1 1 0 1 -0.00642761 0.00998035 3.9004 0 0 0 
9.86931 4.91729 15478.9 4.60575 -5.08761 221.694 57.2691 -13 -1 1 0 1 0.032459 0.031037 3.65948 0 0 0 
11.1887 2.57895 15578.9 1.39737 -4.77882 221.745 57.6385 -13 -1 1 0 1 0.0733793 0.0288344 2.66965 0 0 0 
11.3723 0.930869 15678.9 -0.290947 -2.3334 221.788 58.008 -13 -1 1 0 1 0.095286 0.0166709 1.18734 0 0 0 
11.1114 0.547593 15778.9 -0.786136 0.632066 221.798 58.3775 -13 -1 1 0 1 0.0986538 0.0118566 -0.489572 0 0 0 
10.6113 1.44786 15878.9 -1.61065 3.23508 221.771 58.747 -13 -1 1 0 1 0.0863132 0.017652 -2.09255 0 0 0 
9.44998 3.25588 15978.9 -3.75525 4.43031 221.725 59.1165 -13 -1 1 0 1 0.0567334 0.0232005 -3.32762 0 0 0 
7.15584 5.04038 16078.8 -6.30236 3.02076 221.69 59.4859 -13 -1 1 0 1 0.0201432 0.012575 -3.90669 0 0 0 
4.04539 5.67587 16178.8 -7.07382 -0.331822 221.687 59.8554 -13 -1 1 0 1 0.00027659 -0.0112031 -3.66715 0 0 0 
1.11579 4.82797 16278.7 -5.68164 -3.16129 221.705 60.2249 -13 -1 1 0 1 0.00410945 -0.0261005 -2.67887 0 0 0 
-1.02472 3.11433 16378.7 -3.91183 -4.13338 221.728 60.5944 -13 -1 1 0 1 0.0176315 -0.0231962 -1.19849 0 0 0 
-2.57457 1.32779 16478.6 -3.17296 -3.58952 221.749 60.9638 -13 -1 1 0 1 0.0305366 -0.0120373 0.476545 0 0 0 
-4.03969 0.0409797 16578.6 -3.4206 -1.94525 221.766 61.3333 -13 -1 1 0 1 0.039965 -0.0041043 2.07845 0 0 0 
-5.64044 -0.286145 16678.6 -3.5381 0.599345 221.772 61.7028 -13 -1 1 0 1 0.0394287 -0.00498474 3.31388 0 0 0 
-7.02676 0.573184 16778.6 -2.36418 3.05917 221.767 62.0723 -13 -1 1 0 1 0.0201833 -0.00837733 3.89458 0 0 0 
-7.62931 2.21948 16878.6 -0.293644 3.89428 221.766 62.4418 -13 -1 1 0 1 -0.0117605 -0.00083619 3.6566 0 0 0 
-7.41313 3.80544 16978.6 1.01215 2.92545 221.779 62.8112 -13 -1 1 0 1 -0.0377316 0.0171631 2.66853 0 0 0 
-6.94596 4.76317 17078.6 0.844036 1.30356 221.795 63.1807 -13 -1 1 0 1 -0.0499767 0.0317196 1.18691 0 0 0 
-6.77318 4.9887 17178.6 -0.119901 -0.297463 221.8 63.5502 -13 -1 1 0 1 -0.0532939 0.0338429 -0.490312 0 0 0 
-7.00548 4.48295 17278.6 -0.761693 -1.96496 221.791 63.9197 -13 -1 1 0 1 -0.0495846 0.0220887 -2.09447 0 0 0 
-7.25535 3.23847 17378.6 -0.0723974 -3.44838 221.774 64.2891 -13 -1 1 0 1 -0.0337966 0.00137226 -3.33164 0 0 0 
-6.85385 1.57536 17478.5 1.99567 -3.60447 221.762 64.6586 -13 -1 1 0 1 -0.00612307 -0.0144887 -3.91358 0 0 0 
-5.47056 0.293996 17578.5 3.97514 -1.8052 221.758 65.0281 -13 -1 1 0 1 0.017118 -0.0160929 -3.67693 0 0 0 
-3.4766 0.0620741 17678.5 4.65328 0.745633 221.75 65.3976 -13 -1 1 0 1 0.0209815 -0.0126771 -2.69099 0 0 0 
-1.38262 0.834145 17778.5 4.63137 2.45858 221.739 65.7671 -13 -1 1 0 1 0.00843068 -0.0159222 -1.21252 0 0 0 
0.77899 2.05057 17878.4 5.09952 2.65819 221.726 66.1365 -13 -1 1 0 1 -0.0117112 -0.0245267 0.460931 0 0 0 
3.32482 2.94918 17978.4 6.23712 0.98416 221.711 66.506 -13 -1 1 0 1 -0.0328028 -0.0287017 2.06153 0 0 0 
6.30492 2.63752 18078.4 6.69773 -2.62626 221.684 66.8755 -13 -1 1 0 1 -0.0417547 -0.0203092 3.29621 0 0 0 
8.99028 0.520028 18178.3 4.76435 -6.58567 221.652 67.245 -13 -1 1 0 1 -0.0218207 -0.00857047 3.87712 0 0 0 
10.3289 -2.93103 18278.2 1.11747 -8.17842 221.647 67.6144 -13 -1 1 0 1 0.0200021 -0.0166474 3.63979 0 0 0 
10.1894 -6.40992 18378.2 -1.32134 -6.91005 221.689 67.9839 -13 -1 1 0 1 0.0543108 -0.0462711 2.65147 0 0 0 
9.56174 -9.02009 18478.1 -1.02211 -4.65559 221.749 68.3534 -13 -1 1 0 1 0.0685992 -0.0756584 1.16798 0 0 0 
9.57378 -10.6316 18578.1 1.29401 -2.4915 221.783 68.7229 -13 -1 1 0 1 0.0719427 -0.0889273 -0.513164 0 0 0 
10.7978 -11.1886 18678.1 4.04958 0.190458 221.764 69.0924 -13 -1 1 0 1 0.0694432 -0.0788801 -2.12376 0 0 0 
12.9739 -10.2949 18778.1 5.13548 3.88131 221.707 69.4618 -13 -1 1 0 1 0.0499787 -0.043341 -3.37026 0 0 0 
14.9165 -7.78639 18878 2.93375 6.87001 221.675 69.8313 -13 -1 1 0 1 0.000685276 0.000207129 -3.96352 0 0 0 
15.3189 -4.63381 18978 -1.18622 6.43135 221.704 70.2008 -13 -1 1 0 1 -0.0611004 0.0225018 -3.73843 0 0 0 
14.0511 -2.49414 19077.9 -4.05623 2.71666 221.747 70.5703 -13 -1 1 0 1 -0.0991145 0.0230308 -2.76427 0 0 0 
11.9716 -2.2754 19177.9 -4.95857 -1.65182 221.739 70.9397 -13 -1 1 0 1 -0.102738 0.0251759 -1.29884 0 0 0 
9.59537 -3.7967 19277.9 -5.74567 -4.809 221.674 71.3092 -13 -1 1 0 1 -0.0834423 0.0395572 0.359451 0 0 0 
6.54571 -6.27649 19377.8 -8.08428 -5.71432 221.58 71.6787 -13 -1 1 0 1 -0.0491527 0.0560747 1.94143 0 0 0 
2.14068 -8.41733 19477.7 -11.4183 -3.12314 221.484 72.0482 -13 -1 1 0 1 -0.0106264 0.0529355 3.15344 0 0 0 
-3.44041 -8.5821 19577.5 -12.7251 2.71995 221.419 72.4177 -13 -1 1 0 1 0.00261163 0.022203 3.70746 0 0 0 
-8.71891 -6.02096 19677.3 -10.1313 8.19312 221.418 72.7871 -13 -1 1 0 1 -0.0292589 -0.00570893 3.43606 0 0 0 
-12.3714 -1.79433 19777.2 -6.20865 9.83559 221.495 73.1566 -13 -1 1 0 1 -0.0816632 -8.66725e-06 2.40014 0 0 0 
-14.6757 2.30609 19877.1 -4.54705 7.90467 221.613 73.5261 -13 -1 1 0 1 -0.122552 0.0286111 0.849034 0 0 0 
-16.9155 5.01426 19977 -5.74316 3.78292 221.694 73.8956 -13 -1 1 0 1 -0.147148 0.0521776 -0.928706 0 0 0 
-19.941 5.39196 20077 -7.44631 -2.48214 221.662 74.265 -13 -1 1 0 1 -0.154756 0.0508763 -2.67619 0 0 0 
-23.0821 2.56179 20176.9 -5.55422 -10.0061 221.505 74.6345 -13 -1 1 0 1 -0.125404 0.022648 -4.11474 0 0 0 
-24.0511 -3.09658 20276.7 2.02955 -13.9482 221.352 75.004 -13 -1 1 0 1 -0.0473847 -2.01792e-06 -4.97556 0 0 0 
-21.1078 -8.71176 20376.5 10.4726 -9.54576 221.348 75.3735 -13 -1 1 0 1 0.0341369 0.0159242 -5.11838 0 0 0 
-15.5728 -10.875 20476.3 12.7952 0.224185 221.431 75.743 -13 -1 1 0 1 0.0640818 0.0431413 -4.64229 0 0 0 
-10.5393 -8.76703 20576.1 8.83141 8.47667 221.463 76.1124 -13 -1 1 0 1 0.0525804 0.0416449 -3.83401 0 0 0 
-7.8817 -3.87972 20676 2.97668 12.5527 221.425 76.4819 -13 -1 1 0 1 0.035963 0.0176246 -2.97643 0 0 0 
-7.54005 0.652974 20752.2 -0.814425 13.5728 221.383 76.7639 -13 -1 1 0 1 0.0286889 -0.00137033 -2.39208 0 0 0 

