# ReferenceParticle
#x y z Px Py Pz t PDGid EventID TrackID ParentID Weight Bx By Bz Ex Ey Ez
# Event -1 Track 1
-0.000811901 0.00143502 0 -3.82564 -2.37079 221.754 0 -13 -1 1 0 1 0.0138928 -0.00800634 3.94093 0 0 0 
-1.85042 -0.506948 99.9811 -4.14872 0.0596232 221.761 0.369478 -13 -1 1 0 1 0.00493676 -0.00993213 3.52592 0 0 0 
-3.5933 -0.101154 199.965 -3.51737 1.49418 221.767 0.738956 -13 -1 1 0 1 -0.0157346 -0.00787107 2.40362 0 0 0 
-5.04643 0.611482 299.952 -3.01512 1.43182 221.775 1.10843 -13 -1 1 0 1 -0.0362281 -0.00200879 0.851069 0 0 0 
-6.38757 1.00251 399.942 -2.97527 0.119621 221.78 1.47791 -13 -1 1 0 1 -0.0500121 -0.00024713 -0.841509 0 0 0 
-7.68652 0.58264 499.932 -2.63532 -2.08057 221.775 1.84739 -13 -1 1 0 1 -0.0518259 -0.00752266 -2.3952 0 0 0 
-8.54855 -0.863366 599.917 -0.909927 -4.17527 221.759 2.21687 -13 -1 1 0 1 -0.0338984 -0.0181703 -3.51945 0 0 0 
-8.32182 -2.8986 699.896 1.96981 -4.42897 221.747 2.58635 -13 -1 1 0 1 -4.36117e-05 -0.0160518 -3.93626 0 0 0 
-6.90319 -4.49555 799.872 4.01384 -2.37075 221.751 2.95582 -13 -1 1 0 1 0.027189 0.0034307 -3.5217 0 0 0 
-5.01939 -4.94875 899.853 4.03795 0.285553 221.763 3.3253 -13 -1 1 0 1 0.0332613 0.0227853 -2.39931 0 0 0 
-3.42408 -4.38999 999.838 2.99253 1.98898 221.771 3.69478 -13 -1 1 0 1 0.0253013 0.0279751 -0.846852 0 0 0 
-2.27 -3.32327 1099.83 2.25365 2.58314 221.774 4.06426 -13 -1 1 0 1 0.013096 0.0205913 0.845334 0 0 0 
-1.25837 -2.19422 1199.81 2.37254 2.27305 221.776 4.43374 -13 -1 1 0 1 -0.000470246 0.00807948 2.39835 0 0 0 
-0.0543789 -1.42368 1299.8 2.97475 0.976131 221.778 4.80321 -13 -1 1 0 1 -0.0121727 -0.00213773 3.52196 0 0 0 
1.35148 -1.42905 1399.79 3.11622 -1.05069 221.776 5.17269 -13 -1 1 0 1 -0.0138972 -0.00800544 3.93905 0 0 0 
2.62671 -2.32416 1499.78 2.45127 -2.77784 221.769 5.54217 -13 -1 1 0 1 -0.00245979 -0.0161559 3.52579 0 0 0 
3.57006 -3.77181 1599.77 1.84058 -3.46527 221.765 5.91165 -13 -1 1 0 1 0.0139561 -0.0305986 2.4045 0 0 0 
4.44099 -5.31446 1699.75 2.22652 -3.25326 221.765 6.28113 -13 -1 1 0 1 0.0279326 -0.0457991 0.852393 0 0 0 
5.74911 -6.58536 1799.73 3.72158 -2.21795 221.758 6.6506 -13 -1 1 0 1 0.0388616 -0.0534261 -0.840271 0 0 0 
7.84047 -7.11795 1899.71 5.46884 0.108932 221.733 7.02008 -13 -1 1 0 1 0.043705 -0.0451082 -2.39842 0 0 0 
10.4465 -6.29619 1999.67 5.67173 3.62578 221.698 7.38956 -13 -1 1 0 1 0.0292497 -0.0186993 -3.52394 0 0 0 
12.526 -3.97538 2099.62 3.14024 6.27787 221.689 7.75904 -13 -1 1 0 1 -0.0136997 0.00795698 -3.94243 0 0 0 
13.1087 -1.13121 2199.58 -0.474312 5.75451 221.725 8.12851 -13 -1 1 0 1 -0.0651291 0.0124484 -3.52956 0 0 0 
12.3545 0.813034 2299.55 -2.49189 2.62493 221.77 8.49799 -13 -1 1 0 1 -0.0949758 0.0015368 -2.40811 0 0 0 
11.1465 1.18003 2399.55 -2.68331 -0.927547 221.782 8.86747 -13 -1 1 0 1 -0.0987359 -0.00272201 -0.85574 0 0 0 
9.94784 0.09191 2499.53 -2.77795 -3.73389 221.751 9.23695 -13 -1 1 0 1 -0.0862203 0.00783856 0.836964 0 0 0 
8.41458 -1.98733 2599.5 -4.32688 -5.18094 221.697 9.60643 -13 -1 1 0 1 -0.0601664 0.0253918 2.39486 0 0 0 
5.83221 -4.19505 2699.44 -7.21049 -4.0883 221.645 9.9759 -13 -1 1 0 1 -0.0243036 0.0316912 3.52038 0 0 0 
2.06059 -5.21864 2799.36 -9.11809 -0.0851983 221.613 10.3454 -13 -1 1 0 1 -6.07269e-05 0.0161794 3.93992 0 0 0 
-1.93538 -4.19014 2899.27 -8.14507 4.44481 221.606 10.7149 -13 -1 1 0 1 -0.00712717 -0.00209753 3.53012 0 0 0 
-5.05907 -1.56768 2999.19 -5.71768 6.712 221.625 11.0843 -13 -1 1 0 1 -0.0334751 0.000738988 2.41252 0 0 0 
-7.28405 1.47841 3099.12 -4.49922 6.45929 221.66 11.4538 -13 -1 1 0 1 -0.0574521 0.0209481 0.862907 0 0 0 
-9.44404 4.0029 3199.06 -5.39408 4.4767 221.689 11.8233 -13 -1 1 0 1 -0.0729808 0.0405203 -0.82927 0 0 0 
-12.3018 5.25355 3299.01 -7.25954 0.758829 221.68 12.1928 -13 -1 1 0 1 -0.0765409 0.043784 -2.38924 0 0 0 
-15.7528 4.46014 3398.95 -7.56506 -4.37262 221.628 12.5623 -13 -1 1 0 1 -0.0518289 0.026071 -3.52005 0 0 0 
-18.6131 1.48942 3498.86 -4.63046 -8.28673 221.597 12.9317 -13 -1 1 0 1 0.0130096 0.00809932 -3.94625 0 0 0 
-19.743 -2.35756 3598.78 -0.525502 -8.00077 221.655 13.3012 -13 -1 1 0 1 0.0919924 0.0162425 -3.54024 0 0 0 
-19.4597 -5.17344 3698.74 1.23587 -4.11527 221.758 13.6707 -13 -1 1 0 1 0.14568 0.0402817 -2.42223 0 0 0 
-19.0532 -5.91499 3798.73 0.26944 0.867611 221.798 14.0402 -13 -1 1 0 1 0.167837 0.0508185 -0.870348 0 0 0 
-19.2637 -4.373 3898.72 -0.995497 5.99862 221.717 14.4096 -13 -1 1 0 1 0.169908 0.0350524 0.823979 0 0 0 
-19.5398 -0.521232 3998.64 0.43358 10.9418 221.53 14.7791 -13 -1 1 0 1 0.147241 -0.000725632 2.38554 0 0 0 
-18.2213 5.11136 4098.47 6.0317 13.2877 221.319 15.1486 -13 -1 1 0 1 0.0876725 -0.0277074 3.51743 0 0 0 
-13.8917 10.5581 4198.22 12.8978 9.82102 221.207 15.5181 -13 -1 1 0 1 0.0149714 -0.0088278 3.94471 0 0 0 
-7.25455 13.2975 4297.96 15.5475 2.0782 221.245 15.8876 -13 -1 1 0 1 -0.0162868 0.0447732 3.54365 0 0 0 
-0.668613 12.6699 4397.73 13.0893 -4.21755 221.373 16.257 -13 -1 1 0 1 0.00469301 0.080242 2.43388 0 0 0 
4.37609 10.1757 4497.57 9.42127 -6.12463 221.515 16.6265 -13 -1 1 0 1 0.0423165 0.077552 0.888875 0 0 0 
8.08371 7.68127 4597.47 7.34606 -4.47937 221.633 16.996 -13 -1 1 0 1 0.0708161 0.055599 -0.80286 0 0 0 
11.1998 6.46127 4697.42 6.54158 -0.668311 221.703 17.3655 -13 -1 1 0 1 0.0800615 0.0337529 -2.36688 0 0 0 
13.8793 7.19571 4797.38 5.08868 3.87259 221.708 17.7349 -13 -1 1 0 1 0.0580178 0.0151136 -3.50667 0 0 0 
15.551 9.69577 4897.33 2.17745 6.72055 221.688 18.1044 -13 -1 1 0 1 0.00177669 -0.014945 -3.94518 0 0 0 
15.93 12.7341 4997.28 -0.140683 6.21887 221.713 18.4739 -13 -1 1 0 1 -0.0634371 -0.0649784 -3.55264 0 0 0 
15.8879 14.9688 5097.26 0.516444 3.50138 221.772 18.8434 -13 -1 1 0 1 -0.11117 -0.114933 -2.44394 0 0 0 
16.8198 15.7992 5197.25 3.93738 0.0799231 221.765 19.2129 -13 -1 1 0 1 -0.143181 -0.140173 -0.896084 0 0 0 
19.5429 14.8474 5297.2 8.01928 -4.65758 221.606 19.5823 -13 -1 1 0 1 -0.169167 -0.13128 0.798938 0 0 0 
23.661 11.2028 5397.05 9.469 -11.9152 221.277 19.9518 -13 -1 1 0 1 -0.17527 -0.0858193 2.36601 0 0 0 
27.1032 4.01108 5496.72 4.5573 -19.6002 220.885 20.3213 -13 -1 1 0 1 -0.125264 -0.0245945 3.50983 0 0 0 
26.8636 -5.58115 5596.25 -6.08678 -21.4882 220.673 20.6908 -13 -1 1 0 1 -0.0182405 -0.00714375 3.95315 0 0 0 
21.8969 -14.0318 5695.76 -14.9318 -14.8711 220.797 21.0602 -13 -1 1 0 1 0.0720596 -0.0614679 3.5696 0 0 0 
14.5732 -18.5866 5795.38 -16.2989 -5.55965 221.131 21.4297 -13 -1 1 0 1 0.0890541 -0.132053 2.47113 0 0 0 
8.00177 -19.6202 5895.15 -12.3818 0.15483 221.454 21.7992 -13 -1 1 0 1 0.0573592 -0.164652 0.930491 0 0 0 
3.54024 -19.1168 5995.05 -7.47561 1.50581 221.669 22.1687 -13 -1 1 0 1 0.0206074 -0.158697 -0.763307 0 0 0 
1.133 -18.5893 6095.02 -3.37081 0.671606 221.774 22.5382 -13 -1 1 0 1 -0.00271651 -0.126941 -2.33547 0 0 0 
0.335331 -18.5162 6195.01 -0.3889 -0.239659 221.8 22.9076 -13 -1 1 0 1 -0.0115379 -0.0714778 -3.48986 0 0 0 
0.519961 -18.6842 6295.01 0.845661 -0.407288 221.798 23.2771 -13 -1 1 0 1 -0.013795 0.00402817 -3.94443 0 0 0 
0.744877 -18.8847 6395.01 -0.223446 -0.586806 221.799 23.6466 -13 -1 1 0 1 -0.015406 0.0808192 -3.56934 0 0 0 
0.0359454 -19.3498 6495.01 -3.17026 -1.61139 221.772 24.0161 -13 -1 1 0 1 -0.00964751 0.139723 -2.47415 0 0 0 
-2.31066 -20.3621 6594.97 -7.45315 -2.74832 221.658 24.3855 -13 -1 1 0 1 0.0132011 0.176187 -0.933998 0 0 0 
-6.87272 -21.5162 6694.86 -12.9421 -1.78882 221.415 24.755 -13 -1 1 0 1 0.054211 0.188685 0.75937 0 0 0 
-13.9473 -21.2483 6794.6 -18.0776 3.93108 221.027 25.1245 -13 -1 1 0 1 0.096985 0.161684 2.33135 0 0 0 
-22.4142 -17.2064 6894.15 -18.1651 14.487 220.58 25.494 -13 -1 1 0 1 0.0947908 0.0878407 3.48904 0 0 0 
-28.9673 -8.3873 6993.53 -9.56138 23.6128 220.332 25.8635 -13 -1 1 0 1 0.00798411 0.0183778 3.95446 0 0 0 
-30.4498 2.67607 7092.89 2.76175 23.7436 220.508 26.2329 -13 -1 1 0 1 -0.114787 0.0250216 3.59584 0 0 0 
-27.3317 11.8475 7192.41 9.704 16.2708 220.99 26.6024 -13 -1 1 0 1 -0.184246 0.0923486 2.51416 0 0 0 
-22.8802 17.2894 7292.16 8.99887 8.22545 221.465 26.9719 -13 -1 1 0 1 -0.186587 0.152106 0.980738 0 0 0 
-19.8248 19.6798 7392.08 4.23082 2.77927 221.742 27.3414 -13 -1 1 0 1 -0.160815 0.17235 -0.715063 0 0 0 
-19.0972 19.9976 7492.07 -0.775661 -1.31653 221.795 27.7108 -13 -1 1 0 1 -0.127156 0.149646 -2.29789 0 0 0 
-20.1055 18.4867 7592.06 -3.03248 -5.33163 221.715 28.0803 -13 -1 1 0 1 -0.0748541 0.087902 -3.47093 0 0 0 
-21.1758 15.4435 7692 -1.06968 -7.61428 221.667 28.4498 -13 -1 1 0 1 0.00666734 0.0133182 -3.9499 0 0 0 
-20.7397 12.2865 7791.95 3.03811 -5.61392 221.708 28.8193 -13 -1 1 0 1 0.0909896 -0.0391418 -3.59757 0 0 0 
-18.6246 10.9165 7891.91 6.03513 -0.136594 221.718 29.1888 -13 -1 1 0 1 0.137254 -0.0693705 -2.51727 0 0 0 
-15.4734 12.2138 7991.85 7.95666 5.72236 221.584 29.5582 -13 -1 1 0 1 0.137288 -0.0993953 -0.985328 0 0 0 
-11.2184 15.7654 8091.7 11.3747 9.50772 221.304 29.9277 -13 -1 1 0 1 0.103128 -0.133529 0.706236 0 0 0 
-4.76505 20.1021 8191.39 17.6345 8.70909 220.926 30.2972 -13 -1 1 0 1 0.0446375 -0.147632 2.28369 0 0 0 
4.66148 22.5314 8290.91 23.5905 0.852719 220.54 30.6667 -13 -1 1 0 1 -0.00748985 -0.105055 3.45648 0 0 0 
15.4423 20.1458 8390.28 22.6654 -11.5495 220.337 31.0361 -13 -1 1 0 1 0.00752961 -0.0163071 3.94759 0 0 0 
23.8285 12.7682 8489.64 13.6615 -19.7837 220.493 31.4056 -13 -1 1 0 1 0.100075 0.0388706 3.61724 0 0 0 
27.6932 3.70995 8589.15 4.12518 -19.0298 220.944 31.7751 -13 -1 1 0 1 0.195663 0.0176857 2.55706 0 0 0 
28.4499 -3.5765 8688.88 0.314944 -12.8451 221.428 32.1446 -13 -1 1 0 1 0.241267 -0.0365944 1.03504 0 0 0 
28.7687 -7.71528 8788.79 1.66625 -5.46808 221.727 32.5141 -13 -1 1 0 1 0.245489 -0.0732521 -0.659538 0 0 0 
30.1221 -8.46032 8888.77 4.13574 2.22078 221.751 32.8835 -13 -1 1 0 1 0.218538 -0.0720906 -2.25174 0 0 0 
32.0047 -5.76775 8988.71 3.42179 9.41234 221.574 33.253 -13 -1 1 0 1 0.143201 -0.0400875 -3.44601 0 0 0 
32.516 -0.603829 9088.57 -1.66458 12.431 221.445 33.6225 -13 -1 1 0 1 0.0159301 -0.0163446 -3.95499 0 0 0 
30.492 4.3744 9188.42 -6.82215 8.59279 221.529 33.992 -13 -1 1 0 1 -0.111012 -0.0308353 -3.63006 0 0 0 
27.0536 6.54374 9288.34 -7.63221 0.796213 221.668 34.3614 -13 -1 1 0 1 -0.182676 -0.0558036 -2.56902 0 0 0 
24.0978 5.15444 9388.28 -5.29624 -6.72892 221.635 34.7309 -13 -1 1 0 1 -0.201957 -0.0514455 -1.04549 0 0 0 
22.099 0.694045 9488.15 -4.11271 -12.8245 221.391 35.1004 -13 -1 1 0 1 -0.191372 -0.013033 0.646766 0 0 0 
19.6786 -6.1238 9587.89 -7.55037 -16.9046 221.026 35.4699 -13 -1 1 0 1 -0.150599 0.0370222 2.23324 0 0 0 
14.5585 -13.7763 9687.46 -15.6364 -15.838 220.681 35.8394 -13 -1 1 0 1 -0.0773769 0.0539798 3.42352 0 0 0 
5.72313 -19.2151 9786.91 -22.7014 -7.15199 220.52 36.2088 -13 -1 1 0 1 -0.0170281 0.00263364 3.93995 0 0 0 
-4.7282 -19.7672 9886.35 -22.2357 4.43551 220.638 36.5783 -13 -1 1 0 1 -0.0300079 -0.0769862 3.63477 0 0 0 
-13.4007 -16.0309 9985.89 -15.7945 10.868 220.97 36.9478 -13 -1 1 0 1 -0.100096 -0.111189 2.59694 0 0 0 
-19.0733 -11.0746 10085.6 -9.86509 10.1032 221.35 37.3173 -13 -1 1 0 1 -0.166269 -0.0931074 1.08812 0 0 0 
-22.8113 -7.59053 10185.5 -7.18964 4.84224 221.631 37.6867 -13 -1 1 0 1 -0.201169 -0.0628988 -0.602203 0 0 0 
-25.7419 -7.01609 10285.4 -5.70034 -2.46539 221.713 38.0562 -13 -1 1 0 1 -0.197286 -0.0469124 -2.20042 0 0 0 
-27.6006 -9.73805 10385.4 -1.98891 -9.1903 221.601 38.4257 -13 -1 1 0 1 -0.138718 -0.0379289 -3.41193 0 0 0 
-27.1364 -14.5881 10485.2 4.16926 -11.245 221.476 38.7952 -13 -1 1 0 1 -0.0310566 -0.00126392 -3.94954 0 0 0 
-24.1723 -18.914 10585.1 8.17218 -7.1177 221.535 39.1647 -13 -1 1 0 1 0.0716856 0.0740817 -3.65353 0 0 0 
-20.6449 -20.6557 10685 6.56374 -0.631138 221.702 39.5341 -13 -1 1 0 1 0.126951 0.144048 -2.61442 0 0 0 
-18.8128 -19.6873 10785 1.2876 4.66906 221.747 39.9036 -13 -1 1 0 1 0.148566 0.169092 -1.10057 0 0 0 
-19.4383 -16.5425 10884.9 -3.71332 9.36142 221.572 40.2731 -13 -1 1 0 1 0.160319 0.147736 0.592377 0 0 0 
-21.5926 -11.0706 10984.8 -4.93989 15.0941 221.231 40.6426 -13 -1 1 0 1 0.155138 0.0915278 2.18938 0 0 0 
-22.9062 -3.00864 11084.4 0.248737 20.1581 220.882 41.012 -13 -1 1 0 1 0.104443 0.0280993 3.39856 0 0 0 
-20.6245 6.20186 11184 10.1373 19.3427 220.723 41.3815 -13 -1 1 0 1 0.0139938 0.0117774 3.93799 0 0 0 
-14.1767 13.286 11283.5 17.4044 11.2237 220.831 41.751 -13 -1 1 0 1 -0.0480908 0.0606388 3.65364 0 0 0 
-6.05125 16.1605 11383.1 17.5305 1.98665 221.098 42.1205 -13 -1 1 0 1 -0.0383432 0.118283 2.63196 0 0 0 
0.998849 15.8157 11482.9 13.4673 -2.56038 221.376 42.49 -13 -1 1 0 1 0.0110899 0.138752 1.13239 0 0 0 
6.09485 14.6266 11582.7 9.27959 -2.02667 221.597 42.8594 -13 -1 1 0 1 0.0567021 0.130559 -0.554841 0 0 0 
9.45989 14.4228 11682.7 5.64571 1.38702 221.724 43.2289 -13 -1 1 0 1 0.0776652 0.11236 -2.15605 0 0 0 
11.0835 15.8952 11782.6 1.39423 4.90412 221.742 43.5984 -13 -1 1 0 1 0.0634974 0.0817285 -3.37913 0 0 0 
10.6686 18.4263 11882.6 -3.07307 5.72449 221.705 43.9679 -13 -1 1 0 1 0.0217312 0.0217725 -3.93538 0 0 0 
8.70492 20.578 11982.6 -4.98533 3.48709 221.717 44.3373 -13 -1 1 0 1 -0.0161972 -0.0627157 -3.66328 0 0 0 
6.79771 21.5169 12082.5 -2.8648 0.843035 221.78 44.7068 -13 -1 1 0 1 -0.0333562 -0.136261 -2.64386 0 0 0 
6.51197 21.5434 12182.5 1.85146 -0.554193 221.792 45.0763 -13 -1 1 0 1 -0.0441684 -0.174777 -1.14028 0 0 0 
8.56755 21.0063 12282.5 7.24664 -2.06237 221.672 45.4458 -13 -1 1 0 1 -0.0633749 -0.178256 0.55138 0 0 0 
12.8697 19.2869 12382.4 11.404 -6.14059 221.422 45.8153 -13 -1 1 0 1 -0.0836627 -0.144925 2.15487 0 0 0 
18.1743 15.0124 12482.2 11.0772 -13.0681 221.138 46.1847 -13 -1 1 0 1 -0.0721906 -0.0765634 3.37845 0 0 0 
21.8328 7.74073 12581.8 4.18312 -18.3609 221 46.5542 -13 -1 1 0 1 -0.00297428 -0.0138971 3.93582 0 0 0 
21.5599 -0.46943 12681.5 -5.16755 -16.796 221.103 46.9237 -13 -1 1 0 1 0.0851599 -0.00957615 3.66898 0 0 0 
17.8446 -6.58721 12781.2 -10.2957 -9.95069 221.338 47.2932 -13 -1 1 0 1 0.126325 -0.050281 2.65799 0 0 0 
13.1097 -9.5241 12881.1 -10.0287 -3.50763 221.546 47.6626 -13 -1 1 0 1 0.113739 -0.0849757 1.16227 0 0 0 
9.14748 -10.2312 12981 -7.4127 -0.147465 221.677 48.0321 -13 -1 1 0 1 0.0808372 -0.0945191 -0.525379 0 0 0 
6.4177 -10.0327 13080.9 -4.78649 0.727868 221.748 48.4016 -13 -1 1 0 1 0.0488847 -0.0844725 -2.12981 0 0 0 
4.73023 -9.75187 13180.9 -2.81725 0.407114 221.782 48.7711 -13 -1 1 0 1 0.0230494 -0.0600724 -3.35928 0 0 0 
3.76952 -9.7165 13280.9 -1.56994 -0.273531 221.795 49.1406 -13 -1 1 0 1 0.00317358 -0.0238734 -3.925 0 0 0 
3.19211 -10.0152 13380.9 -1.1369 -1.07753 221.795 49.51 -13 -1 1 0 1 -0.0111175 0.0181726 -3.66657 0 0 0 
2.60696 -10.7221 13480.9 -1.61843 -2.09908 221.785 49.8795 -13 -1 1 0 1 -0.018354 0.0576048 -2.66016 0 0 0 
1.57556 -11.925 13580.9 -3.15266 -3.21185 221.755 50.249 -13 -1 1 0 1 -0.0157533 0.088492 -1.1652 0 0 0 
-0.431687 -13.5199 13680.9 -5.97348 -3.64191 221.69 50.6185 -13 -1 1 0 1 -0.00162506 0.106813 0.523283 0 0 0 
-3.9572 -14.878 13780.8 -9.69589 -1.87393 221.581 50.9879 -13 -1 1 0 1 0.0204683 0.102025 2.12879 0 0 0 
-8.97177 -14.6971 13880.7 -12.0133 3.18471 221.452 51.3574 -13 -1 1 0 1 0.030444 0.0615647 3.36026 0 0 0 
-14.0722 -11.8143 13980.5 -9.7038 9.39238 221.389 51.7269 -13 -1 1 0 1 -0.00212073 0.0017026 3.92905 0 0 0 
-17.0887 -6.81063 14080.3 -3.36547 11.8654 221.457 52.0964 -13 -1 1 0 1 -0.0698893 -0.0296707 3.67421 0 0 0 
-17.2427 -1.93197 14180.2 2.17045 9.09407 221.603 52.4659 -13 -1 1 0 1 -0.123344 -0.0174928 2.6708 0 0 0 
-15.6879 1.07901 14280.1 4.16279 4.21927 221.721 52.8353 -13 -1 1 0 1 -0.137568 0.00673096 1.17767 0 0 0 
-13.8276 1.98942 14380.1 3.92459 0.0378515 221.766 53.2048 -13 -1 1 0 1 -0.125636 0.0176954 -0.510601 0 0 0 
-12.1344 1.33153 14480.1 3.74042 -2.69464 221.753 53.5743 -13 -1 1 0 1 -0.0995078 0.0136252 -2.11747 0 0 0 
-10.2697 -0.162675 14580.1 4.71805 -3.56352 221.722 53.9438 -13 -1 1 0 1 -0.0612929 0.00561782 -3.35128 0 0 0 
-7.81996 -1.51432 14680 6.05495 -2.04321 221.708 54.3132 -13 -1 1 0 1 -0.0205399 0.00659933 -3.92267 0 0 0 
-5.02234 -1.76773 14780 6.04752 1.00488 221.716 54.6827 -13 -1 1 0 1 0.00365257 0.0138217 -3.67122 0 0 0 
-2.59142 -0.688512 14879.9 4.6131 3.56993 221.724 55.0522 -13 -1 1 0 1 0.00689068 0.0117773 -2.67102 0 0 0 
-0.83308 1.23493 14979.9 3.35345 4.74059 221.725 55.4217 -13 -1 1 0 1 0.000335187 -0.00307372 -1.18043 0 0 0 
0.649348 3.41666 15079.9 3.49392 4.76426 221.722 55.7912 -13 -1 1 0 1 -0.00916286 -0.020663 0.502491 0 0 0 
2.53203 5.34723 15179.8 5.01465 3.54442 221.716 56.1606 -13 -1 1 0 1 -0.0204675 -0.0283847 2.10904 0 0 0 
5.17468 6.34682 15279.8 6.52301 0.60524 221.704 56.5301 -13 -1 1 0 1 -0.0253354 -0.0159614 3.34404 0 0 0 
8.08677 5.75459 15379.7 5.92408 -3.1755 221.699 56.8996 -13 -1 1 0 1 -0.0070607 0.0110295 3.91809 0 0 0 
10.1477 3.75603 15479.7 2.98216 -5.19978 221.72 57.2691 -13 -1 1 0 1 0.0338029 0.0274827 3.6695 0 0 0 
10.7805 1.53227 15579.7 0.0350131 -4.2287 221.76 57.6385 -13 -1 1 0 1 0.0712719 0.0221931 2.67062 0 0 0 
10.4383 0.189959 15679.7 -1.27859 -1.6086 221.791 58.008 -13 -1 1 0 1 0.088151 0.0106711 1.17944 0 0 0 
9.78167 0.0934916 15779.7 -1.59173 1.12579 221.792 58.3775 -13 -1 1 0 1 0.0878264 0.00806293 -0.504819 0 0 0 
8.92927 1.11271 15879.7 -2.37038 3.23482 221.764 58.747 -13 -1 1 0 1 0.0741755 0.015243 -2.11263 0 0 0 
7.4557 2.78435 15979.6 -4.33615 3.82955 221.725 59.1165 -13 -1 1 0 1 0.0472751 0.0209792 -3.34863 0 0 0 
4.99461 4.19711 16079.6 -6.42543 2.0428 221.698 59.4859 -13 -1 1 0 1 0.0181188 0.0117262 -3.92369 0 0 0 
1.9412 4.4011 16179.5 -6.73713 -1.183 221.695 59.8554 -13 -1 1 0 1 0.00703016 -0.00726188 -3.67647 0 0 0 
-0.802806 3.26994 16279.5 -5.2737 -3.54081 221.71 60.2249 -13 -1 1 0 1 0.0165119 -0.0162372 -2.67949 0 0 0 
-2.82023 1.49855 16379.5 -3.81668 -4.02068 221.731 60.5944 -13 -1 1 0 1 0.0323669 -0.0101423 -1.19059 0 0 0 
-4.42096 -0.133481 16479.4 -3.4809 -3.01059 221.753 60.9638 -13 -1 1 0 1 0.046245 0.000227595 0.491884 0 0 0 
-6.07576 -1.03822 16579.4 -3.8846 -0.812124 221.765 61.3333 -13 -1 1 0 1 0.0550618 0.00379334 2.0991 0 0 0 
-7.82213 -0.728373 16679.4 -3.61718 2.2532 221.76 61.7028 -13 -1 1 0 1 0.0498379 -0.00292762 3.33594 0 0 0 
-9.05984 0.909234 16779.4 -1.58807 4.73662 221.744 62.0723 -13 -1 1 0 1 0.021816 -0.00869392 3.91288 0 0 0 
-9.13544 3.18059 16879.4 1.18294 4.8992 221.743 62.4418 -13 -1 1 0 1 -0.0169739 0.00237139 3.66719 0 0 0 
-8.21177 5.01957 16979.3 2.57315 3.07103 221.764 62.8112 -13 -1 1 0 1 -0.0432333 0.0251791 2.6701 0 0 0 
-7.10328 5.91391 17079.3 2.10262 0.95824 221.789 63.1807 -13 -1 1 0 1 -0.051546 0.0412886 1.17959 0 0 0 
-6.43334 5.9606 17179.3 0.847967 -0.680174 221.798 63.5502 -13 -1 1 0 1 -0.0506424 0.0421642 -0.505114 0 0 0 
-6.2712 5.33586 17279.3 0.0321624 -2.07039 221.791 63.9197 -13 -1 1 0 1 -0.0442956 0.0283722 -2.11438 0 0 0 
-6.20292 4.13793 17379.3 0.526656 -3.12951 221.778 64.2891 -13 -1 1 0 1 -0.0287491 0.00556165 -3.35283 0 0 0 
-5.6006 2.70099 17479.3 2.26978 -2.95947 221.769 64.6586 -13 -1 1 0 1 -0.00482517 -0.0136079 -3.93104 0 0 0 
-4.16791 1.72772 17579.3 3.9492 -1.13733 221.762 65.0281 -13 -1 1 0 1 0.0130984 -0.0208234 -3.68686 0 0 0 
-2.20249 1.75422 17679.3 4.61193 1.20296 221.749 65.3976 -13 -1 1 0 1 0.0128905 -0.0236462 -2.69222 0 0 0 
-0.0677945 2.67314 17779.2 4.89704 2.64926 221.731 65.7671 -13 -1 1 0 1 -0.00226666 -0.0309793 -1.20521 0 0 0 
2.31705 3.90348 17879.2 5.83174 2.50164 221.71 66.1365 -13 -1 1 0 1 -0.0247522 -0.0402435 0.475601 0 0 0 
5.28303 4.6077 17979.1 7.31756 0.225916 221.68 66.506 -13 -1 1 0 1 -0.0473148 -0.0409749 2.08139 0 0 0 
8.73769 3.77171 18079.1 7.60284 -4.19834 221.63 66.8755 -13 -1 1 0 1 -0.0533713 -0.0257309 3.31761 0 0 0 
11.6552 0.810095 18179 4.79621 -8.64322 221.58 67.245 -13 -1 1 0 1 -0.0239983 -0.00884506 3.89532 0 0 0 
12.7682 -3.521 18278.9 0.136067 -9.88439 221.58 67.6144 -13 -1 1 0 1 0.0283205 -0.0187068 3.65116 0 0 0 
12.0623 -7.57806 18378.8 -2.72942 -7.74476 221.649 67.9839 -13 -1 1 0 1 0.0668544 -0.0541217 2.65471 0 0 0 
10.8235 -10.3891 18478.8 -2.25842 -4.77503 221.738 68.3534 -13 -1 1 0 1 0.0792862 -0.0872215 1.16286 0 0 0 
10.3585 -11.9689 18578.7 0.415068 -2.29271 221.788 68.7229 -13 -1 1 0 1 0.0788828 -0.100603 -0.525991 0 0 0 
11.254 -12.4212 18678.7 3.44957 0.422511 221.773 69.0924 -13 -1 1 0 1 0.0729858 -0.088199 -2.14247 0 0 0 
13.198 -11.4448 18778.7 4.68689 3.99914 221.715 69.4618 -13 -1 1 0 1 0.0509959 -0.0488428 -3.39125 0 0 0 
14.9559 -8.92397 18878.7 2.55426 6.79859 221.682 69.8313 -13 -1 1 0 1 0.000324067 -0.000655927 -3.9818 0 0 0 
15.1955 -5.85016 18978.6 -1.53568 6.15715 221.71 70.2008 -13 -1 1 0 1 -0.0613256 0.0265873 -3.74997 0 0 0 
13.7647 -3.87114 19078.6 -4.44916 2.29063 221.744 70.5703 -13 -1 1 0 1 -0.0979044 0.031966 -2.76759 0 0 0 
11.4696 -3.86222 19178.6 -5.55441 -2.13703 221.721 70.9397 -13 -1 1 0 1 -0.099158 0.0381231 -1.29398 0 0 0 
8.74118 -5.58512 19278.5 -6.74183 -5.17549 221.638 71.3092 -13 -1 1 0 1 -0.0766171 0.0546584 0.371313 0 0 0 
5.13316 -8.13946 19378.4 -9.55173 -5.60337 221.524 71.6787 -13 -1 1 0 1 -0.039024 0.069772 1.95831 0 0 0 
0.0127248 -10.0391 19478.3 -13.0247 -2.1115 221.408 72.0482 -13 -1 1 0 1 -0.000745394 0.0605422 3.17229 0 0 0 
-6.18706 -9.53464 19578.1 -13.737 4.60705 221.327 72.4177 -13 -1 1 0 1 0.00457218 0.0228058 3.72428 0 0 0 
-11.6901 -6.05538 19677.8 -10.111 10.2246 221.334 72.7871 -13 -1 1 0 1 -0.0398321 -0.00597778 3.44746 0 0 0 
-15.1584 -1.03235 19777.7 -5.52329 11.2555 221.446 73.1566 -13 -1 1 0 1 -0.101009 0.00510635 2.40457 0 0 0 
-17.1322 3.52701 19877.5 -3.86116 8.53322 221.603 73.5261 -13 -1 1 0 1 -0.144291 0.0392294 0.845339 0 0 0 
-19.1371 6.36636 19977.5 -5.40821 3.76065 221.703 73.8956 -13 -1 1 0 1 -0.16788 0.0646333 -0.940946 0 0 0 
-22.0819 6.60549 20077.4 -7.3738 -3.06685 221.657 74.265 -13 -1 1 0 1 -0.172863 0.0610304 -2.69572 0 0 0 
-25.1702 3.40384 20177.3 -5.30191 -11.0233 221.463 74.6345 -13 -1 1 0 1 -0.138076 0.0277326 -4.13874 0 0 0 
-25.8965 -2.72287 20277.1 2.88908 -14.8883 221.282 75.004 -13 -1 1 0 1 -0.0518729 0.000993183 -4.9998 0 0 0 
-22.446 -8.60844 20376.9 11.7757 -9.71413 221.275 75.3735 -13 -1 1 0 1 0.0359128 0.0159919 -5.13956 0 0 0 
-16.3435 -10.6253 20476.7 13.9043 1.01173 221.362 75.743 -13 -1 1 0 1 0.0671319 0.0425158 -4.65928 0 0 0 
-10.9385 -8.01357 20576.5 9.34554 9.84321 221.385 76.1124 -13 -1 1 0 1 0.0545427 0.0385152 -3.84707 0 0 0 
-8.18175 -2.46154 20676.3 2.93135 14.0824 221.334 76.4819 -13 -1 1 0 1 0.037322 0.0118689 -2.98651 0 0 0 
-7.9077 2.57864 20752.2 -1.15304 15.081 221.284 76.763 -13 -1 1 0 1 0.0301034 -0.00816108 -2.40197 0 0 0 

