#BLTrackFile VirtualDetector/Det1185
#x y z Px Py Pz t PDGid EventID TrackID ParentID Weight
#mm mm mm MeV/c MeV/c MeV/c ns - - - - -
-34.4002 -18.3488 118450 -11.0978 1.66319 214.012 443.394 -13 22 1 0 1
-34.9373 -47.4232 118450 -3.48799 39.34 185.294 443.204 -13 37 1 0 1
-30.1891 -23.0718 118450 -12.5263 -14.4641 212.46 443.397 -13 38 1 0 1
-20.4888 35.0852 118450 37.8832 -10.1287 224.489 442.747 -13 40 1 0 1
3.88993 -6.94684 118450 12.0128 6.8156 206.369 443.54 -13 46 1 0 1
-24.3064 -17.8992 118450 -3.81652 12.0622 217.754 442.831 -13 47 1 0 1
-11.5041 27.5249 118450 4.15229 -10.2184 191.234 442.779 -13 54 1 0 1
1.57584 -21.7922 118450 -2.46858 -11.4547 183.736 443.116 -13 65 1 0 1
-32.5937 -15.6889 118450 19.2887 16.705 231.108 443.159 -13 97 1 0 1
