#BLTrackFile VirtualDetector/Det1143
#x y z Px Py Pz t PDGid EventID TrackID ParentID Weight
#mm mm mm MeV/c MeV/c MeV/c ns - - - - -
-17.265 18.1726 114250 4.22617 15.2476 229.747 427.122 -13 9 1 0 1
-66.6273 24.7603 114250 14.8867 4.7705 243.396 427.239 -13 40 1 0 1
-8.23331 11.2011 114250 -12.4094 13.6091 223.62 426.985 -13 54 1 0 1
1.04475 10.5167 114250 12.7981 10.1273 205.525 426.965 -13 70 1 0 1
0.726835 -16.2283 114250 0.938358 -9.13811 191.995 427.269 -13 75 1 0 1
-9.59241 27.1516 114250 14.1113 9.57191 241.352 426.892 -13 89 1 0 1
-22.8818 33.1262 114250 11.8543 -9.23533 239.153 426.878 -13 92 1 0 1
-47.073 -43.7551 114250 -12.8468 0.738594 204.782 427.476 -13 97 1 0 1
-32.1353 32.4049 114250 18.3707 15.5047 209.647 426.907 -13 100 1 0 1
