#BLTrackFile VirtualDetector/Det1115
#x y z Px Py Pz t PDGid EventID TrackID ParentID Weight
#mm mm mm MeV/c MeV/c MeV/c ns - - - - -
0.164831 31.401 111450 9.08347 -8.15604 226.015 416.809 -13 9 1 0 1
46.9911 -19.9519 111450 -18.0543 -11.4396 193.319 416.401 -13 22 1 0 1
38.985 10.9577 111450 -17.6155 0.98558 191.531 416.433 -13 38 1 0 1
22.0749 21.381 111450 29.0447 -10.4314 229.669 416.933 -13 40 1 0 1
-39.8633 38.1003 111450 4.93781 -0.263629 232.907 416.662 -13 54 1 0 1
38.0875 4.00736 111450 2.67612 -0.606589 204.995 417.284 -13 61 1 0 1
17.4417 27.217 111450 6.98371 1.67416 223.571 416.546 -13 70 1 0 1
28.3316 13.2494 111450 2.27497 -8.75823 251.001 416.72 -13 89 1 0 1
26.1672 48.3264 111450 18.7385 -1.44033 233.914 416.488 -13 100 1 0 1
