#BLTrackFile VirtualDetector/Det44
#x y z Px Py Pz t PDGid EventID TrackID ParentID Weight
#mm mm mm MeV/c MeV/c MeV/c ns - - - - -
-34.1912 37.002 4350.2 42.5938 -26.7506 207.136 19.2272 -13 1 1 0 1
22.8788 53.3216 4350.2 -6.60654 -7.95927 237.798 18.7521 -13 2 1 0 1
27.3514 48.1176 4350.2 -9.63462 -15.9477 219.843 18.9666 -13 3 1 0 1
-18.6855 31.5754 4350.2 -44.7554 -19.0565 191.009 19.3772 -13 4 1 0 1
-25.4247 127.286 4350.2 -9.88251 3.71401 167.144 20.2973 -13 5 1 0 1
-27.833 30.9673 4350.2 -13.8351 11.1811 241.263 18.6953 -13 6 1 0 1
-91.9576 286.909 4350.2 -26.0728 78.2256 124.369 22.525 -13 7 1 0 1
-66.2428 43.8686 4350.2 -39.7203 -2.80034 163.174 19.9323 -13 8 1 0 1
-18.7444 4.6831 4350.2 3.77821 -6.14763 231.406 18.7615 -13 9 1 0 1
59.2992 -15.4046 4350.2 -16.5336 16.7932 231.729 18.8806 -13 10 1 0 1
-25.4855 -14.1212 4350.2 20.5378 39.3265 190.325 19.3062 -13 11 1 0 1
13.0087 -25.6945 4350.2 -10.3191 37.8334 202.895 19.1333 -13 12 1 0 1
34.6908 44.0188 4350.2 -19.3891 -14.6145 219.825 19.0063 -13 14 1 0 1
26.3799 29.0607 4350.2 10.5586 -0.290212 226.268 18.8272 -13 15 1 0 1
-56.8757 -9.69943 4350.2 22.3848 21.8256 227.25 18.9092 -13 16 1 0 1
62.4165 -63.3001 4350.2 -15.4244 18.8074 231.969 18.9337 -13 17 1 0 1
-52.8564 -19.42 4350.2 28.5466 9.97376 230.041 18.8759 -13 18 1 0 1
-56.4318 12.6533 4350.2 7.1788 -5.06672 239.284 18.7417 -13 19 1 0 1
-7.2263 39.6921 4350.2 6.92604 -6.8428 239.554 18.716 -13 20 1 0 1
-20.0207 -0.00317398 4350.2 1.99639 1.27177 237.143 18.6951 -13 21 1 0 1
15.2042 58.5489 4350.2 -8.89771 -20.0431 232.381 18.8663 -13 22 1 0 1
-13.1051 3.37181 4350.2 -39.7301 35.8926 186.963 19.4545 -13 23 1 0 1
61.928 17.185 4350.2 -12.5357 0.428648 238.3 18.7919 -13 24 1 0 1
-34.8844 42.7816 4350.2 20.9454 0.998666 231.145 18.8256 -13 25 1 0 1
-45.8624 21.3505 4350.2 29.7045 13.147 207.547 19.0852 -13 26 1 0 1
-5.63509 -38.8353 4350.2 15.8128 60.0674 199.145 19.3666 -13 27 1 0 1
-11.6073 -17.1734 4350.2 1.64393 28.0433 228.15 18.8493 -13 28 1 0 1
78.8293 -28.1477 4350.2 -22.5228 7.03218 228.917 18.9524 -13 29 1 0 1
50.68 -29.9906 4350.2 -10.5831 5.76097 232.642 18.8247 -13 30 1 0 1
54.0815 -67.8028 4350.2 -21.5336 33.341 153.372 20.6685 -13 31 1 0 1
-37.7403 35.0856 4350.2 13.615 -25.2645 206.373 19.1327 -13 32 1 0 1
-9.80059 -43.2177 4350.2 -11.8551 23.5398 227.128 18.889 -13 33 1 0 1
-3.01072 8.64625 4350.2 37.6659 3.15195 180.137 19.3832 -13 34 1 0 1
5.84458 4.18034 4350.2 19.0696 14.1681 205.924 19.0181 -13 35 1 0 1
-59.4942 -7.16227 4350.2 21.5734 11.9485 225 18.9058 -13 36 1 0 1
-23.4513 -10.0126 4350.2 20.7942 -3.15934 232.354 18.7932 -13 37 1 0 1
-34.7402 -39.3441 4350.2 9.75824 9.74133 227.395 18.8601 -13 38 1 0 1
-33.077 14.2404 4350.2 30.2802 1.60486 217.369 18.9826 -13 39 1 0 1
22.4573 -14.5199 4350.2 -7.0243 1.47108 225.811 18.8312 -13 40 1 0 1
-17.3484 48.2613 4350.2 3.82986 2.32608 241.74 18.6774 -13 41 1 0 1
40.3326 -6.09181 4350.2 -15.6945 5.0134 213.979 19.0018 -13 42 1 0 1
15.6361 0.440665 4350.2 -7.9531 2.86806 241.774 18.669 -13 43 1 0 1
79.8284 120.611 4350.2 8.33478 -13.3534 173.897 20.238 -13 44 1 0 1
3.15717 20.8017 4350.2 0.250615 -0.745597 236.525 18.7136 -13 45 1 0 1
38.6247 -38.3686 4350.2 -3.09034 15.4423 235.949 18.8058 -13 46 1 0 1
37.6357 54.5385 4350.2 5.21532 1.00446 229.403 18.8557 -13 47 1 0 1
56.9603 18.7327 4350.2 -16.6757 1.73766 228.226 18.8563 -13 48 1 0 1
-3.17341 -37.7672 4350.2 11.3274 3.26215 240.435 18.699 -13 49 1 0 1
52.2818 -0.169108 4350.2 -39.9962 10.6661 220.164 19.0243 -13 50 1 0 1
19.7453 -5.24486 4350.2 -2.33577 4.6084 235.298 18.7251 -13 51 1 0 1
-30.6912 22.5079 4350.2 29.9794 -21.9274 195.038 19.2431 -13 52 1 0 1
13.3975 12.26 4350.2 7.70457 -7.24004 224.97 18.8223 -13 53 1 0 1
-45.3025 38.1726 4350.2 0.527632 0.112577 236.087 18.7629 -13 54 1 0 1
33.1199 55.8688 4350.2 28.2171 36.5434 164.124 19.7878 -13 55 1 0 1
-33.9011 15.9379 4350.2 31.5894 -53.7629 190.978 19.4464 -13 56 1 0 1
3.52548 79.5701 4350.2 0.688646 27.0842 155.678 19.8875 -13 57 1 0 1
-53.9635 13.2635 4350.2 29.6948 0.0357964 225.872 18.9287 -13 58 1 0 1
5.89587 -0.641384 4350.2 -34.0296 49.0623 183.063 19.5085 -13 59 1 0 1
40.8964 37.7089 4350.2 -18.892 -11.9586 224.055 18.9293 -13 60 1 0 1
-6.66385 -10.3439 4350.2 -2.0236 9.47969 240.082 18.6711 -13 61 1 0 1
-36.7551 3.91041 4350.2 21.7809 15.2383 227.29 18.8694 -13 62 1 0 1
-9.12574 -67.1263 4350.2 5.98759 25.8819 226.377 18.9625 -13 63 1 0 1
46.3801 -0.382581 4350.2 -7.61495 16.2681 226.607 18.8809 -13 64 1 0 1
-17.614 -7.91659 4350.2 8.29238 10.2936 232.569 18.7552 -13 65 1 0 1
-25.7863 -0.612909 4350.2 2.1656 17.4811 245.518 18.6212 -13 66 1 0 1
-9.24886 -67.8845 4350.2 13.3987 31.0349 220.997 19.0172 -13 67 1 0 1
41.3779 17.6506 4350.2 -45.5311 -8.05227 207.779 19.2042 -13 68 1 0 1
-24.1781 7.396 4350.2 -48.567 -29.1823 178.656 19.6188 -13 69 1 0 1
15.2162 -44.5315 4350.2 1.06527 10.6741 243.636 18.6848 -13 70 1 0 1
-9.28615 -1.35783 4350.2 53.5816 29.6764 178.579 19.5722 -13 71 1 0 1
58.7681 -3.12105 4350.2 -26.3492 6.76936 207.004 19.1436 -13 72 1 0 1
-7.60198 2.53755 4350.2 0.584202 2.20154 252.339 18.5433 -13 73 1 0 1
-62.8976 -1.86723 4350.2 18.3917 5.59182 225.029 18.9049 -13 74 1 0 1
-20.2138 -4.56646 4350.2 0.0944068 -1.2721 229.95 18.7764 -13 75 1 0 1
-26.844 -39.4645 4350.2 29.9902 30.1405 209.285 19.1364 -13 76 1 0 1
25.2139 20.3324 4350.2 2.28702 -18.4181 233.703 18.7643 -13 77 1 0 1
41.6017 19.0192 4350.2 -0.75197 2.02804 230.511 18.8185 -13 78 1 0 1
30.6486 -34.9711 4350.2 -7.60221 0.113333 222.796 18.8665 -13 79 1 0 1
55.618 42.1278 4350.2 -25.4096 -12.0287 213.208 19.0993 -13 80 1 0 1
-10.2842 -82.1671 4350.2 -4.42758 20.9748 223.144 19.0191 -13 81 1 0 1
18.3457 51.737 4350.2 9.56188 -0.124122 244.562 18.6548 -13 82 1 0 1
37.4321 -18.6991 4350.2 -33.1997 1.96914 201.148 19.1939 -13 83 1 0 1
53.857 27.0643 4350.2 -38.1335 3.29734 223.269 19.0198 -13 84 1 0 1
25.3286 52.0783 4350.2 5.25204 -16.5136 230.574 18.8624 -13 85 1 0 1
-95.1949 -2.5517 4350.2 21.4731 -4.29257 233.498 18.9251 -13 86 1 0 1
13.1536 -3.93743 4350.2 -2.3457 -5.37129 242.732 18.6635 -13 87 1 0 1
-39.6323 -22.9133 4350.2 14.5944 10.4328 237.102 18.7625 -13 88 1 0 1
1.45128 2.80744 4350.2 3.21583 -9.91075 239.338 18.6888 -13 89 1 0 1
-43.86 51.5883 4350.2 -6.20644 -12.863 244.185 18.698 -13 90 1 0 1
-7.23321 12.9137 4350.2 46.1348 11.032 167.529 19.6518 -13 91 1 0 1
-3.1227 -11.9755 4350.2 0.810423 -11.7732 236.378 18.7384 -13 92 1 0 1
-45.1947 12.411 4350.2 43.7892 -3.75431 208.559 19.13 -13 93 1 0 1
2.81104 -20.9829 4350.2 -5.98102 7.80725 231.076 18.7916 -13 94 1 0 1
-6.85427 1.94019 4350.2 0.449978 48.6979 202.149 19.1891 -13 95 1 0 1
-17.0316 16.6934 4350.2 19.2402 2.1018 222.784 18.8651 -13 96 1 0 1
34.5069 -17.0043 4350.2 -4.85059 3.66676 223.993 18.8558 -13 97 1 0 1
34.3402 10.161 4350.2 -17.9534 -0.486405 222.645 18.9003 -13 98 1 0 1
-35.7171 -50.7126 4350.2 10.1568 23.8497 226.345 18.9612 -13 99 1 0 1
9.24535 -4.69438 4350.2 5.57796 -3.56427 235.936 18.725 -13 100 1 0 1
