#BLTrackFile VirtualDetector/Det415
#x y z Px Py Pz t PDGid EventID TrackID ParentID Weight
#mm mm mm MeV/c MeV/c MeV/c ns - - - - -
3.92532 -29.494 41450.2 11.9649 -7.86675 142.953 156.978 -13 2 1 0 1
-79.2048 -55.1296 41450.2 -8.85073 9.92409 222.305 155.574 -13 38 1 0 1
-23.0395 -71.4145 41450.2 -23.1182 -2.94255 264.227 154.916 -13 40 1 0 1
-52.8313 -32.0522 41450.2 -2.9996 47.2002 285.855 154.765 -13 41 1 0 1
32.5772 -26.8043 41450.2 -15.8027 21.3352 247.18 155.384 -13 47 1 0 1
-61.0783 -44.6985 41450.2 -5.65758 27.8995 259.282 154.647 -13 70 1 0 1
44.9924 -56.5348 41450.2 0.357349 -29.6611 224.157 155.264 -13 97 1 0 1
