#BLTrackFile VirtualDetector/Det471
#x y z Px Py Pz t PDGid EventID TrackID ParentID Weight
#mm mm mm MeV/c MeV/c MeV/c ns - - - - -
-1.09589 57.6307 47050.2 37.3144 -19.5448 274.892 176.22 -13 22 1 0 1
-9.69457 -64.1658 47050.2 -5.42214 4.98133 212.592 176.986 -13 24 1 0 1
-9.70631 -14.4703 47050.2 7.98626 -7.73599 273.342 176.242 -13 43 1 0 1
-45.4885 68.6146 47050.2 12.4469 -0.483195 274.338 175.634 -13 47 1 0 1
-10.748 -37.0041 47050.2 -3.29717 8.09044 190.509 177.161 -13 49 1 0 1
-18.3037 -67.6291 47050.2 -31.7215 1.54415 217.067 175.872 -13 66 1 0 1
-15.8634 68.3618 47050.2 9.08714 18.069 258.864 175.884 -13 97 1 0 1
