#BLTrackFile VirtualDetector/Det57
#x y z Px Py Pz t PDGid EventID TrackID ParentID Weight
#mm mm mm MeV/c MeV/c MeV/c ns - - - - -
67.2478 -40.3283 5650.2 -32.8359 34.9045 184.29 24.2926 -13 1 1 0 1
-32.9427 -38.1034 5650.2 7.07733 -20.739 243.83 23.5155 -13 2 1 0 1
-29.6026 -55.2019 5650.2 14.0785 -6.70842 217.323 23.817 -13 3 1 0 1
13.192 -28.9206 5650.2 48.2069 29.899 160.662 24.5538 -13 4 1 0 1
-47.693 61.4682 5650.2 -91.1522 67.9265 108.147 26.706 -13 5 1 0 1
-6.48289 5.47922 5650.2 16.2806 -22.2478 250.563 23.4367 -13 6 1 0 1
60.8611 8.52922 5650.2 -53.3902 38.1825 132.947 25.7921 -13 8 1 0 1
25.8507 -14.7915 5650.2 6.60847 9.00137 239.739 23.521 -13 9 1 0 1
-54.3354 46.38 5650.2 -13.354 -21.3347 234.011 23.6849 -13 10 1 0 1
27.6708 27.4323 5650.2 -24.3472 -39.1064 163.032 24.4615 -13 11 1 0 1
-18.3739 60.542 5650.2 -5.39291 -42.0006 187.809 24.1449 -13 12 1 0 1
-49.785 -46.3576 5650.2 18.8349 -7.45205 211.275 23.8784 -13 14 1 0 1
1.93716 -8.40588 5650.2 -10.7342 -5.98931 230.163 23.6208 -13 15 1 0 1
80.9932 44.9883 5650.2 -13.4942 3.58768 228.033 23.7628 -13 16 1 0 1
-59.3062 75.5895 5650.2 -20.8625 -13.5048 230.552 23.7833 -13 17 1 0 1
86.0664 31.3538 5650.2 -13.3274 18.5169 233.06 23.7042 -13 18 1 0 1
51.0159 -23.0894 5650.2 19.0696 9.44907 245.439 23.5031 -13 19 1 0 1
17.3458 -42.1818 5650.2 8.40171 -2.88262 246.173 23.4662 -13 20 1 0 1
20.3618 2.2736 5650.2 6.12162 2.37862 244.377 23.436 -13 21 1 0 1
-21.915 -67.3679 5650.2 17.0906 -8.51122 234.991 23.6637 -13 22 1 0 1
20.9539 -3.02305 5650.2 37.4692 -29.9098 157.48 24.6605 -13 23 1 0 1
-50.0289 -5.3768 5650.2 -10.406 -20.1182 243.366 23.5557 -13 24 1 0 1
58.262 -27.079 5650.2 3.80046 -1.0193 236.448 23.6239 -13 25 1 0 1
75.1267 -5.34635 5650.2 -20.0825 1.31234 196.882 24.0518 -13 26 1 0 1
6.26114 48.1303 5650.2 -21.7429 -67.5593 169.903 24.5642 -13 27 1 0 1
20.0003 56.6344 5650.2 -10.8888 -12.51 231.979 23.6539 -13 28 1 0 1
-82.6358 41.5288 5650.2 -11.92 -21.1225 226.119 23.8109 -13 29 1 0 1
-45.9678 35.235 5650.2 -12.3126 -5.92885 237.285 23.6103 -13 30 1 0 1
-6.47705 8.4861 5650.2 46.5721 -52.2414 144.342 26.244 -13 31 1 0 1
50.7386 -50.3653 5650.2 4.87836 31.3253 193.335 24.1 -13 32 1 0 1
-6.92165 68.6654 5650.2 -2.53472 -11.2307 228.489 23.7133 -13 33 1 0 1
4.19562 -7.89046 5650.2 -33.1784 -4.4654 151.661 24.579 -13 34 1 0 1
20.0159 17.7253 5650.2 -22.5847 -9.60391 198.9 23.9314 -13 35 1 0 1
75.9349 23.8855 5650.2 -5.60246 9.09296 224.102 23.7524 -13 36 1 0 1
58.3049 5.59024 5650.2 -8.45476 21.1381 237.961 23.5726 -13 37 1 0 1
41.4699 38.6543 5650.2 -5.08157 13.3296 230.59 23.6623 -13 38 1 0 1
75.1958 -3.49912 5650.2 -15.8816 12.0236 211.938 23.8689 -13 39 1 0 1
-21.3965 14.1393 5650.2 -1.94798 -2.89002 230.74 23.6162 -13 40 1 0 1
18.3075 -17.5129 5650.2 6.87181 -12.5364 251.986 23.4132 -13 41 1 0 1
-48.5858 26.335 5650.2 -0.330695 -14.8677 208.645 23.8717 -13 42 1 0 1
-14.0929 7.95281 5650.2 0.656903 -6.25744 253.732 23.387 -13 43 1 0 1
-3.86048 59.7109 5650.2 10.0062 117.316 113.848 26.5867 -13 44 1 0 1
3.18819 -9.99638 5650.2 3.44857 -4.83424 245.93 23.4512 -13 45 1 0 1
-16.3111 49.9713 5650.2 -20.3798 -2.8786 241.981 23.5721 -13 46 1 0 1
-13.196 -30.7452 5650.2 -5.88051 -17.8222 231.089 23.663 -13 47 1 0 1
-58.4939 -2.30683 5650.2 -1.27681 -21.0042 230.719 23.6626 -13 48 1 0 1
30.2796 23.4691 5650.2 -11.3047 15.7334 250.565 23.4356 -13 49 1 0 1
-92.8195 16.9519 5650.2 22.2069 -34.6205 214.341 23.9416 -13 50 1 0 1
-8.72055 16.1577 5650.2 -9.24458 -2.65657 245.28 23.4664 -13 51 1 0 1
50.5261 -23.5788 5650.2 -29.2597 30.9756 172.555 24.3353 -13 52 1 0 1
8.23436 -18.8761 5650.2 -1.59761 5.97961 230.247 23.6111 -13 53 1 0 1
28.7495 -24.2761 5650.2 19.2725 -6.89106 242.816 23.5284 -13 54 1 0 1
-44.758 -64.5156 5650.2 36.8407 24.8634 139.692 25.582 -13 55 1 0 1
29.7895 -2.37292 5650.2 -50.2096 55.1386 155.691 24.7394 -13 56 1 0 1
0.46313 -17.4422 5650.2 -7.09994 68.0525 120.839 25.9311 -13 57 1 0 1
91.0005 -8.34873 5650.2 -4.85363 17.7464 226.385 23.7782 -13 58 1 0 1
9.1102 -10.2684 5650.2 42.241 -44.2163 150.285 24.7957 -13 59 1 0 1
-59.0633 -33.4747 5650.2 15.3056 -15.3727 222.866 23.7642 -13 60 1 0 1
6.29374 24.3841 5650.2 1.78571 -4.02553 251.783 23.3965 -13 61 1 0 1
60.4357 21.7286 5650.2 -12.6962 1.50389 228.759 23.6869 -13 62 1 0 1
20.6823 91.5448 5650.2 -23.3656 4.00059 223.42 23.8217 -13 63 1 0 1
-35.2555 33.8616 5650.2 -16.9331 -22.7646 228.09 23.6867 -13 64 1 0 1
29.7228 22.4552 5650.2 -2.03614 0.752198 238.396 23.5162 -13 65 1 0 1
22.17 34.2006 5650.2 -0.102381 -7.9651 256.078 23.3444 -13 66 1 0 1
23.2014 92.9152 5650.2 -28.9378 -8.68172 214.916 23.9208 -13 67 1 0 1
-69.2748 -19.8968 5650.2 50.6769 -9.58521 188.468 24.2286 -13 68 1 0 1
46.8909 8.68468 5650.2 32.0985 40.9836 146.81 24.9567 -13 69 1 0 1
-3.34741 46.8284 5650.2 -16.4854 7.67647 251.321 23.4166 -13 70 1 0 1
-11.4371 -10.0903 5650.2 -42.3098 -31.0592 148.404 24.9039 -13 71 1 0 1
-79.6454 9.84042 5650.2 17.7693 -23.728 192.35 24.1209 -13 72 1 0 1
14.6746 6.94416 5650.2 3.66013 0.828995 267.111 23.2278 -13 73 1 0 1
83.3712 6.0392 5650.2 0.79904 17.0518 224.927 23.7502 -13 74 1 0 1
16.6973 3.74361 5650.2 4.38534 3.173 236.562 23.5402 -13 75 1 0 1
51.3889 68.2083 5650.2 -39.5634 -19.2237 194.117 24.1462 -13 76 1 0 1
-7.15097 -42.965 5650.2 3.47697 3.12955 240.721 23.5311 -13 77 1 0 1
-23.6527 -4.52358 5650.2 -9.11342 -13.0392 232.891 23.5951 -13 78 1 0 1
-23.6763 28.7649 5650.2 -8.44252 2.64925 224.215 23.6812 -13 79 1 0 1
-61.2498 -48.7746 5650.2 26.2811 -11.5219 200.634 24.0344 -13 80 1 0 1
13.7335 91.0012 5650.2 -14.7456 4.28006 216.416 23.9101 -13 81 1 0 1
7.72953 -28.0544 5650.2 -3.67556 -16.7518 254.811 23.3894 -13 82 1 0 1
-57.5333 23.8353 5650.2 28.4792 -15.0661 182.772 24.2166 -13 83 1 0 1
-86.2242 -5.2191 5650.2 23.972 -33.3044 216.729 23.9085 -13 84 1 0 1
-8.34367 -56.9397 5650.2 5.1274 -6.36611 232.418 23.6651 -13 85 1 0 1
101.556 -1.45109 5650.2 9.73703 26.6403 232.04 23.7765 -13 86 1 0 1
-7.96117 -0.988084 5650.2 -0.579931 2.38586 254.934 23.3785 -13 87 1 0 1
57.2546 34.4599 5650.2 -4.73396 11.3586 242.294 23.5321 -13 88 1 0 1
6.8469 -19.053 5650.2 3.77248 5.59563 249.964 23.4176 -13 89 1 0 1
8.97667 -51.9507 5650.2 32.2711 -6.71393 252.745 23.4457 -13 90 1 0 1
-30.9389 -12.5152 5650.2 -32.6975 -10.767 136.462 25.0662 -13 91 1 0 1
6.93646 -16.2053 5650.2 9.0481 12.7909 245.535 23.4819 -13 92 1 0 1
86.7965 -3.2048 5650.2 -37.5314 18.8498 194.709 24.1465 -13 93 1 0 1
-4.55433 31.4246 5650.2 -2.23826 -0.583995 237.481 23.5557 -13 94 1 0 1
7.14717 38.7012 5650.2 -6.45298 -47.3598 184.074 24.2368 -13 95 1 0 1
46.3517 -9.38593 5650.2 -9.23331 4.45883 225.752 23.6794 -13 96 1 0 1
-18.049 20.6872 5650.2 -11.1012 -3.4726 227.038 23.6539 -13 97 1 0 1
-49.1237 2.88916 5650.2 6.14798 -15.6727 224.266 23.7152 -13 98 1 0 1
49.1203 65.3067 5650.2 -13.8031 4.80941 223.916 23.8054 -13 99 1 0 1
14.6308 -0.36538 5650.2 -4.38086 7.05815 244.762 23.467 -13 100 1 0 1
