#BLTrackFile VirtualDetector/Det786
#x y z Px Py Pz t PDGid EventID TrackID ParentID Weight
#mm mm mm MeV/c MeV/c MeV/c ns - - - - -
-36.8021 -60.6949 78550.2 -28.8569 13.7807 201.479 293.26 -13 22 1 0 1
-4.27301 -103.296 78550.2 -25.5429 17.8665 224.951 293.246 -13 38 1 0 1
-113.169 25.4251 78550.2 -19.5421 41.2658 236.169 293.405 -13 46 1 0 1
-9.10762 50.2894 78550.2 17.3872 3.19427 210.878 293.606 -13 47 1 0 1
-42.3926 47.1275 78550.2 4.16171 9.04373 248.066 293.225 -13 61 1 0 1
-19.2968 -86.4821 78550.2 -14.2884 -16.3321 208.402 293.344 -13 66 1 0 1
-44.1714 57.2096 78550.2 4.80857 8.36052 214.292 293.632 -13 97 1 0 1
