#BLTrackFile VirtualDetector/Det85
#x y z Px Py Pz t PDGid EventID TrackID ParentID Weight
#mm mm mm MeV/c MeV/c MeV/c ns - - - - -
-76.6483 24.8572 8450.2 23.678 -24.3215 142.357 36.3045 -13 1 1 0 1
7.22165 41.8081 8450.2 -24.9818 -15.5018 259.654 33.7077 -13 2 1 0 1
-24.4055 -21.3319 8450.2 -6.37756 -22.1565 196.165 34.3652 -13 3 1 0 1
-16.2888 0.126808 8450.2 -36.6101 -62.0611 116.657 37.0315 -13 4 1 0 1
-37.7987 50.7233 8450.2 -21.5239 -1.65762 272.54 33.5793 -13 6 1 0 1
-55.0835 -2.86803 8450.2 42.5353 -32.3044 123.059 38.0515 -13 8 1 0 1
-26.2405 -0.892058 8450.2 6.44624 -9.14981 258.686 33.6856 -13 9 1 0 1
-3.6226 16.1164 8450.2 -26.3586 20.2488 231.703 34.0278 -13 10 1 0 1
24.0436 -40.7093 8450.2 26.5202 -11.1197 130.819 35.7988 -13 12 1 0 1
-46.782 -34.4853 8450.2 5.56191 -14.0733 177.758 34.5666 -13 14 1 0 1
33.738 12.8731 8450.2 -9.26603 7.56379 235.175 33.9235 -13 15 1 0 1
23.5711 41.6373 8450.2 17.0731 14.7386 213.003 34.2722 -13 16 1 0 1
-22.4588 30.2963 8450.2 -30.7794 27.3487 213.512 34.287 -13 17 1 0 1
14.0927 8.12665 8450.2 30.2225 18.5822 226.759 34.1062 -13 18 1 0 1
-56.8916 14.6832 8450.2 13.4945 -24.3946 258.806 33.7036 -13 19 1 0 1
-22.5116 29.7464 8450.2 -4.17247 -15.4554 261.963 33.6237 -13 20 1 0 1
-34.5368 10.1747 8450.2 1.79214 -3.87588 268.449 33.5657 -13 21 1 0 1
-10.9438 19.0491 8450.2 -16.0642 -26.2106 237.439 33.9672 -13 22 1 0 1
-25.1288 2.26677 8450.2 -25.251 20.3091 151.019 36.9318 -13 23 1 0 1
29.2953 24.4073 8450.2 -28.9737 10.4676 254.036 33.7705 -13 24 1 0 1
2.83908 42.0719 8450.2 13.0151 -9.48816 240.488 33.9379 -13 25 1 0 1
30.6093 -19.675 8450.2 -31.4481 -11.4273 135.649 35.3307 -13 26 1 0 1
-127.268 -86.5661 8450.2 73.8207 11.8071 114.007 39.3842 -13 27 1 0 1
-13.1256 42.3698 8450.2 0.0571728 20.5486 232.35 34.0003 -13 28 1 0 1
-45.9585 29.3608 8450.2 -34.0462 3.86479 204.489 34.3591 -13 29 1 0 1
3.17559 -20.2593 8450.2 -14.6868 20.6741 244.242 33.8781 -13 30 1 0 1
9.85904 -4.22676 8450.2 -25.239 29.3594 129.271 35.3303 -13 32 1 0 1
-36.7486 42.9311 8450.2 -3.55674 20.4367 218.275 34.1701 -13 33 1 0 1
-6.73233 5.04784 8450.2 29.1602 3.74809 124.188 36.8884 -13 34 1 0 1
5.50602 26.3106 8450.2 -21.623 -20.9606 152.319 34.8519 -13 35 1 0 1
25.3367 24.9669 8450.2 19.3876 11.6489 206.357 34.2718 -13 36 1 0 1
-13.7084 -15.4591 8450.2 25.8641 2.51085 251.386 33.7943 -13 37 1 0 1
-14.4366 -5.22111 8450.2 18.79 15.7503 234.617 33.9813 -13 38 1 0 1
63.1626 -3.97606 8450.2 0.822992 12.573 179.907 34.5914 -13 39 1 0 1
-18.1333 -10.4086 8450.2 -7.01149 9.66994 239.964 33.8813 -13 40 1 0 1
-19.3017 52.3125 8450.2 -8.74011 -3.80075 274.937 33.5282 -13 41 1 0 1
-48.8924 17.6787 8450.2 -11.1974 -9.88564 176.791 34.5594 -13 42 1 0 1
-2.79968 1.5639 8450.2 -7.89006 7.11206 280.164 33.446 -13 43 1 0 1
-11.6823 11.6107 8450.2 -3.98981 -0.345638 269.828 33.5609 -13 45 1 0 1
24.0266 -19.5986 8450.2 -8.35798 26.9122 254.201 33.7812 -13 46 1 0 1
23.4815 28.7494 8450.2 -18.8407 -6.85863 232.83 33.9824 -13 47 1 0 1
-9.40356 18.0962 8450.2 -28.9346 -0.39349 234.127 33.9842 -13 48 1 0 1
-10.5795 -31.2853 8450.2 21.7313 9.5542 275.661 33.5366 -13 49 1 0 1
-93.024 -2.44424 8450.2 27.0052 -25.3033 170.969 34.8155 -13 50 1 0 1
6.32426 -14.3067 8450.2 -2.1087 14.1049 268.352 33.5889 -13 51 1 0 1
76.5779 12.7961 8450.2 77.6009 32.5426 93.7491 37.254 -13 52 1 0 1
209.435 -118.487 8450.2 2.21364 77.9358 -84.4395 40.52 -13 52 1 0 1
3.16295 -10.5074 8450.2 2.72796 -0.483546 241.564 33.8614 -13 53 1 0 1
-54.2729 30.0711 8450.2 2.21052 -17.7105 258.615 33.7319 -13 54 1 0 1
38.4803 61.666 8450.2 -12.3734 10.8353 144.393 37.4693 -13 55 1 0 1
-41.0951 22.3862 8450.2 47.5007 -45.8278 140.722 36.9986 -13 56 1 0 1
25.7401 13.1421 8450.2 23.2243 7.38468 210.237 34.2641 -13 58 1 0 1
-43.5445 -2.86988 8450.2 -21.367 -23.6157 208.217 34.2489 -13 60 1 0 1
-31.4404 1.02966 8450.2 -0.98271 3.99079 275.53 33.4892 -13 61 1 0 1
11.3144 33.4858 8450.2 7.12058 7.15272 227.525 34.0622 -13 62 1 0 1
7.85843 48.2511 8450.2 -7.74082 35.5595 199.279 34.4227 -13 63 1 0 1
19.8829 35.3366 8450.2 -31.3512 17.2393 230.11 34.0407 -13 64 1 0 1
-30.6635 7.94208 8450.2 8.62632 7.77362 252.566 33.7222 -13 65 1 0 1
-34.6676 8.44739 8450.2 0.309423 11.0422 275.554 33.4298 -13 66 1 0 1
-0.40173 84.9923 8450.2 -21.7375 6.81482 178.768 34.6925 -13 67 1 0 1
70.4598 38.1012 8450.2 -3.91625 23.1866 140.129 35.9799 -13 68 1 0 1
7.17306 -39.8212 8450.2 7.73745 21.7881 268.911 33.5479 -13 70 1 0 1
0.266089 11.9964 8450.2 47.7451 16.5014 120.025 35.6112 -13 72 1 0 1
-31.704 -3.2517 8450.2 3.95857 -2.5935 291.982 33.2268 -13 73 1 0 1
10.9929 -2.95805 8450.2 34.7042 5.18181 206.972 34.2469 -13 74 1 0 1
-25.5557 -4.8398 8450.2 5.23427 -0.178957 256.124 33.7272 -13 75 1 0 1
-5.87947 -25.0222 8450.2 -0.159135 -38.5919 129.595 35.6289 -13 76 1 0 1
-0.265002 3.91234 8450.2 -6.8179 -13.2023 258.841 33.71 -13 77 1 0 1
20.4389 21.8379 8450.2 -18.6681 6.21226 245.991 33.841 -13 78 1 0 1
-14.9414 -4.65325 8450.2 -5.42296 16.712 224.6 34.0471 -13 79 1 0 1
-20.1468 -40.9087 8450.2 28.1967 16.7177 139.464 35.1279 -13 80 1 0 1
-13.2479 87.3713 8450.2 -9.71523 10.852 178.041 34.7317 -13 81 1 0 1
12.8825 46.9818 8450.2 -5.85936 0.852438 278.5 33.4921 -13 82 1 0 1
47.7448 9.07368 8450.2 0.635324 8.25164 127.479 35.9462 -13 83 1 0 1
-85.8848 4.79744 8450.2 10.4459 -32.9458 179.403 34.6597 -13 84 1 0 1
4.31545 10.8804 8450.2 -7.86324 -19.9381 234.305 33.9784 -13 85 1 0 1
14.9216 -16.807 8450.2 45.1089 8.9446 207.068 34.3277 -13 86 1 0 1
3.19957 -3.32017 8450.2 -1.99577 2.14436 280.95 33.4342 -13 87 1 0 1
-21.9643 -11.6025 8450.2 24.3778 12.2161 252.732 33.7657 -13 88 1 0 1
-11.0684 2.12651 8450.2 -0.872464 -6.8447 274.909 33.4984 -13 89 1 0 1
-54.4918 31.7543 8450.2 -1.29902 -28.4794 271.717 33.5849 -13 90 1 0 1
-29.35 -18.6444 8450.2 5.03699 -7.22132 265.933 33.6149 -13 92 1 0 1
-16.9949 -19.8458 8450.2 -42.6874 -18.263 132.084 35.5773 -13 93 1 0 1
-17.7229 -7.58873 8450.2 -1.74695 15.3229 254.344 33.7561 -13 94 1 0 1
19.9742 -59.4498 8450.2 -8.03084 39.2016 132.32 36.2216 -13 95 1 0 1
25.2931 0.4167 8450.2 12.0187 1.37304 213.448 34.1003 -13 96 1 0 1
8.22652 -10.9767 8450.2 -6.9293 17.501 229.835 33.953 -13 97 1 0 1
-25.9457 8.15247 8450.2 -20.4159 -2.07103 221.955 34.0859 -13 98 1 0 1
22.7193 46.6283 8450.2 5.70458 24.9371 195.824 34.3666 -13 99 1 0 1
-2.20599 -15.1322 8450.2 11.9706 7.39438 265.529 33.5924 -13 100 1 0 1
