# AllTracks
#x y z Px Py Pz t PDGid EventID TrackID ParentID Weight Bx By Bz Ex Ey Ez
# Event -2 Track 1
-11.2945 14.0917 0 0.731734 -1.1308 199.995 0 -13 -2 1 0 1 0.0742252 -0.077706 -1.99116 0 0 0 
-11.2894 14.0922 0.4995 0.745054 -1.11858 199.995 0.0018845 -13 -2 1 0 1 0.0742843 -0.077843 -1.98537 0 0 0 
-11.2894 14.0922 0.5005 0.745081 -1.11855 199.995 0.00188827 -13 -2 1 0 1 0.0742844 -0.0778433 -1.98536 0 0 0 
-10.2587 14.2039 100.494 3.38801 1.60809 199.965 0.379139 -13 -2 1 0 1 0.078639 -0.0971903 -0.689425 0 0 0 
-7.81469 15.5942 200.453 6.54512 3.69391 199.859 0.75639 -13 -2 1 0 1 0.0616698 -0.109238 0.713878 0 0 0 
-3.55338 17.476 300.342 10.5819 3.25617 199.693 1.13364 -13 -2 1 0 1 0.0295126 -0.104496 2.00343 0 0 0 
2.62921 18.193 400.145 13.7216 -1.01526 199.526 1.51089 -13 -2 1 0 1 0.00203283 -0.0666199 2.9358 0 0 0 
9.47054 16.0839 499.884 12.7944 -7.41888 199.452 1.88814 -13 -2 1 0 1 0.0115218 -0.00671149 3.2812 0 0 0 
14.7009 11.1953 599.623 7.70472 -11.3968 199.526 2.26539 -13 -2 1 0 1 0.0595182 0.0309091 2.93707 0 0 0 
17.158 5.48228 699.426 2.45766 -10.7707 199.695 2.64264 -13 -2 1 0 1 0.106653 0.0256647 2.00556 0 0 0 
17.6615 0.873253 799.317 0.0977094 -7.4468 199.861 3.0199 -13 -2 1 0 1 0.127187 0.00015089 0.716197 0 0 0 
17.6996 -1.89064 899.277 0.353174 -3.61308 199.967 3.39715 -13 -2 1 0 1 0.125442 -0.0202445 -0.690973 0 0 0 
18.1418 -2.75971 999.271 1.37337 0.106587 199.995 3.7744 -13 -2 1 0 1 0.106406 -0.025579 -1.9849 0 0 0 
18.8905 -1.8658 1099.26 1.34455 3.29208 199.968 4.15165 -13 -2 1 0 1 0.0644023 -0.0184982 -2.92411 0 0 0 
19.223 0.218717 1199.24 -0.18225 4.60839 199.947 4.5289 -13 -2 1 0 1 0.00054644 -0.0133247 -3.27545 0 0 0 
18.7168 2.26898 1299.22 -1.65976 3.1635 199.968 4.90615 -13 -2 1 0 1 -0.062895 -0.0197836 -2.93451 0 0 0 
17.8361 3.08276 1399.21 -1.5837 -0.0687176 199.994 5.2834 -13 -2 1 0 1 -0.104094 -0.0274032 -2.00322 0 0 0 
17.3132 2.13355 1499.2 -0.470454 -3.74638 199.964 5.66065 -13 -2 1 0 1 -0.122538 -0.0219363 -0.71334 0 0 0 
17.2332 -0.676042 1599.16 -0.150616 -7.4931 199.86 6.0379 -13 -2 1 0 1 -0.124301 -0.00122608 0.693444 0 0 0 
16.7193 -5.28725 1699.05 -2.44484 -10.7395 199.697 6.41515 -13 -2 1 0 1 -0.104498 0.0246743 1.98607 0 0 0 
14.2856 -10.9776 1798.86 -7.62734 -11.3507 199.532 6.7924 -13 -2 1 0 1 -0.0587339 0.030675 2.92478 0 0 0 
9.10072 -15.8542 1898.6 -12.7029 -7.42348 199.458 7.16965 -13 -2 1 0 1 -0.0119943 -0.00588351 3.27843 0 0 0 
2.29376 -17.9804 1998.34 -13.6835 -1.07391 199.529 7.54691 -13 -2 1 0 1 -0.0032763 -0.06513 2.94341 0 0 0 
-3.88774 -17.3 2098.14 -10.6134 3.17103 199.693 7.92416 -13 -2 1 0 1 -0.0313631 -0.103077 2.01857 0 0 0 
-8.17781 -15.4675 2198.03 -6.62359 3.57716 199.858 8.30141 -13 -2 1 0 1 -0.0641231 -0.108282 0.732487 0 0 0 
-10.6656 -14.1513 2297.99 -3.47669 1.42172 199.965 8.67866 -13 -2 1 0 1 -0.0815448 -0.0970113 -0.674596 0 0 0 
-11.7296 -14.1567 2397.98 -0.774876 -1.40133 199.994 9.05591 -13 -2 1 0 1 -0.0771355 -0.0786732 -1.97448 0 0 0 
-11.4058 -15.3591 2497.98 2.07244 -3.07844 199.966 9.43316 -13 -2 1 0 1 -0.0498022 -0.046897 -2.9198 0 0 0 
-9.78179 -16.8393 2597.95 4.13735 -2.45963 199.942 9.81041 -13 -2 1 0 1 -0.0122625 0.00543274 -3.27918 0 0 0 
-7.68496 -17.5686 2697.93 3.77439 -0.383726 199.964 10.1877 -13 -2 1 0 1 0.0149684 0.0644579 -2.94703 0 0 0 
-6.42161 -17.302 2797.92 0.981076 1.28533 199.994 10.5649 -13 -2 1 0 1 0.0291382 0.105299 -2.02195 0 0 0 
-6.86675 -16.4156 2897.91 -2.80625 2.2235 199.968 10.9422 -13 -2 1 0 1 0.042593 0.119436 -0.734844 0 0 0 
-9.179 -14.9704 2997.87 -6.29805 3.80903 199.865 11.3194 -13 -2 1 0 1 0.0609743 0.111014 0.672299 0 0 0 
-12.885 -12.2625 3097.76 -8.07709 7.38607 199.7 11.6967 -13 -2 1 0 1 0.0735867 0.0808757 1.97122 0 0 0 
-16.6277 -7.359 3197.57 -6.14055 12.1987 199.533 12.0739 -13 -2 1 0 1 0.0565025 0.0374044 2.91623 0 0 0 
-18.3397 -0.449475 3297.31 -0.258753 14.7277 199.457 12.4512 -13 -2 1 0 1 0.00173625 0.0133728 3.27797 0 0 0 
-16.8562 6.54127 3397.05 5.79698 12.4919 199.525 12.8284 -13 -2 1 0 1 -0.0545747 0.0336454 2.95181 0 0 0 
-13.2021 11.6106 3496.85 8.06571 7.71079 199.689 13.2057 -13 -2 1 0 1 -0.0742382 0.0761368 2.03341 0 0 0 
-9.43477 14.4488 3596.74 6.5328 3.99677 199.853 13.5829 -13 -2 1 0 1 -0.0625483 0.107043 0.75045 0 0 0 
-6.9676 15.9593 3696.7 3.17686 2.31702 199.961 13.9602 -13 -2 1 0 1 -0.0436288 0.11678 -0.656612 0 0 0 
-6.32041 16.8994 3796.69 -0.560684 1.4329 199.994 14.3374 -13 -2 1 0 1 -0.0293085 0.104547 -1.95932 0 0 0 
-7.39012 17.2778 3896.68 -3.45064 -0.079239 199.97 14.7147 -13 -2 1 0 1 -0.0153173 0.0662919 -2.91086 0 0 0 
-9.38431 16.7275 3996.66 -4.06688 -2.07828 199.948 15.0919 -13 -2 1 0 1 0.0104236 0.00866221 -3.27842 0 0 0 
-11.0385 15.4169 4096.64 -2.24458 -2.80818 199.968 15.4692 -13 -2 1 0 1 0.0468264 -0.0444955 -2.95531 0 0 0 
-11.4788 14.3042 4196.63 0.504743 -1.30756 199.995 15.8464 -13 -2 1 0 1 0.074696 -0.078057 -2.03677 0 0 0 
-11.443 14.3047 4200.5 0.610598 -1.21398 199.995 15.861 -13 -2 1 0 1 0.0751954 -0.0791204 -1.99204 0 0 0 
-11.4429 14.3047 4200.5 0.610625 -1.21396 199.995 15.861 -13 -2 1 0 1 0.0751955 -0.0791206 -1.99203 0 0 0 
-10.4642 14.3705 4300.49 3.31023 1.52849 199.967 16.2383 -13 -2 1 0 1 0.080082 -0.09839 -0.695606 0 0 0 
-8.05048 15.7329 4400.45 6.49884 3.66506 199.861 16.6155 -13 -2 1 0 1 0.0633046 -0.110228 0.711435 0 0 0 
-3.80591 17.6147 4500.34 10.5624 3.28407 199.694 16.9928 -13 -2 1 0 1 0.0309666 -0.105325 2.00122 0 0 0 
2.37638 18.3567 4600.15 13.7425 -0.948377 199.525 17.37 -13 -2 1 0 1 0.00287165 -0.0671936 2.93377 0 0 0 
9.23958 16.282 4699.89 12.8588 -7.35646 199.451 17.7473 -13 -2 1 0 1 0.0115097 -0.00673242 3.27928 0 0 0 
14.5072 11.4147 4799.62 7.78187 -11.3777 199.525 18.1245 -13 -2 1 0 1 0.0588539 0.0316274 2.93524 0 0 0 
16.9971 5.69867 4899.43 2.50592 -10.8002 199.693 18.5018 -13 -2 1 0 1 0.105706 0.0269009 2.00384 0 0 0 
17.5131 1.0655 4999.32 0.0994621 -7.51204 199.859 18.879 -13 -2 1 0 1 0.126141 0.00147417 0.714632 0 0 0 
17.5424 -1.73903 5099.27 0.320366 -3.71128 199.965 19.2563 -13 -2 1 0 1 0.124336 -0.0191991 -0.692379 0 0 0 
17.9668 -2.66699 5199.27 1.34212 -0.0313475 199.996 19.6335 -13 -2 1 0 1 0.105363 -0.025041 -1.98928 0 0 0 
18.7102 -1.85039 5299.26 1.36219 3.12564 199.971 20.0108 -13 -2 1 0 1 0.0637656 -0.0184463 -2.92823 0 0 0 
19.0702 0.152804 5399.24 -0.0894111 4.4589 199.95 20.388 -13 -2 1 0 1 0.000518156 -0.013329 -3.27936 0 0 0 
18.6249 2.14275 5499.22 -1.5172 3.07607 199.971 20.7653 -13 -2 1 0 1 -0.06261 -0.0193672 -2.93827 0 0 0 
17.8173 2.92912 5599.21 -1.44056 -0.0953142 199.995 21.1425 -13 -2 1 0 1 -0.104006 -0.0265228 -2.00683 0 0 0 
17.3599 1.97423 5699.2 -0.353894 -3.74972 199.965 21.5198 -13 -2 1 0 1 -0.122881 -0.0208372 -0.71678 0 0 0 
17.3304 -0.839537 5799.16 -0.0652355 -7.51176 199.859 21.897 -13 -2 1 0 1 -0.124994 -9.37198e-05 0.690189 0 0 0 
16.8496 -5.46859 5899.05 -2.40015 -10.7933 199.694 22.2743 -13 -2 1 0 1 -0.105256 0.0257259 1.98615 0 0 0 
14.4252 -11.1933 5998.86 -7.63645 -11.43 199.527 22.6515 -13 -2 1 0 1 -0.0592106 0.031409 2.92494 0 0 0 
9.22254 -16.1087 6098.6 -12.7612 -7.4927 199.452 23.0288 -13 -2 1 0 1 -0.0120019 -0.00586887 3.27864 0 0 0 
2.38165 -18.2606 6198.33 -13.7528 -1.10552 199.524 23.406 -13 -2 1 0 1 -0.0029859 -0.0660571 2.94365 0 0 0 
-3.82754 -17.5873 6298.13 -10.6489 3.17105 199.691 23.7833 -13 -2 1 0 1 -0.0310179 -0.10473 2.01877 0 0 0 
-8.12162 -15.7509 6398.02 -6.6024 3.59071 199.859 24.1605 -13 -2 1 0 1 -0.0637356 -0.110245 0.732629 0 0 0 
-10.5839 -14.4248 6497.98 -3.39682 1.45011 199.966 24.5378 -13 -2 1 0 1 -0.0809797 -0.0989128 -0.674512 0 0 0 
-11.5963 -14.407 6597.98 -0.653643 -1.33113 199.995 24.9151 -13 -2 1 0 1 -0.0763635 -0.0801319 -1.97444 0 0 0 
-11.211 -15.5577 6697.97 2.18684 -2.93962 199.967 25.2923 -13 -2 1 0 1 -0.0491386 -0.0475797 -2.91979 0 0 0 
-9.54512 -16.9538 6797.94 4.18132 -2.27024 199.944 25.6696 -13 -2 1 0 1 -0.0122474 0.0054206 -3.27916 0 0 0 
-7.44987 -17.5888 6897.92 3.72633 -0.207405 199.965 26.0468 -13 -2 1 0 1 0.0141921 0.0645206 -2.94701 0 0 0 
-6.22624 -17.2481 6997.91 0.879423 1.40228 199.993 26.4241 -13 -2 1 0 1 0.028015 0.104986 -2.02196 0 0 0 
-6.72484 -16.318 7097.9 -2.91184 2.28565 199.966 26.8013 -13 -2 1 0 1 0.04161 0.118758 -0.734909 0 0 0 
-9.08485 -14.8493 7197.86 -6.38099 3.84559 199.861 27.1786 -13 -2 1 0 1 0.0603197 0.110172 0.672177 0 0 0 
-12.8246 -12.1243 7297.75 -8.12809 7.4206 199.697 27.5558 -13 -2 1 0 1 0.0732352 0.0800718 1.97106 0 0 0 
-16.5842 -7.20226 7397.56 -6.15722 12.238 199.53 27.9331 -13 -2 1 0 1 0.0563571 0.0368682 2.91609 0 0 0 
-18.2971 -0.273104 7497.3 -0.248229 14.7656 199.454 28.3103 -13 -2 1 0 1 0.00174008 0.013356 3.27793 0 0 0 
-16.8055 6.7352 7597.04 5.81515 12.5246 199.523 28.6876 -13 -2 1 0 1 -0.0544022 0.0342768 2.95192 0 0 0 
-13.1451 11.821 7696.84 8.06883 7.74613 199.687 29.0648 -13 -2 1 0 1 -0.0739103 0.0773394 2.03362 0 0 0 
-9.38394 14.6798 7796.73 6.50225 4.04455 199.854 29.4421 -13 -2 1 0 1 -0.0621981 0.10864 0.750683 0 0 0 
-6.94411 16.2168 7896.68 3.09524 2.37232 199.962 29.8193 -13 -2 1 0 1 -0.0434681 0.118573 -0.656432 0 0 0 
-6.35315 17.1804 7996.67 -0.704016 1.46444 199.994 30.1966 -13 -2 1 0 1 -0.0295034 0.106196 -1.95926 0 0 0 
-7.50638 17.5584 8096.67 -3.63349 -0.120155 199.967 30.5738 -13 -2 1 0 1 -0.0157247 0.0672746 -2.91096 0 0 0 
-9.58852 16.9642 8196.64 -4.22297 -2.21057 199.943 30.9511 -13 -2 1 0 1 0.0103935 0.00870152 -3.27867 0 0 0 
-11.3008 15.5734 8296.62 -2.31581 -2.98446 199.964 31.3283 -13 -2 1 0 1 0.0476761 -0.0449982 -2.95564 0 0 0 
-11.7553 14.3767 8396.61 0.512811 -1.45817 199.994 31.7056 -13 -2 1 0 1 0.0762759 -0.0784686 -2.03711 0 0 0 
-11.7188 14.3748 8400.5 0.621482 -1.36211 199.995 31.7202 -13 -2 1 0 1 0.0767936 -0.0795289 -1.99213 0 0 0 
-11.7187 14.3748 8400.5 0.621509 -1.36209 199.995 31.7203 -13 -2 1 0 1 0.0767938 -0.0795292 -1.99212 0 0 0 
-10.7245 14.3807 8500.49 3.35375 1.43838 199.967 32.0975 -13 -2 1 0 1 0.0818879 -0.0984629 -0.695629 0 0 0 
-8.28837 15.7118 8600.45 6.54166 3.62735 199.86 32.4748 -13 -2 1 0 1 0.0649529 -0.110083 0.711438 0 0 0 
-4.02461 17.5845 8700.34 10.5968 3.28268 199.692 32.852 -13 -2 1 0 1 0.0322289 -0.105151 2.00121 0 0 0 
2.17435 18.331 8800.15 13.7764 -0.932789 199.523 33.2293 -13 -2 1 0 1 0.00354887 -0.0671078 2.93372 0 0 0 
9.05591 16.2633 8899.88 12.8983 -7.34806 199.449 33.6065 -13 -2 1 0 1 0.0115092 -0.00673422 3.2792 0 0 0 
14.3435 11.3939 8999.62 7.82061 -11.397 199.522 33.9838 -13 -2 1 0 1 0.0583028 0.031555 2.93518 0 0 0 
16.8506 5.65958 9099.42 2.53554 -10.8541 199.689 34.361 -13 -2 1 0 1 0.104858 0.0266739 2.00385 0 0 0 
17.38 0.991114 9199.31 0.125779 -7.59866 199.856 34.7383 -13 -2 1 0 1 0.125217 0.000958773 0.714724 0 0 0 
17.4264 -1.86373 9299.27 0.367603 -3.82408 199.963 35.1155 -13 -2 1 0 1 0.12353 -0.0200635 -0.692237 0 0 0 
17.8865 -2.85058 9399.26 1.44309 -0.148244 199.995 35.4928 -13 -2 1 0 1 0.104901 -0.0261041 -1.98914 0 0 0 
18.6974 -2.08379 9499.25 1.52925 3.05282 199.971 35.87 -13 -2 1 0 1 0.0637284 -0.0192355 -2.92817 0 0 0 
19.1503 -0.0957004 9599.23 0.104269 4.47532 199.95 36.2473 -13 -2 1 0 1 0.000527418 -0.0133358 -3.27942 0 0 0 
18.7943 1.92382 9699.21 -1.36314 3.17037 199.97 36.6245 -13 -2 1 0 1 -0.0631706 -0.0186373 -2.93844 0 0 0 
18.0468 2.76445 9799.2 -1.35374 0.0165204 199.996 37.0018 -13 -2 1 0 1 -0.105329 -0.0255741 -2.00704 0 0 0 
17.6197 1.85835 9899.19 -0.314463 -3.67243 199.966 37.379 -13 -2 1 0 1 -0.124683 -0.0200351 -0.716954 0 0 0 
17.6038 -0.930407 9999.15 -0.0480233 -7.49045 199.86 37.7563 -13 -2 1 0 1 -0.126895 0.000536857 0.690091 0 0 0 
17.127 -5.56301 10099 -2.40274 -10.827 199.692 38.1335 -13 -2 1 0 1 -0.106871 0.0262757 1.98615 0 0 0 
14.6932 -11.314 10198.8 -7.67401 -11.495 199.522 38.5108 -13 -2 1 0 1 -0.0601278 0.0318244 2.92505 0 0 0 
9.46194 -16.2604 10298.6 -12.8355 -7.54409 199.445 38.888 -13 -2 1 0 1 -0.0120188 -0.00585332 3.27883 0 0 0 
2.58067 -18.4264 10398.3 -13.833 -1.10759 199.518 39.2653 -13 -2 1 0 1 -0.00232912 -0.0665992 2.94389 0 0 0 
-3.66201 -17.7409 10498.1 -10.6982 3.21999 199.688 39.6425 -13 -2 1 0 1 -0.0300665 -0.10561 2.01904 0 0 0 
-7.97041 -15.8703 10598 -6.61149 3.67684 199.857 40.0198 -13 -2 1 0 1 -0.0626892 -0.111071 0.732919 0 0 0 
-10.4309 -14.4931 10698 -3.38591 1.56863 199.965 40.397 -13 -2 1 0 1 -0.0799186 -0.0993884 -0.674216 0 0 0 
-11.441 -14.408 10798 -0.663095 -1.18188 199.996 40.7743 -13 -2 1 0 1 -0.0754636 -0.0801422 -1.97416 0 0 0 
-11.0747 -15.4808 10897.9 2.1145 -2.78441 199.97 41.1515 -13 -2 1 0 1 -0.0486782 -0.0473252 -2.91956 0 0 0 
-9.46343 -16.8085 10997.9 4.03921 -2.16074 199.948 41.5288 -13 -2 1 0 1 -0.0122474 0.00542006 -3.27902 0 0 0 
-7.44802 -17.408 11097.9 3.55894 -0.175331 199.968 41.906 -13 -2 1 0 1 0.0141813 0.0639141 -2.947 0 0 0 
-6.30337 -17.0667 11197.9 0.736617 1.38001 199.994 42.2833 -13 -2 1 0 1 0.0284547 0.103937 -2.02208 0 0 0 
-6.86341 -16.1509 11297.9 -3.01498 2.25817 199.965 42.6605 -13 -2 1 0 1 0.0425667 0.1176 -0.735115 0 0 0 
-9.26613 -14.689 11397.8 -6.44939 3.85086 199.859 43.0378 -13 -2 1 0 1 0.061578 0.109059 0.671943 0 0 0 
-13.0309 -11.9496 11497.7 -8.15806 7.47299 199.694 43.415 -13 -2 1 0 1 0.0744399 0.0790594 1.97087 0 0 0 
-16.7928 -6.99228 11597.5 -6.13404 12.3211 199.526 43.7923 -13 -2 1 0 1 0.0570842 0.0361521 2.91603 0 0 0 
-18.4806 -0.0227461 11697.3 -0.174767 14.8361 199.449 44.1695 -13 -2 1 0 1 0.00177197 0.0133322 3.27806 0 0 0 
-16.9474 7.00976 11797 5.89928 12.5483 199.519 44.5468 -13 -2 1 0 1 -0.0548568 0.0351707 2.95223 0 0 0 
-13.2527 12.0958 11896.8 8.11623 7.72628 199.686 44.924 -13 -2 1 0 1 -0.0745235 0.0789097 2.03402 0 0 0 
-9.48195 14.9378 11996.7 6.49197 4.00003 199.855 45.3013 -13 -2 1 0 1 -0.0628768 0.110425 0.75107 0 0 0 
-7.06084 16.4472 12096.7 3.03342 2.30467 199.964 45.6785 -13 -2 1 0 1 -0.0442823 0.12018 -0.656122 0 0 0 
-6.50832 17.3675 12196.6 -0.789177 1.35476 199.994 46.0558 -13 -2 1 0 1 -0.0304138 0.107299 -1.95907 0 0 0 
-7.69952 17.6772 12296.6 -3.69023 -0.282555 199.966 46.433 -13 -2 1 0 1 -0.0163998 0.0677008 -2.91093 0 0 0 
-9.79173 16.9943 12396.6 -4.20123 -2.3934 199.942 46.8103 -13 -2 1 0 1 0.0103606 0.00872051 -3.27876 0 0 0 
-11.4722 15.5196 12496.6 -2.21574 -3.12877 199.963 47.1875 -13 -2 1 0 1 0.0482261 -0.0448111 -2.95585 0 0 0 
-11.8667 14.2669 12596.6 0.644038 -1.53812 199.993 47.5648 -13 -2 1 0 1 0.0769075 -0.0778334 -2.03741 0 0 0 
-11.8274 14.2639 12600.5 0.753629 -1.43911 199.994 47.5796 -13 -2 1 0 1 0.0774219 -0.0788871 -1.99212 0 0 0 
-11.8274 14.2639 12600.5 0.753657 -1.43908 199.994 47.5796 -13 -2 1 0 1 0.077422 -0.0788874 -1.99211 0 0 0 
-10.7691 14.2431 12700.5 3.47297 1.40231 199.965 47.9568 -13 -2 1 0 1 0.0821962 -0.0975078 -0.695623 0 0 0 
-8.2806 15.5585 12800.5 6.6302 3.59528 199.858 48.3341 -13 -2 1 0 1 0.0648982 -0.109019 0.711402 0 0 0 
-3.98219 17.4109 12900.3 10.6452 3.23194 199.691 48.7113 -13 -2 1 0 1 0.0319835 -0.104147 2.00112 0 0 0 
2.22895 18.1276 13000.1 13.776 -0.998867 199.523 49.0886 -13 -2 1 0 1 0.00336577 -0.0664246 2.93357 0 0 0 
9.09908 16.0278 13099.9 12.8566 -7.40554 199.449 49.4658 -13 -2 1 0 1 0.0115079 -0.00673477 3.27905 0 0 0 
14.3621 11.1359 13199.6 7.77048 -11.4296 199.522 49.8431 -13 -2 1 0 1 0.058362 0.0306895 2.9351 0 0 0 
16.8499 5.38989 13299.4 2.51354 -10.871 199.689 50.2203 -13 -2 1 0 1 0.104851 0.0251178 2.00385 0 0 0 
17.38 0.713369 13399.3 0.153312 -7.6156 199.855 50.5976 -13 -2 1 0 1 0.125216 -0.000964566 0.714772 0 0 0 
17.4548 -2.14983 13499.3 0.454343 -3.83759 199.963 50.9748 -13 -2 1 0 1 0.123728 -0.0220471 -0.692188 0 0 0 
17.9728 -3.13647 13599.3 1.58487 -0.126704 199.994 51.3521 -13 -2 1 0 1 0.105404 -0.0277599 -1.98914 0 0 0 
18.8612 -2.3413 13699.2 1.68768 3.14981 199.968 51.7293 -13 -2 1 0 1 0.0642877 -0.0201066 -2.92826 0 0 0 
19.3829 -0.284499 13799.2 0.209642 4.6474 199.946 52.1066 -13 -2 1 0 1 0.000538751 -0.0133414 -3.27961 0 0 0 
19.0562 1.82801 13899.2 -1.35258 3.35773 199.968 52.4838 -13 -2 1 0 1 -0.0640419 -0.0183182 -2.93867 0 0 0 
18.2944 2.7525 13999.2 -1.4137 0.157997 199.995 52.8611 -13 -2 1 0 1 -0.106757 -0.0255057 -2.00725 0 0 0 
17.8303 1.90191 14099.2 -0.394624 -3.59034 199.968 53.2383 -13 -2 1 0 1 -0.126144 -0.0203369 -0.717115 0 0 0 
17.7765 -0.856968 14199.1 -0.116235 -7.44906 199.861 53.6156 -13 -2 1 0 1 -0.128096 2.79037e-05 0.689988 0 0 0 
17.271 -5.47445 14299 -2.44923 -10.805 199.693 53.9928 -13 -2 1 0 1 -0.107709 0.0257641 1.9861 0 0 0 
14.8192 -11.2162 14398.8 -7.70065 -11.4788 199.522 54.3701 -13 -2 1 0 1 -0.0605589 0.031496 2.92502 0 0 0 
9.57819 -16.1543 14498.6 -12.8489 -7.52536 199.445 54.7473 -13 -2 1 0 1 -0.0120274 -0.00585402 3.2788 0 0 0 
2.69185 -18.3087 14598.3 -13.8413 -1.07849 199.518 55.1246 -13 -2 1 0 1 -0.00196244 -0.066204 2.94387 0 0 0 
-3.55547 -17.6043 14698.1 -10.7102 3.26764 199.687 55.5018 -13 -2 1 0 1 -0.0294537 -0.104819 2.01908 0 0 0 
-7.87343 -15.704 14798 -6.64066 3.74808 199.855 55.8791 -13 -2 1 0 1 -0.0620167 -0.109917 0.733032 0 0 0 
-10.3572 -14.2861 14898 -3.45421 1.65784 199.964 56.2563 -13 -2 1 0 1 -0.0794059 -0.0979499 -0.674037 0 0 0 
-11.4163 -14.1572 14997.9 -0.793333 -1.10311 199.996 56.6336 -13 -2 1 0 1 -0.0753196 -0.0786844 -1.97394 0 0 0 
-11.1305 -15.2039 15097.9 1.92796 -2.76776 199.972 57.0108 -13 -2 1 0 1 -0.0488708 -0.0463814 -2.91935 0 0 0 
-9.61557 -16.5471 15197.9 3.85302 -2.24018 199.951 57.3881 -13 -2 1 0 1 -0.0122617 0.00543353 -3.27889 0 0 0 
-7.67851 -17.205 15297.9 3.43937 -0.319342 199.97 57.7653 -13 -2 1 0 1 0.0149379 0.0632403 -2.94699 0 0 0 
-6.57321 -16.9373 15397.9 0.695429 1.24059 199.995 58.1426 -13 -2 1 0 1 0.0300024 0.103192 -2.02216 0 0 0 
-7.14114 -16.08 15497.9 -3.01216 2.16786 199.966 58.5198 -13 -2 1 0 1 0.0444875 0.117109 -0.735222 0 0 0 
-9.53871 -14.6491 15597.8 -6.43518 3.81594 199.86 58.8971 -13 -2 1 0 1 0.0634666 0.10877 0.668415 0 0 0 
-13.2958 -11.9153 15697.7 -8.14112 7.48298 199.694 59.2743 -13 -2 1 0 1 0.075976 0.07885 1.96724 0 0 0 
-17.0471 -6.94579 15797.5 -6.10745 12.3557 199.525 59.6516 -13 -2 1 0 1 0.0579501 0.0359858 2.91231 0 0 0 
-18.7185 0.0411961 15897.3 -0.136621 14.8664 199.447 60.0288 -13 -2 1 0 1 0.0017838 0.0133239 3.27421 0 0 0 
-17.1662 7.08256 15997 5.93415 12.5509 199.518 60.4061 -13 -2 1 0 1 -0.0555858 0.035414 2.94818 0 0 0 
-13.4589 12.1613 16096.8 8.12965 7.6943 199.687 60.7833 -13 -2 1 0 1 -0.0757161 0.0792977 2.0297 0 0 0 
-9.68787 14.9786 16196.7 6.48081 3.93285 199.857 61.1606 -13 -2 1 0 1 -0.0643086 0.110725 0.74644 0 0 0 
-7.27482 16.444 16296.7 3.01714 2.19461 199.966 61.5378 -13 -2 1 0 1 -0.0457686 0.120161 -0.657621 0 0 0 
-6.72411 17.2983 16396.6 -0.772514 1.20268 199.995 61.9151 -13 -2 1 0 1 -0.0316727 0.1069 -1.96071 0 0 0 
-7.88956 17.5272 16496.6 -3.59874 -0.444732 199.967 62.2924 -13 -2 1 0 1 -0.0170577 0.0671875 -2.91267 0 0 0 
-9.91562 16.7737 16596.6 -4.03331 -2.50324 199.944 62.6696 -13 -2 1 0 1 0.0103431 0.00870024 -3.28062 0 0 0 
-11.5041 15.2662 16696.6 -2.02751 -3.14913 199.965 63.0469 -13 -2 1 0 1 0.0483244 -0.0439797 -2.95785 0 0 0 
-11.8126 14.0212 16796.6 0.79307 -1.49525 199.993 63.4241 -13 -2 1 0 1 0.0765913 -0.076422 -2.03963 0 0 0 
-11.7708 14.0193 16800.5 0.900583 -1.39478 199.993 63.4389 -13 -2 1 0 1 0.0770888 -0.0774655 -1.99432 0 0 0 
-11.7708 14.0193 16800.5 0.90061 -1.39475 199.993 63.4389 -13 -2 1 0 1 0.0770889 -0.0774657 -1.99431 0 0 0 
-10.6532 14.0248 16900.5 3.56417 1.45522 199.963 63.8162 -13 -2 1 0 1 0.0813752 -0.0959775 -0.701369 0 0 0 
-8.13128 15.3615 17000.5 6.67454 3.62467 199.856 64.1934 -13 -2 1 0 1 0.0638507 -0.107633 0.705202 0 0 0 
-3.82063 17.2215 17100.3 10.6508 3.23466 199.69 64.5707 -13 -2 1 0 1 0.0310469 -0.103027 1.99444 0 0 0 
2.38521 17.937 17200.1 13.7518 -1.00123 199.524 64.9479 -13 -2 1 0 1 0.00285273 -0.0657561 2.92643 0 0 0 
9.24103 15.8406 17299.9 12.8298 -7.38641 199.452 65.3252 -13 -2 1 0 1 0.0115365 -0.00670855 3.27147 0 0 0 
14.4981 10.9651 17399.6 7.77911 -11.3843 199.524 65.7024 -13 -2 1 0 1 0.0588645 0.0301334 2.92704 0 0 0 
17.0039 5.24598 17499.4 2.57806 -10.8106 199.691 66.0797 -13 -2 1 0 1 0.105801 0.0242877 1.99522 0 0 0 
17.5797 0.603714 17599.3 0.268931 -7.53579 199.858 66.4569 -13 -2 1 0 1 0.12667 -0.00174017 0.705439 0 0 0 
17.7197 -2.20857 17699.3 0.593605 -3.70683 199.965 66.8342 -13 -2 1 0 1 0.125626 -0.0224791 -0.698872 0 0 0 
18.3029 -3.10903 17799.3 1.69424 0.0910814 199.993 67.2114 -13 -2 1 0 1 0.107385 -0.0276312 -1.99655 0 0 0 
19.2215 -2.18405 17899.2 1.68585 3.44229 199.964 67.5887 -13 -2 1 0 1 0.0655853 -0.0196044 -2.93644 0 0 0 
19.7033 0.0197904 17999.2 0.0527674 4.92365 199.94 67.9659 -13 -2 1 0 1 0.000636391 -0.0133554 -3.28859 0 0 0 
19.2703 2.24488 18099.2 -1.60295 3.52213 199.963 68.3432 -13 -2 1 0 1 -0.0646585 -0.0197213 -2.94848 0 0 0 
18.384 3.22104 18199.2 -1.64431 0.208391 199.993 68.7204 -13 -2 1 0 1 -0.107167 -0.0282145 -2.018 0 0 0 
17.8255 2.381 18299.2 -0.535188 -3.5862 199.967 69.0977 -13 -2 1 0 1 -0.125991 -0.0236675 -0.728977 0 0 0 
17.7295 -0.374959 18399.1 -0.142076 -7.43682 199.862 69.4749 -13 -2 1 0 1 -0.127618 -0.00334346 0.673342 0 0 0 
17.2418 -4.98421 18499 -2.35185 -10.7914 199.695 69.8522 -13 -2 1 0 1 -0.10737 0.0228494 1.96771 0 0 0 
14.8659 -10.7324 18598.8 -7.50337 -11.5323 199.527 70.2294 -13 -2 1 0 1 -0.0605487 0.029711 2.90462 0 0 0 
9.73042 -15.7291 18698.6 -12.6454 -7.71171 199.451 70.6067 -13 -2 1 0 1 -0.0119041 -0.00609695 3.25615 0 0 0 
2.92197 -18.0072 18798.3 -13.7483 -1.37477 199.523 70.9839 -13 -2 1 0 1 -0.00114485 -0.0654906 2.91869 0 0 0 
-3.31592 -17.4604 18898.1 -10.7616 2.94668 199.689 71.3612 -13 -2 1 0 1 -0.0281115 -0.104312 1.99099 0 0 0 
-7.6841 -15.7158 18998 -6.77531 3.44745 199.856 71.7384 -13 -2 1 0 1 -0.0608292 -0.110338 0.701514 0 0 0 
-10.2356 -14.4455 19098 -3.5735 1.36292 199.964 72.1157 -13 -2 1 0 1 -0.0787506 -0.0994106 -0.706179 0 0 0 
-11.3291 -14.4672 19197.9 -0.794875 -1.4083 199.994 72.4929 -13 -2 1 0 1 -0.0750658 -0.0809046 -2.01076 0 0 0 
-10.998 -15.6591 19297.9 2.116 -3.02692 199.966 72.8702 -13 -2 1 0 1 -0.0487121 -0.0484696 -2.96175 0 0 0 
-9.34622 -17.0974 19397.9 4.19468 -2.34604 199.943 73.2474 -13 -2 1 0 1 -0.0125374 0.00470785 -3.32794 0 0 0 
-7.22888 -17.7617 19497.9 3.79337 -0.248196 199.964 73.6247 -13 -2 1 0 1 0.0131896 0.0642215 -3.00398 0 0 0 
-5.96799 -17.4367 19597.9 0.955562 1.37125 199.993 74.0019 -13 -2 1 0 1 0.0262655 0.105041 -2.08877 0 0 0 
-6.43148 -16.5334 19697.9 -2.85053 2.19646 199.968 74.3792 -13 -2 1 0 1 0.0392193 0.119056 -0.813696 0 0 0 
-8.77117 -15.1412 19797.8 -6.37245 3.61546 199.866 74.7564 -13 -2 1 0 1 0.0574925 0.110828 0.575188 0 0 0 
-12.5435 -12.5788 19897.7 -8.29829 6.99991 199.706 75.1337 -13 -2 1 0 1 0.070386 0.0812805 1.85554 0 0 0 
-16.4787 -7.89926 19997.5 -6.72748 11.7246 199.543 75.5109 -13 -2 1 0 1 0.0539247 0.0380751 2.77724 0 0 0 
-18.6095 -1.18648 20097.3 -1.34874 14.4781 199.471 75.8882 -13 -2 1 0 1 -0.00127314 0.0130817 3.1093 0 0 0 
-17.7731 5.80411 20197 4.34083 12.7689 199.545 76.2654 -13 -2 1 0 1 -0.0613708 0.0323407 2.74466 0 0 0 
-14.889 11.1428 20296.8 6.46353 8.46874 199.716 76.6427 -13 -2 1 0 1 -0.0880965 0.0765172 1.77535 0 0 0 
-11.96 14.4001 20396.8 4.74936 4.82378 199.886 77.0199 -13 -2 1 0 1 -0.0845072 0.112106 0.424457 0 0 0 
-10.479 16.2052 20496.7 0.982752 2.53176 199.982 77.3972 -13 -2 1 0 1 -0.0733802 0.126779 -1.07046 0 0 0 
-11.0282 16.9068 20596.7 -3.06983 0.0960284 199.977 77.7744 -13 -2 1 0 1 -0.064593 0.116529 -2.49715 0 0 0 
-13.2313 16.0545 20696.7 -5.20323 -3.71481 199.898 78.1517 -13 -2 1 0 1 -0.0486349 0.0778214 -3.6187 0 0 0 
-15.5426 13.1974 20796.6 -3.32547 -7.41042 199.835 78.5289 -13 -2 1 0 1 -0.0119175 0.0263341 -4.22089 0 0 0 
-16.0404 9.22752 20896.5 1.53468 -7.72304 199.845 78.9062 -13 -2 1 0 1 0.0319736 -0.00668908 -4.22335 0 0 0 
-14.1489 6.14765 20996.5 5.63429 -4.12526 199.878 79.2834 -13 -2 1 0 1 0.0523268 -0.0151714 -3.75061 0 0 0 
-10.8766 5.30312 21096.4 7.01786 0.710186 199.876 79.6607 -13 -2 1 0 1 0.0447093 -0.0168584 -3.05095 0 0 0 
-7.44986 6.68249 21196.3 6.49699 4.56242 199.843 80.0379 -13 -2 1 0 1 0.0272927 -0.0207612 -2.34721 0 0 0 
-5.75481 8.26866 21252.2 5.90323 6.05922 199.821 80.2488 -13 -2 1 0 1 0.0187102 -0.02344 -1.99575 0 0 0 

# Event -1 Track 1
-11.2945 14.0917 0 0.731734 -1.1308 199.995 0 -13 -1 1 0 1 0.0742252 -0.077706 -1.99116 0 0 0 
-11.2894 14.0922 0.4995 0.745054 -1.11858 199.995 0.0018845 -13 -1 1 0 1 0.0742843 -0.077843 -1.98537 0 0 0 
-11.2894 14.0922 0.5005 0.745081 -1.11855 199.995 0.00188827 -13 -1 1 0 1 0.0742844 -0.0778433 -1.98536 0 0 0 
-10.2587 14.2039 100.494 3.38801 1.60809 199.965 0.379139 -13 -1 1 0 1 0.078639 -0.0971903 -0.689425 0 0 0 
-7.81469 15.5942 200.453 6.54512 3.69391 199.859 0.75639 -13 -1 1 0 1 0.0616698 -0.109238 0.713878 0 0 0 
-3.55338 17.476 300.342 10.5819 3.25617 199.693 1.13364 -13 -1 1 0 1 0.0295126 -0.104496 2.00343 0 0 0 
2.62921 18.193 400.145 13.7216 -1.01526 199.526 1.51089 -13 -1 1 0 1 0.00203283 -0.0666199 2.9358 0 0 0 
9.47054 16.0839 499.884 12.7944 -7.41888 199.452 1.88814 -13 -1 1 0 1 0.0115218 -0.00671149 3.2812 0 0 0 
14.7009 11.1953 599.623 7.70472 -11.3968 199.526 2.26539 -13 -1 1 0 1 0.0595182 0.0309091 2.93707 0 0 0 
17.158 5.48228 699.426 2.45766 -10.7707 199.695 2.64264 -13 -1 1 0 1 0.106653 0.0256647 2.00556 0 0 0 
17.6615 0.873253 799.317 0.0977094 -7.4468 199.861 3.0199 -13 -1 1 0 1 0.127187 0.00015089 0.716197 0 0 0 
17.6996 -1.89064 899.277 0.353174 -3.61308 199.967 3.39715 -13 -1 1 0 1 0.125442 -0.0202445 -0.690973 0 0 0 
18.1418 -2.75971 999.271 1.37337 0.106587 199.995 3.7744 -13 -1 1 0 1 0.106406 -0.025579 -1.9849 0 0 0 
18.8905 -1.8658 1099.26 1.34455 3.29208 199.968 4.15165 -13 -1 1 0 1 0.0644023 -0.0184982 -2.92411 0 0 0 
19.223 0.218717 1199.24 -0.18225 4.60839 199.947 4.5289 -13 -1 1 0 1 0.00054644 -0.0133247 -3.27545 0 0 0 
18.7168 2.26898 1299.22 -1.65976 3.1635 199.968 4.90615 -13 -1 1 0 1 -0.062895 -0.0197836 -2.93451 0 0 0 
17.8361 3.08276 1399.21 -1.5837 -0.0687176 199.994 5.2834 -13 -1 1 0 1 -0.104094 -0.0274032 -2.00322 0 0 0 
17.3132 2.13355 1499.2 -0.470454 -3.74638 199.964 5.66065 -13 -1 1 0 1 -0.122538 -0.0219363 -0.71334 0 0 0 
17.2332 -0.676042 1599.16 -0.150616 -7.4931 199.86 6.0379 -13 -1 1 0 1 -0.124301 -0.00122608 0.693444 0 0 0 
16.7193 -5.28725 1699.05 -2.44484 -10.7395 199.697 6.41515 -13 -1 1 0 1 -0.104498 0.0246743 1.98607 0 0 0 
14.2856 -10.9776 1798.86 -7.62734 -11.3507 199.532 6.7924 -13 -1 1 0 1 -0.0587339 0.030675 2.92478 0 0 0 
9.10072 -15.8542 1898.6 -12.7029 -7.42348 199.458 7.16965 -13 -1 1 0 1 -0.0119943 -0.00588351 3.27843 0 0 0 
2.29376 -17.9804 1998.34 -13.6835 -1.07391 199.529 7.54691 -13 -1 1 0 1 -0.0032763 -0.06513 2.94341 0 0 0 
-3.88774 -17.3 2098.14 -10.6134 3.17103 199.693 7.92416 -13 -1 1 0 1 -0.0313631 -0.103077 2.01857 0 0 0 
-8.17781 -15.4675 2198.03 -6.62359 3.57716 199.858 8.30141 -13 -1 1 0 1 -0.0641231 -0.108282 0.732487 0 0 0 
-10.6656 -14.1513 2297.99 -3.47669 1.42172 199.965 8.67866 -13 -1 1 0 1 -0.0815448 -0.0970113 -0.674596 0 0 0 
-11.7296 -14.1567 2397.98 -0.774876 -1.40133 199.994 9.05591 -13 -1 1 0 1 -0.0771355 -0.0786732 -1.97448 0 0 0 
-11.4058 -15.3591 2497.98 2.07244 -3.07844 199.966 9.43316 -13 -1 1 0 1 -0.0498022 -0.046897 -2.9198 0 0 0 
-9.78179 -16.8393 2597.95 4.13735 -2.45963 199.942 9.81041 -13 -1 1 0 1 -0.0122625 0.00543274 -3.27918 0 0 0 
-7.68496 -17.5686 2697.93 3.77439 -0.383726 199.964 10.1877 -13 -1 1 0 1 0.0149684 0.0644579 -2.94703 0 0 0 
-6.42161 -17.302 2797.92 0.981076 1.28533 199.994 10.5649 -13 -1 1 0 1 0.0291382 0.105299 -2.02195 0 0 0 
-6.86675 -16.4156 2897.91 -2.80625 2.2235 199.968 10.9422 -13 -1 1 0 1 0.042593 0.119436 -0.734844 0 0 0 
-9.179 -14.9704 2997.87 -6.29805 3.80903 199.865 11.3194 -13 -1 1 0 1 0.0609743 0.111014 0.672299 0 0 0 
-12.885 -12.2625 3097.76 -8.07709 7.38607 199.7 11.6967 -13 -1 1 0 1 0.0735867 0.0808757 1.97122 0 0 0 
-16.6277 -7.359 3197.57 -6.14055 12.1987 199.533 12.0739 -13 -1 1 0 1 0.0565025 0.0374044 2.91623 0 0 0 
-18.3397 -0.449475 3297.31 -0.258753 14.7277 199.457 12.4512 -13 -1 1 0 1 0.00173625 0.0133728 3.27797 0 0 0 
-16.8562 6.54127 3397.05 5.79698 12.4919 199.525 12.8284 -13 -1 1 0 1 -0.0545747 0.0336454 2.95181 0 0 0 
-13.2021 11.6106 3496.85 8.06571 7.71079 199.689 13.2057 -13 -1 1 0 1 -0.0742382 0.0761368 2.03341 0 0 0 
-9.43477 14.4488 3596.74 6.5328 3.99677 199.853 13.5829 -13 -1 1 0 1 -0.0625483 0.107043 0.75045 0 0 0 
-6.9676 15.9593 3696.7 3.17686 2.31702 199.961 13.9602 -13 -1 1 0 1 -0.0436288 0.11678 -0.656612 0 0 0 
-6.32041 16.8994 3796.69 -0.560684 1.4329 199.994 14.3374 -13 -1 1 0 1 -0.0293085 0.104547 -1.95932 0 0 0 
-7.39012 17.2778 3896.68 -3.45064 -0.079239 199.97 14.7147 -13 -1 1 0 1 -0.0153173 0.0662919 -2.91086 0 0 0 
-9.38431 16.7275 3996.66 -4.06688 -2.07828 199.948 15.0919 -13 -1 1 0 1 0.0104236 0.00866221 -3.27842 0 0 0 
-11.0385 15.4169 4096.64 -2.24458 -2.80818 199.968 15.4692 -13 -1 1 0 1 0.0468264 -0.0444955 -2.95531 0 0 0 
-11.4788 14.3042 4196.63 0.504743 -1.30756 199.995 15.8464 -13 -1 1 0 1 0.074696 -0.078057 -2.03677 0 0 0 
-11.443 14.3047 4200.5 0.610598 -1.21398 199.995 15.861 -13 -1 1 0 1 0.0751954 -0.0791204 -1.99204 0 0 0 
-11.4429 14.3047 4200.5 0.610625 -1.21396 199.995 15.861 -13 -1 1 0 1 0.0751955 -0.0791206 -1.99203 0 0 0 
-10.4642 14.3705 4300.49 3.31023 1.52849 199.967 16.2383 -13 -1 1 0 1 0.080082 -0.09839 -0.695606 0 0 0 
-8.05048 15.7329 4400.45 6.49884 3.66506 199.861 16.6155 -13 -1 1 0 1 0.0633046 -0.110228 0.711435 0 0 0 
-3.80591 17.6147 4500.34 10.5624 3.28407 199.694 16.9928 -13 -1 1 0 1 0.0309666 -0.105325 2.00122 0 0 0 
2.37638 18.3567 4600.15 13.7425 -0.948377 199.525 17.37 -13 -1 1 0 1 0.00287165 -0.0671936 2.93377 0 0 0 
9.23958 16.282 4699.89 12.8588 -7.35646 199.451 17.7473 -13 -1 1 0 1 0.0115097 -0.00673242 3.27928 0 0 0 
14.5072 11.4147 4799.62 7.78187 -11.3777 199.525 18.1245 -13 -1 1 0 1 0.0588539 0.0316274 2.93524 0 0 0 
16.9971 5.69867 4899.43 2.50592 -10.8002 199.693 18.5018 -13 -1 1 0 1 0.105706 0.0269009 2.00384 0 0 0 
17.5131 1.0655 4999.32 0.0994621 -7.51204 199.859 18.879 -13 -1 1 0 1 0.126141 0.00147417 0.714632 0 0 0 
17.5424 -1.73903 5099.27 0.320366 -3.71128 199.965 19.2563 -13 -1 1 0 1 0.124336 -0.0191991 -0.692379 0 0 0 
17.9668 -2.66699 5199.27 1.34212 -0.0313475 199.996 19.6335 -13 -1 1 0 1 0.105363 -0.025041 -1.98928 0 0 0 
18.7102 -1.85039 5299.26 1.36219 3.12564 199.971 20.0108 -13 -1 1 0 1 0.0637656 -0.0184463 -2.92823 0 0 0 
19.0702 0.152804 5399.24 -0.0894111 4.4589 199.95 20.388 -13 -1 1 0 1 0.000518156 -0.013329 -3.27936 0 0 0 
18.6249 2.14275 5499.22 -1.5172 3.07607 199.971 20.7653 -13 -1 1 0 1 -0.06261 -0.0193672 -2.93827 0 0 0 
17.8173 2.92912 5599.21 -1.44056 -0.0953142 199.995 21.1425 -13 -1 1 0 1 -0.104006 -0.0265228 -2.00683 0 0 0 
17.3599 1.97423 5699.2 -0.353894 -3.74972 199.965 21.5198 -13 -1 1 0 1 -0.122881 -0.0208372 -0.71678 0 0 0 
17.3304 -0.839537 5799.16 -0.0652355 -7.51176 199.859 21.897 -13 -1 1 0 1 -0.124994 -9.37198e-05 0.690189 0 0 0 
16.8496 -5.46859 5899.05 -2.40015 -10.7933 199.694 22.2743 -13 -1 1 0 1 -0.105256 0.0257259 1.98615 0 0 0 
14.4252 -11.1933 5998.86 -7.63645 -11.43 199.527 22.6515 -13 -1 1 0 1 -0.0592106 0.031409 2.92494 0 0 0 
9.22254 -16.1087 6098.6 -12.7612 -7.4927 199.452 23.0288 -13 -1 1 0 1 -0.0120019 -0.00586887 3.27864 0 0 0 
2.38165 -18.2606 6198.33 -13.7528 -1.10552 199.524 23.406 -13 -1 1 0 1 -0.0029859 -0.0660571 2.94365 0 0 0 
-3.82754 -17.5873 6298.13 -10.6489 3.17105 199.691 23.7833 -13 -1 1 0 1 -0.0310179 -0.10473 2.01877 0 0 0 
-8.12162 -15.7509 6398.02 -6.6024 3.59071 199.859 24.1605 -13 -1 1 0 1 -0.0637356 -0.110245 0.732629 0 0 0 
-10.5839 -14.4248 6497.98 -3.39682 1.45011 199.966 24.5378 -13 -1 1 0 1 -0.0809797 -0.0989128 -0.674512 0 0 0 
-11.5963 -14.407 6597.98 -0.653643 -1.33113 199.995 24.9151 -13 -1 1 0 1 -0.0763635 -0.0801319 -1.97444 0 0 0 
-11.211 -15.5577 6697.97 2.18684 -2.93962 199.967 25.2923 -13 -1 1 0 1 -0.0491386 -0.0475797 -2.91979 0 0 0 
-9.54512 -16.9538 6797.94 4.18132 -2.27024 199.944 25.6696 -13 -1 1 0 1 -0.0122474 0.0054206 -3.27916 0 0 0 
-7.44987 -17.5888 6897.92 3.72633 -0.207405 199.965 26.0468 -13 -1 1 0 1 0.0141921 0.0645206 -2.94701 0 0 0 
-6.22624 -17.2481 6997.91 0.879423 1.40228 199.993 26.4241 -13 -1 1 0 1 0.028015 0.104986 -2.02196 0 0 0 
-6.72484 -16.318 7097.9 -2.91184 2.28565 199.966 26.8013 -13 -1 1 0 1 0.04161 0.118758 -0.734909 0 0 0 
-9.08485 -14.8493 7197.86 -6.38099 3.84559 199.861 27.1786 -13 -1 1 0 1 0.0603197 0.110172 0.672177 0 0 0 
-12.8246 -12.1243 7297.75 -8.12809 7.4206 199.697 27.5558 -13 -1 1 0 1 0.0732352 0.0800718 1.97106 0 0 0 
-16.5842 -7.20226 7397.56 -6.15722 12.238 199.53 27.9331 -13 -1 1 0 1 0.0563571 0.0368682 2.91609 0 0 0 
-18.2971 -0.273104 7497.3 -0.248229 14.7656 199.454 28.3103 -13 -1 1 0 1 0.00174008 0.013356 3.27793 0 0 0 
-16.8055 6.7352 7597.04 5.81515 12.5246 199.523 28.6876 -13 -1 1 0 1 -0.0544022 0.0342768 2.95192 0 0 0 
-13.1451 11.821 7696.84 8.06883 7.74613 199.687 29.0648 -13 -1 1 0 1 -0.0739103 0.0773394 2.03362 0 0 0 
-9.38394 14.6798 7796.73 6.50225 4.04455 199.854 29.4421 -13 -1 1 0 1 -0.0621981 0.10864 0.750683 0 0 0 
-6.94411 16.2168 7896.68 3.09524 2.37232 199.962 29.8193 -13 -1 1 0 1 -0.0434681 0.118573 -0.656432 0 0 0 
-6.35315 17.1804 7996.67 -0.704016 1.46444 199.994 30.1966 -13 -1 1 0 1 -0.0295034 0.106196 -1.95926 0 0 0 
-7.50638 17.5584 8096.67 -3.63349 -0.120155 199.967 30.5738 -13 -1 1 0 1 -0.0157247 0.0672746 -2.91096 0 0 0 
-9.58852 16.9642 8196.64 -4.22297 -2.21057 199.943 30.9511 -13 -1 1 0 1 0.0103935 0.00870152 -3.27867 0 0 0 
-11.3008 15.5734 8296.62 -2.31581 -2.98446 199.964 31.3283 -13 -1 1 0 1 0.0476761 -0.0449982 -2.95564 0 0 0 
-11.7553 14.3767 8396.61 0.512811 -1.45817 199.994 31.7056 -13 -1 1 0 1 0.0762759 -0.0784686 -2.03711 0 0 0 
-11.7188 14.3748 8400.5 0.621482 -1.36211 199.995 31.7202 -13 -1 1 0 1 0.0767936 -0.0795289 -1.99213 0 0 0 
-11.7187 14.3748 8400.5 0.621509 -1.36209 199.995 31.7203 -13 -1 1 0 1 0.0767938 -0.0795292 -1.99212 0 0 0 
-10.7245 14.3807 8500.49 3.35375 1.43838 199.967 32.0975 -13 -1 1 0 1 0.0818879 -0.0984629 -0.695629 0 0 0 
-8.28837 15.7118 8600.45 6.54166 3.62735 199.86 32.4748 -13 -1 1 0 1 0.0649529 -0.110083 0.711438 0 0 0 
-4.02461 17.5845 8700.34 10.5968 3.28268 199.692 32.852 -13 -1 1 0 1 0.0322289 -0.105151 2.00121 0 0 0 
2.17435 18.331 8800.15 13.7764 -0.932789 199.523 33.2293 -13 -1 1 0 1 0.00354887 -0.0671078 2.93372 0 0 0 
9.05591 16.2633 8899.88 12.8983 -7.34806 199.449 33.6065 -13 -1 1 0 1 0.0115092 -0.00673422 3.2792 0 0 0 
14.3435 11.3939 8999.62 7.82061 -11.397 199.522 33.9838 -13 -1 1 0 1 0.0583028 0.031555 2.93518 0 0 0 
16.8506 5.65958 9099.42 2.53554 -10.8541 199.689 34.361 -13 -1 1 0 1 0.104858 0.0266739 2.00385 0 0 0 
17.38 0.991114 9199.31 0.125779 -7.59866 199.856 34.7383 -13 -1 1 0 1 0.125217 0.000958773 0.714724 0 0 0 
17.4264 -1.86373 9299.27 0.367603 -3.82408 199.963 35.1155 -13 -1 1 0 1 0.12353 -0.0200635 -0.692237 0 0 0 
17.8865 -2.85058 9399.26 1.44309 -0.148244 199.995 35.4928 -13 -1 1 0 1 0.104901 -0.0261041 -1.98914 0 0 0 
18.6974 -2.08379 9499.25 1.52925 3.05282 199.971 35.87 -13 -1 1 0 1 0.0637284 -0.0192355 -2.92817 0 0 0 
19.1503 -0.0957004 9599.23 0.104269 4.47532 199.95 36.2473 -13 -1 1 0 1 0.000527418 -0.0133358 -3.27942 0 0 0 
18.7943 1.92382 9699.21 -1.36314 3.17037 199.97 36.6245 -13 -1 1 0 1 -0.0631706 -0.0186373 -2.93844 0 0 0 
18.0468 2.76445 9799.2 -1.35374 0.0165204 199.996 37.0018 -13 -1 1 0 1 -0.105329 -0.0255741 -2.00704 0 0 0 
17.6197 1.85835 9899.19 -0.314463 -3.67243 199.966 37.379 -13 -1 1 0 1 -0.124683 -0.0200351 -0.716954 0 0 0 
17.6038 -0.930407 9999.15 -0.0480233 -7.49045 199.86 37.7563 -13 -1 1 0 1 -0.126895 0.000536857 0.690091 0 0 0 
17.127 -5.56301 10099 -2.40274 -10.827 199.692 38.1335 -13 -1 1 0 1 -0.106871 0.0262757 1.98615 0 0 0 
14.6932 -11.314 10198.8 -7.67401 -11.495 199.522 38.5108 -13 -1 1 0 1 -0.0601278 0.0318244 2.92505 0 0 0 
9.46194 -16.2604 10298.6 -12.8355 -7.54409 199.445 38.888 -13 -1 1 0 1 -0.0120188 -0.00585332 3.27883 0 0 0 
2.58067 -18.4264 10398.3 -13.833 -1.10759 199.518 39.2653 -13 -1 1 0 1 -0.00232912 -0.0665992 2.94389 0 0 0 
-3.66201 -17.7409 10498.1 -10.6982 3.21999 199.688 39.6425 -13 -1 1 0 1 -0.0300665 -0.10561 2.01904 0 0 0 
-7.97041 -15.8703 10598 -6.61149 3.67684 199.857 40.0198 -13 -1 1 0 1 -0.0626892 -0.111071 0.732919 0 0 0 
-10.4309 -14.4931 10698 -3.38591 1.56863 199.965 40.397 -13 -1 1 0 1 -0.0799186 -0.0993884 -0.674216 0 0 0 
-11.441 -14.408 10798 -0.663095 -1.18188 199.996 40.7743 -13 -1 1 0 1 -0.0754636 -0.0801422 -1.97416 0 0 0 
-11.0747 -15.4808 10897.9 2.1145 -2.78441 199.97 41.1515 -13 -1 1 0 1 -0.0486782 -0.0473252 -2.91956 0 0 0 
-9.46343 -16.8085 10997.9 4.03921 -2.16074 199.948 41.5288 -13 -1 1 0 1 -0.0122474 0.00542006 -3.27902 0 0 0 
-7.44802 -17.408 11097.9 3.55894 -0.175331 199.968 41.906 -13 -1 1 0 1 0.0141813 0.0639141 -2.947 0 0 0 
-6.30337 -17.0667 11197.9 0.736617 1.38001 199.994 42.2833 -13 -1 1 0 1 0.0284547 0.103937 -2.02208 0 0 0 
-6.86341 -16.1509 11297.9 -3.01498 2.25817 199.965 42.6605 -13 -1 1 0 1 0.0425667 0.1176 -0.735115 0 0 0 
-9.26613 -14.689 11397.8 -6.44939 3.85086 199.859 43.0378 -13 -1 1 0 1 0.061578 0.109059 0.671943 0 0 0 
-13.0309 -11.9496 11497.7 -8.15806 7.47299 199.694 43.415 -13 -1 1 0 1 0.0744399 0.0790594 1.97087 0 0 0 
-16.7928 -6.99228 11597.5 -6.13404 12.3211 199.526 43.7923 -13 -1 1 0 1 0.0570842 0.0361521 2.91603 0 0 0 
-18.4806 -0.0227461 11697.3 -0.174767 14.8361 199.449 44.1695 -13 -1 1 0 1 0.00177197 0.0133322 3.27806 0 0 0 
-16.9474 7.00976 11797 5.89928 12.5483 199.519 44.5468 -13 -1 1 0 1 -0.0548568 0.0351707 2.95223 0 0 0 
-13.2527 12.0958 11896.8 8.11623 7.72628 199.686 44.924 -13 -1 1 0 1 -0.0745235 0.0789097 2.03402 0 0 0 
-9.48195 14.9378 11996.7 6.49197 4.00003 199.855 45.3013 -13 -1 1 0 1 -0.0628768 0.110425 0.75107 0 0 0 
-7.06084 16.4472 12096.7 3.03342 2.30467 199.964 45.6785 -13 -1 1 0 1 -0.0442823 0.12018 -0.656122 0 0 0 
-6.50832 17.3675 12196.6 -0.789177 1.35476 199.994 46.0558 -13 -1 1 0 1 -0.0304138 0.107299 -1.95907 0 0 0 
-7.69952 17.6772 12296.6 -3.69023 -0.282555 199.966 46.433 -13 -1 1 0 1 -0.0163998 0.0677008 -2.91093 0 0 0 
-9.79173 16.9943 12396.6 -4.20123 -2.3934 199.942 46.8103 -13 -1 1 0 1 0.0103606 0.00872051 -3.27876 0 0 0 
-11.4722 15.5196 12496.6 -2.21574 -3.12877 199.963 47.1875 -13 -1 1 0 1 0.0482261 -0.0448111 -2.95585 0 0 0 
-11.8667 14.2669 12596.6 0.644038 -1.53812 199.993 47.5648 -13 -1 1 0 1 0.0769075 -0.0778334 -2.03741 0 0 0 
-11.8274 14.2639 12600.5 0.753629 -1.43911 199.994 47.5796 -13 -1 1 0 1 0.0774219 -0.0788871 -1.99212 0 0 0 
-11.8274 14.2639 12600.5 0.753657 -1.43908 199.994 47.5796 -13 -1 1 0 1 0.077422 -0.0788874 -1.99211 0 0 0 
-10.7691 14.2431 12700.5 3.47297 1.40231 199.965 47.9568 -13 -1 1 0 1 0.0821962 -0.0975078 -0.695623 0 0 0 
-8.2806 15.5585 12800.5 6.6302 3.59528 199.858 48.3341 -13 -1 1 0 1 0.0648982 -0.109019 0.711402 0 0 0 
-3.98219 17.4109 12900.3 10.6452 3.23194 199.691 48.7113 -13 -1 1 0 1 0.0319835 -0.104147 2.00112 0 0 0 
2.22895 18.1276 13000.1 13.776 -0.998867 199.523 49.0886 -13 -1 1 0 1 0.00336577 -0.0664246 2.93357 0 0 0 
9.09908 16.0278 13099.9 12.8566 -7.40554 199.449 49.4658 -13 -1 1 0 1 0.0115079 -0.00673477 3.27905 0 0 0 
14.3621 11.1359 13199.6 7.77048 -11.4296 199.522 49.8431 -13 -1 1 0 1 0.058362 0.0306895 2.9351 0 0 0 
16.8499 5.38989 13299.4 2.51354 -10.871 199.689 50.2203 -13 -1 1 0 1 0.104851 0.0251178 2.00385 0 0 0 
17.38 0.713369 13399.3 0.153312 -7.6156 199.855 50.5976 -13 -1 1 0 1 0.125216 -0.000964566 0.714772 0 0 0 
17.4548 -2.14983 13499.3 0.454343 -3.83759 199.963 50.9748 -13 -1 1 0 1 0.123728 -0.0220471 -0.692188 0 0 0 
17.9728 -3.13647 13599.3 1.58487 -0.126704 199.994 51.3521 -13 -1 1 0 1 0.105404 -0.0277599 -1.98914 0 0 0 
18.8612 -2.3413 13699.2 1.68768 3.14981 199.968 51.7293 -13 -1 1 0 1 0.0642877 -0.0201066 -2.92826 0 0 0 
19.3829 -0.284499 13799.2 0.209642 4.6474 199.946 52.1066 -13 -1 1 0 1 0.000538751 -0.0133414 -3.27961 0 0 0 
19.0562 1.82801 13899.2 -1.35258 3.35773 199.968 52.4838 -13 -1 1 0 1 -0.0640419 -0.0183182 -2.93867 0 0 0 
18.2944 2.7525 13999.2 -1.4137 0.157997 199.995 52.8611 -13 -1 1 0 1 -0.106757 -0.0255057 -2.00725 0 0 0 
17.8303 1.90191 14099.2 -0.394624 -3.59034 199.968 53.2383 -13 -1 1 0 1 -0.126144 -0.0203369 -0.717115 0 0 0 
17.7765 -0.856968 14199.1 -0.116235 -7.44906 199.861 53.6156 -13 -1 1 0 1 -0.128096 2.79037e-05 0.689988 0 0 0 
17.271 -5.47445 14299 -2.44923 -10.805 199.693 53.9928 -13 -1 1 0 1 -0.107709 0.0257641 1.9861 0 0 0 
14.8192 -11.2162 14398.8 -7.70065 -11.4788 199.522 54.3701 -13 -1 1 0 1 -0.0605589 0.031496 2.92502 0 0 0 
9.57819 -16.1543 14498.6 -12.8489 -7.52536 199.445 54.7473 -13 -1 1 0 1 -0.0120274 -0.00585402 3.2788 0 0 0 
2.69185 -18.3087 14598.3 -13.8413 -1.07849 199.518 55.1246 -13 -1 1 0 1 -0.00196244 -0.066204 2.94387 0 0 0 
-3.55547 -17.6043 14698.1 -10.7102 3.26764 199.687 55.5018 -13 -1 1 0 1 -0.0294537 -0.104819 2.01908 0 0 0 
-7.87343 -15.704 14798 -6.64066 3.74808 199.855 55.8791 -13 -1 1 0 1 -0.0620167 -0.109917 0.733032 0 0 0 
-10.3572 -14.2861 14898 -3.45421 1.65784 199.964 56.2563 -13 -1 1 0 1 -0.0794059 -0.0979499 -0.674037 0 0 0 
-11.4163 -14.1572 14997.9 -0.793333 -1.10311 199.996 56.6336 -13 -1 1 0 1 -0.0753196 -0.0786844 -1.97394 0 0 0 
-11.1305 -15.2039 15097.9 1.92796 -2.76776 199.972 57.0108 -13 -1 1 0 1 -0.0488708 -0.0463814 -2.91935 0 0 0 
-9.61557 -16.5471 15197.9 3.85302 -2.24018 199.951 57.3881 -13 -1 1 0 1 -0.0122617 0.00543353 -3.27889 0 0 0 
-7.67851 -17.205 15297.9 3.43937 -0.319342 199.97 57.7653 -13 -1 1 0 1 0.0149379 0.0632403 -2.94699 0 0 0 
-6.57321 -16.9373 15397.9 0.695429 1.24059 199.995 58.1426 -13 -1 1 0 1 0.0300024 0.103192 -2.02216 0 0 0 
-7.14114 -16.08 15497.9 -3.01216 2.16786 199.966 58.5198 -13 -1 1 0 1 0.0444875 0.117109 -0.735222 0 0 0 
-9.53871 -14.6491 15597.8 -6.43518 3.81594 199.86 58.8971 -13 -1 1 0 1 0.0634666 0.10877 0.668415 0 0 0 
-13.2958 -11.9153 15697.7 -8.14112 7.48298 199.694 59.2743 -13 -1 1 0 1 0.075976 0.07885 1.96724 0 0 0 
-17.0471 -6.94579 15797.5 -6.10745 12.3557 199.525 59.6516 -13 -1 1 0 1 0.0579501 0.0359858 2.91231 0 0 0 
-18.7185 0.0411961 15897.3 -0.136621 14.8664 199.447 60.0288 -13 -1 1 0 1 0.0017838 0.0133239 3.27421 0 0 0 
-17.1662 7.08256 15997 5.93415 12.5509 199.518 60.4061 -13 -1 1 0 1 -0.0555858 0.035414 2.94818 0 0 0 
-13.4589 12.1613 16096.8 8.12965 7.6943 199.687 60.7833 -13 -1 1 0 1 -0.0757161 0.0792977 2.0297 0 0 0 
-9.68787 14.9786 16196.7 6.48081 3.93285 199.857 61.1606 -13 -1 1 0 1 -0.0643086 0.110725 0.74644 0 0 0 
-7.27482 16.444 16296.7 3.01714 2.19461 199.966 61.5378 -13 -1 1 0 1 -0.0457686 0.120161 -0.657621 0 0 0 
-6.72411 17.2983 16396.6 -0.772514 1.20268 199.995 61.9151 -13 -1 1 0 1 -0.0316727 0.1069 -1.96071 0 0 0 
-7.88956 17.5272 16496.6 -3.59874 -0.444732 199.967 62.2924 -13 -1 1 0 1 -0.0170577 0.0671875 -2.91267 0 0 0 
-9.91562 16.7737 16596.6 -4.03331 -2.50324 199.944 62.6696 -13 -1 1 0 1 0.0103431 0.00870024 -3.28062 0 0 0 
-11.5041 15.2662 16696.6 -2.02751 -3.14913 199.965 63.0469 -13 -1 1 0 1 0.0483244 -0.0439797 -2.95785 0 0 0 
-11.8126 14.0212 16796.6 0.79307 -1.49525 199.993 63.4241 -13 -1 1 0 1 0.0765913 -0.076422 -2.03963 0 0 0 
-11.7708 14.0193 16800.5 0.900583 -1.39478 199.993 63.4389 -13 -1 1 0 1 0.0770888 -0.0774655 -1.99432 0 0 0 
-11.7708 14.0193 16800.5 0.90061 -1.39475 199.993 63.4389 -13 -1 1 0 1 0.0770889 -0.0774657 -1.99431 0 0 0 
-10.6532 14.0248 16900.5 3.56417 1.45522 199.963 63.8162 -13 -1 1 0 1 0.0813752 -0.0959775 -0.701369 0 0 0 
-8.13128 15.3615 17000.5 6.67454 3.62467 199.856 64.1934 -13 -1 1 0 1 0.0638507 -0.107633 0.705202 0 0 0 
-3.82063 17.2215 17100.3 10.6508 3.23466 199.69 64.5707 -13 -1 1 0 1 0.0310469 -0.103027 1.99444 0 0 0 
2.38521 17.937 17200.1 13.7518 -1.00123 199.524 64.9479 -13 -1 1 0 1 0.00285273 -0.0657561 2.92643 0 0 0 
9.24103 15.8406 17299.9 12.8298 -7.38641 199.452 65.3252 -13 -1 1 0 1 0.0115365 -0.00670855 3.27147 0 0 0 
14.4981 10.9651 17399.6 7.77911 -11.3843 199.524 65.7024 -13 -1 1 0 1 0.0588645 0.0301334 2.92704 0 0 0 
17.0039 5.24598 17499.4 2.57806 -10.8106 199.691 66.0797 -13 -1 1 0 1 0.105801 0.0242877 1.99522 0 0 0 
17.5797 0.603714 17599.3 0.268931 -7.53579 199.858 66.4569 -13 -1 1 0 1 0.12667 -0.00174017 0.705439 0 0 0 
17.7197 -2.20857 17699.3 0.593605 -3.70683 199.965 66.8342 -13 -1 1 0 1 0.125626 -0.0224791 -0.698872 0 0 0 
18.3029 -3.10903 17799.3 1.69424 0.0910814 199.993 67.2114 -13 -1 1 0 1 0.107385 -0.0276312 -1.99655 0 0 0 
19.2215 -2.18405 17899.2 1.68585 3.44229 199.964 67.5887 -13 -1 1 0 1 0.0655853 -0.0196044 -2.93644 0 0 0 
19.7033 0.0197904 17999.2 0.0527674 4.92365 199.94 67.9659 -13 -1 1 0 1 0.000636391 -0.0133554 -3.28859 0 0 0 
19.2703 2.24488 18099.2 -1.60295 3.52213 199.963 68.3432 -13 -1 1 0 1 -0.0646585 -0.0197213 -2.94848 0 0 0 
18.384 3.22104 18199.2 -1.64431 0.208391 199.993 68.7204 -13 -1 1 0 1 -0.107167 -0.0282145 -2.018 0 0 0 
17.8255 2.381 18299.2 -0.535188 -3.5862 199.967 69.0977 -13 -1 1 0 1 -0.125991 -0.0236675 -0.728977 0 0 0 
17.7295 -0.374959 18399.1 -0.142076 -7.43682 199.862 69.4749 -13 -1 1 0 1 -0.127618 -0.00334346 0.673342 0 0 0 
17.2418 -4.98421 18499 -2.35185 -10.7914 199.695 69.8522 -13 -1 1 0 1 -0.10737 0.0228494 1.96771 0 0 0 
14.8659 -10.7324 18598.8 -7.50337 -11.5323 199.527 70.2294 -13 -1 1 0 1 -0.0605487 0.029711 2.90462 0 0 0 
9.73042 -15.7291 18698.6 -12.6454 -7.71171 199.451 70.6067 -13 -1 1 0 1 -0.0119041 -0.00609695 3.25615 0 0 0 
2.92197 -18.0072 18798.3 -13.7483 -1.37477 199.523 70.9839 -13 -1 1 0 1 -0.00114485 -0.0654906 2.91869 0 0 0 
-3.31592 -17.4604 18898.1 -10.7616 2.94668 199.689 71.3612 -13 -1 1 0 1 -0.0281115 -0.104312 1.99099 0 0 0 
-7.6841 -15.7158 18998 -6.77531 3.44745 199.856 71.7384 -13 -1 1 0 1 -0.0608292 -0.110338 0.701514 0 0 0 
-10.2356 -14.4455 19098 -3.5735 1.36292 199.964 72.1157 -13 -1 1 0 1 -0.0787506 -0.0994106 -0.706179 0 0 0 
-11.3291 -14.4672 19197.9 -0.794875 -1.4083 199.994 72.4929 -13 -1 1 0 1 -0.0750658 -0.0809046 -2.01076 0 0 0 
-10.998 -15.6591 19297.9 2.116 -3.02692 199.966 72.8702 -13 -1 1 0 1 -0.0487121 -0.0484696 -2.96175 0 0 0 
-9.34622 -17.0974 19397.9 4.19468 -2.34604 199.943 73.2474 -13 -1 1 0 1 -0.0125374 0.00470785 -3.32794 0 0 0 
-7.22888 -17.7617 19497.9 3.79337 -0.248196 199.964 73.6247 -13 -1 1 0 1 0.0131896 0.0642215 -3.00398 0 0 0 
-5.96799 -17.4367 19597.9 0.955562 1.37125 199.993 74.0019 -13 -1 1 0 1 0.0262655 0.105041 -2.08877 0 0 0 
-6.43148 -16.5334 19697.9 -2.85053 2.19646 199.968 74.3792 -13 -1 1 0 1 0.0392193 0.119056 -0.813696 0 0 0 
-8.77117 -15.1412 19797.8 -6.37245 3.61546 199.866 74.7564 -13 -1 1 0 1 0.0574925 0.110828 0.575188 0 0 0 
-12.5435 -12.5788 19897.7 -8.29829 6.99991 199.706 75.1337 -13 -1 1 0 1 0.070386 0.0812805 1.85554 0 0 0 
-16.4787 -7.89926 19997.5 -6.72748 11.7246 199.543 75.5109 -13 -1 1 0 1 0.0539247 0.0380751 2.77724 0 0 0 
-18.6095 -1.18648 20097.3 -1.34874 14.4781 199.471 75.8882 -13 -1 1 0 1 -0.00127314 0.0130817 3.1093 0 0 0 
-17.7731 5.80411 20197 4.34083 12.7689 199.545 76.2654 -13 -1 1 0 1 -0.0613708 0.0323407 2.74466 0 0 0 
-14.889 11.1428 20296.8 6.46353 8.46874 199.716 76.6427 -13 -1 1 0 1 -0.0880965 0.0765172 1.77535 0 0 0 
-11.96 14.4001 20396.8 4.74936 4.82378 199.886 77.0199 -13 -1 1 0 1 -0.0845072 0.112106 0.424457 0 0 0 
-10.479 16.2052 20496.7 0.982752 2.53176 199.982 77.3972 -13 -1 1 0 1 -0.0733802 0.126779 -1.07046 0 0 0 
-11.0282 16.9068 20596.7 -3.06983 0.0960284 199.977 77.7744 -13 -1 1 0 1 -0.064593 0.116529 -2.49715 0 0 0 
-13.2313 16.0545 20696.7 -5.20323 -3.71481 199.898 78.1517 -13 -1 1 0 1 -0.0486349 0.0778214 -3.6187 0 0 0 
-15.5426 13.1974 20796.6 -3.32547 -7.41042 199.835 78.5289 -13 -1 1 0 1 -0.0119175 0.0263341 -4.22089 0 0 0 
-16.0404 9.22752 20896.5 1.53468 -7.72304 199.845 78.9062 -13 -1 1 0 1 0.0319736 -0.00668908 -4.22335 0 0 0 
-14.1489 6.14765 20996.5 5.63429 -4.12526 199.878 79.2834 -13 -1 1 0 1 0.0523268 -0.0151714 -3.75061 0 0 0 
-10.8766 5.30312 21096.4 7.01786 0.710186 199.876 79.6607 -13 -1 1 0 1 0.0447093 -0.0168584 -3.05095 0 0 0 
-7.44986 6.68249 21196.3 6.49699 4.56242 199.843 80.0379 -13 -1 1 0 1 0.0272927 -0.0207612 -2.34721 0 0 0 
-5.75481 8.26866 21252.2 5.90323 6.05922 199.821 80.2488 -13 -1 1 0 1 0.0187102 -0.02344 -1.99575 0 0 0 

# Event 1 Track 1
-21.4115 13.9846 0 -35.4223 -9.56677 196.606 0.0870076 -13 1 1 0 1 0.132763 -0.0771617 -1.99411 0 0 0 
-21.4954 13.9568 0.4995 -35.3963 -9.60048 196.609 0.0889213 -13 1 1 0 1 0.133426 -0.077134 -1.98833 0 0 0 
-21.4956 13.9567 0.5005 -35.3962 -9.60055 196.609 0.0889251 -13 1 1 0 1 0.133427 -0.0771339 -1.98831 0 0 0 
-38.016 8.46762 98.9712 -31.0948 -10.466 197.291 0.466176 -13 1 1 0 1 0.271273 -0.0574638 -0.717026 0 0 0 
-53.1012 5.24439 197.764 -29.5649 -0.833912 197.801 0.843427 -13 1 1 0 1 0.377799 -0.0377527 0.683132 0 0 0 
-67.3421 8.99259 296.64 -26.4523 16.8046 197.529 1.22068 -13 1 1 0 1 0.406609 -0.0566974 1.99694 0 0 0 
-77.9436 22.2581 395.133 -13.9599 35.4106 196.345 1.59793 -13 1 1 0 1 0.290623 -0.0855248 2.99382 0 0 0 
-79.6899 42.3526 493.021 7.60883 41.9548 195.402 1.97518 -13 1 1 0 1 0.0324826 -0.0177536 3.41751 0 0 0 
-71.19 61.1105 590.833 24.1473 30.5846 196.167 2.35243 -13 1 1 0 1 -0.215536 0.187514 3.1291 0 0 0 
-58.4244 71.7106 689.408 24.0526 11.8547 198.194 2.72968 -13 1 1 0 1 -0.326086 0.404113 2.20145 0 0 0 
-49.2774 73.7443 788.928 11.2951 -2.6867 199.663 3.10693 -13 1 1 0 1 -0.338452 0.508372 0.886166 0 0 0 
-47.5189 69.7413 888.796 -3.90519 -13.1079 199.532 3.48418 -13 1 1 0 1 -0.333717 0.487105 -0.559786 0 0 0 
-52.1719 60.3914 988.226 -13.0502 -24.7869 198.029 3.86143 -13 1 1 0 1 -0.315917 0.358059 -1.90512 0 0 0 
-58.3524 44.7207 1086.78 -9.09987 -37.484 196.245 4.23868 -13 1 1 0 1 -0.221943 0.158551 -2.90778 0 0 0 
-58.9467 24.3094 1184.63 8.29319 -41.842 195.398 4.61594 -13 1 1 0 1 -0.0324517 7.52309e-07 -3.33274 0 0 0 
-49.7675 5.49281 1282.36 27.4347 -31.1196 195.65 4.99319 -13 1 1 0 1 0.140694 -0.0281732 -3.07211 0 0 0 
-33.2517 -5.52363 1380.33 36.6799 -12.84 196.188 5.37044 -13 1 1 0 1 0.178982 0.0197498 -2.22289 0 0 0 
-14.5921 -8.21484 1478.52 37.0973 0.536345 196.529 5.74769 -13 1 1 0 1 0.0966285 0.0481111 -0.997126 0 0 0 
3.56781 -6.79216 1576.84 35.6414 3.26672 196.772 6.12494 -13 1 1 0 1 -0.0293334 0.041628 0.3818 0 0 0 
21.1301 -6.77015 1675.28 34.4138 -4.84783 196.957 6.50219 -13 1 1 0 1 -0.137613 0.0360134 1.70255 0 0 0 
37.2567 -12.9239 1773.75 28.8225 -20.4344 196.855 6.87944 -13 1 1 0 1 -0.163525 0.0469384 2.75203 0 0 0 
48.4488 -26.9234 1872.09 14.6195 -34.2589 196.501 7.25669 -13 1 1 0 1 -0.0597801 0.0200732 3.29861 0 0 0 
51.3874 -45.1561 1970.34 -2.24874 -36.3832 196.65 7.63394 -13 1 1 0 1 0.115406 -0.117487 3.17669 0 0 0 
47.8307 -61.4925 2068.91 -9.68708 -27.9345 197.803 8.01119 -13 1 1 0 1 0.241729 -0.327512 2.40143 0 0 0 
44.0203 -72.8375 2168.18 -3.52761 -17.6989 199.184 8.38844 -13 1 1 0 1 0.291626 -0.49742 1.1704 0 0 0 
45.8053 -79.4213 2267.91 11.6019 -8.53061 199.481 8.76569 -13 1 1 0 1 0.320739 -0.568147 -0.262672 0 0 0 
55.8971 -80.6739 2367.35 28.25 4.78419 197.937 9.14295 -13 1 1 0 1 0.351707 -0.516665 -1.66857 0 0 0 
72.5066 -73.1845 2465.62 35.5408 26.333 195.047 9.5202 -13 1 1 0 1 0.314757 -0.322995 -2.80706 0 0 0 
88.0471 -54.322 2562.51 23.0929 47.5812 192.88 9.89745 -13 1 1 0 1 0.108633 -0.0676868 -3.41184 0 0 0 
93.1003 -28.611 2658.94 -3.7352 51.3729 193.254 10.2747 -13 1 1 0 1 -0.209693 0.0678043 -3.31129 0 0 0 
85.2367 -6.46891 2756.05 -25.4778 34.758 195.302 10.6519 -13 1 1 0 1 -0.433556 0.0384334 -2.54791 0 0 0 
70.1309 5.18649 2854.16 -32.7895 12.2145 196.916 11.0292 -13 1 1 0 1 -0.470768 -0.0286314 -1.34913 0 0 0 
53.7681 6.87607 2952.77 -32.2003 -3.88428 197.353 11.4065 -13 1 1 0 1 -0.385359 -0.0424856 0.0406191 0 0 0 
37.7722 3.00953 3051.4 -32.3022 -9.79891 197.131 11.7837 -13 1 1 0 1 -0.247715 -0.0112834 1.40584 0 0 0 
21.0166 -1.1004 3149.9 -34.8323 -4.8351 196.884 12.161 -13 1 1 0 1 -0.100277 0.0162035 2.52718 0 0 0 
3.4184 -0.285481 3248.31 -34.4988 9.11763 196.791 12.5382 -13 1 1 0 1 -0.00641893 0.0135212 3.17818 0 0 0 
-12.1724 8.20584 3346.69 -26.6891 24.1598 196.734 12.9155 -13 1 1 0 1 -0.0196558 0.0264763 3.19884 0 0 0 
-22.756 22.5862 3445.07 -15.9679 31.8149 196.807 13.2927 -13 1 1 0 1 -0.104083 0.115272 2.57996 0 0 0 
-29.2195 38.6706 3543.55 -11.5032 31.5135 197.167 13.67 -13 1 1 0 1 -0.187017 0.258336 1.47485 0 0 0 
-36.0426 53.352 3642.22 -17.5243 26.5301 197.457 14.0472 -13 1 1 0 1 -0.252932 0.385906 0.110125 0 0 0 
-48.1383 64.2507 3740.85 -31.7022 15.6833 196.848 14.4245 -13 1 1 0 1 -0.316583 0.436151 -1.29293 0 0 0 
-67.6487 67.2428 3838.82 -45.049 -5.65893 194.778 14.8017 -13 1 1 0 1 -0.338112 0.351057 -2.51994 0 0 0 
-90.6013 57.2552 3935.54 -43.1675 -34.391 192.234 15.179 -13 1 1 0 1 -0.19988 0.14024 -3.32161 0 0 0 
-107.258 34.5815 4031.41 -20.8435 -52.8479 191.762 15.5562 -13 1 1 0 1 0.137226 -0.0337597 -3.46463 0 0 0 
-110.727 8.60568 4127.83 5.7283 -47.0503 194.303 15.9335 -13 1 1 0 1 0.490554 -0.0320193 -2.88546 0 0 0 
-106.238 -6.09932 4200.5 16.8426 -31.197 196.833 16.2138 -13 1 1 0 1 0.642857 0.0400922 -2.08673 0 0 0 
-106.237 -6.09942 4200.5 16.8427 -31.1968 196.833 16.2138 -13 1 1 0 1 0.642858 0.0400928 -2.08672 0 0 0 
-96.8376 -15.5857 4299.54 18.8882 -7.04234 198.982 16.591 -13 1 1 0 1 0.690493 0.111207 -0.735988 0 0 0 
-88.1797 -13.8798 4399.11 15.9299 12.9231 198.946 16.9683 -13 1 1 0 1 0.627966 0.0964551 0.709772 0 0 0 
-79.9306 -3.76427 4498.23 18.5802 26.1483 197.411 17.3455 -13 1 1 0 1 0.481159 0.0185949 2.02919 0 0 0 
-68.0846 10.3636 4596.5 29.8846 27.9181 195.774 17.7228 -13 1 1 0 1 0.250704 -0.0421523 2.97424 0 0 0 
-49.9617 21.508 4694.18 41.5475 14.2693 195.116 18.1001 -13 1 1 0 1 0.0222053 -0.0112337 3.32347 0 0 0 
-28.419 23.2 4791.76 42.4346 -7.71467 195.294 18.4773 -13 1 1 0 1 -0.0781257 0.0657376 3.00304 0 0 0 
-9.19938 14.6693 4889.49 33.6551 -24.8011 195.582 18.8546 -13 1 1 0 1 -0.0433713 0.0758582 2.11753 0 0 0 
5.4418 0.15134 4987.33 25.944 -31.6366 195.771 19.2318 -13 1 1 0 1 0.0424384 -0.00482041 0.879264 0 0 0 
18.2195 -15.5397 5085.26 26.7961 -29.809 195.943 19.6091 -13 1 1 0 1 0.130537 -0.115693 -0.49734 0 0 0 
33.6139 -28.2192 5183.23 35.6232 -19.2572 195.858 19.9863 -13 1 1 0 1 0.205924 -0.180763 -1.81097 0 0 0 
53.759 -33.0397 5281 43.7818 1.54814 195.143 20.3636 -13 1 1 0 1 0.213692 -0.142779 -2.84579 0 0 0 
75.2523 -25.9394 5378.34 39.4959 26.3218 194.287 20.7408 -13 1 1 0 1 0.0592197 -0.0338307 -3.36813 0 0 0 
90.9829 -8.67731 5475.52 22.2217 39.6554 194.766 21.1181 -13 1 1 0 1 -0.243866 0.0103555 -3.21102 0 0 0 
97.7532 10.4457 5573.41 6.43441 33.989 196.986 21.4953 -13 1 1 0 1 -0.529937 -0.066911 -2.39242 0 0 0 
99.5435 23.3627 5672.52 2.83622 16.5864 199.291 21.8726 -13 1 1 0 1 -0.687144 -0.168357 -1.12586 0 0 0 
102.052 26.4236 5772.39 7.77227 -4.73287 199.793 22.2498 -13 1 1 0 1 -0.736774 -0.195623 0.32677 0 0 0 
106.833 18.3062 5871.89 9.80307 -27.8686 197.806 22.6271 -13 1 1 0 1 -0.691753 -0.123085 1.73635 0 0 0 
109.468 -0.906842 5969.93 -2.09306 -47.3898 194.294 23.0043 -13 1 1 0 1 -0.490611 -0.00243404 2.85959 0 0 0 
102.434 -26.1842 6066.36 -27.0964 -49.7697 191.804 23.3816 -13 1 1 0 1 -0.138877 0.0256382 3.42906 0 0 0 
83.2006 -46.7062 6162.23 -47.2605 -29.1994 192.13 23.7588 -13 1 1 0 1 0.174317 -0.110614 3.29121 0 0 0 
58.5215 -53.9804 6258.77 -48.2073 -0.252885 194.103 24.1361 -13 1 1 0 1 0.284423 -0.276018 2.51151 0 0 0 
37.1908 -48.4746 6356.25 -36.2036 20.189 195.658 24.5133 -13 1 1 0 1 0.238595 -0.323728 1.3159 0 0 0 
22.0957 -35.7709 6454.26 -25.2523 28.9637 196.274 24.8906 -13 1 1 0 1 0.149252 -0.253348 -0.0613139 0 0 0 
10.4633 -20.8657 6552.46 -22.8865 29.4616 196.49 25.2678 -13 1 1 0 1 0.0596612 -0.132725 -1.41443 0 0 0 
-2.15612 -7.56836 6650.75 -28.4793 22.3369 196.698 25.6451 -13 1 1 0 1 -0.0201174 -0.0308333 -2.53053 0 0 0 
-18.1514 0.0900585 6749.14 -34.8315 7.18058 196.813 26.0223 -13 1 1 0 1 -0.0436601 0.00645296 -3.18641 0 0 0 
-35.7558 -0.797222 6847.54 -34.1622 -10.2434 196.795 26.3996 -13 1 1 0 1 0.0484331 0.0080789 -3.21541 0 0 0 
-51.3143 -8.84423 6945.98 -27.7849 -20.0789 197.041 26.7768 -13 1 1 0 1 0.229879 0.0474995 -2.59485 0 0 0 
-64.0189 -18.9272 7044.65 -24.0847 -18.4415 197.687 27.1541 -13 1 1 0 1 0.41042 0.128976 -1.47644 0 0 0 
-76.5764 -25.6842 7143.62 -27.135 -7.10791 198.024 27.5313 -13 1 1 0 1 0.543682 0.189768 -0.0942355 0 0 0 
-91.5262 -24.5522 7242.44 -32.1749 13.1113 196.96 27.9086 -13 1 1 0 1 0.613537 0.173088 1.32423 0 0 0 
-107.166 -11.4257 7340.25 -27.7276 39.7946 194.03 28.2858 -13 1 1 0 1 0.549839 0.0695263 2.5617 0 0 0 
-116.064 14.1983 7436.4 -4.86714 59.9363 190.746 28.6631 -13 1 1 0 1 0.269458 -0.0197881 3.36226 0 0 0 
-110.507 44.3736 7531.46 26.5367 56.0505 190.143 29.0403 -13 1 1 0 1 -0.129824 0.065814 3.49015 0 0 0 
-92.1127 66.4503 7627.13 43.1209 30.1337 192.958 29.4176 -13 1 1 0 1 -0.397809 0.29921 2.89931 0 0 0 
-71.2385 74.2765 7724.53 37.3608 2.40397 196.465 29.7948 -13 1 1 0 1 -0.450458 0.480115 1.77562 0 0 0 
-56.4363 70.5985 7823.3 21.4429 -15.4094 198.25 30.1721 -13 1 1 0 1 -0.39941 0.51003 0.386006 0 0 0 
-49.2407 60.104 7922.46 8.62774 -25.8211 198.139 30.5493 -13 1 1 0 1 -0.332285 0.417912 -1.03822 0 0 0 
-46.0534 45.2927 8021.29 6.16746 -32.8668 197.185 30.9266 -13 1 1 0 1 -0.241873 0.25211 -2.27658 0 0 0 
-41.0897 28.2198 8119.69 15.2875 -33.9006 196.513 31.3038 -13 1 1 0 1 -0.103036 0.0848147 -3.08827 0 0 0 
-30.007 13.2704 8217.91 28.8106 -24.0218 196.451 31.6811 -13 1 1 0 1 0.0306763 -0.00186656 -3.27975 0 0 0 
-13.3121 5.45557 8316.16 36.5132 -6.87758 196.519 32.0583 -13 1 1 0 1 0.0615114 -0.0154995 -2.81428 0 0 0 
2.6344 5.37222 8400.5 37.1821 5.57319 196.435 32.3822 -13 1 1 0 1 -0.00624453 -0.0274173 -1.98965 0 0 0 
2.63459 5.37227 8400.5 37.1821 5.57331 196.435 32.3822 -13 1 1 0 1 -0.00624568 -0.0274177 -1.98963 0 0 0 
21.0355 10.0029 8498.68 36.7157 11.1103 196.287 32.7594 -13 1 1 0 1 -0.13815 -0.0680052 -0.725039 0 0 0 
39.8841 14.5662 8596.78 39.1605 5.1833 196.061 33.1367 -13 1 1 0 1 -0.270429 -0.102668 0.661268 0 0 0 
60.1767 13.2436 8694.65 41.2316 -12.2483 195.321 33.5139 -13 1 1 0 1 -0.347835 -0.0820585 1.96614 0 0 0 
79.4144 1.16013 8791.97 33.2438 -36.2165 193.865 33.8912 -13 1 1 0 1 -0.28099 -0.0098526 2.96653 0 0 0 
90.881 -21.6198 8888.58 10.7376 -52.0777 192.803 34.2684 -13 1 1 0 1 -0.0257064 0.00217708 3.4244 0 0 0 
89.8349 -47.335 8985.14 -13.458 -47.2401 193.875 34.6457 -13 1 1 0 1 0.281941 -0.14958 3.18343 0 0 0 
80.1783 -66.4074 9082.78 -21.8148 -27.9955 196.826 35.0229 -13 1 1 0 1 0.459316 -0.37963 2.29403 0 0 0 
70.9845 -75.4168 9181.9 -12.7907 -8.79082 199.398 35.4002 -13 1 1 0 1 0.499064 -0.530328 0.991618 0 0 0 
68.5745 -75.8895 9281.82 3.38629 6.59094 199.863 35.7774 -13 1 1 0 1 0.492844 -0.548829 -0.465733 0 0 0 
73.7073 -68.6297 9381.38 15.5844 22.9855 198.063 36.1547 -13 1 1 0 1 0.461787 -0.437659 -1.85064 0 0 0 
81.7655 -52.5731 9479.71 13.6338 40.8909 195.301 36.5319 -13 1 1 0 1 0.334352 -0.226469 -2.91292 0 0 0 
84.4128 -29.2898 9576.88 -5.23421 49.4818 193.712 36.9092 -13 1 1 0 1 0.0712943 -0.038194 -3.39483 0 0 0 
75.8484 -6.4087 9673.78 -28.0841 38.899 194.161 37.2864 -13 1 1 0 1 -0.196933 0.0037742 -3.17772 0 0 0 
58.348 7.58646 9771.16 -39.479 16.4593 195.373 37.6637 -13 1 1 0 1 -0.307788 -0.0503204 -2.34929 0 0 0 
38.3459 10.6505 9869.06 -39.3416 -2.73936 196.074 38.0409 -13 1 1 0 1 -0.25996 -0.0793961 -1.13446 0 0 0 
19.3595 6.65427 9967.15 -36.9034 -11.316 196.241 38.4182 -13 1 1 0 1 -0.140555 -0.0530777 0.241895 0 0 0 
0.903374 1.24843 10065.3 -37.4007 -8.42578 196.292 38.7954 -13 1 1 0 1 -0.0123539 -0.0137152 1.57446 0 0 0 
-18.0607 -0.0206212 10163.4 -37.8433 4.80785 196.329 39.1727 -13 1 1 0 1 0.0697529 -0.00625809 2.64914 0 0 0 
-35.7129 6.84365 10261.6 -31.1734 22.517 196.269 39.5499 -13 1 1 0 1 0.0369945 -0.0160137 3.24338 0 0 0 
-47.9116 21.3544 10359.7 -17.0134 33.5887 196.425 39.9272 -13 1 1 0 1 -0.111922 0.0385766 3.19422 0 0 0 
-53.171 38.3237 10458.1 -5.43998 32.4453 197.276 40.3044 -13 1 1 0 1 -0.274561 0.186211 2.49357 0 0 0 
-55.2807 52.5654 10557.1 -5.06833 23.8579 198.508 40.6817 -13 1 1 0 1 -0.376506 0.348148 1.31653 0 0 0 
-60.0159 61.7479 10656.5 -15.17 12.3838 199.04 41.0589 -13 1 1 0 1 -0.436708 0.442084 -0.0929234 0 0 0 
-71.0426 64.1052 10755.8 -28.6648 -4.19383 197.891 41.4362 -13 1 1 0 1 -0.47528 0.424197 -1.50635 0 0 0 
-87.3071 56.2214 10854.1 -33.8656 -28.3267 195.067 41.8134 -13 1 1 0 1 -0.428128 0.274104 -2.6924 0 0 0 
-101.596 35.9553 10950.9 -19.8121 -50.9862 192.375 42.1907 -13 1 1 0 1 -0.19473 0.0712648 -3.38793 0 0 0 
-104.693 8.50211 11046.9 8.12383 -54.6415 192.22 42.5679 -13 1 1 0 1 0.167489 -0.00765797 -3.3881 0 0 0 
-94.6858 -14.8976 11143.6 29.2543 -36.3333 194.485 42.9452 -13 1 1 0 1 0.435668 0.076333 -2.70065 0 0 0 
-78.3897 -26.8071 11241.4 33.3804 -11.6791 196.849 43.3225 -13 1 1 0 1 0.503909 0.180258 -1.53401 0 0 0 
-62.8938 -27.7124 11340.2 28.0256 6.57481 197.918 43.6997 -13 1 1 0 1 0.444057 0.203506 -0.143168 0 0 0 
-50.1398 -21.6944 11439.2 23.7905 16.1063 197.927 44.077 -13 1 1 0 1 0.332121 0.152566 1.25021 0 0 0 
-38.1052 -13.0064 11538.1 25.2838 17.1565 197.653 44.4542 -13 1 1 0 1 0.190527 0.0760474 2.42398 0 0 0 
-24.3473 -6.1035 11636.9 29.6592 8.9568 197.587 44.8315 -13 1 1 0 1 0.0530502 0.0262513 3.14306 0 0 0 
-9.1321 -5.12477 11735.7 30.124 -5.46704 197.644 45.2087 -13 1 1 0 1 -0.0112674 0.00675062 3.22905 0 0 0 
4.79864 -11.2455 11834.5 25.0405 -18.0682 197.603 45.586 -13 1 1 0 1 0.0215298 -0.0372667 2.66502 0 0 0 
16.0095 -21.9794 11933.3 20.5339 -23.6121 197.538 45.9632 -13 1 1 0 1 0.102626 -0.129848 1.5986 0 0 0 
26.4634 -33.7035 12032 22.6041 -22.1873 197.477 46.3405 -13 1 1 0 1 0.19035 -0.231681 0.256364 0 0 0 
39.7912 -42.9515 12130.7 31.508 -13.3534 197.051 46.7177 -13 1 1 0 1 0.27435 -0.284286 -1.1375 0 0 0 
58.0134 -45.374 12228.9 40.4365 5.38968 195.796 47.095 -13 1 1 0 1 0.315401 -0.233902 -2.36985 0 0 0 
78.1905 -36.3833 12326.4 37.3663 30.7013 194.066 47.4722 -13 1 1 0 1 0.214818 -0.0881048 -3.20453 0 0 0 
92.4584 -16.098 12423.2 17.5347 47.5343 193.477 47.8495 -13 1 1 0 1 -0.0661793 0.0202387 -3.41022 0 0 0 
95.1574 7.56345 12520.3 -5.6031 43.6379 195.102 48.2267 -13 1 1 0 1 -0.376891 -0.0253931 -2.91128 0 0 0 
90.5223 22.6312 12600.5 -15.2439 29.1078 197.283 48.5353 -13 1 1 0 1 -0.527539 -0.130433 -2.06871 0 0 0 
90.5223 22.6313 12600.5 -15.244 29.1076 197.283 48.5353 -13 1 1 0 1 -0.52754 -0.130434 -2.0687 0 0 0 
82.7211 32.1033 12699.7 -14.134 9.08259 199.294 48.9126 -13 1 1 0 1 -0.574636 -0.224625 -0.731742 0 0 0 
77.3203 32.2722 12799.5 -7.43058 -7.82755 199.709 49.2898 -13 1 1 0 1 -0.536222 -0.228141 0.713461 0 0 0 
74.5587 24.8178 12899.2 -4.97679 -21.3513 198.796 49.6671 -13 1 1 0 1 -0.430181 -0.149842 2.04106 0 0 0 
70.6991 11.973 12998.3 -12.0438 -28.3982 197.608 50.0443 -13 1 1 0 1 -0.234354 -0.0472119 2.99436 0 0 0 
61.5818 -1.43691 13096.9 -24.413 -22.8838 197.182 50.4216 -13 1 1 0 1 0.00503819 -0.00655002 3.33914 0 0 0 
47.2614 -8.99548 13195.6 -31.2404 -6.25764 197.447 50.7988 -13 1 1 0 1 0.163983 -0.0358236 2.99103 0 0 0 
31.9281 -7.5995 13294.3 -28.9679 11.1033 197.58 51.1761 -13 1 1 0 1 0.18946 -0.0492155 2.0688 0 0 0 
18.6487 0.963768 13393.1 -24.5468 21.8578 197.282 51.5533 -13 1 1 0 1 0.133468 0.000764073 0.801235 0 0 0 
6.45735 12.9861 13491.6 -25.4477 24.9561 196.799 51.9306 -13 1 1 0 1 0.0478419 0.0834939 -0.585749 0 0 0 
-7.96602 24.495 13589.9 -33.0768 19.433 196.287 52.3078 -13 1 1 0 1 -0.0460408 0.136645 -1.88245 0 0 0 
-26.7118 30.6357 13687.9 -41.0707 3.45026 195.708 52.6851 -13 1 1 0 1 -0.0990513 0.102325 -2.86629 0 0 0 
-47.3086 26.9458 13785.6 -39.0183 -18.1505 195.316 53.0623 -13 1 1 0 1 -0.024223 0.000449313 -3.31817 0 0 0 
-63.6712 13.8032 13883.3 -25.1701 -32.0741 195.801 53.4396 -13 1 1 0 1 0.183391 -0.0524704 -3.09794 0 0 0 
-72.4293 -2.48319 13981.6 -10.9275 -30.649 197.336 53.8168 -13 1 1 0 1 0.39798 0.00354024 -2.2537 0 0 0 
-76.2319 -15.0873 14080.7 -6.03763 -18.6812 199.035 54.1941 -13 1 1 0 1 0.522614 0.0964208 -0.992275 0 0 0 
-79.8161 -20.4978 14180.5 -9.01688 -2.51011 199.782 54.5713 -13 1 1 0 1 0.562938 0.13975 0.442001 0 0 0 
-85.1518 -17.2194 14280.2 -11.3782 15.8517 199.047 54.9486 -13 1 1 0 1 0.522726 0.101332 1.8202 0 0 0 
-89.5322 -4.91543 14379.3 -4.05064 32.3002 197.334 55.3258 -13 1 1 0 1 0.35399 0.0134992 2.89204 0 0 0 
-87.4049 12.9987 14477.7 13.4986 36.4197 196.193 55.7031 -13 1 1 0 1 0.0590632 -0.0173512 3.39362 0 0 0 
-76.4685 28.4574 14575.8 28.5079 22.9063 196.629 56.0803 -13 1 1 0 1 -0.215593 0.0699447 3.18074 0 0 0 
-61.2461 34.5923 14674.4 30.0609 1.56768 197.723 56.4576 -13 1 1 0 1 -0.337325 0.180906 2.33022 0 0 0 
-47.9855 30.7915 14773.4 22.3443 -15.58 198.137 56.8348 -13 1 1 0 1 -0.333247 0.206954 1.08249 0 0 0 
-38.6568 20.1632 14872.4 15.9344 -25.9414 197.67 57.2121 -13 1 1 0 1 -0.280197 0.142878 -0.317289 0 0 0 
-30.6671 5.75661 14971 17.6221 -30.6986 196.844 57.5893 -13 1 1 0 1 -0.200075 0.0389501 -1.65225 0 0 0 
-19.6025 -9.234 15069.3 27.6131 -27.5904 196.155 57.9666 -13 1 1 0 1 -0.0933092 -0.0339762 -2.70061 0 0 0 
-2.9274 -19.999 15167.2 38.2476 -13.8145 195.823 58.3438 -13 1 1 0 1 -0.0148958 -0.0166198 -3.24182 0 0 0 
17.0627 -22.162 15265.1 39.7985 5.01188 195.937 58.7211 -13 1 1 0 1 -0.0495152 0.0567841 -3.13603 0 0 0 
35.3401 -16.1438 15363.3 32.511 17.1884 196.591 59.0984 -13 1 1 0 1 -0.187368 0.0877753 -2.40918 0 0 0 
49.612 -7.01589 15461.8 25.273 17.3961 197.634 59.4756 -13 1 1 0 1 -0.336564 0.0525354 -1.23472 0 0 0 
61.5197 -0.392401 15560.9 23.1603 7.71348 198.506 59.8529 -13 1 1 0 1 -0.440398 0.00921787 0.15357 0 0 0 
73.0749 -0.49365 15660.2 22.6759 -9.08391 198.504 60.2301 -13 1 1 0 1 -0.47406 0.0116786 1.54056 0 0 0 
83.0284 -9.95719 15759.2 15.3159 -28.4879 197.368 60.6074 -13 1 1 0 1 -0.382381 0.0570745 2.69256 0 0 0 
86.4787 -27.575 15857.5 -2.93726 -39.4428 196.051 60.9846 -13 1 1 0 1 -0.133282 0.0557749 3.34819 0 0 0 
79.9362 -46.2713 15955.5 -21.9156 -32.2858 196.158 61.3619 -13 1 1 0 1 0.159626 -0.0790555 3.30663 0 0 0 
66.9537 -57.7967 16053.9 -27.1647 -13.039 197.718 61.7391 -13 1 1 0 1 0.331332 -0.274306 2.57607 0 0 0 
55.1753 -59.6141 16153.1 -18.3652 4.80727 199.098 62.1164 -13 1 1 0 1 0.368427 -0.387872 1.37139 0 0 0 
49.2148 -53.9657 16252.8 -5.71448 17.0791 199.189 62.4936 -13 1 1 0 1 0.354767 -0.37876 -0.0395656 0 0 0 
48.547 -42.8671 16352.1 1.55311 27.2367 198.132 62.8709 -13 1 1 0 1 0.323941 -0.274769 -1.4312 0 0 0 
48.8706 -26.9247 16450.8 -2.37975 35.9251 196.734 63.2481 -13 1 1 0 1 0.24123 -0.121608 -2.56911 0 0 0 
44.2904 -8.25641 16549 -17.1748 36.7528 195.844 63.6254 -13 1 1 0 1 0.0907432 -0.0080865 -3.21564 0 0 0 
31.5508 7.61254 16646.8 -32.8052 24.7872 195.729 64.0026 -13 1 1 0 1 -0.040326 -0.00615751 -3.21566 0 0 0 
13.1593 15.5196 16744.8 -38.8829 6.93224 196.063 64.3799 -13 1 1 0 1 -0.0503638 -0.0664407 -2.57886 0 0 0 
2.1736 16.276 16800.5 -38.1036 -1.12655 196.335 64.5942 -13 1 1 0 1 -0.00357577 -0.0904927 -1.99393 0 0 0 
2.17341 16.276 16800.5 -38.1036 -1.12667 196.335 64.5942 -13 1 1 0 1 -0.00357476 -0.0904929 -1.99392 0 0 0 
-15.9537 13.7609 16898.8 -34.3349 -7.04524 196.906 64.9715 -13 1 1 0 1 0.118008 -0.0940087 -0.725254 0 0 0 
-32.3942 11.0725 16997.4 -31.6872 -1.99058 197.465 65.3487 -13 1 1 0 1 0.232723 -0.0781736 0.661851 0 0 0 
-47.5445 13.2702 17096.2 -28.2821 11.9363 197.631 65.726 -13 1 1 0 1 0.288269 -0.0815653 1.96426 0 0 0 
-59.4685 23.5118 17194.9 -17.8213 28.6364 197.137 66.1032 -13 1 1 0 1 0.222524 -0.0893249 2.94603 0 0 0 
-63.9871 40.4563 17293.3 0.405365 36.7942 196.587 66.4805 -13 1 1 0 1 0.027298 -0.0165928 3.36449 0 0 0 
-59.6205 57.7404 17391.7 15.302 30.1451 197.123 66.8577 -13 1 1 0 1 -0.179213 0.177173 3.08295 0 0 0 
-51.1045 69.3734 17490.6 16.2099 16.1822 198.685 67.235 -13 1 1 0 1 -0.284638 0.391227 2.16578 0 0 0 
-45.4819 74.3531 17590.3 4.87863 4.39311 199.893 67.6122 -13 1 1 0 1 -0.312412 0.513213 0.854797 0 0 0 
-46.9278 74.1259 17690.3 -10.6987 -5.43828 199.641 67.9895 -13 1 1 0 1 -0.329708 0.518343 -0.590395 0 0 0 
-55.5271 68.2649 17789.7 -22.2812 -18.9796 197.848 68.3667 -13 1 1 0 1 -0.336391 0.40594 -1.94622 0 0 0 
-66.9898 54.3937 17888 -20.6996 -36.5689 195.537 68.744 -13 1 1 0 1 -0.254597 0.195107 -2.95997 0 0 0 
-73.3416 32.8541 17985.4 -2.4353 -47.1748 194.343 69.1212 -13 1 1 0 1 -0.0388917 0.00394019 -3.3894 0 0 0 
-68.5491 10.2963 18082.7 20.9277 -40.0184 194.836 69.4985 -13 1 1 0 1 0.196105 -0.0421885 -3.12029 0 0 0 
-54.1949 -5.10583 18180.4 34.2011 -20.8214 195.952 69.8757 -13 1 1 0 1 0.293899 0.0175945 -2.25512 0 0 0 
-36.3136 -10.9362 18278.5 36.0036 -3.77961 196.698 70.253 -13 1 1 0 1 0.244449 0.0667035 -1.0162 0 0 0 
-18.7981 -10.5426 18377 34.0099 3.54805 197.056 70.6302 -13 1 1 0 1 0.127724 0.0679363 0.365422 0 0 0 
-2.15707 -9.16195 18475.6 32.6381 0.306808 197.32 71.0075 -13 1 1 0 1 0.00635607 0.0505823 1.68612 0 0 0 
13.5567 -11.6503 18574.3 29.4786 -11.2589 197.496 71.3847 -13 1 1 0 1 -0.0650751 0.0411396 2.72042 0 0 0 
26.2585 -20.7224 18673 20.2159 -24.5158 197.461 71.762 -13 1 1 0 1 -0.0361745 0.0127638 3.2442 0 0 0 
33.134 -34.9507 18771.8 7.40579 -30.7675 197.482 72.1392 -13 1 1 0 1 0.071732 -0.0936312 3.10618 0 0 0 
34.6257 -49.9964 18870.6 0.186536 -28.3455 197.982 72.5165 -13 1 1 0 1 0.172783 -0.267649 2.33004 0 0 0 
35.1871 -62.7485 18969.8 3.9044 -22.4892 198.695 72.8937 -13 1 1 0 1 0.231609 -0.428894 1.10871 0 0 0 
40.0989 -72.3004 19069.2 16.9319 -15.2553 198.699 73.271 -13 1 1 0 1 0.279793 -0.517032 -0.310109 0 0 0 
52.736 -77.0018 19168.2 33.4666 -1.99263 197.171 73.6482 -13 1 1 0 1 0.331173 -0.492787 -1.70856 0 0 0 
72.3071 -72.5083 19266.1 42.3182 21.5024 194.287 74.0255 -13 1 1 0 1 0.314806 -0.320932 -2.84999 0 0 0 
91.593 -55.1253 19362.6 31.0072 46.7444 191.974 74.4027 -13 1 1 0 1 0.116662 -0.0707382 -3.47127 0 0 0 
100.409 -28.7555 19458.6 3.00945 54.5982 192.381 74.78 -13 1 1 0 1 -0.221013 0.0668407 -3.38958 0 0 0 
95.317 -4.48377 19555.3 -21.1091 39.5354 194.915 75.1572 -13 1 1 0 1 -0.480366 0.0283088 -2.63806 0 0 0 
82.0281 9.37159 19653.4 -29.5655 15.896 197.164 75.5345 -13 1 1 0 1 -0.546325 -0.0561109 -1.44127 0 0 0 
67.3794 12.2933 19752.3 -28.343 -2.83938 197.962 75.9117 -13 1 1 0 1 -0.478449 -0.08046 -0.055128 0 0 0 
53.6039 8.04199 19851.2 -27.3803 -12.5828 197.718 76.289 -13 1 1 0 1 -0.346982 -0.0436233 1.30649 0 0 0 
39.2514 1.38353 19949.9 -30.6183 -12.2746 197.262 76.6662 -13 1 1 0 1 -0.182397 0.0044749 2.41451 0 0 0 
22.9129 -2.49549 20048.5 -34.1827 -1.76083 197.051 77.0435 -13 1 1 0 1 -0.0379182 0.0169862 3.03492 0 0 0 
6.09992 0.466839 20147 -31.8612 13.6534 196.975 77.4207 -13 1 1 0 1 0.0115729 0.01375 3.00861 0 0 0 
-8.10282 10.4559 20245.5 -24.7424 25.0819 196.874 77.798 -13 1 1 0 1 -0.0383904 0.0617374 2.33522 0 0 0 
-19.1866 24.2087 20343.9 -20.7769 28.6541 196.845 78.1752 -13 1 1 0 1 -0.128034 0.172274 1.17465 0 0 0 
-30.3956 37.922 20442.3 -25.666 24.968 196.77 78.5525 -13 1 1 0 1 -0.225352 0.291874 -0.250808 0 0 0 
-46.1517 47.6274 20540.6 -38.0366 11.8537 195.993 78.9297 -13 1 1 0 1 -0.32948 0.351771 -1.73707 0 0 0 
-67.9408 47.4312 20638.1 -47.1309 -14.962 193.792 79.307 -13 1 1 0 1 -0.39359 0.286929 -3.07803 0 0 0 
-89.7156 31.3594 20734.2 -35.2613 -48.83 190.717 79.6842 -13 1 1 0 1 -0.299718 0.115242 -4.04286 0 0 0 
-98.8036 1.54731 20829 1.79039 -65.2961 189.034 80.0615 -13 1 1 0 1 -0.0328299 0.0072052 -4.42921 0 0 0 
-87.741 -28.1287 20923.7 39.9737 -48.2349 189.937 80.4387 -13 1 1 0 1 0.194212 0.0645031 -4.21769 0 0 0 
-62.8402 -43.5347 21019.1 55.1721 -12.4876 191.835 80.816 -13 1 1 0 1 0.224381 0.15428 -3.62292 0 0 0 
-36.2409 -41.4404 21115.4 48.7192 18.9482 193.049 81.1932 -13 1 1 0 1 0.137181 0.154001 -2.90836 0 0 0 
-15.4608 -26.759 21212 34.0146 37.7163 193.445 81.5705 -13 1 1 0 1 0.0519184 0.0867028 -2.23907 0 0 0 
-9.04321 -18.4313 21252.2 27.8903 42.2687 193.484 81.7271 -13 1 1 0 1 0.0283343 0.0547272 -1.9944 0 0 0 

# End of Event 1

