# ReferenceParticle
#x y z Px Py Pz t PDGid EventID TrackID ParentID Weight Bx By Bz Ex Ey Ez
# Event -1 Track 1
-0.000811901 0.00143502 0 -3.82564 -2.37079 221.754 0 -13 -1 1 0 1 0.0131322 -0.00756798 3.72516 0 0 0 
-1.84864 -0.538354 99.981 -4.16334 -0.0753421 221.761 0.369478 -13 -1 1 0 1 0.00467328 -0.00950815 3.33287 0 0 0 
-3.61812 -0.210424 199.965 -3.62097 1.30082 221.767 0.738956 -13 -1 1 0 1 -0.015036 -0.00815781 2.27202 0 0 0 
-5.12908 0.417457 299.951 -3.15237 1.25664 221.774 1.10843 -13 -1 1 0 1 -0.0348958 -0.00342781 0.804485 0 0 0 
-6.52273 0.739095 399.941 -3.06044 -0.00923343 221.779 1.47791 -13 -1 1 0 1 -0.0483393 -0.00230983 -0.795414 0 0 0 
-7.84409 0.277438 499.931 -2.65787 -2.13098 221.774 1.84739 -13 -1 1 0 1 -0.050024 -0.00911623 -2.26404 0 0 0 
-8.7206 -1.17183 599.916 -0.975805 -4.14973 221.759 2.21687 -13 -1 1 0 1 -0.0327002 -0.0183537 -3.32678 0 0 0 
-8.55525 -3.20248 699.894 1.75958 -4.46725 221.748 2.58635 -13 -1 1 0 1 -4.31268e-05 -0.015175 -3.72083 0 0 0 
-7.25181 -4.86322 799.871 3.73961 -2.62734 221.753 2.95582 -13 -1 1 0 1 0.0270282 0.00464312 -3.32901 0 0 0 
-5.47971 -5.47688 899.853 3.82589 -0.146972 221.767 3.3253 -13 -1 1 0 1 0.034462 0.0250045 -2.26804 0 0 0 
-3.9717 -5.12387 999.841 2.79402 1.53353 221.777 3.69478 -13 -1 1 0 1 0.0282304 0.0322253 -0.800481 0 0 0 
-2.93583 -4.24197 1099.83 1.89883 2.2418 221.781 4.06426 -13 -1 1 0 1 0.0176264 0.0267045 0.799205 0 0 0 
-2.1428 -3.20949 1199.82 1.75609 2.22266 221.782 4.43374 -13 -1 1 0 1 0.00536691 0.0143088 2.26737 0 0 0 
-1.25403 -2.35418 1299.82 2.24521 1.42993 221.784 4.80321 -13 -1 1 0 1 -0.00692258 0.00153435 3.32954 0 0 0 
-0.127366 -2.03648 1399.81 2.67937 -0.109884 221.784 5.17269 -13 -1 1 0 1 -0.0131242 -0.00756336 3.72341 0 0 0 
1.07406 -2.46904 1499.8 2.5664 -1.75106 221.778 5.54217 -13 -1 1 0 1 -0.00823582 -0.0158241 3.33237 0 0 0 
2.16515 -3.51642 1599.79 2.32164 -2.75869 221.771 5.91165 -13 -1 1 0 1 0.00397219 -0.0272477 2.27239 0 0 0 
3.26627 -4.83334 1699.77 2.71391 -2.9488 221.764 6.28113 -13 -1 1 0 1 0.0171487 -0.0395008 0.805321 0 0 0 
4.75222 -6.04149 1799.76 4.00749 -2.23197 221.753 6.6506 -13 -1 1 0 1 0.0288748 -0.0462124 -0.794526 0 0 0 
6.92791 -6.64703 1899.73 5.58357 -0.20509 221.73 7.02008 -13 -1 1 0 1 0.0353101 -0.0395398 -2.26718 0 0 0 
9.59605 -6.0343 1999.69 5.89544 3.03179 221.701 7.38956 -13 -1 1 0 1 0.0243882 -0.0166695 -3.33092 0 0 0 
11.8666 -3.99535 2099.64 3.79625 5.6986 221.694 7.75904 -13 -1 1 0 1 -0.0129689 0.0075244 -3.7264 0 0 0 
12.8403 -1.31946 2199.6 0.554464 5.64749 221.727 8.12851 -13 -1 1 0 1 -0.0605528 0.0124834 -3.33608 0 0 0 
12.5658 0.713081 2299.58 -1.44674 3.10034 221.774 8.49799 -13 -1 1 0 1 -0.091167 0.00210778 -2.27596 0 0 0 
11.8006 1.37695 2399.57 -1.75267 -0.14566 221.793 8.86747 -13 -1 1 0 1 -0.098483 -0.00412434 -0.808453 0 0 0 
11.0312 0.642828 2499.57 -1.75404 -3.0062 221.773 9.23695 -13 -1 1 0 1 -0.0900374 0.00306696 0.791796 0 0 0 
10.0311 -1.19577 2599.54 -2.96361 -4.92015 221.726 9.60643 -13 -1 1 0 1 -0.0674956 0.0187951 2.26464 0 0 0 
8.12586 -3.48321 2699.5 -5.6432 -4.7719 221.677 9.9759 -13 -1 1 0 1 -0.0317507 0.0272209 3.32858 0 0 0 
4.98602 -5.06177 2799.44 -8.01504 -1.81464 221.648 10.3454 -13 -1 1 0 1 -0.000118025 0.0152749 3.72471 0 0 0 
1.26845 -4.93229 2899.37 -8.03725 2.34565 221.642 10.7149 -13 -1 1 0 1 0.00541078 -0.00481261 3.33628 0 0 0 
-1.98641 -3.17158 2999.3 -6.29167 5.092 221.652 11.0843 -13 -1 1 0 1 -0.0115126 -0.00982028 2.2789 0 0 0 
-4.47935 -0.680597 3099.23 -4.99385 5.62302 221.672 11.4538 -13 -1 1 0 1 -0.0322229 0.00279801 0.813841 0 0 0 
-6.74087 1.64032 3199.18 -5.30791 4.4124 221.693 11.8233 -13 -1 1 0 1 -0.0476593 0.0196685 -0.78544 0 0 0 
-9.42776 3.0568 3299.13 -6.65315 1.59497 221.694 12.1928 -13 -1 1 0 1 -0.0533907 0.0269089 -2.2594 0 0 0 
-12.6127 2.86878 3399.08 -7.15592 -2.55035 221.67 12.5623 -13 -1 1 0 1 -0.0368135 0.0184945 -3.32676 0 0 0 
-15.5129 0.84134 3499.02 -5.32349 -6.10393 221.652 12.9317 -13 -1 1 0 1 0.0125274 0.00761848 -3.72745 0 0 0 
-17.2341 -2.16335 3598.96 -2.36253 -6.62109 221.689 13.3012 -13 -1 1 0 1 0.0775382 0.0146232 -3.34315 0 0 0 
-17.8856 -4.65737 3698.92 -0.926232 -4.06345 221.761 13.6707 -13 -1 1 0 1 0.127427 0.0347004 -2.28643 0 0 0 
-18.4078 -5.6134 3798.92 -1.65798 -0.0345913 221.794 14.0402 -13 -1 1 0 1 0.153575 0.0456591 -0.819684 0 0 0 
-19.4528 -4.57726 3898.9 -2.84091 4.75588 221.731 14.4096 -13 -1 1 0 1 0.162083 0.0347363 0.781837 0 0 0 
-20.6363 -1.24691 3998.84 -1.82603 9.99033 221.567 14.7791 -13 -1 1 0 1 0.146362 0.00409514 2.25806 0 0 0 
-20.4803 4.17584 4098.69 3.16753 13.4587 221.369 15.1486 -13 -1 1 0 1 0.0915028 -0.022547 3.32803 0 0 0 
-17.4643 10.0889 4198.46 10.1205 11.7533 221.257 15.5181 -13 -1 1 0 1 0.0142493 -0.00821734 3.7313 0 0 0 
-11.8521 14.0313 4298.22 13.9008 5.29623 221.301 15.8876 -13 -1 1 0 1 -0.0327598 0.0452402 3.35022 0 0 0 
-5.71998 14.8983 4398.03 12.6157 -1.01939 221.439 16.257 -13 -1 1 0 1 -0.0285678 0.0905031 2.29798 0 0 0 
-0.805006 13.6538 4497.9 9.12321 -3.87392 221.578 16.6265 -13 -1 1 0 1 -0.000753422 0.100686 0.83536 0 0 0 
2.61578 11.8808 4597.82 6.26669 -3.5904 221.682 16.996 -13 -1 1 0 1 0.023757 0.0856817 -0.764379 0 0 0 
5.02971 10.6714 4697.78 4.59085 -1.59571 221.747 17.3655 -13 -1 1 0 1 0.0347963 0.0596834 -2.24198 0 0 0 
6.8222 10.5158 4797.77 3.37347 0.88757 221.773 17.7349 -13 -1 1 0 1 0.0271704 0.0270942 -3.3166 0 0 0 
8.0762 11.3665 4897.76 2.23302 2.68621 221.773 18.1044 -13 -1 1 0 1 0.000737936 -0.0141382 -3.72612 0 0 0 
8.95522 12.7299 4997.74 1.8935 3.14111 221.77 18.4739 -13 -1 1 0 1 -0.0340704 -0.061534 -3.35093 0 0 0 
10.0444 14.0409 5097.73 3.25164 2.539 221.762 18.8434 -13 -1 1 0 1 -0.0670326 -0.102641 -2.30171 0 0 0 
12.1448 14.8873 5197.7 6.29396 1.01203 221.708 19.2129 -13 -1 1 0 1 -0.098573 -0.12532 -0.839146 0 0 0 
15.8297 14.6645 5297.63 10.0206 -2.4522 221.56 19.5823 -13 -1 1 0 1 -0.130501 -0.122584 0.761674 0 0 0 
20.9281 12.1907 5397.47 12.0078 -9.05223 221.29 19.9518 -13 -1 1 0 1 -0.147348 -0.0875642 2.24122 0 0 0 
25.8397 6.23761 5497.16 8.65154 -17.2346 220.96 20.3213 -13 -1 1 0 1 -0.113036 -0.0319226 3.32044 0 0 0 
27.8022 -2.73027 5596.73 -0.595709 -21.3503 220.769 20.6908 -13 -1 1 0 1 -0.0168516 -0.00723981 3.73739 0 0 0 
25.3183 -11.7887 5696.28 -9.73479 -17.6342 220.884 21.0602 -13 -1 1 0 1 0.0811709 -0.050064 3.37181 0 0 0 
19.9995 -18.0152 5795.94 -12.6636 -9.87961 221.218 21.4297 -13 -1 1 0 1 0.119645 -0.121342 2.33007 0 0 0 
14.7844 -20.98 5895.75 -9.80163 -3.8188 221.551 21.7992 -13 -1 1 0 1 0.107599 -0.166448 0.870632 0 0 0 
11.4882 -21.9342 5995.69 -4.70682 -0.812248 221.749 22.1687 -13 -1 1 0 1 0.0823793 -0.172291 -0.732573 0 0 0 
10.4856 -21.8985 6095.68 0.0471641 0.942992 221.798 22.5382 -13 -1 1 0 1 0.0597271 -0.141861 -2.21927 0 0 0 
11.2059 -21.0263 6195.68 2.64529 2.99157 221.764 22.9076 -13 -1 1 0 1 0.0322384 -0.0771471 -3.30819 0 0 0 
12.3462 -19.2633 6295.65 1.83647 4.56934 221.745 23.2771 -13 -1 1 0 1 -0.0109982 0.00420838 -3.73261 0 0 0 
12.4738 -17.2918 6395.63 -1.49679 3.66529 221.765 23.6466 -13 -1 1 0 1 -0.0576352 0.0709862 -3.37095 0 0 0 
10.9579 -16.3494 6495.62 -5.16272 0.243895 221.74 24.0161 -13 -1 1 0 1 -0.0799409 0.112851 -2.3305 0 0 0 
7.85175 -17.1203 6595.56 -8.67428 -3.49892 221.603 24.3855 -13 -1 1 0 1 -0.0673033 0.141137 -0.872945 0 0 0 
2.97751 -19.1658 6695.42 -13.1979 -4.98712 221.351 24.755 -13 -1 1 0 1 -0.026708 0.159651 0.726516 0 0 0 
-4.20961 -20.892 6795.14 -18.6503 -1.6848 221.008 25.1245 -13 -1 1 0 1 0.0265176 0.150176 2.2093 0 0 0 
-13.4362 -19.7828 6894.7 -21.3511 7.41722 220.645 25.494 -13 -1 1 0 1 0.0531874 0.0930177 3.29939 0 0 0 
-22.3122 -13.9574 6994.13 -16.659 17.9991 220.44 25.8635 -13 -1 1 0 1 0.00528003 0.0184945 3.73459 0 0 0 
-27.5916 -4.51453 7093.53 -6.45446 22.4338 220.568 26.2329 -13 -1 1 0 1 -0.0988154 -0.00220915 3.39191 0 0 0 
-28.4998 5.05047 7193.06 1.47332 19.003 220.98 26.6024 -13 -1 1 0 1 -0.182049 0.0436781 2.36789 0 0 0 
-27.2739 12.1593 7292.79 2.89769 12.4183 221.433 26.9719 -13 -1 1 0 1 -0.210936 0.103632 0.917442 0 0 0 
-26.6243 16.3004 7392.7 -0.529426 6.03422 221.717 27.3414 -13 -1 1 0 1 -0.205941 0.136092 -0.686266 0 0 0 
-27.9121 17.5859 7492.68 -5.01339 -0.444942 221.743 27.7108 -13 -1 1 0 1 -0.179412 0.125115 -2.18357 0 0 0 
-30.6844 15.8218 7592.62 -6.48749 -7.29799 221.585 28.0803 -13 -1 1 0 1 -0.113683 0.0720092 -3.29349 0 0 0 
-32.9723 11.399 7692.49 -2.91242 -11.4943 221.483 28.4498 -13 -1 1 0 1 0.00318378 0.0110681 -3.7447 0 0 0 
-32.9928 6.42119 7792.37 2.70869 -9.48223 221.581 28.8193 -13 -1 1 0 1 0.130188 -0.0163431 -3.40652 0 0 0 
-30.9381 3.61608 7892.3 5.8055 -2.46541 221.711 29.1888 -13 -1 1 0 1 0.209104 -0.0188611 -2.37892 0 0 0 
-28.1713 4.34465 7992.26 6.28266 5.6117 221.64 29.5582 -13 -1 1 0 1 0.229369 -0.0324058 -0.92628 0 0 0 
-25.1261 8.47067 8092.12 7.71542 12.3383 221.322 29.9277 -13 -1 1 0 1 0.207828 -0.0683926 0.675142 0 0 0 
-20.5804 14.9767 8191.8 13.2253 15.703 220.848 30.2972 -13 -1 1 0 1 0.148795 -0.104912 2.16601 0 0 0 
-12.7028 21.5967 8291.26 21.8231 12.2614 220.383 30.6667 -13 -1 1 0 1 0.0645083 -0.095234 3.27141 0 0 0 
-1.4163 24.8343 8390.56 27.028 1.1612 220.144 31.0361 -13 -1 1 0 1 0.0136964 -0.0170027 3.73116 0 0 0 
10.3175 22.4854 8489.82 23.6209 -10.9406 220.267 31.4056 -13 -1 1 0 1 0.0477944 0.0705432 3.41652 0 0 0 
19.1266 16.0396 8589.22 15.301 -16.2316 220.676 31.7751 -13 -1 1 0 1 0.130543 0.0950151 2.41508 0 0 0 
24.4762 8.98217 8688.82 9.17648 -14.1143 221.16 32.1446 -13 -1 1 0 1 0.196992 0.0634901 0.97881 0 0 0 
28.0982 3.91606 8788.62 7.52131 -7.90841 221.532 32.5141 -13 -1 1 0 1 0.226735 0.0232528 -0.620924 0 0 0 
31.5536 2.14984 8888.54 7.77705 0.294904 221.664 32.8835 -13 -1 1 0 1 0.216467 0.00405726 -2.12597 0 0 0 
34.7739 4.20284 8988.46 5.88065 8.53411 221.558 33.253 -13 -1 1 0 1 0.147397 0.00411281 -3.25868 0 0 0 
36.2985 9.22899 9088.32 0.495783 12.7077 221.435 33.6225 -13 -1 1 0 1 0.0171739 -0.0108334 -3.74587 0 0 0 
35.2986 14.5924 9188.17 -4.35543 9.99738 221.532 33.992 -13 -1 1 0 1 -0.121374 -0.0641481 -3.44271 0 0 0 
33.1474 17.5841 9288.1 -4.26287 2.93474 221.74 34.3614 -13 -1 1 0 1 -0.211528 -0.122806 -2.43827 0 0 0 
32.0879 17.1681 9388.08 -0.0682168 -4.7468 221.749 34.7309 -13 -1 1 0 1 -0.253565 -0.142548 -0.993856 0 0 0 
33.0604 13.2771 9488 3.95089 -12.6437 221.404 35.1004 -13 -1 1 0 1 -0.26844 -0.112518 0.610482 0 0 0 
34.9059 5.64155 9587.68 3.05385 -21.2237 220.761 35.4699 -13 -1 1 0 1 -0.246712 -0.0452376 2.11513 0 0 0 
34.5883 -5.47235 9687.05 -5.76345 -27.0724 220.066 35.8394 -13 -1 1 0 1 -0.158995 0.0159599 3.2455 0 0 0 
29.0125 -17.3708 9786.17 -18.9372 -23.8564 219.699 36.2088 -13 -1 1 0 1 -0.02934 0.00207473 3.73834 0 0 0 
18.349 -25.5775 9885.24 -26.7661 -11.6633 219.87 36.5783 -13 -1 1 0 1 0.0481533 -0.0913437 3.45315 0 0 0 
6.39738 -27.908 9984.48 -24.8627 0.512377 220.402 36.9478 -13 -1 1 0 1 0.0293988 -0.178935 2.47645 0 0 0 
-3.3487 -26.1937 10084 -18.1418 5.80126 220.981 37.3173 -13 -1 1 0 1 -0.034769 -0.205452 1.05434 0 0 0 
-10.0724 -23.676 10183.7 -11.9758 4.52081 221.431 37.6867 -13 -1 1 0 1 -0.0887591 -0.187828 -0.542086 0 0 0 
-14.3662 -22.6272 10283.6 -7.18564 -0.156338 221.684 38.0562 -13 -1 1 0 1 -0.108878 -0.152186 -2.05588 0 0 0 
-16.5349 -23.8189 10383.6 -2.35231 -4.84244 221.735 38.4257 -13 -1 1 0 1 -0.0843083 -0.0979907 -3.21005 0 0 0 
-16.5082 -26.5186 10483.5 2.22913 -6.46237 221.695 38.7952 -13 -1 1 0 1 -0.0241222 -0.0101036 -3.73136 0 0 0 
-14.9993 -29.1001 10583.5 3.70726 -4.5788 221.722 39.1647 -13 -1 1 0 1 0.0366108 0.1021 -3.46617 0 0 0 
-13.8961 -30.5193 10683.5 0.448795 -1.78872 221.793 39.5341 -13 -1 1 0 1 0.0773297 0.19708 -2.49347 0 0 0 
-15.0954 -30.8101 10783.5 -6.12482 0.487582 221.715 39.9036 -13 -1 1 0 1 0.111373 0.246186 -1.06571 0 0 0 
-19.5621 -29.8692 10883.4 -13.6313 4.2058 221.341 40.2731 -13 -1 1 0 1 0.152806 0.246272 0.535993 0 0 0 
-27.049 -26.3311 10983 -18.7951 12.3712 220.656 40.6426 -13 -1 1 0 1 0.185369 0.192515 2.05236 0 0 0 
-35.3579 -18.1044 11082.3 -16.3624 24.3079 219.856 41.012 -13 -1 1 0 1 0.155816 0.093617 3.21037 0 0 0 
-40.2335 -4.9904 11181.3 -3.89178 32.3669 219.392 41.3815 -13 -1 1 0 1 0.0303211 0.0189351 3.74125 0 0 0 
-38.4478 9.29579 11280.2 11.2319 29.01 219.608 41.751 -13 -1 1 0 1 -0.120219 0.0435338 3.49584 0 0 0 
-31.3367 19.9337 11379.4 18.5569 17.652 220.317 42.1205 -13 -1 1 0 1 -0.19134 0.134124 2.54649 0 0 0 
-23.1422 25.4159 11478.9 16.6111 7.40149 221.054 42.49 -13 -1 1 0 1 -0.176344 0.20521 1.13538 0 0 0 
-16.9985 27.374 11578.7 10.3355 2.04886 221.55 42.8594 -13 -1 1 0 1 -0.131028 0.225783 -0.462608 0 0 0 
-13.8601 27.7378 11678.6 3.74341 -0.168432 221.769 43.2289 -13 -1 1 0 1 -0.0887606 0.200329 -1.98869 0 0 0 
-13.3371 27.2821 11778.6 -0.947313 -1.90004 221.79 43.5984 -13 -1 1 0 1 -0.049256 0.130968 -3.16726 0 0 0 
-14.1687 26.0234 11878.6 -2.0679 -3.54278 221.762 43.9679 -13 -1 1 0 1 0.000843728 0.0300516 -3.72092 0 0 0 
-14.6569 24.3926 11978.6 0.349547 -3.19809 221.777 44.3373 -13 -1 1 0 1 0.057651 -0.068067 -3.49261 0 0 0 
-13.6294 23.5943 12078.6 4.30189 0.0640325 221.759 44.7068 -13 -1 1 0 1 0.0940146 -0.139511 -2.54992 0 0 0 
-10.7174 24.6327 12178.6 8.74287 4.50826 221.582 45.0763 -13 -1 1 0 1 0.0915814 -0.188217 -1.14045 0 0 0 
-5.52014 27.395 12278.4 14.6647 7.17747 221.199 45.4458 -13 -1 1 0 1 0.0525426 -0.219815 0.455469 0 0 0 
2.79306 30.319 12378 22.3377 4.63151 220.624 45.8153 -13 -1 1 0 1 -0.00976591 -0.215609 1.978 0 0 0 
14.3127 30.3943 12477.3 27.8114 -5.52557 219.981 46.1847 -13 -1 1 0 1 -0.0536181 -0.145166 3.15809 0 0 0 
26.4945 24.7142 12576.4 24.3766 -19.541 219.589 46.5542 -13 -1 1 0 1 -0.0120549 -0.0309691 3.7262 0 0 0 
34.8851 13.7269 12675.4 11.9747 -27.4337 219.771 46.9237 -13 -1 1 0 1 0.115627 0.0330584 3.52357 0 0 0 
37.3665 1.66181 12774.6 -0.0529069 -24.5209 220.441 47.2932 -13 -1 1 0 1 0.234878 0.0030832 2.6048 0 0 0 
36.01 -7.52799 12874.2 -4.60299 -15.8927 221.182 47.6626 -13 -1 1 0 1 0.283341 -0.064517 1.20905 0 0 0 
34.2001 -12.6785 12974 -2.70476 -7.1403 221.669 48.0321 -13 -1 1 0 1 0.277816 -0.109251 -0.388131 0 0 0 
33.8507 -14.1154 13074 1.06533 0.658129 221.797 48.4016 -13 -1 1 0 1 0.241172 -0.109924 -1.92653 0 0 0 
34.7641 -12.2006 13174 2.27162 7.57308 221.66 48.7711 -13 -1 1 0 1 0.163674 -0.0703926 -3.13087 0 0 0 
35.1966 -7.78985 13273.9 -1.00097 11.1092 221.52 49.1406 -13 -1 1 0 1 0.0371996 -0.0233059 -3.72142 0 0 0 
33.6227 -3.14927 13373.8 -5.7999 8.40877 221.565 49.51 -13 -1 1 0 1 -0.0977902 -0.00535379 -3.52865 0 0 0 
30.418 -0.920658 13473.7 -7.78822 1.05386 221.661 49.8795 -13 -1 1 0 1 -0.183561 -0.00626348 -2.61131 0 0 0 
27.0227 -2.28263 13573.6 -7.09212 -6.95536 221.578 50.249 -13 -1 1 0 1 -0.210029 0.00875618 -1.21654 0 0 0 
23.8648 -6.97017 13673.4 -7.42745 -13.5129 221.264 50.6185 -13 -1 1 0 1 -0.195916 0.0488953 0.376344 0 0 0 
19.6555 -14.0468 13773.1 -12.1014 -17.1824 220.803 50.9879 -13 -1 1 0 1 -0.146818 0.0926806 1.90667 0 0 0 
12.323 -21.5389 13872.5 -20.7426 -14.72 220.337 51.3574 -13 -1 1 0 1 -0.0691365 0.0943124 3.10558 0 0 0 
1.26135 -26.0742 13971.8 -27.2786 -4.27419 220.075 51.7269 -13 -1 1 0 1 -0.0144005 0.0218438 3.70451 0 0 0 
-10.9341 -25.0113 14071 -25.2594 8.57158 220.191 52.0964 -13 -1 1 0 1 -0.0432813 -0.0766921 3.53539 0 0 0 
-20.5266 -19.3339 14170.4 -16.8634 15.1371 220.64 52.4659 -13 -1 1 0 1 -0.132287 -0.119259 2.64756 0 0 0 
-26.321 -12.6234 14270 -9.47882 13.5039 221.186 52.8353 -13 -1 1 0 1 -0.210127 -0.0987545 1.27088 0 0 0 
-29.7316 -7.86443 14369.8 -6.27892 7.11108 221.598 53.2048 -13 -1 1 0 1 -0.246864 -0.0625238 -0.319278 0 0 0 
-32.2896 -6.48519 14469.8 -5.06696 -1.13012 221.74 53.5743 -13 -1 1 0 1 -0.239838 -0.0428822 -1.86348 0 0 0 
-34.0105 -8.80495 14569.7 -2.02073 -8.77159 221.618 53.9438 -13 -1 1 0 1 -0.175484 -0.0365486 -3.08825 0 0 0 
-33.651 -13.7089 14669.6 3.87835 -11.8973 221.447 54.3132 -13 -1 1 0 1 -0.0543737 -0.00940674 -3.71285 0 0 0 
-30.6994 -18.4872 14769.5 8.53393 -8.29587 221.481 54.6827 -13 -1 1 0 1 0.0715554 0.0581847 -3.55547 0 0 0 
-26.8006 -20.6529 14869.3 7.79703 -1.15287 221.661 55.0522 -13 -1 1 0 1 0.148263 0.128735 -2.66631 0 0 0 
-24.3106 -19.6396 14969.3 2.88355 5.40543 221.716 55.4217 -13 -1 1 0 1 0.17928 0.156635 -1.28379 0 0 0 
-24.1994 -15.9201 15069.2 -2.04846 11.0823 221.514 55.7912 -13 -1 1 0 1 0.190422 0.13523 0.304674 0 0 0 
-25.5742 -9.56646 15169 -3.12194 17.1821 221.112 56.1606 -13 -1 1 0 1 0.180595 0.0782389 1.84555 0 0 0 
-26.0147 -0.576242 15268.6 2.31273 22.1367 220.681 56.5301 -13 -1 1 0 1 0.125012 0.015852 3.0647 0 0 0 
-22.7295 9.46282 15368 12.5548 21.0102 220.446 56.8996 -13 -1 1 0 1 0.0289393 0.00291423 3.68952 0 0 0 
-15.0866 17.173 15467.4 20.2732 12.256 220.532 57.2691 -13 -1 1 0 1 -0.039665 0.060162 3.54637 0 0 0 
-5.63352 20.2957 15566.9 20.4368 2.03872 220.848 57.6385 -13 -1 1 0 1 -0.031658 0.130228 2.67991 0 0 0 
2.60857 19.7908 15666.6 15.7682 -3.22768 221.216 58.008 -13 -1 1 0 1 0.0222884 0.159407 1.31614 0 0 0 
8.55865 18.2565 15766.4 10.7787 -2.78993 221.521 58.3775 -13 -1 1 0 1 0.0732602 0.153481 -0.265226 0 0 0 
12.452 17.7804 15866.3 6.53224 1.00028 221.702 58.747 -13 -1 1 0 1 0.0969465 0.134197 -1.81119 0 0 0 
14.3721 19.2123 15966.3 1.82787 5.1319 221.734 59.1165 -13 -1 1 0 1 0.0814083 0.101575 -3.04699 0 0 0 
14.0327 21.9803 16066.2 -3.20753 6.49582 221.682 59.4859 -13 -1 1 0 1 0.0319525 0.0374732 -3.69234 0 0 0 
11.8585 24.5054 16166.2 -5.75699 4.25291 221.685 59.8554 -13 -1 1 0 1 -0.0180576 -0.0568865 -3.56471 0 0 0 
9.537 25.6702 16266.1 -3.81866 1.02178 221.765 60.2249 -13 -1 1 0 1 -0.0443953 -0.144077 -2.7019 0 0 0 
8.90077 25.6289 16366.1 1.32825 -0.994899 221.794 60.5944 -13 -1 1 0 1 -0.0586528 -0.192425 -1.33407 0 0 0 
10.8712 24.8104 16466.1 7.40332 -2.81879 221.659 60.9638 -13 -1 1 0 1 -0.0788905 -0.199609 0.251809 0 0 0 
15.402 22.7188 16566 12.2644 -7.03538 221.35 61.3333 -13 -1 1 0 1 -0.10107 -0.166427 1.79942 0 0 0 
21.2559 17.9683 16665.7 12.6361 -14.3805 220.973 61.7028 -13 -1 1 0 1 -0.0930327 -0.0942826 3.03459 0 0 0 
25.6989 9.88181 16765.3 5.94496 -20.7633 220.747 62.0723 -13 -1 1 0 1 -0.0225834 -0.0210806 3.68038 0 0 0 
26.042 0.315257 16864.8 -4.39711 -20.2942 220.827 62.4418 -13 -1 1 0 1 0.0791477 -0.0068411 3.55875 0 0 0 
22.316 -7.41604 16964.4 -11.0815 -13.38 221.119 62.8112 -13 -1 1 0 1 0.138597 -0.0498048 2.70609 0 0 0 
17.0052 -11.6808 17064.2 -11.6075 -5.89095 221.418 63.1807 -13 -1 1 0 1 0.135487 -0.0951413 1.34779 0 0 0 
12.3546 -13.2083 17164.1 -8.7498 -1.45201 221.623 63.5502 -13 -1 1 0 1 0.103026 -0.113501 -0.233389 0 0 0 
9.18534 -13.4149 17264 -5.36268 0.192662 221.736 63.9197 -13 -1 1 0 1 0.0681889 -0.106539 -1.78243 0 0 0 
7.41077 -13.2303 17364 -2.67589 0.509837 221.784 64.2891 -13 -1 1 0 1 0.0377424 -0.0787518 -3.02538 0 0 0 
6.59299 -13.015 17464 -1.17523 0.392448 221.797 64.6586 -13 -1 1 0 1 0.00973263 -0.0338095 -3.68329 0 0 0 
6.14718 -12.9472 17564 -1.01278 -0.204008 221.798 65.0281 -13 -1 1 0 1 -0.0158119 0.0179005 -3.57365 0 0 0 
5.51861 -13.3166 17664 -1.92616 -1.55871 221.787 65.3976 -13 -1 1 0 1 -0.0327792 0.0642775 -2.72847 0 0 0 
4.27646 -14.4231 17764 -3.75316 -3.35916 221.744 65.7671 -13 -1 1 0 1 -0.0347355 0.0999881 -1.3739 0 0 0 
1.94529 -16.2621 17863.9 -6.83211 -4.57993 221.648 66.1365 -13 -1 1 0 1 -0.0201104 0.123295 0.205431 0 0 0 
-2.08587 -18.2103 17963.8 -11.1816 -3.51165 221.491 66.506 -13 -1 1 0 1 0.00751528 0.124473 1.75293 0 0 0 
-8.04405 -18.8274 18063.6 -14.8237 1.45535 221.3 66.8755 -13 -1 1 0 1 0.0292733 0.0863884 2.99513 0 0 0 
-14.7596 -16.4891 18163.4 -13.958 8.97151 221.179 67.245 -13 -1 1 0 1 0.00855852 0.0162222 3.65395 0 0 0 
-19.7847 -11.1561 18263.1 -7.70342 13.7799 221.238 67.6144 -13 -1 1 0 1 -0.0624482 -0.0350202 3.54636 0 0 0 
-21.5946 -5.00677 18362.9 -0.681725 12.5492 221.444 67.9839 -13 -1 1 0 1 -0.134971 -0.0338718 2.7018 0 0 0 
-20.9546 -0.407763 18462.8 2.83307 7.56605 221.654 68.3534 -13 -1 1 0 1 -0.167837 -0.00560119 1.3451 0 0 0 
-19.5361 1.78261 18562.7 3.116 2.26985 221.767 68.7229 -13 -1 1 0 1 -0.165618 0.0146621 -0.239888 0 0 0 
-18.2493 1.79696 18662.7 2.6815 -1.99698 221.776 69.0924 -13 -1 1 0 1 -0.141805 0.01614 -1.79646 0 0 0 
-16.9146 0.221998 18762.7 3.53169 -4.6321 221.724 69.4618 -13 -1 1 0 1 -0.0968289 0.00672908 -3.05031 0 0 0 
-14.8603 -1.95832 18862.7 5.65652 -4.49601 221.683 69.8313 -13 -1 1 0 1 -0.0357592 0.00423454 -3.72261 0 0 0 
-11.939 -3.38052 18962.6 6.97875 -1.45064 221.686 70.2008 -13 -1 1 0 1 0.0164608 0.0157337 -3.63075 0 0 0 
-8.90842 -3.13879 19062.6 6.14004 2.45399 221.702 70.5703 -13 -1 1 0 1 0.040432 0.0246663 -2.80315 0 0 0 
-6.54797 -1.33926 19162.5 4.35379 5.29056 221.695 70.9397 -13 -1 1 0 1 0.0423893 0.0165191 -1.46573 0 0 0 
-4.82101 1.43597 19262.5 3.60323 6.83149 221.666 71.3092 -13 -1 1 0 1 0.0344773 -0.00409593 0.09689 0 0 0 
-2.9858 4.64338 19362.4 4.88676 7.15233 221.632 71.6787 -13 -1 1 0 1 0.0193467 -0.023404 1.62708 0 0 0 
-0.181501 7.58575 19462.3 7.65269 5.48671 221.601 72.0482 -13 -1 1 0 1 0.000105302 -0.0242813 2.85059 0 0 0 
3.79136 9.22437 19562.2 9.59563 1.48446 221.588 72.4177 -13 -1 1 0 1 -0.00512605 0.00251745 3.48808 0 0 0 
8.01227 8.88215 19662.1 8.614 -2.75943 221.616 72.7871 -13 -1 1 0 1 0.0219784 0.0382549 3.35214 0 0 0 
11.2502 7.1555 19762.1 5.63749 -4.31977 221.687 73.1566 -13 -1 1 0 1 0.0686967 0.0548002 2.46569 0 0 0 
13.1707 5.47266 19862 3.07845 -2.71145 221.763 73.5261 -13 -1 1 0 1 0.107196 0.0523137 1.04799 0 0 0 
14.1808 4.98598 19962 1.47353 0.739837 221.795 73.8956 -13 -1 1 0 1 0.126101 0.0494904 -0.623957 0 0 0 
14.4152 6.20392 20062 -0.696211 4.59223 221.752 74.265 -13 -1 1 0 1 0.122482 0.0557626 -2.30205 0 0 0 
13.2255 8.87141 20162 -4.94209 6.70252 221.644 74.6345 -13 -1 1 0 1 0.0906904 0.0605108 -3.7258 0 0 0 
9.82792 11.556 20261.9 -9.92684 4.32229 221.536 75.004 -13 -1 1 0 1 0.0415655 0.0412594 -4.63617 0 0 0 
4.82283 12.1163 20361.7 -11.3629 -2.21209 221.499 75.3735 -13 -1 1 0 1 0.0101113 0.001002 -4.87448 0 0 0 
0.414487 9.6459 20461.6 -7.46554 -8.24847 221.522 75.743 -13 -1 1 0 1 0.00875549 -0.0238642 -4.49818 0 0 0 
-1.58013 5.28307 20561.5 -1.37057 -10.4334 221.551 76.1124 -13 -1 1 0 1 0.0132096 -0.0181716 -3.7603 0 0 0 
-1.01759 0.7003 20661.4 3.52355 -9.57459 221.566 76.4819 -13 -1 1 0 1 0.00792865 -0.000904755 -2.94022 0 0 0 
1.06913 -2.85735 20752.2 6.18224 -7.91172 221.573 76.8177 -13 -1 1 0 1 -0.00144175 0.0103913 -2.27087 0 0 0 

