# ReferenceParticle
#x y z Px Py Pz t PDGid EventID TrackID ParentID Weight Bx By Bz Ex Ey Ez
# Event -1 Track 1
-0.000811901 0.00143502 0 -3.82564 -2.37079 221.754 0 -13 -1 1 0 1 0.0134192 -0.0077334 3.80658 0 0 0 
-1.84938 -0.526503 99.981 -4.15826 -0.0243649 221.761 0.369478 -13 -1 1 0 1 0.00477253 -0.00966978 3.40572 0 0 0 
-3.60918 -0.169061 199.965 -3.58296 1.37437 221.767 0.738956 -13 -1 1 0 1 -0.0153047 -0.00805851 2.32168 0 0 0 
-5.09883 0.491163 299.951 -3.10164 1.32362 221.774 1.10843 -13 -1 1 0 1 -0.035415 -0.0029092 0.822064 0 0 0 
-6.47303 0.839273 399.941 -3.02878 0.039652 221.779 1.47791 -13 -1 1 0 1 -0.0489956 -0.00155346 -0.812808 0 0 0 
-7.78594 0.393296 499.931 -2.64885 -2.11255 221.774 1.84739 -13 -1 1 0 1 -0.0507269 -0.00853756 -2.31353 0 0 0 
-8.65652 -1.0551 599.916 -0.949508 -4.16027 221.759 2.21687 -13 -1 1 0 1 -0.0331646 -0.0182993 -3.39949 0 0 0 
-8.46722 -3.08793 699.895 1.84101 -4.45393 221.748 2.58635 -13 -1 1 0 1 -4.33315e-05 -0.0155059 -3.80213 0 0 0 
-7.11912 -4.72516 799.872 3.84644 -2.5318 221.752 2.95582 -13 -1 1 0 1 0.0271025 0.00420733 -3.40173 0 0 0 
-5.30307 -5.2787 899.853 3.91035 0.0157611 221.766 3.3253 -13 -1 1 0 1 0.0340303 0.0242218 -2.31758 0 0 0 
-3.76021 -4.84803 999.84 2.87252 1.7059 221.775 3.69478 -13 -1 1 0 1 0.0271448 0.030709 -0.817979 0 0 0 
-2.67871 -3.89601 1099.83 2.03342 2.37183 221.778 4.06426 -13 -1 1 0 1 0.015941 0.024502 0.816615 0 0 0 
-1.80362 -2.82606 1199.82 1.98641 2.24557 221.78 4.43374 -13 -1 1 0 1 0.00320684 0.0120469 2.3168 0 0 0 
-0.796823 -1.99973 1299.81 2.52005 1.26845 221.782 4.80321 -13 -1 1 0 1 -0.00885887 0.000184159 3.40215 0 0 0 
0.437043 -1.79861 1399.8 2.85402 -0.452372 221.781 5.17269 -13 -1 1 0 1 -0.0134154 -0.00773009 3.80474 0 0 0 
1.67347 -2.40134 1499.79 2.54391 -2.13326 221.775 5.54217 -13 -1 1 0 1 -0.00608376 -0.0159062 3.40533 0 0 0 
2.71915 -3.59994 1599.78 2.16344 -3.03083 221.769 5.91165 -13 -1 1 0 1 0.00777439 -0.0284032 2.32223 0 0 0 
3.74315 -5.00568 1699.77 2.54952 -3.07272 221.764 6.28113 -13 -1 1 0 1 0.0213627 -0.0417518 0.823068 0 0 0 
5.16994 -6.24061 1799.75 3.91558 -2.23012 221.754 6.6506 -13 -1 1 0 1 0.0328709 -0.0488268 -0.811803 0 0 0 
7.32038 -6.81784 1899.72 5.5533 -0.079219 221.73 7.02008 -13 -1 1 0 1 0.0387192 -0.0415525 -2.31672 0 0 0 
9.9699 -6.12031 1999.68 5.81888 3.27449 221.699 7.38956 -13 -1 1 0 1 0.026385 -0.0173715 -3.40377 0 0 0 
12.1702 -3.96477 2099.64 3.54828 5.94309 221.692 7.75904 -13 -1 1 0 1 -0.0132445 0.00768806 -3.80793 0 0 0 
12.994 -1.21331 2199.59 0.15677 5.71414 221.726 8.12851 -13 -1 1 0 1 -0.0624698 0.0123435 -3.4091 0 0 0 
12.533 0.796362 2299.57 -1.85446 2.94003 221.773 8.49799 -13 -1 1 0 1 -0.092938 0.0015958 -2.32582 0 0 0 
11.5957 1.35442 2399.56 -2.111 -0.432515 221.79 8.86747 -13 -1 1 0 1 -0.0989862 -0.00403303 -0.826284 0 0 0 
10.6641 0.487588 2499.55 -2.13374 -3.28577 221.765 9.23695 -13 -1 1 0 1 -0.089049 0.0043843 0.808867 0 0 0 
9.46875 -1.44829 2599.53 -3.46004 -5.04389 221.716 9.60643 -13 -1 1 0 1 -0.0651948 0.020903 2.31381 0 0 0 
7.31525 -3.72309 2699.48 -6.22512 -4.56585 221.666 9.9759 -13 -1 1 0 1 -0.0292758 0.0287575 3.40098 0 0 0 
3.93392 -5.11927 2799.41 -8.45805 -1.22498 221.635 10.3454 -13 -1 1 0 1 -0.000100335 0.0156154 3.8059 0 0 0 
0.0898467 -4.67474 2899.33 -8.14338 3.09879 221.629 10.7149 -13 -1 1 0 1 0.000960232 -0.00391371 3.40934 0 0 0 
-3.14868 -2.59747 2999.26 -6.1515 5.70333 221.641 11.0843 -13 -1 1 0 1 -0.0195466 -0.00618676 2.32924 0 0 0 
-5.57291 0.108866 3099.19 -4.87282 5.96035 221.666 11.4538 -13 -1 1 0 1 -0.0417264 0.00921281 0.832304 0 0 0 
-7.82275 2.5166 3199.14 -5.39383 4.45582 221.69 11.8233 -13 -1 1 0 1 -0.057422 0.0271601 -0.802019 0 0 0 
-10.5966 3.87555 3299.09 -6.92901 1.28115 221.688 12.1928 -13 -1 1 0 1 -0.0624337 0.0330097 -2.30844 0 0 0 
-13.9024 3.45472 3399.03 -7.35425 -3.25957 221.654 12.5623 -13 -1 1 0 1 -0.0427125 0.0212078 -3.39946 0 0 0 
-16.8064 1.05595 3498.96 -5.10066 -6.97438 221.632 12.9317 -13 -1 1 0 1 0.0127144 0.00779721 -3.81004 0 0 0 
-18.3192 -2.2925 3598.89 -1.69484 -7.2076 221.676 13.3012 -13 -1 1 0 1 0.0834054 0.0154409 -3.41759 0 0 0 
-18.6264 -4.93844 3698.85 -0.124027 -4.14842 221.761 13.6707 -13 -1 1 0 1 0.135162 0.0373398 -2.33769 0 0 0 
-18.805 -5.83892 3798.85 -0.95173 0.261601 221.798 14.0402 -13 -1 1 0 1 0.160128 0.0484739 -0.838755 0 0 0 
-19.5505 -4.62384 3898.84 -2.19371 5.21939 221.728 14.4096 -13 -1 1 0 1 0.166422 0.0358753 0.797856 0 0 0 
-20.4203 -1.08606 3998.77 -1.04802 10.4066 221.553 14.7791 -13 -1 1 0 1 0.148129 0.00310349 2.30635 0 0 0 
-19.8573 4.45952 4098.61 4.19313 13.5304 221.347 15.1486 -13 -1 1 0 1 0.0910873 -0.0241698 3.39972 0 0 0 
-16.3533 10.2706 4198.37 11.1985 11.2041 221.234 15.5181 -13 -1 1 0 1 0.0145473 -0.00844504 3.81202 0 0 0 
-10.3177 13.834 4298.12 14.6493 4.22093 221.275 15.8876 -13 -1 1 0 1 -0.0275376 0.0454099 3.42332 0 0 0 
-3.94603 14.1796 4397.91 12.9577 -2.17771 221.411 16.257 -13 -1 1 0 1 -0.017333 0.087624 2.34908 0 0 0 
1.08744 12.4682 4497.77 9.37426 -4.74427 221.551 16.6265 -13 -1 1 0 1 0.0144439 0.0933462 0.855546 0 0 0 
4.66959 10.406 4597.68 6.77184 -3.97388 221.661 16.996 -13 -1 1 0 1 0.0408483 0.0756697 -0.778868 0 0 0 
7.38611 9.1699 4697.64 5.40053 -1.29627 221.731 17.3655 -13 -1 1 0 1 0.0515011 0.0508744 -2.28903 0 0 0 
9.5468 9.32923 4797.62 4.10113 1.97471 221.753 17.7349 -13 -1 1 0 1 0.0386531 0.0230219 -3.38813 0 0 0 
11.0011 10.792 4897.59 2.32178 4.20776 221.748 18.1044 -13 -1 1 0 1 0.00109762 -0.0144282 -3.80816 0 0 0 
11.7453 12.801 4997.57 1.25041 4.36512 221.754 18.4739 -13 -1 1 0 1 -0.0454273 -0.0631063 -3.42687 0 0 0 
12.462 14.5005 5097.55 2.33467 3.00939 221.767 18.8434 -13 -1 1 0 1 -0.0845997 -0.107935 -2.35529 0 0 0 
14.173 15.3901 5197.53 5.52353 0.762834 221.73 19.2129 -13 -1 1 0 1 -0.117034 -0.132108 -0.860515 0 0 0 
17.5563 14.9276 5297.47 9.42433 -3.23934 221.576 19.5823 -13 -1 1 0 1 -0.14732 -0.127415 0.77591 0 0 0 
22.3683 12.0081 5397.31 11.2571 -10.2057 221.279 19.9518 -13 -1 1 0 1 -0.160406 -0.0882874 2.28858 0 0 0 
26.8188 5.51766 5496.99 7.29521 -18.3678 220.918 20.3213 -13 -1 1 0 1 -0.119599 -0.0297685 3.39229 0 0 0 
28.0078 -3.82713 5596.54 -2.62053 -21.7709 220.713 20.6908 -13 -1 1 0 1 -0.0174697 -0.00721893 3.81929 0 0 0 
24.5644 -12.8243 5696.06 -11.8392 -16.9404 220.835 21.0602 -13 -1 1 0 1 0.0799073 -0.0549752 3.44696 0 0 0 
18.3973 -18.5473 5795.7 -14.2754 -8.45478 221.179 21.4297 -13 -1 1 0 1 0.111519 -0.127436 2.38376 0 0 0 
12.566 -20.8409 5895.5 -10.9809 -2.37653 221.515 21.7992 -13 -1 1 0 1 0.0920965 -0.168923 0.893553 0 0 0 
8.75831 -21.2468 5995.42 -5.86119 0.10534 221.723 22.1687 -13 -1 1 0 1 0.0621077 -0.170514 -0.743983 0 0 0 
7.19546 -20.9883 6095.41 -1.27664 0.961983 221.794 22.5382 -13 -1 1 0 1 0.0386658 -0.138859 -2.26302 0 0 0 
7.32909 -20.3467 6195.41 1.45449 1.96011 221.787 22.9076 -13 -1 1 0 1 0.0172798 -0.0762533 -3.3766 0 0 0 
8.06658 -19.2251 6295.4 1.31144 2.87168 221.778 23.2771 -13 -1 1 0 1 -0.0119114 0.00409761 -3.81218 0 0 0 
8.13722 -18.0153 6395.39 -1.2708 2.12317 221.786 23.6466 -13 -1 1 0 1 -0.0425482 0.0750775 -3.44532 0 0 0 
6.80211 -17.6098 6495.38 -4.69343 -0.538952 221.75 24.0161 -13 -1 1 0 1 -0.054113 0.123573 -2.38435 0 0 0 
3.85588 -18.5299 6595.33 -8.49545 -3.37553 221.612 24.3855 -13 -1 1 0 1 -0.0367106 0.155505 -0.895932 0 0 0 
-1.03493 -20.3105 6695.19 -13.4254 -3.92043 221.359 24.755 -13 -1 1 0 1 0.00514066 0.172433 0.738724 0 0 0 
-8.34447 -21.3226 6794.91 -18.8439 0.424843 220.998 25.1245 -13 -1 1 0 1 0.0553354 0.156514 2.25513 0 0 0 
-17.4821 -19.0588 6894.46 -20.597 10.3235 220.6 25.494 -13 -1 1 0 1 0.0710697 0.0922551 3.37092 0 0 0 
-25.6621 -11.9323 6993.86 -14.3008 20.628 220.375 25.8635 -13 -1 1 0 1 0.00648835 0.0185383 3.81784 0 0 0 
-29.5943 -1.6138 7093.23 -3.02739 23.5492 220.526 26.2329 -13 -1 1 0 1 -0.108063 0.00844216 3.46969 0 0 0 
-28.9536 8.06373 7192.76 4.73327 18.4787 220.978 26.6024 -13 -1 1 0 1 -0.188835 0.0644146 2.42424 0 0 0 
-26.4321 14.7247 7292.5 5.36013 11.1289 221.456 26.9719 -13 -1 1 0 1 -0.208754 0.12643 0.942314 0 0 0 
-24.8315 18.2889 7392.42 1.28423 4.88521 221.743 27.3414 -13 -1 1 0 1 -0.195934 0.155205 -0.696534 0 0 0 
-25.3874 19.1946 7492.41 -3.54607 -0.92345 221.77 27.7108 -13 -1 1 0 1 -0.166065 0.138981 -2.22656 0 0 0 
-27.5605 17.4032 7592.36 -5.31015 -6.94515 221.628 28.0803 -13 -1 1 0 1 -0.103319 0.0802837 -3.36066 0 0 0 
-29.4035 13.2931 7692.26 -2.12802 -10.5247 221.54 28.4498 -13 -1 1 0 1 0.004063 0.0120196 -3.8223 0 0 0 
-29.1508 8.80446 7792.15 3.17694 -8.36587 221.62 28.8193 -13 -1 1 0 1 0.118668 -0.0252816 -3.47849 0 0 0 
-26.888 6.45091 7892.1 6.34121 -1.63658 221.704 29.1888 -13 -1 1 0 1 0.186891 -0.0378245 -2.43187 0 0 0 
-23.7749 7.43117 7992.04 7.35043 5.84968 221.601 29.5582 -13 -1 1 0 1 0.199111 -0.0577954 -0.949502 0 0 0 
-20.0768 11.4614 8091.89 9.54606 11.5889 221.291 29.9277 -13 -1 1 0 1 0.171431 -0.0941192 0.685658 0 0 0 
-14.5847 17.2936 8191.56 15.4632 13.3593 220.857 30.2972 -13 -1 1 0 1 0.110783 -0.12321 2.20887 0 0 0 
-5.82159 22.4234 8291.04 23.2482 8.02749 220.432 30.6667 -13 -1 1 0 1 0.0369825 -0.100933 3.33966 0 0 0 
5.63684 23.4822 8390.36 26.1925 -3.97833 220.212 31.0361 -13 -1 1 0 1 0.0112043 -0.017026 3.81193 0 0 0 
16.4338 18.9885 8489.66 20.46 -14.9991 220.345 31.4056 -13 -1 1 0 1 0.0704504 0.0595706 3.49247 0 0 0 
23.5739 11.1979 8589.09 11.369 -18.1037 220.768 31.7751 -13 -1 1 0 1 0.162209 0.0656475 2.4699 0 0 0 
27.2784 3.71809 8688.74 5.9806 -14.2765 221.26 32.1446 -13 -1 1 0 1 0.223659 0.0228699 1.00174 0 0 0 
29.7358 -1.22029 8788.58 5.55711 -7.31533 221.61 32.5141 -13 -1 1 0 1 0.245018 -0.0179763 -0.633854 0 0 0 
32.5488 -2.65925 8888.52 6.81849 1.10901 221.693 32.8835 -13 -1 1 0 1 0.228191 -0.0293147 -2.17277 0 0 0 
35.4599 -0.218816 8988.45 5.35381 9.42113 221.535 33.253 -13 -1 1 0 1 0.153623 -0.0148606 -3.3302 0 0 0 
36.7188 5.18621 9088.29 -0.246584 13.4397 221.393 33.6225 -13 -1 1 0 1 0.0178117 -0.0130079 -3.82713 0 0 0 
35.2679 10.7661 9188.12 -5.62698 10.1642 221.496 33.992 -13 -1 1 0 1 -0.123801 -0.0521259 -3.51656 0 0 0 
32.4265 13.6683 9288.03 -6.04814 2.38704 221.705 34.3614 -13 -1 1 0 1 -0.21132 -0.100056 -2.49054 0 0 0 
30.4307 12.8975 9388 -2.48212 -5.68448 221.714 34.7309 -13 -1 1 0 1 -0.245715 -0.111502 -1.01595 0 0 0 
30.1077 8.62358 9487.9 0.558631 -13.2512 221.403 35.1004 -13 -1 1 0 1 -0.250106 -0.0770673 0.621574 0 0 0 
30.1725 0.994 9587.61 -1.40222 -20.3738 220.858 35.4699 -13 -1 1 0 1 -0.218839 -0.013787 2.15688 0 0 0 
27.7613 -9.17994 9687.05 -10.32 -23.6205 220.297 35.8394 -13 -1 1 0 1 -0.132478 0.0324034 3.30976 0 0 0 
20.4779 -18.9202 9786.29 -21.6197 -17.9319 220.015 36.2088 -13 -1 1 0 1 -0.0249487 0.00288489 3.81216 0 0 0 
9.28765 -24.257 9885.51 -26.4075 -5.28168 220.159 36.5783 -13 -1 1 0 1 0.018632 -0.089029 3.5212 0 0 0 
-1.97686 -24.0331 9984.86 -22.4913 5.22337 220.595 36.9478 -13 -1 1 0 1 -0.0234277 -0.158233 2.52338 0 0 0 
-10.5801 -20.7036 10084.4 -15.7446 8.2892 221.085 37.3173 -13 -1 1 0 1 -0.0929794 -0.166367 1.06984 0 0 0 
-16.4741 -17.4842 10184.2 -10.8023 5.22887 221.475 37.6867 -13 -1 1 0 1 -0.142815 -0.141417 -0.561243 0 0 0 
-20.5513 -16.4545 10284.1 -7.3196 -0.934269 221.678 38.0562 -13 -1 1 0 1 -0.154635 -0.111888 -2.10712 0 0 0 
-22.9142 -18.3158 10384.1 -2.8596 -6.98555 221.672 38.4257 -13 -1 1 0 1 -0.114303 -0.0752653 -3.2844 0 0 0 
-22.9464 -22.1629 10484 2.6574 -9.19682 221.594 38.7952 -13 -1 1 0 1 -0.0286314 -0.0069928 -3.8146 0 0 0 
-20.9226 -25.8345 10583.9 5.52618 -6.43954 221.638 39.1647 -13 -1 1 0 1 0.0573832 0.0938609 -3.54026 0 0 0 
-18.792 -27.6977 10683.8 3.05811 -1.83847 221.772 39.5341 -13 -1 1 0 1 0.110363 0.183641 -2.54348 0 0 0 
-18.7407 -27.6142 10783.8 -3.19886 2.10722 221.767 39.9036 -13 -1 1 0 1 0.142821 0.226237 -1.08291 0 0 0 
-21.7647 -25.7013 10883.8 -10.0388 6.73937 221.471 40.2731 -13 -1 1 0 1 0.174036 0.217554 0.554104 0 0 0 
-27.3331 -21.0325 10983.5 -13.7643 14.5989 220.891 40.6426 -13 -1 1 0 1 0.191061 0.159007 2.1021 0 0 0 
-33.0038 -12.1995 11082.9 -9.80071 24.4544 220.23 41.012 -13 -1 1 0 1 0.147696 0.0686348 3.28078 0 0 0 
-34.8417 0.226894 11182.1 2.63202 29.0864 219.869 41.3815 -13 -1 1 0 1 0.0255905 0.0153158 3.81583 0 0 0 
-30.5626 12.3633 11281.3 15.4819 23.0885 220.051 41.751 -13 -1 1 0 1 -0.0985181 0.0546826 3.55638 0 0 0 
-22.186 20.1938 11380.6 20.0487 11.5366 220.591 42.1205 -13 -1 1 0 1 -0.138392 0.13898 2.58077 0 0 0 
-13.6752 23.2467 11480.2 16.843 2.92355 221.141 42.49 -13 -1 1 0 1 -0.105393 0.192607 1.13806 0 0 0 
-7.38327 23.6806 11580 10.9657 -0.190826 221.529 42.8594 -13 -1 1 0 1 -0.0552001 0.200285 -0.492818 0 0 0 
-3.74241 23.5831 11679.9 5.31017 0.0626984 221.737 43.2289 -13 -1 1 0 1 -0.0183683 0.174409 -2.04715 0 0 0 
-2.4453 23.8044 11779.9 0.673072 0.8106 221.798 43.5984 -13 -1 1 0 1 0.000240643 0.116705 -3.24342 0 0 0 
-2.8302 24.1486 11879.9 -1.92157 0.548988 221.791 43.9679 -13 -1 1 0 1 0.0109809 0.0277992 -3.79957 0 0 0 
-3.69954 24.2666 11979.9 -1.40004 0.0979234 221.796 44.3373 -13 -1 1 0 1 0.0246979 -0.0702946 -3.55748 0 0 0 
-3.6877 24.45 12079.9 1.79196 0.986586 221.791 44.7068 -13 -1 1 0 1 0.0340574 -0.148696 -2.58836 0 0 0 
-1.84811 25.3173 12179.9 6.59583 2.87796 221.684 45.0763 -13 -1 1 0 1 0.0235945 -0.198076 -1.14433 0 0 0 
2.47145 26.8483 12279.8 12.7922 3.42885 221.405 45.4458 -13 -1 1 0 1 -0.0115719 -0.220054 0.488158 0 0 0 
9.78118 27.7187 12379.5 19.4853 -0.572003 220.942 45.8153 -13 -1 1 0 1 -0.0596091 -0.201001 2.0426 0 0 0 
19.4927 25.3868 12479 22.4507 -10.6303 220.405 46.1847 -13 -1 1 0 1 -0.0779046 -0.123526 3.24152 0 0 0 
28.6368 17.906 12578.3 16.4702 -22.0001 220.091 46.5542 -13 -1 1 0 1 -0.0121571 -0.023633 3.80748 0 0 0 
33.2921 6.73313 12677.5 3.80067 -25.7843 220.264 46.9237 -13 -1 1 0 1 0.115789 0.0131325 3.58194 0 0 0 
32.5018 -3.86921 12776.9 -6.16602 -20.0886 220.803 47.2932 -13 -1 1 0 1 0.21159 -0.0311093 2.6288 0 0 0 
28.9187 -10.919 12876.6 -8.52094 -11.2221 221.352 47.6626 -13 -1 1 0 1 0.234107 -0.0927515 1.19522 0 0 0 
25.6035 -14.2676 12976.5 -5.68808 -4.031 221.691 48.0321 -13 -1 1 0 1 0.212952 -0.124466 -0.436266 0 0 0 
23.9341 -14.8448 13076.5 -1.85447 1.24994 221.789 48.4016 -13 -1 1 0 1 0.173462 -0.116871 -1.99944 0 0 0 
23.598 -13.3047 13176.5 -0.179073 5.35146 221.736 48.7711 -13 -1 1 0 1 0.111652 -0.0760816 -3.21291 0 0 0 
23.2561 -10.3783 13276.4 -1.81445 7.03853 221.681 49.1406 -13 -1 1 0 1 0.0226704 -0.0254864 -3.79422 0 0 0 
21.7602 -7.58912 13376.4 -4.75802 4.64836 221.701 49.51 -13 -1 1 0 1 -0.0668386 0.00842975 -3.57884 0 0 0 
19.1978 -6.63637 13476.3 -6.28616 -0.675022 221.71 49.8795 -13 -1 1 0 1 -0.120012 0.0290921 -2.63001 0 0 0 
16.2723 -8.22266 13576.3 -6.69472 -6.21916 221.612 50.249 -13 -1 1 0 1 -0.130654 0.0557722 -1.19907 0 0 0 
12.9437 -12.0171 13676.1 -8.5199 -10.2535 221.399 50.6185 -13 -1 1 0 1 -0.110716 0.0911271 0.42885 0 0 0 
8.09482 -16.9943 13775.9 -13.5187 -11.0818 221.111 50.9879 -13 -1 1 0 1 -0.0661718 0.115126 1.98742 0 0 0 
0.509395 -21.133 13875.5 -19.9742 -6.16369 220.813 51.3574 -13 -1 1 0 1 -0.0137394 0.0923598 3.19989 0 0 0 
-9.26799 -21.6948 13975 -22.1865 4.19292 220.648 51.7269 -13 -1 1 0 1 -0.00379443 0.0143757 3.78984 0 0 0 
-18.2909 -17.5166 14074.5 -16.7187 13.4628 220.759 52.0964 -13 -1 1 0 1 -0.0675959 -0.0592794 3.59145 0 0 0 
-23.8669 -10.6919 14174.1 -8.13411 15.4769 221.11 52.4659 -13 -1 1 0 1 -0.157454 -0.070517 2.65917 0 0 0 
-26.1388 -4.51408 14273.9 -2.73906 11.2371 221.499 52.8353 -13 -1 1 0 1 -0.214188 -0.0376205 1.2371 0 0 0 
-26.9866 -0.900466 14373.8 -1.53555 4.63272 221.747 53.2048 -13 -1 1 0 1 -0.229419 -0.00667702 -0.391961 0 0 0 
-27.7111 -0.384069 14473.8 -1.57019 -2.30391 221.783 53.5743 -13 -1 1 0 1 -0.209852 0.000772125 -1.96049 0 0 0 
-28.0712 -2.80531 14573.8 0.50087 -8.01861 221.655 53.9438 -13 -1 1 0 1 -0.146359 -0.00737069 -3.18778 0 0 0 
-26.8461 -6.98143 14673.7 5.14832 -9.57097 221.534 54.3132 -13 -1 1 0 1 -0.0424524 2.89275e-05 -3.79099 0 0 0 
-23.5983 -10.5792 14773.6 8.68991 -5.6163 221.559 54.6827 -13 -1 1 0 1 0.0569392 0.0389342 -3.59818 0 0 0 
-19.6763 -11.6795 14873.5 7.99544 0.770559 221.655 55.0522 -13 -1 1 0 1 0.110534 0.078535 -2.66646 0 0 0 
-16.8092 -10.0591 14973.4 4.56367 6.13014 221.669 55.4217 -13 -1 1 0 1 0.125311 0.0856114 -1.24398 0 0 0 
-15.4383 -6.36455 15073.4 1.90814 10.1037 221.562 55.7912 -13 -1 1 0 1 0.122553 0.0598169 0.379025 0 0 0 
-14.5688 -1.06458 15173.2 2.65772 13.2185 221.39 56.1606 -13 -1 1 0 1 0.103209 0.018007 1.94276 0 0 0 
-12.4033 5.20463 15273 7.52549 13.9465 221.234 56.5301 -13 -1 1 0 1 0.0586631 -0.0114906 3.16621 0 0 0 
-7.58314 10.7494 15372.7 13.616 9.75993 221.167 56.8996 -13 -1 1 0 1 0.00831121 0.00339009 3.77203 0 0 0 
-0.732035 13.4456 15472.4 15.8375 2.02341 221.225 57.2691 -13 -1 1 0 1 -0.00168768 0.0537592 3.58938 0 0 0 
5.92416 12.862 15572.2 13.1027 -3.90991 221.379 57.6385 -13 -1 1 0 1 0.0372461 0.0902475 2.67149 0 0 0 
10.8864 10.6631 15672.1 9.00167 -5.0525 221.56 58.008 -13 -1 1 0 1 0.0877576 0.0924068 1.25852 0 0 0 
14.2437 8.88307 15772 6.12482 -2.37132 221.703 58.3775 -13 -1 1 0 1 0.121394 0.0797841 -0.362353 0 0 0 
16.5036 8.80764 15872 3.83108 2.18677 221.757 58.747 -13 -1 1 0 1 0.127442 0.0705526 -1.93174 0 0 0 
17.4927 10.8017 15971.9 0.242169 6.35274 221.709 59.1165 -13 -1 1 0 1 0.0958543 0.0596843 -3.16632 0 0 0 
16.5237 14.035 16071.9 -4.53484 7.25649 221.635 59.4859 -13 -1 1 0 1 0.0323651 0.0240549 -3.7838 0 0 0 
13.7043 16.7121 16171.8 -7.35048 4.10685 221.641 59.8554 -13 -1 1 0 1 -0.0263514 -0.0410154 -3.60696 0 0 0 
10.5427 17.566 16271.7 -6.01589 -0.209328 221.719 60.2249 -13 -1 1 0 1 -0.0528872 -0.101646 -2.68912 0 0 0 
8.68239 16.7578 16371.7 -2.02767 -3.09097 221.77 60.5944 -13 -1 1 0 1 -0.0587908 -0.128816 -1.27363 0 0 0 
8.7204 14.9342 16471.7 2.03698 -4.97761 221.735 60.9638 -13 -1 1 0 1 -0.0627771 -0.122845 0.348755 0 0 0 
10.2501 12.1693 16571.6 4.3086 -7.47306 221.633 61.3333 -13 -1 1 0 1 -0.0643341 -0.0915924 1.91733 0 0 0 
12.0875 8.08408 16671.5 3.17251 -10.6057 221.524 61.7028 -13 -1 1 0 1 -0.046438 -0.0451287 3.1492 0 0 0 
12.5514 2.89417 16771.4 -1.54614 -11.8257 221.48 62.0723 -13 -1 1 0 1 -0.00124926 -0.0109451 3.76536 0 0 0 
10.6231 -1.94363 16871.3 -6.7118 -8.98868 221.517 62.4418 -13 -1 1 0 1 0.0429569 -0.0133378 3.59085 0 0 0 
6.9811 -4.87984 16971.2 -8.83018 -4.00464 221.589 62.8112 -13 -1 1 0 1 0.052147 -0.036681 2.67846 0 0 0 
3.10486 -5.77321 17071.1 -8.0592 -0.375913 221.654 63.1807 -13 -1 1 0 1 0.0308025 -0.0518959 1.268 0 0 0 
-0.168065 -5.62671 17171 -6.4495 0.60017 221.706 63.5502 -13 -1 1 0 1 0.00238901 -0.0538157 -0.352015 0 0 0 
-2.72557 -5.54944 17271 -4.88693 -0.520527 221.746 63.9197 -13 -1 1 0 1 -0.0178402 -0.050537 -1.92188 0 0 0 
-4.51006 -6.22912 17371 -2.90344 -2.50693 221.767 64.2891 -13 -1 1 0 1 -0.0210929 -0.0437354 -3.15875 0 0 0 
-5.23846 -7.68792 17471 -0.282171 -3.70169 221.77 64.6586 -13 -1 1 0 1 -0.0060865 -0.0245843 -3.78176 0 0 0 
-4.85084 -9.29233 17570.9 1.75846 -3.14596 221.771 65.0281 -13 -1 1 0 1 0.013334 0.0114922 -3.61294 0 0 0 
-3.95075 -10.3906 17670.9 1.88246 -1.71097 221.786 65.3976 -13 -1 1 0 1 0.0226382 0.0505824 -2.70405 0 0 0 
-3.41847 -10.9001 17770.9 0.267187 -0.653334 221.8 65.7671 -13 -1 1 0 1 0.0240978 0.0759777 -1.29491 0 0 0 
-3.82607 -11.0336 17870.9 -2.12922 0.0800377 221.79 66.1365 -13 -1 1 0 1 0.0264769 0.0830487 0.324407 0 0 0 
-5.31599 -10.7253 17970.9 -4.35868 1.48198 221.753 66.506 -13 -1 1 0 1 0.0305838 0.0708338 1.89304 0 0 0 
-7.52993 -9.50873 18070.9 -5.0755 4.0674 221.705 66.8755 -13 -1 1 0 1 0.0253449 0.0386552 3.12758 0 0 0 
-9.47085 -7.07399 18170.8 -3.07244 6.49648 221.684 67.245 -13 -1 1 0 1 -0.00203452 0.000481464 3.74725 0 0 0 
-10.0287 -4.03376 18270.8 0.665494 6.46872 221.705 67.6144 -13 -1 1 0 1 -0.0415978 -0.0185813 3.57461 0 0 0 
-9.01686 -1.64161 18370.8 3.50711 3.86374 221.739 67.9839 -13 -1 1 0 1 -0.0657163 -0.0149966 2.66188 0 0 0 
-7.158 -0.620043 18470.7 4.48667 0.759786 221.754 68.3534 -13 -1 1 0 1 -0.0651339 -0.00719156 1.24871 0 0 0 
-5.08803 -0.787765 18570.7 4.68153 -1.26229 221.748 68.7229 -13 -1 1 0 1 -0.0503036 -0.00592039 -0.375343 0 0 0 
-2.88806 -1.51886 18670.7 5.1544 -1.69624 221.734 69.0924 -13 -1 1 0 1 -0.0308396 -0.00766786 -1.95003 0 0 0 
-0.415248 -2.05455 18770.6 5.75363 -0.40494 221.726 69.4618 -13 -1 1 0 1 -0.0140212 -0.00417104 -3.19272 0 0 0 
2.1457 -1.70796 18870.6 5.3516 2.00855 221.727 69.8313 -13 -1 1 0 1 -0.0106772 0.00533965 -3.82382 0 0 0 
4.18753 -0.331993 18970.6 3.54027 3.85378 221.739 70.2008 -13 -1 1 0 1 -0.0241982 0.00860707 -3.66543 0 0 0 
5.32166 1.4995 19070.6 1.61658 3.98834 221.759 70.5703 -13 -1 1 0 1 -0.0416381 -0.0019306 -2.76909 0 0 0 
5.8341 3.08028 19170.5 0.895397 2.90336 221.78 70.9397 -13 -1 1 0 1 -0.0515909 -0.0171693 -1.37392 0 0 0 
6.3117 4.05488 19270.5 1.36177 1.37119 221.792 71.3092 -13 -1 1 0 1 -0.0547681 -0.0252209 0.229681 0 0 0 
7.10614 4.26395 19370.5 2.11086 -0.512547 221.79 71.6787 -13 -1 1 0 1 -0.0525887 -0.0203502 1.78015 0 0 0 
8.07483 3.5521 19470.5 1.94233 -2.62675 221.777 72.0482 -13 -1 1 0 1 -0.038913 -0.00355785 2.99283 0 0 0 
8.61524 2.01876 19570.5 0.22737 -3.90926 221.766 72.4177 -13 -1 1 0 1 -0.00884364 0.0131257 3.58493 0 0 0 
8.19368 0.337348 19670.5 -2.03528 -3.19751 221.768 72.7871 -13 -1 1 0 1 0.0256612 0.015648 3.37555 0 0 0 
6.94315 -0.633846 19770.5 -3.27785 -0.988987 221.774 73.1566 -13 -1 1 0 1 0.045465 0.0078851 2.41315 0 0 0 
5.4076 -0.559425 19870.5 -3.43526 1.21874 221.771 73.5261 -13 -1 1 0 1 0.0472349 0.0041948 0.931929 0 0 0 
3.83802 0.332239 19970.5 -3.62862 2.55756 221.756 73.8956 -13 -1 1 0 1 0.0385693 0.00975016 -0.78502 0 0 0 
2.00219 1.55129 20070.4 -4.66539 2.58135 221.737 74.265 -13 -1 1 0 1 0.0241516 0.0189527 -2.48716 0 0 0 
-0.430681 2.36725 20170.4 -6.05686 0.684084 221.717 74.6345 -13 -1 1 0 1 0.0087217 0.0212046 -3.90675 0 0 0 
-3.22953 1.90849 20270.4 -5.9416 -2.8534 221.703 75.004 -13 -1 1 0 1 0.00447277 0.0127426 -4.784 0 0 0 
-5.37907 -0.10654 20370.3 -3.22265 -5.73748 221.703 75.3735 -13 -1 1 0 1 0.0167763 0.00709337 -4.96708 0 0 0 
-5.99529 -2.84194 20470.3 0.410873 -5.92269 221.721 75.743 -13 -1 1 0 1 0.0294799 0.0146254 -4.54058 0 0 0 
-5.22473 -5.13613 20570.2 2.6892 -4.07391 221.747 76.1124 -13 -1 1 0 1 0.0286425 0.0250817 -3.76863 0 0 0 
-3.83487 -6.48186 20670.2 3.24615 -1.96063 221.768 76.4819 -13 -1 1 0 1 0.0191024 0.0277049 -2.93312 0 0 0 
-2.68447 -6.91469 20752.2 2.97574 -0.678112 221.78 76.7848 -13 -1 1 0 1 0.0113008 0.0244258 -2.32014 0 0 0 

