# AllTracks
#x y z Px Py Pz t PDGid EventID TrackID ParentID Weight Bx By Bz Ex Ey Ez
# Event -2 Track 1
-11.2945 14.0917 0 0.731734 -1.1308 199.995 0 -13 -2 1 0 1 0.0742529 -0.077735 -1.9919 0 0 0 
-11.2894 14.0922 0.4995 0.745059 -1.11857 199.995 0.0018845 -13 -2 1 0 1 0.074312 -0.077872 -1.98611 0 0 0 
-11.2894 14.0922 0.5005 0.745085 -1.11855 199.995 0.00188827 -13 -2 1 0 1 0.0743121 -0.0778723 -1.9861 0 0 0 
-10.2584 14.2041 100.494 3.38893 1.60917 199.965 0.379139 -13 -2 1 0 1 0.0786667 -0.0972284 -0.689682 0 0 0 
-7.8137 15.5952 200.453 6.54736 3.69563 199.859 0.75639 -13 -2 1 0 1 0.061686 -0.109286 0.714143 0 0 0 
-3.55078 17.4777 300.342 10.5861 3.2567 199.693 1.13364 -13 -2 1 0 1 0.0295086 -0.104545 2.00417 0 0 0 
2.63429 18.1941 400.145 13.7267 -1.0187 199.526 1.51089 -13 -2 1 0 1 0.00201654 -0.0666485 2.93689 0 0 0 
9.47759 16.082 499.884 12.7964 -7.42688 199.452 1.88814 -13 -2 1 0 1 0.0115259 -0.00671425 3.28243 0 0 0 
14.7075 11.189 599.622 7.7009 -11.4055 199.526 2.26539 -13 -2 1 0 1 0.0595623 0.0308994 2.93817 0 0 0 
17.1617 5.47233 699.426 2.45025 -10.7763 199.694 2.64264 -13 -2 1 0 1 0.106713 0.0256168 2.00632 0 0 0 
17.6614 0.861349 799.316 0.0906834 -7.44929 199.861 3.0199 -13 -2 1 0 1 0.127233 6.84725e-05 0.716476 0 0 0 
17.6966 -1.90343 899.276 0.348818 -3.61444 199.967 3.39715 -13 -2 1 0 1 0.125468 -0.0203407 -0.691218 0 0 0 
18.1374 -2.77315 999.27 1.37219 0.105364 199.995 3.7744 -13 -2 1 0 1 0.106421 -0.0256664 -1.98563 0 0 0 
18.8862 -1.87973 1099.26 1.34565 3.29149 199.968 4.15165 -13 -2 1 0 1 0.0644122 -0.0185522 -2.92519 0 0 0 
19.2193 0.204752 1199.24 -0.180947 4.60874 199.947 4.5289 -13 -2 1 0 1 0.000547184 -0.0133301 -3.27667 0 0 0 
18.7135 2.25524 1299.22 -1.65993 3.16382 199.968 4.90615 -13 -2 1 0 1 -0.0629067 -0.0197451 -2.93561 0 0 0 
17.8322 3.06893 1399.21 -1.58571 -0.0694796 199.994 5.2834 -13 -2 1 0 1 -0.10411 -0.0273337 -2.00398 0 0 0 
17.3078 2.11906 1499.2 -0.474513 -3.74821 199.964 5.66065 -13 -2 1 0 1 -0.122547 -0.0218441 -0.713618 0 0 0 
17.2251 -0.691513 1599.16 -0.157694 -7.49488 199.859 6.0379 -13 -2 1 0 1 -0.124291 -0.00111925 0.693688 0 0 0 
16.7067 -5.3031 1699.05 -2.45592 -10.7386 199.696 6.41515 -13 -2 1 0 1 -0.104464 0.0247754 1.98679 0 0 0 
14.2667 -10.9915 1798.86 -7.64095 -11.3431 199.532 6.7924 -13 -2 1 0 1 -0.0586919 0.0307339 2.92586 0 0 0 
9.07546 -15.8621 1898.6 -12.7134 -7.40739 199.458 7.16965 -13 -2 1 0 1 -0.0119978 -0.00588472 3.27965 0 0 0 
2.2653 -17.979 1998.34 -13.6854 -1.05378 199.528 7.54691 -13 -2 1 0 1 -0.00337177 -0.065149 2.94451 0 0 0 
-3.91509 -17.289 2098.14 -10.6078 3.1881 199.693 7.92416 -13 -2 1 0 1 -0.0315318 -0.103052 2.01933 0 0 0 
-8.20171 -15.4495 2198.03 -6.61635 3.58804 199.858 8.30141 -13 -2 1 0 1 -0.0643122 -0.108198 0.732775 0 0 0 
-10.6865 -14.1293 2297.99 -3.47239 1.42705 199.965 8.67866 -13 -2 1 0 1 -0.0817203 -0.096895 -0.674832 0 0 0 
-11.7494 -14.1332 2397.98 -0.774546 -1.40058 199.994 9.05591 -13 -2 1 0 1 -0.0772794 -0.0785663 -1.9752 0 0 0 
-11.426 -15.3363 2497.97 2.07104 -3.08146 199.966 9.43316 -13 -2 1 0 1 -0.0498901 -0.0468368 -2.92088 0 0 0 
-9.8024 -16.8185 2597.95 4.13742 -2.46394 199.942 9.81041 -13 -2 1 0 1 -0.0122689 0.00543559 -3.28039 0 0 0 
-7.70489 -17.5494 2697.92 3.77695 -0.385636 199.964 10.1877 -13 -2 1 0 1 0.0150394 0.0644181 -2.94813 0 0 0 
-6.43984 -17.2827 2797.91 0.985195 1.28795 199.993 10.5649 -13 -2 1 0 1 0.0292535 0.105227 -2.02271 0 0 0 
-6.88257 -16.3938 2897.91 -2.80057 2.23073 199.968 10.9422 -13 -2 1 0 1 0.0427182 0.11933 -0.735132 0 0 0 
-9.19118 -14.944 2997.87 -6.28861 3.81979 199.865 11.3194 -13 -2 1 0 1 0.0610815 0.110872 0.672533 0 0 0 
-12.8908 -12.2305 3097.76 -8.06039 7.39727 199.701 11.6967 -13 -2 1 0 1 0.0736478 0.0807194 1.97194 0 0 0 
-16.6229 -7.32253 3197.57 -6.11508 12.2039 199.534 12.0739 -13 -2 1 0 1 0.0565072 0.0372932 2.9173 0 0 0 
-18.3209 -0.41344 3297.31 -0.229599 14.72 199.457 12.4512 -13 -2 1 0 1 0.00173544 0.0133743 3.27917 0 0 0 
-16.824 6.57016 3397.05 5.82008 12.4719 199.526 12.8284 -13 -2 1 0 1 -0.0544892 0.0337522 2.9529 0 0 0 
-13.161 11.6282 3496.85 8.07797 7.68741 199.689 13.2057 -13 -2 1 0 1 -0.0740303 0.0762659 2.03416 0 0 0 
-9.38963 14.4558 3596.74 6.5376 3.97856 199.854 13.5829 -13 -2 1 0 1 -0.0622595 0.107131 0.750727 0 0 0 
-6.92077 15.9593 3696.7 3.1795 2.30782 199.961 13.9602 -13 -2 1 0 1 -0.0433196 0.116824 -0.656855 0 0 0 
-6.27233 16.8972 3796.69 -0.558425 1.4331 199.994 14.3374 -13 -2 1 0 1 -0.0290387 0.104573 -1.96005 0 0 0 
-7.3414 17.2776 3896.68 -3.45078 -0.0722344 199.97 14.7147 -13 -2 1 0 1 -0.0151544 0.0663157 -2.91193 0 0 0 
-9.33669 16.7313 3996.66 -4.07111 -2.0704 199.948 15.0919 -13 -2 1 0 1 0.0104332 0.00866581 -3.27963 0 0 0 
-10.9936 15.4235 4096.64 -2.25059 -2.80537 199.968 15.4692 -13 -2 1 0 1 0.0466975 -0.0445337 -2.9564 0 0 0 
-11.4365 14.3105 4196.63 0.500917 -1.31216 199.995 15.8464 -13 -2 1 0 1 0.0744816 -0.0781217 -2.03752 0 0 0 
-11.4007 14.3108 4200.5 0.606904 -1.21888 199.995 15.861 -13 -2 1 0 1 0.0749786 -0.0791849 -1.99278 0 0 0 
-11.4007 14.3108 4200.5 0.606931 -1.21886 199.995 15.861 -13 -2 1 0 1 0.0749787 -0.0791852 -1.99277 0 0 0 
-10.4229 14.3723 4300.49 3.30999 1.5161 199.967 16.2383 -13 -2 1 0 1 0.0798252 -0.0984388 -0.695863 0 0 0 
-8.00893 15.7265 4400.45 6.49922 3.64474 199.861 16.6155 -13 -2 1 0 1 0.0630402 -0.110225 0.711699 0 0 0 
-3.76532 17.5961 4500.34 10.5568 3.25611 199.695 16.9928 -13 -2 1 0 1 0.0307437 -0.105256 2.00196 0 0 0 
2.41105 18.3233 4600.15 13.7233 -0.978658 199.526 17.37 -13 -2 1 0 1 0.00275655 -0.0671055 2.93485 0 0 0 
9.26074 16.2351 4699.89 12.8246 -7.37779 199.452 17.7473 -13 -2 1 0 1 0.0115144 -0.0067338 3.28048 0 0 0 
14.5094 11.3614 4799.63 7.74224 -11.382 199.526 18.1245 -13 -2 1 0 1 0.0588837 0.0314611 2.9363 0 0 0 
16.9806 5.64682 4899.43 2.47278 -10.7913 199.693 18.5018 -13 -2 1 0 1 0.105651 0.026612 2.00455 0 0 0 
17.4828 1.01916 4999.32 0.0772147 -7.50065 199.859 18.879 -13 -2 1 0 1 0.125978 0.00115366 0.714852 0 0 0 
17.5035 -1.78088 5099.28 0.307584 -3.70566 199.966 19.2563 -13 -2 1 0 1 0.124111 -0.0194965 -0.692676 0 0 0 
17.9235 -2.70813 5199.27 1.33755 -0.0340466 199.996 19.6335 -13 -2 1 0 1 0.10515 -0.0252885 -1.99004 0 0 0 
18.6667 -1.89439 5299.26 1.36577 3.11784 199.971 20.0108 -13 -2 1 0 1 0.06364 -0.0186017 -2.92932 0 0 0 
19.03 0.104984 5399.24 -0.0803787 4.4525 199.951 20.388 -13 -2 1 0 1 0.000515027 -0.0133352 -3.28055 0 0 0 
18.5893 2.09307 5499.22 -1.50939 3.0753 199.971 20.7653 -13 -2 1 0 1 -0.062516 -0.0192088 -2.93931 0 0 0 
17.7839 2.88044 5599.21 -1.44029 -0.0907754 199.995 21.1425 -13 -2 1 0 1 -0.103853 -0.0262521 -2.00752 0 0 0 
17.3241 1.92892 5699.21 -0.363672 -3.74074 199.965 21.5198 -13 -2 1 0 1 -0.122679 -0.020531 -0.716994 0 0 0 
17.2875 -0.878815 5799.17 -0.0838095 -7.49585 199.86 21.897 -13 -2 1 0 1 -0.124742 0.000178619 0.690492 0 0 0 
16.7962 -5.49705 5899.06 -2.42172 -10.7651 199.695 22.2743 -13 -2 1 0 1 -0.104984 0.0258997 1.98692 0 0 0 
14.3627 -11.2039 5998.86 -7.64933 -11.387 199.529 22.6515 -13 -2 1 0 1 -0.0590179 0.0314544 2.92604 0 0 0 
9.15834 -16.0955 6098.6 -12.7535 -7.44332 199.454 23.0288 -13 -2 1 0 1 -0.0120011 -0.00587516 3.27984 0 0 0 
2.32667 -18.2244 6198.34 -13.725 -1.06545 199.526 23.406 -13 -2 1 0 1 -0.00316832 -0.0659655 2.94467 0 0 0 
-3.8662 -17.5354 6298.14 -10.614 3.19385 199.693 23.7833 -13 -2 1 0 1 -0.0312518 -0.104473 2.01942 0 0 0 
-8.14392 -15.6911 6398.03 -6.57343 3.60079 199.86 24.1605 -13 -2 1 0 1 -0.0639138 -0.109873 0.732778 0 0 0 
-10.5945 -14.3615 6497.99 -3.3796 1.45563 199.966 24.5378 -13 -2 1 0 1 -0.081083 -0.0985084 -0.674879 0 0 0 
-11.6016 -14.3411 6597.99 -0.64906 -1.32611 199.995 24.915 -13 -2 1 0 1 -0.0764202 -0.0797752 -1.97526 0 0 0 
-11.2166 -15.4895 6697.98 2.18127 -2.93626 199.967 25.2923 -13 -2 1 0 1 -0.049173 -0.0473594 -2.9209 0 0 0 
-9.55483 -16.8849 6797.95 4.17195 -2.27077 199.944 25.6696 -13 -2 1 0 1 -0.0122495 0.00543305 -3.28034 0 0 0 
-7.46355 -17.5209 6897.93 3.72098 -0.210304 199.965 26.0468 -13 -2 1 0 1 0.0142445 0.064325 -2.94801 0 0 0 
-6.24047 -17.1813 6997.92 0.883112 1.40145 199.993 26.4241 -13 -2 1 0 1 0.0281081 0.104643 -2.02258 0 0 0 
-6.73448 -16.2505 7097.91 -2.89686 2.28931 199.966 26.8013 -13 -2 1 0 1 0.0416925 0.118335 -0.735046 0 0 0 
-9.08377 -14.7794 7197.87 -6.35279 3.8508 199.862 27.1786 -13 -2 1 0 1 0.0603339 0.109726 0.672553 0 0 0 
-12.8059 -12.0532 7297.76 -8.0863 7.41818 199.699 27.5558 -13 -2 1 0 1 0.0731509 0.0796851 1.97189 0 0 0 
-16.5425 -7.13679 7397.57 -6.10917 12.216 199.533 27.9331 -13 -2 1 0 1 0.0562287 0.0366546 2.91721 0 0 0 
-18.2333 -0.224539 7497.31 -0.210766 14.7208 199.458 28.3103 -13 -2 1 0 1 0.00172633 0.0133561 3.2791 0 0 0 
-16.7286 6.75808 7597.05 5.82871 12.4699 199.526 28.6876 -13 -2 1 0 1 -0.0541778 0.0343667 2.95288 0 0 0 
-13.0672 11.8179 7696.85 8.06188 7.69929 199.689 29.0648 -13 -2 1 0 1 -0.0734941 0.0773525 2.03417 0 0 0 
-9.31169 14.6571 7796.74 6.48858 4.01333 199.855 29.4421 -13 -2 1 0 1 -0.061722 0.108524 0.750727 0 0 0 
-6.87791 16.1822 7896.7 3.08595 2.35535 199.962 29.8193 -13 -2 1 0 1 -0.043023 0.118375 -0.656901 0 0 0 
-6.28959 17.1403 7996.69 -0.705289 1.45889 199.994 30.1966 -13 -2 1 0 1 -0.0291407 0.105996 -1.96016 0 0 0 
-7.44197 17.5179 8096.68 -3.62969 -0.116454 199.967 30.5738 -13 -2 1 0 1 -0.0155033 0.0671499 -2.91212 0 0 0 
-9.52219 16.927 8196.66 -4.22006 -2.20211 199.944 30.9511 -13 -2 1 0 1 0.010411 0.00869004 -3.27984 0 0 0 
-11.2341 15.5401 8296.63 -2.3173 -2.9789 199.965 31.3283 -13 -2 1 0 1 0.0474815 -0.044914 -2.95658 0 0 0 
-11.6904 14.3439 8396.62 0.507448 -1.46227 199.994 31.7056 -13 -2 1 0 1 0.0759352 -0.0783142 -2.03765 0 0 0 
-11.6541 14.3419 8400.5 0.615518 -1.3671 199.995 31.7202 -13 -2 1 0 1 0.0764473 -0.079367 -1.99285 0 0 0 
-11.6541 14.3419 8400.5 0.615546 -1.36707 199.995 31.7202 -13 -2 1 0 1 0.0764474 -0.0793672 -1.99284 0 0 0 
-10.6637 14.3422 8500.49 3.34403 1.42073 199.967 32.0974 -13 -2 1 0 1 0.081496 -0.0982311 -0.695878 0 0 0 
-8.23419 15.6614 8600.45 6.52363 3.59849 199.861 32.4747 -13 -2 1 0 1 0.0646012 -0.109774 0.711703 0 0 0 
-3.9832 17.5182 8700.34 10.5625 3.24982 199.695 32.8519 -13 -2 1 0 1 0.0320014 -0.104806 2.00195 0 0 0 
2.19354 18.2503 8800.15 13.7223 -0.954705 199.527 33.2292 -13 -2 1 0 1 0.00348615 -0.0668595 2.93478 0 0 0 
9.04497 16.1777 8899.89 12.8349 -7.34412 199.453 33.6064 -13 -2 1 0 1 0.011515 -0.00673358 3.28036 0 0 0 
14.3028 11.3171 8999.63 7.76777 -11.3677 199.526 33.9837 -13 -2 1 0 1 0.05819 0.0313114 2.93617 0 0 0 
16.7886 5.60053 9099.43 2.50356 -10.8156 199.692 34.3609 -13 -2 1 0 1 0.10454 0.0263436 2.00447 0 0 0 
17.3064 0.950111 9199.32 0.110218 -7.56705 199.857 34.7382 -13 -2 1 0 1 0.124754 0.000674954 0.714853 0 0 0 
17.3473 -1.89243 9299.28 0.359749 -3.80707 199.964 35.1154 -13 -2 1 0 1 0.123025 -0.02027 -0.692617 0 0 0 
17.8045 -2.87472 9399.27 1.43906 -0.146732 199.995 35.4927 -13 -2 1 0 1 0.10446 -0.0262532 -1.98996 0 0 0 
18.6146 -2.11025 9499.26 1.53057 3.04323 199.971 35.8699 -13 -2 1 0 1 0.0634655 -0.0193315 -2.92927 0 0 0 
19.0697 -0.127844 9599.24 0.111955 4.46396 199.95 36.2472 -13 -2 1 0 1 0.00051873 -0.0133415 -3.28058 0 0 0 
18.7183 1.8876 9699.22 -1.35383 3.16662 199.971 36.6244 -13 -2 1 0 1 -0.0629455 -0.0185237 -2.93942 0 0 0 
17.9744 2.72923 9799.21 -1.35006 0.0245318 199.996 37.0017 -13 -2 1 0 1 -0.104952 -0.0253806 -2.00764 0 0 0 
17.5469 1.83025 9899.2 -0.319379 -3.65183 199.967 37.3789 -13 -2 1 0 1 -0.124225 -0.0198478 -0.71707 0 0 0 
17.5271 -0.944723 9999.16 -0.0573482 -7.45551 199.861 37.7562 -13 -2 1 0 1 -0.126408 0.00063623 0.690486 0 0 0 
17.0468 -5.55595 10099.1 -2.40503 -10.7767 199.695 38.1335 -13 -2 1 0 1 -0.106441 0.0262429 1.987 0 0 0 
14.6168 -11.2791 10198.9 -7.65471 -11.4367 199.526 38.5107 -13 -2 1 0 1 -0.0598842 0.0317128 2.92618 0 0 0 
9.40197 -16.1981 10298.6 -12.7896 -7.49603 199.45 38.888 -13 -2 1 0 1 -0.0120151 -0.00586742 3.28 0 0 0 
2.54785 -18.3462 10398.3 -13.7737 -1.08513 199.522 39.2652 -13 -2 1 0 1 -0.00243705 -0.066367 2.94481 0 0 0 
-3.66607 -17.6557 10498.1 -10.6452 3.21949 199.691 39.6425 -13 -2 1 0 1 -0.0301017 -0.105163 2.01954 0 0 0 
-7.95175 -15.788 10598 -6.57426 3.66796 199.858 40.0197 -13 -2 1 0 1 -0.0625837 -0.110543 0.732899 0 0 0 
-10.3976 -14.4146 10698 -3.36461 1.56395 199.966 40.397 -13 -2 1 0 1 -0.0797162 -0.0988776 -0.674745 0 0 0 
-11.4008 -14.3297 10798 -0.656179 -1.17774 199.996 40.7742 -13 -2 1 0 1 -0.075253 -0.0797097 -1.9751 0 0 0 
-11.0345 -15.3988 10898 2.10813 -2.77501 199.97 41.1515 -13 -2 1 0 1 -0.048551 -0.0470512 -2.92073 0 0 0 
-9.42874 -16.7222 10997.9 4.02462 -2.15414 199.948 41.5287 -13 -2 1 0 1 -0.0122421 0.0054411 -3.28017 0 0 0 
-7.42052 -17.3202 11097.9 3.54672 -0.176209 199.969 41.906 -13 -2 1 0 1 0.0141008 0.0636586 -2.9479 0 0 0 
-6.27923 -16.9808 11197.9 0.736626 1.37356 199.994 42.2832 -13 -2 1 0 1 0.0283291 0.103488 -2.02255 0 0 0 
-6.83522 -16.0691 11297.9 -2.99858 2.24866 199.965 42.6605 -13 -2 1 0 1 0.0423884 0.117079 -0.735076 0 0 0 
-9.22573 -14.6132 11397.9 -6.41754 3.83493 199.86 43.0377 -13 -2 1 0 1 0.0613191 0.108572 0.672489 0 0 0 
-12.972 -11.8853 11497.8 -8.11764 7.44151 199.697 43.415 -13 -2 1 0 1 0.0741186 0.0787095 1.97184 0 0 0 
-16.7146 -6.9492 11597.6 -6.10069 12.2675 199.53 43.7922 -13 -2 1 0 1 0.0568235 0.0360125 2.91723 0 0 0 
-18.3915 -0.0107272 11697.3 -0.166723 14.7682 199.454 44.1695 -13 -2 1 0 1 0.00174639 0.0133359 3.27922 0 0 0 
-16.8619 6.98856 11797 5.87806 12.4867 199.523 44.5467 -13 -2 1 0 1 -0.0546114 0.0351197 2.95308 0 0 0 
-13.1823 12.0487 11896.8 8.08019 7.68502 199.689 44.924 -13 -2 1 0 1 -0.0741541 0.0786742 2.03438 0 0 0 
-9.42948 14.875 11996.7 6.45864 3.97714 199.856 45.3012 -13 -2 1 0 1 -0.0625381 0.110033 0.750888 0 0 0 
-7.02216 16.3757 12096.7 3.01255 2.2914 199.964 45.6785 -13 -2 1 0 1 -0.0440274 0.119724 -0.656814 0 0 0 
-6.47625 17.2905 12196.7 -0.794762 1.34571 199.994 46.0557 -13 -2 1 0 1 -0.0302327 0.106878 -1.96015 0 0 0 
-7.66677 17.5967 12296.7 -3.68274 -0.286891 199.966 46.433 -13 -2 1 0 1 -0.0162838 0.0674288 -2.91218 0 0 0 
-9.75349 16.9133 12396.6 -4.18841 -2.39112 199.942 46.8102 -13 -2 1 0 1 0.0103806 0.0086938 -3.27992 0 0 0 
-11.4284 15.4409 12496.6 -2.2077 -3.12304 199.964 47.1875 -13 -2 1 0 1 0.0481117 -0.0445867 -2.95667 0 0 0 
-11.8215 14.1903 12596.6 0.641031 -1.53652 199.993 47.5647 -13 -2 1 0 1 0.0766828 -0.0774324 -2.03774 0 0 0 
-11.7827 14.1873 12600.5 0.749204 -1.43866 199.994 47.5794 -13 -2 1 0 1 0.077191 -0.0784719 -1.99283 0 0 0 
-11.7826 14.1873 12600.5 0.749231 -1.43864 199.994 47.5794 -13 -2 1 0 1 0.0771911 -0.0784722 -1.99282 0 0 0 
-10.7298 14.1645 12700.5 3.45524 1.39353 199.966 47.9566 -13 -2 1 0 1 0.0819538 -0.0969975 -0.695869 0 0 0 
-8.25409 15.4737 12800.5 6.59636 3.58055 199.859 48.3339 -13 -2 1 0 1 0.0647381 -0.108471 0.711666 0 0 0 
-3.97718 17.3195 12900.3 10.5931 3.223 199.694 48.7111 -13 -2 1 0 1 0.0319661 -0.103656 2.00185 0 0 0 
2.20455 18.0365 13000.1 13.7128 -0.985966 199.527 49.0884 -13 -2 1 0 1 0.00344924 -0.0661409 2.93462 0 0 0 
9.04418 15.9505 13099.9 12.8016 -7.36418 199.454 49.4656 -13 -2 1 0 1 0.0115141 -0.00673363 3.2802 0 0 0 
14.2856 11.084 13199.6 7.74081 -11.3726 199.527 49.8429 -13 -2 1 0 1 0.0581301 0.0305293 2.93608 0 0 0 
16.7651 5.36612 13299.4 2.50838 -10.8185 199.692 50.2201 -13 -2 1 0 1 0.104402 0.0249905 2.00445 0 0 0 
17.2961 0.712242 13399.3 0.159313 -7.57831 199.857 50.5974 -13 -2 1 0 1 0.124681 -0.00097288 0.714874 0 0 0 
17.374 -2.13638 13499.3 0.459486 -3.81627 199.963 50.9746 -13 -2 1 0 1 0.123212 -0.0219621 -0.692595 0 0 0 
17.8932 -3.1159 13599.3 1.5844 -0.11919 199.994 51.3519 -13 -2 1 0 1 0.104977 -0.0276505 -1.98998 0 0 0 
18.7803 -2.31993 13699.3 1.68373 3.1461 199.968 51.7291 -13 -2 1 0 1 0.0640303 -0.020041 -2.92937 0 0 0 
19.3003 -0.266712 13799.2 0.207495 4.63809 199.946 52.1064 -13 -2 1 0 1 0.000528525 -0.0133457 -3.28077 0 0 0 
18.9736 1.84162 13899.2 -1.3505 3.35192 199.968 52.4836 -13 -2 1 0 1 -0.0637962 -0.0183707 -2.93964 0 0 0 
18.2135 2.76581 13999.2 -1.40944 0.163573 199.995 52.8609 -13 -2 1 0 1 -0.106333 -0.025592 -2.00783 0 0 0 
17.7518 1.92168 14099.2 -0.389364 -3.56982 199.968 53.2381 -13 -2 1 0 1 -0.125647 -0.0204813 -0.717204 0 0 0 
17.7017 -0.823162 14199.2 -0.105298 -7.41385 199.863 53.6154 -13 -2 1 0 1 -0.127622 -0.000206704 0.69041 0 0 0 
17.2051 -5.42043 14299 -2.42259 -10.7611 199.696 53.9926 -13 -2 1 0 1 -0.107362 0.0254587 1.98696 0 0 0 
14.7722 -11.141 14398.9 -7.65125 -11.4412 199.526 54.3699 -13 -2 1 0 1 -0.0604147 0.0312466 2.92616 0 0 0 
9.56038 -16.0657 14498.6 -12.7844 -7.51178 199.45 54.7471 -13 -2 1 0 1 -0.0120251 -0.00587041 3.27997 0 0 0 
2.70596 -18.2206 14598.3 -13.7815 -1.09281 199.522 55.1244 -13 -2 1 0 1 -0.00191472 -0.0659464 2.94479 0 0 0 
-3.51587 -17.5277 14698.1 -10.6691 3.239 199.689 55.5016 -13 -2 1 0 1 -0.0292377 -0.104423 2.01956 0 0 0 
-7.81796 -15.6417 14798 -6.61739 3.72162 199.856 55.8789 -13 -2 1 0 1 -0.0616564 -0.109527 0.732989 0 0 0 
-10.2931 -14.2344 14898 -3.4421 1.64279 199.964 56.2561 -13 -2 1 0 1 -0.0789892 -0.0976244 -0.67459 0 0 0 
-11.3481 -14.1097 14998 -0.788497 -1.10473 199.996 56.6334 -13 -2 1 0 1 -0.074946 -0.0784299 -1.97491 0 0 0 
-11.0617 -15.1544 15098 1.92526 -2.75971 199.972 57.0106 -13 -2 1 0 1 -0.0486457 -0.0462179 -2.92053 0 0 0 
-9.54995 -16.493 15197.9 3.84347 -2.23108 199.951 57.3879 -13 -2 1 0 1 -0.0122535 0.00545299 -3.28006 0 0 0 
-7.61819 -17.1479 15297.9 3.4292 -0.317507 199.971 57.7652 -13 -2 1 0 1 0.0147501 0.0630864 -2.94789 0 0 0 
-6.51633 -16.8818 15397.9 0.692957 1.23229 199.995 58.1424 -13 -2 1 0 1 0.0296898 0.102918 -2.02262 0 0 0 
-7.08267 -16.0311 15497.9 -3.00328 2.14948 199.966 58.5197 -13 -2 1 0 1 0.0441006 0.116816 -0.735165 0 0 0 
-9.47354 -14.6123 15597.9 -6.4184 3.78539 199.861 58.8969 -13 -2 1 0 1 0.0630364 0.108553 0.668983 0 0 0 
-13.2224 -11.8975 15697.8 -8.12706 7.43731 199.697 59.2742 -13 -2 1 0 1 0.0755706 0.0787707 1.96823 0 0 0 
-16.9704 -6.95405 15797.6 -6.1108 12.2989 199.528 59.6514 -13 -2 1 0 1 0.0576945 0.0360223 2.91353 0 0 0 
-18.6498 0.00477094 15897.3 -0.165154 14.8136 199.451 60.0287 -13 -2 1 0 1 0.00175982 0.0133323 3.27539 0 0 0 
-17.1165 7.02423 15997 5.88914 12.5176 199.521 60.4059 -13 -2 1 0 1 -0.0554581 0.0352417 2.94904 0 0 0 
-13.4322 12.0918 16096.8 8.08508 7.68186 199.689 60.7832 -13 -2 1 0 1 -0.0755978 0.0789344 2.03007 0 0 0 
-9.68095 14.9061 16196.7 6.44743 3.93095 199.858 61.1604 -13 -2 1 0 1 -0.0642855 0.110267 0.746271 0 0 0 
-7.28116 16.3709 16296.7 2.99762 2.19277 199.966 61.5377 -13 -2 1 0 1 -0.0458273 0.119694 -0.658301 0 0 0 
-6.73672 17.2231 16396.7 -0.778085 1.19644 199.995 61.9149 -13 -2 1 0 1 -0.0317529 0.10649 -1.96178 0 0 0 
-7.90158 17.4483 16496.7 -3.59117 -0.452706 199.968 62.2922 -13 -2 1 0 1 -0.017097 0.0669216 -2.91393 0 0 0 
-9.92156 16.6917 16596.6 -4.01804 -2.5065 199.944 62.6694 -13 -2 1 0 1 0.0103576 0.00867427 -3.2818 0 0 0 
-11.5027 15.1844 16696.6 -2.0152 -3.14515 199.965 63.0467 -13 -2 1 0 1 0.048348 -0.0437447 -2.9587 0 0 0 
-11.8077 13.9425 16796.6 0.793356 -1.48818 199.993 63.4239 -13 -2 1 0 1 0.0765977 -0.076008 -2.03999 0 0 0 
-11.7665 13.9407 16800.5 0.899419 -1.38853 199.993 63.4386 -13 -2 1 0 1 0.0770917 -0.0770386 -1.99504 0 0 0 
-11.7665 13.9407 16800.5 0.899447 -1.38851 199.993 63.4386 -13 -2 1 0 1 0.0770918 -0.0770388 -1.99503 0 0 0 
-10.6532 13.9491 16900.5 3.54784 1.46043 199.964 63.8158 -13 -2 1 0 1 0.081405 -0.0954875 -0.70162 0 0 0 
-8.14316 15.2886 17000.5 6.64375 3.63207 199.857 64.1931 -13 -2 1 0 1 0.0639563 -0.107168 0.705463 0 0 0 
-3.85062 17.1547 17100.3 10.6105 3.25342 199.692 64.5703 -13 -2 1 0 1 0.0312313 -0.102678 1.99517 0 0 0 
2.33525 17.8842 17200.1 13.7149 -0.96359 199.527 64.9476 -13 -2 1 0 1 0.00302149 -0.0656018 2.9275 0 0 0 
9.17682 15.8107 17299.9 12.8118 -7.3348 199.455 65.3248 -13 -2 1 0 1 0.011542 -0.00670897 3.27264 0 0 0 
14.4309 10.9612 17399.6 7.78455 -11.3345 199.527 65.7021 -13 -2 1 0 1 0.0586629 0.0301328 2.92806 0 0 0 
16.9434 5.26379 17499.4 2.59695 -10.7744 199.693 66.0793 -13 -2 1 0 1 0.105492 0.0243998 1.99587 0 0 0 
17.5292 0.636093 17599.3 0.288288 -7.51308 199.859 66.4566 -13 -2 1 0 1 0.126367 -0.00151648 0.705603 0 0 0 
17.6772 -2.16715 17699.3 0.605483 -3.69256 199.965 66.8338 -13 -2 1 0 1 0.125376 -0.0222001 -0.699224 0 0 0 
18.2638 -3.06184 17799.3 1.69564 0.100091 199.993 67.2111 -13 -2 1 0 1 0.107195 -0.0273677 -1.99736 0 0 0 
19.1807 -2.13374 17899.3 1.67808 3.44545 199.964 67.5883 -13 -2 1 0 1 0.0654666 -0.019441 -2.93755 0 0 0 
19.6575 0.0699888 17999.2 0.041862 4.92022 199.94 67.9656 -13 -2 1 0 1 0.000630107 -0.0133588 -3.28978 0 0 0 
19.2198 2.29244 18099.2 -1.60946 3.51613 199.963 68.3428 -13 -2 1 0 1 -0.0645183 -0.0198872 -2.9495 0 0 0 
18.3322 3.26652 18199.2 -1.64273 0.207208 199.994 68.7201 -13 -2 1 0 1 -0.10691 -0.0284871 -2.01865 0 0 0 
17.7767 2.42817 18299.2 -0.524899 -3.57794 199.968 69.0974 -13 -2 1 0 1 -0.1257 -0.0240026 -0.729141 0 0 0 
17.6884 -0.321467 18399.1 -0.121129 -7.42056 199.863 69.4746 -13 -2 1 0 1 -0.127379 -0.00371537 0.673691 0 0 0 
17.2145 -4.92217 18499 -2.31725 -10.7753 199.696 69.8519 -13 -2 1 0 1 -0.107249 0.0224979 1.96851 0 0 0 
14.859 -10.665 18598.8 -7.45778 -11.529 199.528 70.2291 -13 -2 1 0 1 -0.0605435 0.0294909 2.90573 0 0 0 
9.74652 -15.6651 18698.6 -12.6013 -7.72868 199.453 70.6064 -13 -2 1 0 1 -0.0119058 -0.00610699 3.25733 0 0 0 
2.95676 -17.9557 18798.3 -13.719 -1.40566 199.524 70.9836 -13 -2 1 0 1 -0.00102869 -0.0653489 2.91968 0 0 0 
-3.27085 -17.4251 18898.1 -10.7491 2.91499 199.69 71.3609 -13 -2 1 0 1 -0.0278626 -0.10415 1.99158 0 0 0 
-7.63559 -15.6946 18998 -6.77265 3.42329 199.856 71.7381 -13 -2 1 0 1 -0.0605156 -0.110232 0.701607 0 0 0 
-10.1866 -14.434 19098 -3.57324 1.34812 199.964 72.1154 -13 -2 1 0 1 -0.078438 -0.0993661 -0.706604 0 0 0 
-11.2797 -14.4609 19198 -0.793343 -1.41437 199.994 72.4926 -13 -2 1 0 1 -0.0748029 -0.0808941 -2.01163 0 0 0 
-10.9476 -15.6538 19298 2.11846 -3.02556 199.966 72.8699 -13 -2 1 0 1 -0.048552 -0.0484634 -2.96291 0 0 0 
-9.29482 -17.0903 19397.9 4.19556 -2.34062 199.943 73.2471 -13 -2 1 0 1 -0.0125324 0.00471773 -3.32916 0 0 0 
-7.17769 -17.7521 19497.9 3.79187 -0.244594 199.964 73.6244 -13 -2 1 0 1 0.0130308 0.0642202 -3.005 0 0 0 
-5.91768 -17.4269 19597.9 0.954016 1.36784 199.993 74.0016 -13 -2 1 0 1 0.0259906 0.105028 -2.0894 0 0 0 
-6.38151 -16.5275 19697.9 -2.85034 2.18366 199.968 74.3789 -13 -2 1 0 1 0.0388921 0.119061 -0.813828 0 0 0 
-8.72107 -15.1443 19797.8 -6.37298 3.59291 199.867 74.7561 -13 -2 1 0 1 0.0571697 0.110889 0.575567 0 0 0 
-12.4952 -12.5951 19897.7 -8.30618 6.97005 199.706 75.1334 -13 -2 1 0 1 0.0701333 0.0814015 1.85636 0 0 0 
-16.4375 -7.93082 19997.6 -6.74852 11.6953 199.544 75.5106 -13 -2 1 0 1 0.0538021 0.0381904 2.77835 0 0 0 
-18.5818 -1.23022 20097.3 -1.38038 14.4601 199.472 75.8879 -13 -2 1 0 1 -0.00128042 0.0130827 3.11044 0 0 0 
-17.7617 5.7551 20197.1 4.30897 12.7655 199.546 76.2651 -13 -2 1 0 1 -0.0613613 0.0321837 2.74557 0 0 0 
-14.8917 11.0947 20296.9 6.43972 8.47404 199.717 76.6424 -13 -2 1 0 1 -0.0881493 0.0762582 1.77583 0 0 0 
-11.9723 14.355 20396.8 4.73512 4.82955 199.886 77.0196 -13 -2 1 0 1 -0.0846288 0.111819 0.424398 0 0 0 
-10.4963 16.162 20496.7 0.976747 2.53308 199.982 77.3969 -13 -2 1 0 1 -0.0735354 0.126502 -1.07108 0 0 0 
-11.0465 16.8629 20596.7 -3.06761 0.0922218 199.977 77.7741 -13 -2 1 0 1 -0.0647336 0.11628 -2.49826 0 0 0 
-13.2461 16.0082 20696.7 -5.1918 -3.71958 199.898 78.1514 -13 -2 1 0 1 -0.0487134 0.0776375 -3.62016 0 0 0 
-15.5499 13.15 20796.6 -3.30768 -7.40843 199.836 78.5286 -13 -2 1 0 1 -0.0119258 0.0262668 -4.2225 0 0 0 
-16.039 9.18394 20896.5 1.54965 -7.70998 199.846 78.9059 -13 -2 1 0 1 0.0319888 -0.00663626 -4.22487 0 0 0 
-14.1426 6.11265 20996.5 5.63773 -4.10523 199.879 79.2831 -13 -2 1 0 1 0.0523281 -0.0150679 -3.75191 0 0 0 
-10.872 5.27828 21096.4 7.00829 0.729764 199.876 79.6604 -13 -2 1 0 1 0.0447088 -0.0167742 -3.05198 0 0 0 
-7.45258 6.66636 21196.4 6.47804 4.57733 199.843 80.0376 -13 -2 1 0 1 0.0273109 -0.0207154 -2.34799 0 0 0 
-5.76402 8.2557 21252.2 5.8811 6.07084 199.822 80.2484 -13 -2 1 0 1 0.0187442 -0.0234108 -1.9965 0 0 0 

# Event -1 Track 1
-11.2945 14.0917 0 0.731734 -1.1308 199.995 0 -13 -1 1 0 1 0.0742529 -0.077735 -1.9919 0 0 0 
-11.2894 14.0922 0.4995 0.745059 -1.11857 199.995 0.0018845 -13 -1 1 0 1 0.074312 -0.077872 -1.98611 0 0 0 
-11.2894 14.0922 0.5005 0.745085 -1.11855 199.995 0.00188827 -13 -1 1 0 1 0.0743121 -0.0778723 -1.9861 0 0 0 
-10.2584 14.2041 100.494 3.38893 1.60917 199.965 0.379139 -13 -1 1 0 1 0.0786667 -0.0972284 -0.689682 0 0 0 
-7.8137 15.5952 200.453 6.54736 3.69563 199.859 0.75639 -13 -1 1 0 1 0.061686 -0.109286 0.714143 0 0 0 
-3.55078 17.4777 300.342 10.5861 3.2567 199.693 1.13364 -13 -1 1 0 1 0.0295086 -0.104545 2.00417 0 0 0 
2.63429 18.1941 400.145 13.7267 -1.0187 199.526 1.51089 -13 -1 1 0 1 0.00201654 -0.0666485 2.93689 0 0 0 
9.47759 16.082 499.884 12.7964 -7.42688 199.452 1.88814 -13 -1 1 0 1 0.0115259 -0.00671425 3.28243 0 0 0 
14.7075 11.189 599.622 7.7009 -11.4055 199.526 2.26539 -13 -1 1 0 1 0.0595623 0.0308994 2.93817 0 0 0 
17.1617 5.47233 699.426 2.45025 -10.7763 199.694 2.64264 -13 -1 1 0 1 0.106713 0.0256168 2.00632 0 0 0 
17.6614 0.861349 799.316 0.0906834 -7.44929 199.861 3.0199 -13 -1 1 0 1 0.127233 6.84725e-05 0.716476 0 0 0 
17.6966 -1.90343 899.276 0.348818 -3.61444 199.967 3.39715 -13 -1 1 0 1 0.125468 -0.0203407 -0.691218 0 0 0 
18.1374 -2.77315 999.27 1.37219 0.105364 199.995 3.7744 -13 -1 1 0 1 0.106421 -0.0256664 -1.98563 0 0 0 
18.8862 -1.87973 1099.26 1.34565 3.29149 199.968 4.15165 -13 -1 1 0 1 0.0644122 -0.0185522 -2.92519 0 0 0 
19.2193 0.204752 1199.24 -0.180947 4.60874 199.947 4.5289 -13 -1 1 0 1 0.000547184 -0.0133301 -3.27667 0 0 0 
18.7135 2.25524 1299.22 -1.65993 3.16382 199.968 4.90615 -13 -1 1 0 1 -0.0629067 -0.0197451 -2.93561 0 0 0 
17.8322 3.06893 1399.21 -1.58571 -0.0694796 199.994 5.2834 -13 -1 1 0 1 -0.10411 -0.0273337 -2.00398 0 0 0 
17.3078 2.11906 1499.2 -0.474513 -3.74821 199.964 5.66065 -13 -1 1 0 1 -0.122547 -0.0218441 -0.713618 0 0 0 
17.2251 -0.691513 1599.16 -0.157694 -7.49488 199.859 6.0379 -13 -1 1 0 1 -0.124291 -0.00111925 0.693688 0 0 0 
16.7067 -5.3031 1699.05 -2.45592 -10.7386 199.696 6.41515 -13 -1 1 0 1 -0.104464 0.0247754 1.98679 0 0 0 
14.2667 -10.9915 1798.86 -7.64095 -11.3431 199.532 6.7924 -13 -1 1 0 1 -0.0586919 0.0307339 2.92586 0 0 0 
9.07546 -15.8621 1898.6 -12.7134 -7.40739 199.458 7.16965 -13 -1 1 0 1 -0.0119978 -0.00588472 3.27965 0 0 0 
2.2653 -17.979 1998.34 -13.6854 -1.05378 199.528 7.54691 -13 -1 1 0 1 -0.00337177 -0.065149 2.94451 0 0 0 
-3.91509 -17.289 2098.14 -10.6078 3.1881 199.693 7.92416 -13 -1 1 0 1 -0.0315318 -0.103052 2.01933 0 0 0 
-8.20171 -15.4495 2198.03 -6.61635 3.58804 199.858 8.30141 -13 -1 1 0 1 -0.0643122 -0.108198 0.732775 0 0 0 
-10.6865 -14.1293 2297.99 -3.47239 1.42705 199.965 8.67866 -13 -1 1 0 1 -0.0817203 -0.096895 -0.674832 0 0 0 
-11.7494 -14.1332 2397.98 -0.774546 -1.40058 199.994 9.05591 -13 -1 1 0 1 -0.0772794 -0.0785663 -1.9752 0 0 0 
-11.426 -15.3363 2497.97 2.07104 -3.08146 199.966 9.43316 -13 -1 1 0 1 -0.0498901 -0.0468368 -2.92088 0 0 0 
-9.8024 -16.8185 2597.95 4.13742 -2.46394 199.942 9.81041 -13 -1 1 0 1 -0.0122689 0.00543559 -3.28039 0 0 0 
-7.70489 -17.5494 2697.92 3.77695 -0.385636 199.964 10.1877 -13 -1 1 0 1 0.0150394 0.0644181 -2.94813 0 0 0 
-6.43984 -17.2827 2797.91 0.985195 1.28795 199.993 10.5649 -13 -1 1 0 1 0.0292535 0.105227 -2.02271 0 0 0 
-6.88257 -16.3938 2897.91 -2.80057 2.23073 199.968 10.9422 -13 -1 1 0 1 0.0427182 0.11933 -0.735132 0 0 0 
-9.19118 -14.944 2997.87 -6.28861 3.81979 199.865 11.3194 -13 -1 1 0 1 0.0610815 0.110872 0.672533 0 0 0 
-12.8908 -12.2305 3097.76 -8.06039 7.39727 199.701 11.6967 -13 -1 1 0 1 0.0736478 0.0807194 1.97194 0 0 0 
-16.6229 -7.32253 3197.57 -6.11508 12.2039 199.534 12.0739 -13 -1 1 0 1 0.0565072 0.0372932 2.9173 0 0 0 
-18.3209 -0.41344 3297.31 -0.229599 14.72 199.457 12.4512 -13 -1 1 0 1 0.00173544 0.0133743 3.27917 0 0 0 
-16.824 6.57016 3397.05 5.82008 12.4719 199.526 12.8284 -13 -1 1 0 1 -0.0544892 0.0337522 2.9529 0 0 0 
-13.161 11.6282 3496.85 8.07797 7.68741 199.689 13.2057 -13 -1 1 0 1 -0.0740303 0.0762659 2.03416 0 0 0 
-9.38963 14.4558 3596.74 6.5376 3.97856 199.854 13.5829 -13 -1 1 0 1 -0.0622595 0.107131 0.750727 0 0 0 
-6.92077 15.9593 3696.7 3.1795 2.30782 199.961 13.9602 -13 -1 1 0 1 -0.0433196 0.116824 -0.656855 0 0 0 
-6.27233 16.8972 3796.69 -0.558425 1.4331 199.994 14.3374 -13 -1 1 0 1 -0.0290387 0.104573 -1.96005 0 0 0 
-7.3414 17.2776 3896.68 -3.45078 -0.0722344 199.97 14.7147 -13 -1 1 0 1 -0.0151544 0.0663157 -2.91193 0 0 0 
-9.33669 16.7313 3996.66 -4.07111 -2.0704 199.948 15.0919 -13 -1 1 0 1 0.0104332 0.00866581 -3.27963 0 0 0 
-10.9936 15.4235 4096.64 -2.25059 -2.80537 199.968 15.4692 -13 -1 1 0 1 0.0466975 -0.0445337 -2.9564 0 0 0 
-11.4365 14.3105 4196.63 0.500917 -1.31216 199.995 15.8464 -13 -1 1 0 1 0.0744816 -0.0781217 -2.03752 0 0 0 
-11.4007 14.3108 4200.5 0.606904 -1.21888 199.995 15.861 -13 -1 1 0 1 0.0749786 -0.0791849 -1.99278 0 0 0 
-11.4007 14.3108 4200.5 0.606931 -1.21886 199.995 15.861 -13 -1 1 0 1 0.0749787 -0.0791852 -1.99277 0 0 0 
-10.4229 14.3723 4300.49 3.30999 1.5161 199.967 16.2383 -13 -1 1 0 1 0.0798252 -0.0984388 -0.695863 0 0 0 
-8.00893 15.7265 4400.45 6.49922 3.64474 199.861 16.6155 -13 -1 1 0 1 0.0630402 -0.110225 0.711699 0 0 0 
-3.76532 17.5961 4500.34 10.5568 3.25611 199.695 16.9928 -13 -1 1 0 1 0.0307437 -0.105256 2.00196 0 0 0 
2.41105 18.3233 4600.15 13.7233 -0.978658 199.526 17.37 -13 -1 1 0 1 0.00275655 -0.0671055 2.93485 0 0 0 
9.26074 16.2351 4699.89 12.8246 -7.37779 199.452 17.7473 -13 -1 1 0 1 0.0115144 -0.0067338 3.28048 0 0 0 
14.5094 11.3614 4799.63 7.74224 -11.382 199.526 18.1245 -13 -1 1 0 1 0.0588837 0.0314611 2.9363 0 0 0 
16.9806 5.64682 4899.43 2.47278 -10.7913 199.693 18.5018 -13 -1 1 0 1 0.105651 0.026612 2.00455 0 0 0 
17.4828 1.01916 4999.32 0.0772147 -7.50065 199.859 18.879 -13 -1 1 0 1 0.125978 0.00115366 0.714852 0 0 0 
17.5035 -1.78088 5099.28 0.307584 -3.70566 199.966 19.2563 -13 -1 1 0 1 0.124111 -0.0194965 -0.692676 0 0 0 
17.9235 -2.70813 5199.27 1.33755 -0.0340466 199.996 19.6335 -13 -1 1 0 1 0.10515 -0.0252885 -1.99004 0 0 0 
18.6667 -1.89439 5299.26 1.36577 3.11784 199.971 20.0108 -13 -1 1 0 1 0.06364 -0.0186017 -2.92932 0 0 0 
19.03 0.104984 5399.24 -0.0803787 4.4525 199.951 20.388 -13 -1 1 0 1 0.000515027 -0.0133352 -3.28055 0 0 0 
18.5893 2.09307 5499.22 -1.50939 3.0753 199.971 20.7653 -13 -1 1 0 1 -0.062516 -0.0192088 -2.93931 0 0 0 
17.7839 2.88044 5599.21 -1.44029 -0.0907754 199.995 21.1425 -13 -1 1 0 1 -0.103853 -0.0262521 -2.00752 0 0 0 
17.3241 1.92892 5699.21 -0.363672 -3.74074 199.965 21.5198 -13 -1 1 0 1 -0.122679 -0.020531 -0.716994 0 0 0 
17.2875 -0.878815 5799.17 -0.0838095 -7.49585 199.86 21.897 -13 -1 1 0 1 -0.124742 0.000178619 0.690492 0 0 0 
16.7962 -5.49705 5899.06 -2.42172 -10.7651 199.695 22.2743 -13 -1 1 0 1 -0.104984 0.0258997 1.98692 0 0 0 
14.3627 -11.2039 5998.86 -7.64933 -11.387 199.529 22.6515 -13 -1 1 0 1 -0.0590179 0.0314544 2.92604 0 0 0 
9.15834 -16.0955 6098.6 -12.7535 -7.44332 199.454 23.0288 -13 -1 1 0 1 -0.0120011 -0.00587516 3.27984 0 0 0 
2.32667 -18.2244 6198.34 -13.725 -1.06545 199.526 23.406 -13 -1 1 0 1 -0.00316832 -0.0659655 2.94467 0 0 0 
-3.8662 -17.5354 6298.14 -10.614 3.19385 199.693 23.7833 -13 -1 1 0 1 -0.0312518 -0.104473 2.01942 0 0 0 
-8.14392 -15.6911 6398.03 -6.57343 3.60079 199.86 24.1605 -13 -1 1 0 1 -0.0639138 -0.109873 0.732778 0 0 0 
-10.5945 -14.3615 6497.99 -3.3796 1.45563 199.966 24.5378 -13 -1 1 0 1 -0.081083 -0.0985084 -0.674879 0 0 0 
-11.6016 -14.3411 6597.99 -0.64906 -1.32611 199.995 24.915 -13 -1 1 0 1 -0.0764202 -0.0797752 -1.97526 0 0 0 
-11.2166 -15.4895 6697.98 2.18127 -2.93626 199.967 25.2923 -13 -1 1 0 1 -0.049173 -0.0473594 -2.9209 0 0 0 
-9.55483 -16.8849 6797.95 4.17195 -2.27077 199.944 25.6696 -13 -1 1 0 1 -0.0122495 0.00543305 -3.28034 0 0 0 
-7.46355 -17.5209 6897.93 3.72098 -0.210304 199.965 26.0468 -13 -1 1 0 1 0.0142445 0.064325 -2.94801 0 0 0 
-6.24047 -17.1813 6997.92 0.883112 1.40145 199.993 26.4241 -13 -1 1 0 1 0.0281081 0.104643 -2.02258 0 0 0 
-6.73448 -16.2505 7097.91 -2.89686 2.28931 199.966 26.8013 -13 -1 1 0 1 0.0416925 0.118335 -0.735046 0 0 0 
-9.08377 -14.7794 7197.87 -6.35279 3.8508 199.862 27.1786 -13 -1 1 0 1 0.0603339 0.109726 0.672553 0 0 0 
-12.8059 -12.0532 7297.76 -8.0863 7.41818 199.699 27.5558 -13 -1 1 0 1 0.0731509 0.0796851 1.97189 0 0 0 
-16.5425 -7.13679 7397.57 -6.10917 12.216 199.533 27.9331 -13 -1 1 0 1 0.0562287 0.0366546 2.91721 0 0 0 
-18.2333 -0.224539 7497.31 -0.210766 14.7208 199.458 28.3103 -13 -1 1 0 1 0.00172633 0.0133561 3.2791 0 0 0 
-16.7286 6.75808 7597.05 5.82871 12.4699 199.526 28.6876 -13 -1 1 0 1 -0.0541778 0.0343667 2.95288 0 0 0 
-13.0672 11.8179 7696.85 8.06188 7.69929 199.689 29.0648 -13 -1 1 0 1 -0.0734941 0.0773525 2.03417 0 0 0 
-9.31169 14.6571 7796.74 6.48858 4.01333 199.855 29.4421 -13 -1 1 0 1 -0.061722 0.108524 0.750727 0 0 0 
-6.87791 16.1822 7896.7 3.08595 2.35535 199.962 29.8193 -13 -1 1 0 1 -0.043023 0.118375 -0.656901 0 0 0 
-6.28959 17.1403 7996.69 -0.705289 1.45889 199.994 30.1966 -13 -1 1 0 1 -0.0291407 0.105996 -1.96016 0 0 0 
-7.44197 17.5179 8096.68 -3.62969 -0.116454 199.967 30.5738 -13 -1 1 0 1 -0.0155033 0.0671499 -2.91212 0 0 0 
-9.52219 16.927 8196.66 -4.22006 -2.20211 199.944 30.9511 -13 -1 1 0 1 0.010411 0.00869004 -3.27984 0 0 0 
-11.2341 15.5401 8296.63 -2.3173 -2.9789 199.965 31.3283 -13 -1 1 0 1 0.0474815 -0.044914 -2.95658 0 0 0 
-11.6904 14.3439 8396.62 0.507448 -1.46227 199.994 31.7056 -13 -1 1 0 1 0.0759352 -0.0783142 -2.03765 0 0 0 
-11.6541 14.3419 8400.5 0.615518 -1.3671 199.995 31.7202 -13 -1 1 0 1 0.0764473 -0.079367 -1.99285 0 0 0 
-11.6541 14.3419 8400.5 0.615546 -1.36707 199.995 31.7202 -13 -1 1 0 1 0.0764474 -0.0793672 -1.99284 0 0 0 
-10.6637 14.3422 8500.49 3.34403 1.42073 199.967 32.0974 -13 -1 1 0 1 0.081496 -0.0982311 -0.695878 0 0 0 
-8.23419 15.6614 8600.45 6.52363 3.59849 199.861 32.4747 -13 -1 1 0 1 0.0646012 -0.109774 0.711703 0 0 0 
-3.9832 17.5182 8700.34 10.5625 3.24982 199.695 32.8519 -13 -1 1 0 1 0.0320014 -0.104806 2.00195 0 0 0 
2.19354 18.2503 8800.15 13.7223 -0.954705 199.527 33.2292 -13 -1 1 0 1 0.00348615 -0.0668595 2.93478 0 0 0 
9.04497 16.1777 8899.89 12.8349 -7.34412 199.453 33.6064 -13 -1 1 0 1 0.011515 -0.00673358 3.28036 0 0 0 
14.3028 11.3171 8999.63 7.76777 -11.3677 199.526 33.9837 -13 -1 1 0 1 0.05819 0.0313114 2.93617 0 0 0 
16.7886 5.60053 9099.43 2.50356 -10.8156 199.692 34.3609 -13 -1 1 0 1 0.10454 0.0263436 2.00447 0 0 0 
17.3064 0.950111 9199.32 0.110218 -7.56705 199.857 34.7382 -13 -1 1 0 1 0.124754 0.000674954 0.714853 0 0 0 
17.3473 -1.89243 9299.28 0.359749 -3.80707 199.964 35.1154 -13 -1 1 0 1 0.123025 -0.02027 -0.692617 0 0 0 
17.8045 -2.87472 9399.27 1.43906 -0.146732 199.995 35.4927 -13 -1 1 0 1 0.10446 -0.0262532 -1.98996 0 0 0 
18.6146 -2.11025 9499.26 1.53057 3.04323 199.971 35.8699 -13 -1 1 0 1 0.0634655 -0.0193315 -2.92927 0 0 0 
19.0697 -0.127844 9599.24 0.111955 4.46396 199.95 36.2472 -13 -1 1 0 1 0.00051873 -0.0133415 -3.28058 0 0 0 
18.7183 1.8876 9699.22 -1.35383 3.16662 199.971 36.6244 -13 -1 1 0 1 -0.0629455 -0.0185237 -2.93942 0 0 0 
17.9744 2.72923 9799.21 -1.35006 0.0245318 199.996 37.0017 -13 -1 1 0 1 -0.104952 -0.0253806 -2.00764 0 0 0 
17.5469 1.83025 9899.2 -0.319379 -3.65183 199.967 37.3789 -13 -1 1 0 1 -0.124225 -0.0198478 -0.71707 0 0 0 
17.5271 -0.944723 9999.16 -0.0573482 -7.45551 199.861 37.7562 -13 -1 1 0 1 -0.126408 0.00063623 0.690486 0 0 0 
17.0468 -5.55595 10099.1 -2.40503 -10.7767 199.695 38.1335 -13 -1 1 0 1 -0.106441 0.0262429 1.987 0 0 0 
14.6168 -11.2791 10198.9 -7.65471 -11.4367 199.526 38.5107 -13 -1 1 0 1 -0.0598842 0.0317128 2.92618 0 0 0 
9.40197 -16.1981 10298.6 -12.7896 -7.49603 199.45 38.888 -13 -1 1 0 1 -0.0120151 -0.00586742 3.28 0 0 0 
2.54785 -18.3462 10398.3 -13.7737 -1.08513 199.522 39.2652 -13 -1 1 0 1 -0.00243705 -0.066367 2.94481 0 0 0 
-3.66607 -17.6557 10498.1 -10.6452 3.21949 199.691 39.6425 -13 -1 1 0 1 -0.0301017 -0.105163 2.01954 0 0 0 
-7.95175 -15.788 10598 -6.57426 3.66796 199.858 40.0197 -13 -1 1 0 1 -0.0625837 -0.110543 0.732899 0 0 0 
-10.3976 -14.4146 10698 -3.36461 1.56395 199.966 40.397 -13 -1 1 0 1 -0.0797162 -0.0988776 -0.674745 0 0 0 
-11.4008 -14.3297 10798 -0.656179 -1.17774 199.996 40.7742 -13 -1 1 0 1 -0.075253 -0.0797097 -1.9751 0 0 0 
-11.0345 -15.3988 10898 2.10813 -2.77501 199.97 41.1515 -13 -1 1 0 1 -0.048551 -0.0470512 -2.92073 0 0 0 
-9.42874 -16.7222 10997.9 4.02462 -2.15414 199.948 41.5287 -13 -1 1 0 1 -0.0122421 0.0054411 -3.28017 0 0 0 
-7.42052 -17.3202 11097.9 3.54672 -0.176209 199.969 41.906 -13 -1 1 0 1 0.0141008 0.0636586 -2.9479 0 0 0 
-6.27923 -16.9808 11197.9 0.736626 1.37356 199.994 42.2832 -13 -1 1 0 1 0.0283291 0.103488 -2.02255 0 0 0 
-6.83522 -16.0691 11297.9 -2.99858 2.24866 199.965 42.6605 -13 -1 1 0 1 0.0423884 0.117079 -0.735076 0 0 0 
-9.22573 -14.6132 11397.9 -6.41754 3.83493 199.86 43.0377 -13 -1 1 0 1 0.0613191 0.108572 0.672489 0 0 0 
-12.972 -11.8853 11497.8 -8.11764 7.44151 199.697 43.415 -13 -1 1 0 1 0.0741186 0.0787095 1.97184 0 0 0 
-16.7146 -6.9492 11597.6 -6.10069 12.2675 199.53 43.7922 -13 -1 1 0 1 0.0568235 0.0360125 2.91723 0 0 0 
-18.3915 -0.0107272 11697.3 -0.166723 14.7682 199.454 44.1695 -13 -1 1 0 1 0.00174639 0.0133359 3.27922 0 0 0 
-16.8619 6.98856 11797 5.87806 12.4867 199.523 44.5467 -13 -1 1 0 1 -0.0546114 0.0351197 2.95308 0 0 0 
-13.1823 12.0487 11896.8 8.08019 7.68502 199.689 44.924 -13 -1 1 0 1 -0.0741541 0.0786742 2.03438 0 0 0 
-9.42948 14.875 11996.7 6.45864 3.97714 199.856 45.3012 -13 -1 1 0 1 -0.0625381 0.110033 0.750888 0 0 0 
-7.02216 16.3757 12096.7 3.01255 2.2914 199.964 45.6785 -13 -1 1 0 1 -0.0440274 0.119724 -0.656814 0 0 0 
-6.47625 17.2905 12196.7 -0.794762 1.34571 199.994 46.0557 -13 -1 1 0 1 -0.0302327 0.106878 -1.96015 0 0 0 
-7.66677 17.5967 12296.7 -3.68274 -0.286891 199.966 46.433 -13 -1 1 0 1 -0.0162838 0.0674288 -2.91218 0 0 0 
-9.75349 16.9133 12396.6 -4.18841 -2.39112 199.942 46.8102 -13 -1 1 0 1 0.0103806 0.0086938 -3.27992 0 0 0 
-11.4284 15.4409 12496.6 -2.2077 -3.12304 199.964 47.1875 -13 -1 1 0 1 0.0481117 -0.0445867 -2.95667 0 0 0 
-11.8215 14.1903 12596.6 0.641031 -1.53652 199.993 47.5647 -13 -1 1 0 1 0.0766828 -0.0774324 -2.03774 0 0 0 
-11.7827 14.1873 12600.5 0.749204 -1.43866 199.994 47.5794 -13 -1 1 0 1 0.077191 -0.0784719 -1.99283 0 0 0 
-11.7826 14.1873 12600.5 0.749231 -1.43864 199.994 47.5794 -13 -1 1 0 1 0.0771911 -0.0784722 -1.99282 0 0 0 
-10.7298 14.1645 12700.5 3.45524 1.39353 199.966 47.9566 -13 -1 1 0 1 0.0819538 -0.0969975 -0.695869 0 0 0 
-8.25409 15.4737 12800.5 6.59636 3.58055 199.859 48.3339 -13 -1 1 0 1 0.0647381 -0.108471 0.711666 0 0 0 
-3.97718 17.3195 12900.3 10.5931 3.223 199.694 48.7111 -13 -1 1 0 1 0.0319661 -0.103656 2.00185 0 0 0 
2.20455 18.0365 13000.1 13.7128 -0.985966 199.527 49.0884 -13 -1 1 0 1 0.00344924 -0.0661409 2.93462 0 0 0 
9.04418 15.9505 13099.9 12.8016 -7.36418 199.454 49.4656 -13 -1 1 0 1 0.0115141 -0.00673363 3.2802 0 0 0 
14.2856 11.084 13199.6 7.74081 -11.3726 199.527 49.8429 -13 -1 1 0 1 0.0581301 0.0305293 2.93608 0 0 0 
16.7651 5.36612 13299.4 2.50838 -10.8185 199.692 50.2201 -13 -1 1 0 1 0.104402 0.0249905 2.00445 0 0 0 
17.2961 0.712242 13399.3 0.159313 -7.57831 199.857 50.5974 -13 -1 1 0 1 0.124681 -0.00097288 0.714874 0 0 0 
17.374 -2.13638 13499.3 0.459486 -3.81627 199.963 50.9746 -13 -1 1 0 1 0.123212 -0.0219621 -0.692595 0 0 0 
17.8932 -3.1159 13599.3 1.5844 -0.11919 199.994 51.3519 -13 -1 1 0 1 0.104977 -0.0276505 -1.98998 0 0 0 
18.7803 -2.31993 13699.3 1.68373 3.1461 199.968 51.7291 -13 -1 1 0 1 0.0640303 -0.020041 -2.92937 0 0 0 
19.3003 -0.266712 13799.2 0.207495 4.63809 199.946 52.1064 -13 -1 1 0 1 0.000528525 -0.0133457 -3.28077 0 0 0 
18.9736 1.84162 13899.2 -1.3505 3.35192 199.968 52.4836 -13 -1 1 0 1 -0.0637962 -0.0183707 -2.93964 0 0 0 
18.2135 2.76581 13999.2 -1.40944 0.163573 199.995 52.8609 -13 -1 1 0 1 -0.106333 -0.025592 -2.00783 0 0 0 
17.7518 1.92168 14099.2 -0.389364 -3.56982 199.968 53.2381 -13 -1 1 0 1 -0.125647 -0.0204813 -0.717204 0 0 0 
17.7017 -0.823162 14199.2 -0.105298 -7.41385 199.863 53.6154 -13 -1 1 0 1 -0.127622 -0.000206704 0.69041 0 0 0 
17.2051 -5.42043 14299 -2.42259 -10.7611 199.696 53.9926 -13 -1 1 0 1 -0.107362 0.0254587 1.98696 0 0 0 
14.7722 -11.141 14398.9 -7.65125 -11.4412 199.526 54.3699 -13 -1 1 0 1 -0.0604147 0.0312466 2.92616 0 0 0 
9.56038 -16.0657 14498.6 -12.7844 -7.51178 199.45 54.7471 -13 -1 1 0 1 -0.0120251 -0.00587041 3.27997 0 0 0 
2.70596 -18.2206 14598.3 -13.7815 -1.09281 199.522 55.1244 -13 -1 1 0 1 -0.00191472 -0.0659464 2.94479 0 0 0 
-3.51587 -17.5277 14698.1 -10.6691 3.239 199.689 55.5016 -13 -1 1 0 1 -0.0292377 -0.104423 2.01956 0 0 0 
-7.81796 -15.6417 14798 -6.61739 3.72162 199.856 55.8789 -13 -1 1 0 1 -0.0616564 -0.109527 0.732989 0 0 0 
-10.2931 -14.2344 14898 -3.4421 1.64279 199.964 56.2561 -13 -1 1 0 1 -0.0789892 -0.0976244 -0.67459 0 0 0 
-11.3481 -14.1097 14998 -0.788497 -1.10473 199.996 56.6334 -13 -1 1 0 1 -0.074946 -0.0784299 -1.97491 0 0 0 
-11.0617 -15.1544 15098 1.92526 -2.75971 199.972 57.0106 -13 -1 1 0 1 -0.0486457 -0.0462179 -2.92053 0 0 0 
-9.54995 -16.493 15197.9 3.84347 -2.23108 199.951 57.3879 -13 -1 1 0 1 -0.0122535 0.00545299 -3.28006 0 0 0 
-7.61819 -17.1479 15297.9 3.4292 -0.317507 199.971 57.7652 -13 -1 1 0 1 0.0147501 0.0630864 -2.94789 0 0 0 
-6.51633 -16.8818 15397.9 0.692957 1.23229 199.995 58.1424 -13 -1 1 0 1 0.0296898 0.102918 -2.02262 0 0 0 
-7.08267 -16.0311 15497.9 -3.00328 2.14948 199.966 58.5197 -13 -1 1 0 1 0.0441006 0.116816 -0.735165 0 0 0 
-9.47354 -14.6123 15597.9 -6.4184 3.78539 199.861 58.8969 -13 -1 1 0 1 0.0630364 0.108553 0.668983 0 0 0 
-13.2224 -11.8975 15697.8 -8.12706 7.43731 199.697 59.2742 -13 -1 1 0 1 0.0755706 0.0787707 1.96823 0 0 0 
-16.9704 -6.95405 15797.6 -6.1108 12.2989 199.528 59.6514 -13 -1 1 0 1 0.0576945 0.0360223 2.91353 0 0 0 
-18.6498 0.00477094 15897.3 -0.165154 14.8136 199.451 60.0287 -13 -1 1 0 1 0.00175982 0.0133323 3.27539 0 0 0 
-17.1165 7.02423 15997 5.88914 12.5176 199.521 60.4059 -13 -1 1 0 1 -0.0554581 0.0352417 2.94904 0 0 0 
-13.4322 12.0918 16096.8 8.08508 7.68186 199.689 60.7832 -13 -1 1 0 1 -0.0755978 0.0789344 2.03007 0 0 0 
-9.68095 14.9061 16196.7 6.44743 3.93095 199.858 61.1604 -13 -1 1 0 1 -0.0642855 0.110267 0.746271 0 0 0 
-7.28116 16.3709 16296.7 2.99762 2.19277 199.966 61.5377 -13 -1 1 0 1 -0.0458273 0.119694 -0.658301 0 0 0 
-6.73672 17.2231 16396.7 -0.778085 1.19644 199.995 61.9149 -13 -1 1 0 1 -0.0317529 0.10649 -1.96178 0 0 0 
-7.90158 17.4483 16496.7 -3.59117 -0.452706 199.968 62.2922 -13 -1 1 0 1 -0.017097 0.0669216 -2.91393 0 0 0 
-9.92156 16.6917 16596.6 -4.01804 -2.5065 199.944 62.6694 -13 -1 1 0 1 0.0103576 0.00867427 -3.2818 0 0 0 
-11.5027 15.1844 16696.6 -2.0152 -3.14515 199.965 63.0467 -13 -1 1 0 1 0.048348 -0.0437447 -2.9587 0 0 0 
-11.8077 13.9425 16796.6 0.793356 -1.48818 199.993 63.4239 -13 -1 1 0 1 0.0765977 -0.076008 -2.03999 0 0 0 
-11.7665 13.9407 16800.5 0.899419 -1.38853 199.993 63.4386 -13 -1 1 0 1 0.0770917 -0.0770386 -1.99504 0 0 0 
-11.7665 13.9407 16800.5 0.899447 -1.38851 199.993 63.4386 -13 -1 1 0 1 0.0770918 -0.0770388 -1.99503 0 0 0 
-10.6532 13.9491 16900.5 3.54784 1.46043 199.964 63.8158 -13 -1 1 0 1 0.081405 -0.0954875 -0.70162 0 0 0 
-8.14316 15.2886 17000.5 6.64375 3.63207 199.857 64.1931 -13 -1 1 0 1 0.0639563 -0.107168 0.705463 0 0 0 
-3.85062 17.1547 17100.3 10.6105 3.25342 199.692 64.5703 -13 -1 1 0 1 0.0312313 -0.102678 1.99517 0 0 0 
2.33525 17.8842 17200.1 13.7149 -0.96359 199.527 64.9476 -13 -1 1 0 1 0.00302149 -0.0656018 2.9275 0 0 0 
9.17682 15.8107 17299.9 12.8118 -7.3348 199.455 65.3248 -13 -1 1 0 1 0.011542 -0.00670897 3.27264 0 0 0 
14.4309 10.9612 17399.6 7.78455 -11.3345 199.527 65.7021 -13 -1 1 0 1 0.0586629 0.0301328 2.92806 0 0 0 
16.9434 5.26379 17499.4 2.59695 -10.7744 199.693 66.0793 -13 -1 1 0 1 0.105492 0.0243998 1.99587 0 0 0 
17.5292 0.636093 17599.3 0.288288 -7.51308 199.859 66.4566 -13 -1 1 0 1 0.126367 -0.00151648 0.705603 0 0 0 
17.6772 -2.16715 17699.3 0.605483 -3.69256 199.965 66.8338 -13 -1 1 0 1 0.125376 -0.0222001 -0.699224 0 0 0 
18.2638 -3.06184 17799.3 1.69564 0.100091 199.993 67.2111 -13 -1 1 0 1 0.107195 -0.0273677 -1.99736 0 0 0 
19.1807 -2.13374 17899.3 1.67808 3.44545 199.964 67.5883 -13 -1 1 0 1 0.0654666 -0.019441 -2.93755 0 0 0 
19.6575 0.0699888 17999.2 0.041862 4.92022 199.94 67.9656 -13 -1 1 0 1 0.000630107 -0.0133588 -3.28978 0 0 0 
19.2198 2.29244 18099.2 -1.60946 3.51613 199.963 68.3428 -13 -1 1 0 1 -0.0645183 -0.0198872 -2.9495 0 0 0 
18.3322 3.26652 18199.2 -1.64273 0.207208 199.994 68.7201 -13 -1 1 0 1 -0.10691 -0.0284871 -2.01865 0 0 0 
17.7767 2.42817 18299.2 -0.524899 -3.57794 199.968 69.0974 -13 -1 1 0 1 -0.1257 -0.0240026 -0.729141 0 0 0 
17.6884 -0.321467 18399.1 -0.121129 -7.42056 199.863 69.4746 -13 -1 1 0 1 -0.127379 -0.00371537 0.673691 0 0 0 
17.2145 -4.92217 18499 -2.31725 -10.7753 199.696 69.8519 -13 -1 1 0 1 -0.107249 0.0224979 1.96851 0 0 0 
14.859 -10.665 18598.8 -7.45778 -11.529 199.528 70.2291 -13 -1 1 0 1 -0.0605435 0.0294909 2.90573 0 0 0 
9.74652 -15.6651 18698.6 -12.6013 -7.72868 199.453 70.6064 -13 -1 1 0 1 -0.0119058 -0.00610699 3.25733 0 0 0 
2.95676 -17.9557 18798.3 -13.719 -1.40566 199.524 70.9836 -13 -1 1 0 1 -0.00102869 -0.0653489 2.91968 0 0 0 
-3.27085 -17.4251 18898.1 -10.7491 2.91499 199.69 71.3609 -13 -1 1 0 1 -0.0278626 -0.10415 1.99158 0 0 0 
-7.63559 -15.6946 18998 -6.77265 3.42329 199.856 71.7381 -13 -1 1 0 1 -0.0605156 -0.110232 0.701607 0 0 0 
-10.1866 -14.434 19098 -3.57324 1.34812 199.964 72.1154 -13 -1 1 0 1 -0.078438 -0.0993661 -0.706604 0 0 0 
-11.2797 -14.4609 19198 -0.793343 -1.41437 199.994 72.4926 -13 -1 1 0 1 -0.0748029 -0.0808941 -2.01163 0 0 0 
-10.9476 -15.6538 19298 2.11846 -3.02556 199.966 72.8699 -13 -1 1 0 1 -0.048552 -0.0484634 -2.96291 0 0 0 
-9.29482 -17.0903 19397.9 4.19556 -2.34062 199.943 73.2471 -13 -1 1 0 1 -0.0125324 0.00471773 -3.32916 0 0 0 
-7.17769 -17.7521 19497.9 3.79187 -0.244594 199.964 73.6244 -13 -1 1 0 1 0.0130308 0.0642202 -3.005 0 0 0 
-5.91768 -17.4269 19597.9 0.954016 1.36784 199.993 74.0016 -13 -1 1 0 1 0.0259906 0.105028 -2.0894 0 0 0 
-6.38151 -16.5275 19697.9 -2.85034 2.18366 199.968 74.3789 -13 -1 1 0 1 0.0388921 0.119061 -0.813828 0 0 0 
-8.72107 -15.1443 19797.8 -6.37298 3.59291 199.867 74.7561 -13 -1 1 0 1 0.0571697 0.110889 0.575567 0 0 0 
-12.4952 -12.5951 19897.7 -8.30618 6.97005 199.706 75.1334 -13 -1 1 0 1 0.0701333 0.0814015 1.85636 0 0 0 
-16.4375 -7.93082 19997.6 -6.74852 11.6953 199.544 75.5106 -13 -1 1 0 1 0.0538021 0.0381904 2.77835 0 0 0 
-18.5818 -1.23022 20097.3 -1.38038 14.4601 199.472 75.8879 -13 -1 1 0 1 -0.00128042 0.0130827 3.11044 0 0 0 
-17.7617 5.7551 20197.1 4.30897 12.7655 199.546 76.2651 -13 -1 1 0 1 -0.0613613 0.0321837 2.74557 0 0 0 
-14.8917 11.0947 20296.9 6.43972 8.47404 199.717 76.6424 -13 -1 1 0 1 -0.0881493 0.0762582 1.77583 0 0 0 
-11.9723 14.355 20396.8 4.73512 4.82955 199.886 77.0196 -13 -1 1 0 1 -0.0846288 0.111819 0.424398 0 0 0 
-10.4963 16.162 20496.7 0.976747 2.53308 199.982 77.3969 -13 -1 1 0 1 -0.0735354 0.126502 -1.07108 0 0 0 
-11.0465 16.8629 20596.7 -3.06761 0.0922218 199.977 77.7741 -13 -1 1 0 1 -0.0647336 0.11628 -2.49826 0 0 0 
-13.2461 16.0082 20696.7 -5.1918 -3.71958 199.898 78.1514 -13 -1 1 0 1 -0.0487134 0.0776375 -3.62016 0 0 0 
-15.5499 13.15 20796.6 -3.30768 -7.40843 199.836 78.5286 -13 -1 1 0 1 -0.0119258 0.0262668 -4.2225 0 0 0 
-16.039 9.18394 20896.5 1.54965 -7.70998 199.846 78.9059 -13 -1 1 0 1 0.0319888 -0.00663626 -4.22487 0 0 0 
-14.1426 6.11265 20996.5 5.63773 -4.10523 199.879 79.2831 -13 -1 1 0 1 0.0523281 -0.0150679 -3.75191 0 0 0 
-10.872 5.27828 21096.4 7.00829 0.729764 199.876 79.6604 -13 -1 1 0 1 0.0447088 -0.0167742 -3.05198 0 0 0 
-7.45258 6.66636 21196.4 6.47804 4.57733 199.843 80.0376 -13 -1 1 0 1 0.0273109 -0.0207154 -2.34799 0 0 0 
-5.76402 8.2557 21252.2 5.8811 6.07084 199.822 80.2484 -13 -1 1 0 1 0.0187442 -0.0234108 -1.9965 0 0 0 

# Event 1 Track 1
-21.4115 13.9846 0 -35.4223 -9.56677 196.606 0.0870076 -13 1 1 0 1 0.132813 -0.0771905 -1.99485 0 0 0 
-21.4954 13.9568 0.4995 -35.3963 -9.60049 196.609 0.0889213 -13 1 1 0 1 0.133476 -0.0771627 -1.98907 0 0 0 
-21.4955 13.9567 0.5005 -35.3962 -9.60056 196.609 0.0889251 -13 1 1 0 1 0.133477 -0.0771627 -1.98906 0 0 0 
-38.0156 8.46738 98.9712 -31.0931 -10.4662 197.291 0.466176 -13 1 1 0 1 0.271371 -0.0574836 -0.717293 0 0 0 
-53.0997 5.24479 197.764 -29.5626 -0.830699 197.801 0.843427 -13 1 1 0 1 0.37793 -0.0377695 0.68339 0 0 0 
-67.339 8.99593 296.64 -26.4472 16.8133 197.529 1.22068 -13 1 1 0 1 0.406742 -0.0567382 1.99769 0 0 0 
-77.9359 22.2667 395.133 -13.9453 35.4218 196.344 1.59793 -13 1 1 0 1 0.290703 -0.0855873 2.99492 0 0 0 
-79.6717 42.3653 493.021 7.63578 41.9575 195.4 1.97518 -13 1 1 0 1 0.0324913 -0.0177643 3.41875 0 0 0 
-71.157 61.1202 590.831 24.1769 30.5698 196.166 2.35243 -13 1 1 0 1 -0.215505 0.187609 3.13022 0 0 0 
-58.3786 71.7095 689.406 24.0731 11.8282 198.193 2.72968 -13 1 1 0 1 -0.325938 0.404247 2.20224 0 0 0 
-49.224 73.7298 788.925 11.3064 -2.71235 199.662 3.10693 -13 1 1 0 1 -0.338201 0.508452 0.886506 0 0 0 
-47.4606 69.7157 888.793 -3.89563 -13.1255 199.531 3.48418 -13 1 1 0 1 -0.333423 0.487098 -0.559936 0 0 0 
-52.1078 60.3595 988.223 -13.036 -24.7942 198.029 3.86143 -13 1 1 0 1 -0.315637 0.35799 -1.9057 0 0 0 
-58.2797 44.6881 1086.77 -9.07963 -37.479 196.247 4.23868 -13 1 1 0 1 -0.221746 0.158484 -2.90869 0 0 0 
-58.8631 24.2828 1184.63 8.31502 -41.8233 195.401 4.61594 -13 1 1 0 1 -0.0324189 -1.30528e-05 -3.33377 0 0 0 
-49.6743 5.4783 1282.36 27.4501 -31.0911 195.652 4.99319 -13 1 1 0 1 0.140477 -0.0281417 -3.0731 0 0 0 
-33.1532 -5.52374 1380.33 36.686 -12.8129 196.189 5.37044 -13 1 1 0 1 0.178511 0.0197571 -2.22364 0 0 0 
-14.4919 -8.2042 1478.52 37.0991 0.550796 196.528 5.74769 -13 1 1 0 1 0.0959835 0.048056 -0.997473 0 0 0 
3.66917 -6.77898 1576.84 35.6447 3.26146 196.771 6.12494 -13 1 1 0 1 -0.0300565 0.0415509 0.381947 0 0 0 
21.2332 -6.76548 1675.28 34.4156 -4.87694 196.956 6.50219 -13 1 1 0 1 -0.138304 0.0359984 1.70322 0 0 0 
37.3573 -12.9393 1773.75 28.8076 -20.4837 196.852 6.87944 -13 1 1 0 1 -0.164006 0.047021 2.75315 0 0 0 
48.5343 -26.9645 1872.08 14.573 -34.3072 196.496 7.25669 -13 1 1 0 1 -0.0598946 0.0201251 3.30001 0 0 0 
51.4428 -45.2148 1970.33 -2.31899 -36.4016 196.646 7.63394 -13 1 1 0 1 0.115582 -0.117672 3.17808 0 0 0 
47.8507 -61.5507 2068.91 -9.75408 -27.9154 197.802 8.01119 -13 1 1 0 1 0.241926 -0.327942 2.4025 0 0 0 
44.0114 -72.8801 2168.17 -3.57515 -17.659 199.187 8.38844 -13 1 1 0 1 0.291676 -0.497896 1.17094 0 0 0 
45.777 -79.4427 2267.91 11.5698 -8.48824 199.485 8.76569 -13 1 1 0 1 0.320657 -0.568514 -0.26271 0 0 0 
55.8541 -80.6755 2367.34 28.221 4.81991 197.94 9.14295 -13 1 1 0 1 0.351558 -0.516865 -1.66913 0 0 0 
72.4474 -73.171 2465.61 35.5037 26.3569 195.051 9.5202 -13 1 1 0 1 0.3146 -0.323047 -2.80796 0 0 0 
87.9663 -54.3011 2562.52 23.0438 47.5854 192.885 9.89745 -13 1 1 0 1 0.108553 -0.0676771 -3.41284 0 0 0 
92.9935 -28.5942 2658.94 -3.78741 51.3527 193.258 10.2747 -13 1 1 0 1 -0.209538 0.0677918 -3.31215 0 0 0 
85.1057 -6.46643 2756.06 -25.522 34.7237 195.302 10.6519 -13 1 1 0 1 -0.433046 0.0384339 -2.54855 0 0 0 
69.9798 5.17253 2854.16 -32.8268 12.1865 196.911 11.0292 -13 1 1 0 1 -0.469924 -0.0285481 -1.34948 0 0 0 
53.5982 6.85344 2952.77 -32.2394 -3.88825 197.346 11.4065 -13 1 1 0 1 -0.384284 -0.0423388 0.04064 0 0 0 
37.5819 2.99423 3051.4 -32.3432 -9.76355 197.126 11.7837 -13 1 1 0 1 -0.246561 -0.0111874 1.40625 0 0 0 
20.8088 -1.08656 3149.89 -34.8566 -4.75441 196.882 12.161 -13 1 1 0 1 -0.0993299 0.0161438 2.52796 0 0 0 
3.20884 -0.223202 3248.31 -34.4773 9.22486 196.79 12.5382 -13 1 1 0 1 -0.00604402 0.0134139 3.17929 0 0 0 
-12.3575 8.31938 3346.69 -26.6149 24.2497 196.733 12.9155 -13 1 1 0 1 -0.0199635 0.0266704 3.20013 0 0 0 
-22.8968 22.7327 3445.06 -15.8722 31.8543 196.808 13.2927 -13 1 1 0 1 -0.104775 0.115995 2.58116 0 0 0 
-29.3157 38.8242 3543.55 -11.4255 31.5056 197.172 13.67 -13 1 1 0 1 -0.187718 0.259437 1.47555 0 0 0 
-36.1085 53.4943 3642.22 -17.4818 26.496 197.465 14.0472 -13 1 1 0 1 -0.253507 0.387078 0.110166 0 0 0 
-48.191 64.372 3740.86 -31.6896 15.634 196.854 14.4245 -13 1 1 0 1 -0.317069 0.437146 -1.29358 0 0 0 
-67.6984 67.3353 3838.82 -45.0445 -5.7256 194.778 14.8017 -13 1 1 0 1 -0.338507 0.351677 -2.52117 0 0 0 
-90.6437 57.3107 3935.55 -43.137 -34.4688 192.227 15.179 -13 1 1 0 1 -0.200057 0.140424 -3.32312 0 0 0 
-107.273 34.6014 4031.41 -20.7675 -52.9066 191.754 15.5562 -13 1 1 0 1 0.137296 -0.0337954 -3.46601 0 0 0 
-110.697 8.60715 4127.82 5.83298 -47.0637 194.296 15.9335 -13 1 1 0 1 0.490579 -0.0320356 -2.88648 0 0 0 
-106.166 -6.0981 4200.5 16.9514 -31.18 196.826 16.2138 -13 1 1 0 1 0.64264 0.0400979 -2.08737 0 0 0 
-106.166 -6.0982 4200.5 16.9515 -31.1797 196.826 16.2138 -13 1 1 0 1 0.642641 0.0400986 -2.08736 0 0 0 
-96.713 -15.5717 4299.54 18.994 -7.01458 198.973 16.5911 -13 1 1 0 1 0.689837 0.111145 -0.736255 0 0 0 
-88.0018 -13.857 4399.1 16.0383 12.9244 198.937 16.9683 -13 1 1 0 1 0.626921 0.096327 0.709836 0 0 0 
-79.6982 -3.75436 4498.22 18.6861 26.0912 197.409 17.3456 -13 1 1 0 1 0.479927 0.0185419 2.02947 0 0 0 
-67.8063 10.3273 4596.49 29.9552 27.7923 195.781 17.7228 -13 1 1 0 1 0.249804 -0.042038 2.97471 0 0 0 
-49.6653 21.3979 4694.17 41.5457 14.1088 195.128 18.1001 -13 1 1 0 1 0.0221574 -0.0112173 3.32411 0 0 0 
-28.1415 23.0137 4791.76 42.3664 -7.84953 195.304 18.4773 -13 1 1 0 1 -0.0772819 0.0651748 3.00377 0 0 0 
-8.96242 14.4301 4889.49 33.5708 -24.8759 195.587 18.8546 -13 1 1 0 1 -0.042062 0.074547 2.11813 0 0 0 
5.64336 -0.110886 4987.33 25.8928 -31.6567 195.774 19.2318 -13 1 1 0 1 0.0438347 -0.00661826 0.879516 0 0 0 
18.4088 -15.8011 5085.26 26.7993 -29.7865 195.946 19.6091 -13 1 1 0 1 0.131914 -0.117569 -0.497659 0 0 0 
33.8171 -28.4579 5183.24 35.6711 -19.1862 195.856 19.9863 -13 1 1 0 1 0.207242 -0.182287 -1.81192 0 0 0 
53.9887 -33.2276 5281.01 43.8294 1.68104 195.131 20.3636 -13 1 1 0 1 0.21471 -0.143595 -2.84745 0 0 0 
75.4917 -26.0488 5378.34 39.4772 26.4941 194.267 20.7408 -13 1 1 0 1 0.0594508 -0.0339378 -3.37017 0 0 0 
91.1892 -8.70491 5475.51 22.1094 39.7976 194.75 21.1181 -13 1 1 0 1 -0.244512 0.0104323 -3.21296 0 0 0 
97.8874 10.4695 5573.39 6.26847 34.0493 196.981 21.4953 -13 1 1 0 1 -0.530866 -0.067066 -2.3938 0 0 0 
99.5924 23.3979 5672.5 2.66631 16.578 199.294 21.8726 -13 1 1 0 1 -0.687736 -0.168662 -1.12659 0 0 0 
102.018 26.4474 5772.38 7.61153 -4.76108 199.799 22.2498 -13 1 1 0 1 -0.736804 -0.195867 0.326643 0 0 0 
106.72 18.3217 5871.88 9.64561 -27.8656 197.815 22.6271 -13 1 1 0 1 -0.691257 -0.123226 1.73666 0 0 0 
109.279 -0.873289 5969.93 -2.23512 -47.3163 194.31 23.0043 -13 1 1 0 1 -0.489905 -0.00258266 2.86001 0 0 0 
102.186 -26.0947 6066.36 -27.1825 -49.624 191.83 23.3816 -13 1 1 0 1 -0.138569 0.0255248 3.42928 0 0 0 
82.9295 -46.5356 6162.24 -47.2668 -29.0317 192.154 23.7588 -13 1 1 0 1 0.173777 -0.110272 3.29129 0 0 0 
58.2614 -53.7331 6258.79 -48.1664 -0.119919 194.114 24.1361 -13 1 1 0 1 0.283195 -0.274851 2.5115 0 0 0 
36.9501 -48.174 6356.28 -36.1764 20.2694 195.654 24.5133 -13 1 1 0 1 0.237061 -0.321821 1.31576 0 0 0 
21.8555 -35.4424 6454.28 -25.2822 28.9949 196.266 24.8906 -13 1 1 0 1 0.147598 -0.251102 -0.0616504 0 0 0 
10.1909 -20.5357 6552.48 -22.9836 29.4323 196.483 25.2678 -13 1 1 0 1 0.0579122 -0.130625 -1.41509 0 0 0 
-2.48778 -7.27424 6650.77 -28.6095 22.2181 196.693 25.6451 -13 1 1 0 1 -0.0216841 -0.0294581 -2.53158 0 0 0 
-18.5406 0.300728 6749.15 -34.9167 6.97071 196.806 26.0223 -13 1 1 0 1 -0.0443637 0.00683017 -3.18794 0 0 0 
-36.1611 -0.701623 6847.55 -34.1358 -10.4778 196.787 26.3996 -13 1 1 0 1 0.0491453 0.00792308 -3.21711 0 0 0 
-51.6794 -8.85222 6945.99 -27.6596 -20.2466 197.041 26.7768 -13 1 1 0 1 0.231706 0.0475612 -2.59624 0 0 0 
-64.3105 -18.9936 7044.66 -23.9272 -18.5077 197.7 27.1541 -13 1 1 0 1 0.412521 0.12947 -1.47711 0 0 0 
-76.7917 -25.7627 7143.64 -26.9909 -7.09662 198.044 27.5313 -13 1 1 0 1 0.545467 0.190414 -0.0940124 0 0 0 
-91.6736 -24.614 7242.47 -32.0445 13.16 196.978 27.9086 -13 1 1 0 1 0.614778 0.173574 1.32528 0 0 0 
-107.247 -11.4626 7340.29 -27.5875 39.838 194.041 28.2858 -13 1 1 0 1 0.550406 0.0697372 2.56326 0 0 0 
-116.07 14.1712 7436.44 -4.71046 59.9235 190.754 28.6631 -13 1 1 0 1 0.269409 -0.0197119 3.36373 0 0 0 
-110.438 44.3189 7531.51 26.6734 55.9529 190.153 29.0403 -13 1 1 0 1 -0.129964 0.0658429 3.49097 0 0 0 
-91.9885 66.331 7627.18 43.2015 29.9813 192.964 29.4176 -13 1 1 0 1 -0.39749 0.298854 2.89942 0 0 0 
-71.0847 74.0784 7724.58 37.4061 2.24822 196.459 29.7948 -13 1 1 0 1 -0.449651 0.479037 1.7753 0 0 0 
-56.2573 70.3278 7823.34 21.5087 -15.5406 198.232 30.1721 -13 1 1 0 1 -0.398247 0.508247 0.38542 0 0 0 
-49.0133 59.7783 7922.49 8.76089 -25.9046 198.122 30.5493 -13 1 1 0 1 -0.330781 0.415755 -1.0388 0 0 0 
-45.74 44.9463 8021.32 6.37392 -32.8569 197.18 30.9266 -13 1 1 0 1 -0.240181 0.250244 -2.27707 0 0 0 
-40.6663 27.9116 8119.72 15.5051 -33.7549 196.521 31.3038 -13 1 1 0 1 -0.101838 0.0839487 -3.08869 0 0 0 
-29.4932 13.0646 8217.95 28.9403 -23.7715 196.463 31.6811 -13 1 1 0 1 0.0303909 -0.00175104 -3.28018 0 0 0 
-12.7657 5.37949 8316.2 36.5157 -6.62845 196.527 32.0584 -13 1 1 0 1 0.0594566 -0.0152208 -2.81493 0 0 0 
3.15662 5.38732 8400.5 37.1144 5.74246 196.443 32.382 -13 1 1 0 1 -0.00926756 -0.0275148 -1.99044 0 0 0 
3.15681 5.38737 8400.5 37.1144 5.74257 196.443 32.382 -13 1 1 0 1 -0.00926872 -0.0275152 -1.99042 0 0 0 
21.5174 10.0753 8498.69 36.6318 11.1698 196.3 32.7593 -13 1 1 0 1 -0.141546 -0.0685349 -0.725306 0 0 0 
40.3278 14.6427 8596.79 39.0925 5.14286 196.075 33.1365 -13 1 1 0 1 -0.273635 -0.103244 0.661765 0 0 0 
60.587 13.2789 8694.67 41.1582 -12.3682 195.329 33.5138 -13 1 1 0 1 -0.350443 -0.0823088 1.96756 0 0 0 
79.7755 1.1243 8791.99 33.1113 -36.3692 193.859 33.891 -13 1 1 0 1 -0.282446 -0.00972599 2.96867 0 0 0 
91.1544 -21.7219 8888.59 10.5215 -52.1736 192.789 34.2683 -13 1 1 0 1 -0.0257917 0.00221057 3.42672 0 0 0 
89.9898 -47.4539 8985.15 -13.7016 -47.2058 193.866 34.6455 -13 1 1 0 1 0.282572 -0.150026 3.18518 0 0 0 
80.2212 -66.478 9082.78 -22.0111 -27.8462 196.826 35.0228 -13 1 1 0 1 0.459754 -0.380191 2.29498 0 0 0 
70.9437 -75.3977 9181.9 -12.9343 -8.59204 199.397 35.4 -13 1 1 0 1 0.498962 -0.530388 0.99189 0 0 0 
68.4643 -75.7705 9281.82 3.24113 6.78406 199.859 35.7773 -13 1 1 0 1 0.492214 -0.548154 -0.465906 0 0 0 
73.5116 -68.426 9381.38 15.3808 23.1214 198.063 36.1546 -13 1 1 0 1 0.460672 -0.436489 -1.85094 0 0 0 
81.451 -52.3294 9479.72 13.3686 40.904 195.316 36.5318 -13 1 1 0 1 0.333085 -0.225488 -2.91295 0 0 0 
83.9654 -29.0788 9576.9 -5.483 49.3398 193.742 36.9091 -13 1 1 0 1 0.0708697 -0.0380024 -3.39466 0 0 0 
75.3002 -6.29558 9673.81 -28.2295 38.6683 194.186 37.2863 -13 1 1 0 1 -0.195582 0.00348482 -3.17729 0 0 0 
57.7548 7.58662 9771.21 -39.5218 16.2558 195.382 37.6636 -13 1 1 0 1 -0.304787 -0.050339 -2.34907 0 0 0 
37.7433 10.5724 9869.1 -39.3485 -2.84215 196.071 38.0408 -13 1 1 0 1 -0.255998 -0.0788976 -1.13411 0 0 0 
18.7508 6.55535 9967.19 -36.9246 -11.2944 196.238 38.4181 -13 1 1 0 1 -0.136306 -0.0523967 0.242532 0 0 0 
0.281366 1.19299 10065.3 -37.4253 -8.27377 196.294 38.7953 -13 1 1 0 1 -0.00843059 -0.0133696 1.57551 0 0 0 
-18.682 0.0288671 10163.5 -37.801 5.06655 196.331 39.1726 -13 1 1 0 1 0.0724936 -0.00647781 2.65087 0 0 0 
-36.2802 7.03116 10261.6 -30.9937 22.7887 196.266 39.5498 -13 1 1 0 1 0.0377323 -0.0162659 3.24548 0 0 0 
-48.357 21.6527 10359.8 -16.72 33.7415 196.424 39.9271 -13 1 1 0 1 -0.112986 0.0392553 3.1962 0 0 0 
-53.4646 38.6548 10458.2 -5.14605 32.4252 197.288 40.3043 -13 1 1 0 1 -0.276229 0.188005 2.49479 0 0 0 
-55.4463 52.8528 10557.1 -4.85613 23.7164 198.53 40.6816 -13 1 1 0 1 -0.377826 0.350269 1.31663 0 0 0 
-60.096 61.9496 10656.6 -15.0328 12.192 199.062 41.0588 -13 1 1 0 1 -0.437465 0.443716 -0.0938592 0 0 0 
-71.0606 64.208 10755.9 -28.5421 -4.3916 197.905 41.4361 -13 1 1 0 1 -0.475538 0.424998 -1.50794 0 0 0 
-87.2533 56.2324 10854.2 -33.6928 -28.4865 195.073 41.8133 -13 1 1 0 1 -0.427853 0.274145 -2.69406 0 0 0 
-101.439 35.9096 10951 -19.5765 -51.0426 192.384 42.1906 -13 1 1 0 1 -0.194205 0.0710982 -3.38885 0 0 0 
-104.415 8.46197 11047 8.35866 -54.5654 192.232 42.5678 -13 1 1 0 1 0.167349 -0.00761512 -3.38798 0 0 0 
-94.304 -14.8778 11143.6 29.4299 -36.1852 194.486 42.9451 -13 1 1 0 1 0.434135 0.0762827 -2.69986 0 0 0 
-77.9326 -26.7151 11241.5 33.5143 -11.5517 196.834 43.3223 -13 1 1 0 1 0.501107 0.179721 -1.53298 0 0 0 
-62.3692 -27.576 11340.3 28.1695 6.61658 197.896 43.6996 -13 1 1 0 1 0.440431 0.202588 -0.142085 0 0 0 
-49.5361 -21.5686 11439.2 23.9598 16.0148 197.914 44.0768 -13 1 1 0 1 0.328145 0.151753 1.25125 0 0 0 
-37.421 -12.9666 11538.1 25.4211 16.9034 197.657 44.4541 -13 1 1 0 1 0.187078 0.0758491 2.42497 0 0 0 
-23.6246 -6.22298 11636.9 29.6595 8.59033 197.603 44.8313 -13 1 1 0 1 0.0514276 0.0265081 3.14406 0 0 0 
-8.45493 -5.42701 11735.7 29.9457 -5.80472 197.661 45.2086 -13 1 1 0 1 -0.0104447 0.00635913 3.22996 0 0 0 
5.35874 -11.6812 11834.6 24.7736 -18.2524 197.619 45.5858 -13 1 1 0 1 0.0239759 -0.039196 2.66543 0 0 0 
16.4423 -22.4647 11933.4 20.3099 -23.6332 197.558 45.9631 -13 1 1 0 1 0.105421 -0.132995 1.59822 0 0 0 
26.8101 -34.1699 12032.1 22.4868 -22.0995 197.5 46.3403 -13 1 1 0 1 0.192892 -0.235089 0.255011 0 0 0 
40.1039 -43.3545 12130.8 31.4808 -13.1899 197.067 46.7176 -13 1 1 0 1 0.276549 -0.287095 -1.13975 0 0 0 
58.3202 -45.6774 12229.1 40.4237 5.62274 195.792 47.0948 -13 1 1 0 1 0.317047 -0.235516 -2.37265 0 0 0 
78.4728 -36.5596 12326.5 37.2655 30.9634 194.044 47.4721 -13 1 1 0 1 0.215379 -0.0884762 -3.20719 0 0 0 
92.657 -16.1575 12423.3 17.3035 47.7204 193.452 47.8493 -13 1 1 0 1 -0.0667191 0.0203571 -3.41206 0 0 0 
95.2199 7.56048 12520.3 -5.90005 43.6747 195.085 48.2266 -13 1 1 0 1 -0.377541 -0.0254121 -2.91176 0 0 0 
90.4698 22.609 12600.5 -15.5316 29.0626 197.268 48.5349 -13 1 1 0 1 -0.527406 -0.130345 -2.06938 0 0 0 
90.4698 22.6091 12600.5 -15.5317 29.0624 197.268 48.5349 -13 1 1 0 1 -0.527408 -0.130346 -2.06937 0 0 0 
82.527 32.0445 12699.7 -14.4146 8.99678 199.278 48.9121 -13 1 1 0 1 -0.573447 -0.224281 -0.732035 0 0 0 
76.9832 32.1797 12799.5 -7.72531 -7.86087 199.697 49.2894 -13 1 1 0 1 -0.533997 -0.227553 0.713357 0 0 0 
74.0706 24.7407 12899.2 -5.27915 -21.2437 198.799 49.6666 -13 1 1 0 1 -0.427379 -0.149413 2.04089 0 0 0 
70.0736 11.9952 12998.3 -12.2719 -28.1103 197.635 50.0439 -13 1 1 0 1 -0.232231 -0.0472981 2.99415 0 0 0 
60.8835 -1.23905 13096.9 -24.4649 -22.4924 197.22 50.4211 -13 1 1 0 1 0.00512923 -0.00657257 3.33868 0 0 0 
46.5826 -8.60841 13195.6 -31.1244 -5.91664 197.476 50.7984 -13 1 1 0 1 0.161817 -0.0345746 2.99081 0 0 0 
31.3244 -7.07593 13294.4 -28.8078 11.3027 197.592 51.1756 -13 1 1 0 1 0.186079 -0.0462511 2.06871 0 0 0 
18.1097 1.55198 13393.1 -24.4627 21.9221 197.285 51.5529 -13 1 1 0 1 0.1298 0.00481628 0.800961 0 0 0 
5.92981 13.578 13491.6 -25.4871 24.9076 196.8 51.9301 -13 1 1 0 1 0.0441821 0.0876524 -0.5865 0 0 0 
-8.53941 25.0317 13589.9 -33.2087 19.2552 196.282 52.3074 -13 1 1 0 1 -0.0494748 0.139888 -1.88387 0 0 0 
-27.3526 31.0462 13687.9 -41.1842 3.125 195.69 52.6846 -13 1 1 0 1 -0.10147 0.103882 -2.86839 0 0 0 
-47.9713 27.1689 13785.6 -38.9737 -18.5526 195.288 53.0619 -13 1 1 0 1 -0.0245434 0.000545402 -3.32069 0 0 0 
-64.2606 13.8394 13883.3 -24.9283 -32.3933 195.78 53.4391 -13 1 1 0 1 0.185236 -0.052612 -3.10031 0 0 0 
-72.8673 -2.56131 13981.6 -10.585 -30.7813 197.334 53.8164 -13 1 1 0 1 0.400606 0.00397427 -2.25513 0 0 0 
-76.4963 -15.1889 14080.7 -5.69623 -18.656 199.047 54.1936 -13 1 1 0 1 0.52469 0.0971694 -0.992756 0 0 0 
-79.9159 -20.5672 14180.5 -8.69744 -2.42402 199.797 54.5709 -13 1 1 0 1 0.563875 0.140301 0.442363 0 0 0 
-85.0925 -17.2522 14280.2 -11.0579 15.8957 199.061 54.9481 -13 1 1 0 1 0.522516 0.101566 1.82105 0 0 0 
-89.3131 -4.95585 14379.4 -3.73969 32.2139 197.354 55.3254 -13 1 1 0 1 0.353125 0.0136627 2.89285 0 0 0 
-87.0473 12.8754 14477.7 13.727 36.1797 196.222 55.7026 -13 1 1 0 1 0.0586583 -0.0172364 3.39384 0 0 0 
-76.031 28.191 14575.9 28.5978 22.5939 196.652 56.0799 -13 1 1 0 1 -0.214565 0.0692841 3.18024 0 0 0 
-60.7896 34.1753 14674.5 30.0636 1.29129 197.724 56.4571 -13 1 1 0 1 -0.335008 0.178744 2.32957 0 0 0 
-47.526 30.2564 14773.5 22.3719 -15.7738 198.119 56.8344 -13 1 1 0 1 -0.330233 0.203388 1.08183 0 0 0 
-38.1581 19.5543 14872.4 16.0732 -26.0385 197.646 57.2116 -13 1 1 0 1 -0.276757 0.13862 -0.317989 0 0 0 
-30.0656 5.13198 14971 17.8902 -30.6533 196.827 57.5889 -13 1 1 0 1 -0.196341 0.0350527 -1.65299 0 0 0 
-18.8494 -9.78572 15069.3 27.9283 -27.336 196.146 57.9661 -13 1 1 0 1 -0.0901352 -0.0363149 -2.70161 0 0 0 
-2.03946 -20.3713 15167.3 38.4422 -13.3668 195.816 58.3434 -13 1 1 0 1 -0.0138749 -0.0170392 -3.24331 0 0 0 
17.9904 -22.2936 15265.2 39.757 5.49205 195.933 58.7206 -13 1 1 0 1 -0.0516461 0.0571217 -3.1376 0 0 0 
36.196 -16.0675 15363.3 32.2868 17.5174 196.599 59.0979 -13 1 1 0 1 -0.191814 0.0874431 -2.41049 0 0 0 
50.3396 -6.82829 15461.8 25.0053 17.5137 197.657 59.4751 -13 1 1 0 1 -0.341615 0.051313 -1.23514 0 0 0 
62.1214 -0.190523 15560.9 22.9289 7.66418 198.535 59.8524 -13 1 1 0 1 -0.444911 0.00778592 0.154286 0 0 0 
73.5683 -0.34381 15660.2 22.466 -9.23044 198.521 60.2296 -13 1 1 0 1 -0.477438 0.0107151 1.54227 0 0 0 
83.4094 -9.88806 15759.2 15.066 -28.6473 197.365 60.6069 -13 1 1 0 1 -0.384229 0.0567748 2.69491 0 0 0 
86.7181 -27.5655 15857.5 -3.24964 -39.5034 196.034 60.9841 -13 1 1 0 1 -0.133567 0.0557405 3.35035 0 0 0 
80.0164 -46.2505 15955.5 -22.2248 -32.1771 196.141 61.3614 -13 1 1 0 1 0.159975 -0.0791183 3.30789 0 0 0 
66.8963 -57.6853 16053.9 -27.4005 -12.7987 197.701 61.7386 -13 1 1 0 1 0.33121 -0.273891 2.57645 0 0 0 
55.0157 -59.3678 16153.2 -18.5498 5.09316 199.074 62.1159 -13 1 1 0 1 0.367479 -0.386352 1.37129 0 0 0 
48.9578 -53.5796 16252.8 -5.93554 17.3419 199.159 62.4931 -13 1 1 0 1 0.35303 -0.376105 -0.0397368 0 0 0 
48.1529 -42.3702 16352.1 1.21751 27.4018 198.111 62.8704 -13 1 1 0 1 0.321415 -0.271558 -1.43124 0 0 0 
48.2789 -26.3917 16450.8 -2.82271 35.8868 196.735 63.2476 -13 1 1 0 1 0.23846 -0.119096 -2.56903 0 0 0 
43.4766 -7.8085 16549 -17.5892 36.4522 195.863 63.6249 -13 1 1 0 1 0.0892977 -0.00728273 -3.21564 0 0 0 
30.573 7.86199 16646.8 -33.0276 24.3248 195.75 64.0021 -13 1 1 0 1 -0.0387295 -0.00656858 -3.21568 0 0 0 
12.1264 15.5401 16744.8 -38.8924 6.51199 196.075 64.3794 -13 1 1 0 1 -0.0456372 -0.0665602 -2.57928 0 0 0 
1.15324 16.1899 16800.5 -38.0426 -1.45053 196.344 64.5937 -13 1 1 0 1 0.00232648 -0.0900246 -1.99458 0 0 0 
1.15306 16.1899 16800.5 -38.0426 -1.45064 196.344 64.5937 -13 1 1 0 1 0.0023275 -0.0900248 -1.99457 0 0 0 
-16.9334 13.5631 16898.8 -34.2517 -7.1645 196.916 64.9709 -13 1 1 0 1 0.124844 -0.0926799 -0.725532 0 0 0 
-33.3418 10.8667 16997.4 -31.6428 -1.90577 197.473 65.3482 -13 1 1 0 1 0.23943 -0.0767819 0.662393 0 0 0 
-48.4718 13.1538 17096.2 -28.2297 12.2032 197.622 65.7254 -13 1 1 0 1 0.293899 -0.0809316 1.96589 0 0 0 
-60.3432 23.5596 17194.9 -17.6428 29.0043 197.099 66.1027 -13 1 1 0 1 0.225826 -0.0895694 2.94878 0 0 0 
-64.7246 40.6771 17293.3 0.77335 37.0839 196.532 66.4799 -13 1 1 0 1 0.0275628 -0.0166995 3.36795 0 0 0 
-60.1439 58.0499 17391.6 15.7632 30.1947 197.079 66.8572 -13 1 1 0 1 -0.180916 0.178196 3.086 0 0 0 
-51.4076 69.6445 17490.6 16.611 15.993 198.668 67.2344 -13 1 1 0 1 -0.286461 0.392903 2.16801 0 0 0 
-45.6107 74.4926 17590.2 5.17964 4.07593 199.893 67.6117 -13 1 1 0 1 -0.313424 0.514375 0.856223 0 0 0 
-46.9167 74.0974 17690.2 -10.4224 -5.77734 199.646 67.9889 -13 1 1 0 1 -0.329764 0.518355 -0.589605 0 0 0 
-55.3629 68.081 17789.6 -21.9325 -19.2452 197.861 68.3662 -13 1 1 0 1 -0.33554 0.405003 -1.94579 0 0 0 
-66.6261 54.1184 17888 -20.2572 -36.6506 195.568 68.7434 -13 1 1 0 1 -0.253349 0.194168 -2.95954 0 0 0 
-72.7528 32.5991 17985.4 -2.00204 -47.0126 194.387 69.1207 -13 1 1 0 1 -0.0386696 0.00384385 -3.38873 0 0 0 
-67.7743 10.1683 18082.6 21.2253 -39.6988 194.869 69.4979 -13 1 1 0 1 0.193848 -0.0418189 -3.11986 0 0 0 
-53.3091 -5.07068 18180.4 34.359 -20.5153 195.957 69.8752 -13 1 1 0 1 0.289102 0.0174019 -2.25509 0 0 0 
-35.3641 -10.7784 18278.5 36.1177 -3.6084 196.68 70.2524 -13 1 1 0 1 0.238047 0.0656426 -1.01644 0 0 0 
-17.7853 -10.346 18377 34.1548 3.5246 197.032 70.6297 -13 1 1 0 1 0.120649 0.0665742 0.365185 0 0 0 
-1.06636 -9.03392 18475.6 32.7914 0.0519371 197.295 71.0069 -13 1 1 0 1 -0.000365219 0.0498165 1.68629 0 0 0 
14.701 -11.7057 18574.2 29.5129 -11.7246 197.464 71.3842 -13 1 1 0 1 -0.0698051 0.0414059 2.72158 0 0 0 
27.3603 -21.0338 18673 19.9989 -25.0364 197.418 71.7614 -13 1 1 0 1 -0.0373036 0.0131185 3.24667 0 0 0 
34.0666 -35.4862 18771.7 6.96924 -31.1094 197.444 72.1387 -13 1 1 0 1 0.0740337 -0.0949498 3.10953 0 0 0 
35.3241 -50.6313 18870.5 -0.278931 -28.4003 197.974 72.5159 -13 1 1 0 1 0.176537 -0.271113 2.33332 0 0 0 
35.6802 -63.3511 18969.7 3.56167 -22.3248 198.719 72.8932 -13 1 1 0 1 0.235066 -0.433185 1.11087 0 0 0 
40.456 -72.7894 19069.1 16.7228 -14.9802 198.737 73.2704 -13 1 1 0 1 0.282515 -0.520831 -0.309224 0 0 0 
53.0056 -77.34 19168.2 33.308 -1.67241 197.201 73.6477 -13 1 1 0 1 0.333154 -0.495324 -1.709 0 0 0 
72.4869 -72.6861 19266.1 42.1008 21.8114 194.3 74.0249 -13 1 1 0 1 0.315882 -0.322001 -2.85128 0 0 0 
91.635 -55.1709 19362.6 30.6719 46.9462 191.979 74.4022 -13 1 1 0 1 0.11692 -0.0709226 -3.47267 0 0 0 
100.263 -28.7456 19458.5 2.60899 54.6127 192.383 74.7794 -13 1 1 0 1 -0.220613 0.0667941 -3.39054 0 0 0 
94.9742 -4.50882 19555.3 -21.4849 39.397 194.902 75.1567 -13 1 1 0 1 -0.478638 0.0284337 -2.63873 0 0 0 
81.508 9.2631 19653.4 -29.9049 15.7214 197.127 75.5339 -13 1 1 0 1 -0.542939 -0.055397 -1.44214 0 0 0 
66.6883 12.1135 19752.2 -28.6962 -2.9315 197.91 75.9112 -13 1 1 0 1 -0.473674 -0.0792069 -0.056343 0 0 0 
52.7267 7.8593 19851.1 -27.7674 -12.486 197.67 76.2884 -13 1 1 0 1 -0.341458 -0.0424637 1.30502 0 0 0 
38.1867 1.31286 19949.8 -30.9588 -11.9191 197.231 76.6657 -13 1 1 0 1 -0.17761 0.00479706 2.41319 0 0 0 
21.7219 -2.33172 20048.4 -34.3238 -1.20229 197.03 77.0429 -13 1 1 0 1 -0.0360645 0.0167296 3.03463 0 0 0 
4.90568 0.919785 20146.9 -31.738 14.2125 196.955 77.4202 -13 1 1 0 1 0.00935551 0.0145846 3.00999 0 0 0 
-9.19196 11.146 20245.3 -24.4774 25.4504 196.86 77.7974 -13 1 1 0 1 -0.0436646 0.0650753 2.33789 0 0 0 
-20.1489 25.0229 20343.7 -20.5632 28.7856 196.848 78.1747 -13 1 1 0 1 -0.134607 0.177859 1.17784 0 0 0 
-31.2899 38.75 20442.2 -25.6158 24.8967 196.786 78.5519 -13 1 1 0 1 -0.232227 0.298281 -0.248432 0 0 0 
-47.0613 48.3702 20540.4 -38.1346 11.5787 195.99 78.9292 -13 1 1 0 1 -0.336387 0.35747 -1.7362 0 0 0 
-68.9066 47.978 20637.9 -47.2194 -15.4729 193.73 79.3064 -13 1 1 0 1 -0.399888 0.29057 -3.07908 0 0 0 
-90.6686 31.6057 20734 -35.0779 -49.4862 190.581 79.6837 -13 1 1 0 1 -0.303857 0.116392 -4.04577 0 0 0 
-99.562 1.49272 20828.7 2.37981 -65.7794 188.86 80.0609 -13 1 1 0 1 -0.0340096 0.00719966 -4.43283 0 0 0 
-88.1395 -28.3133 20923.3 40.7687 -48.2427 189.766 80.4382 -13 1 1 0 1 0.194561 0.0647382 -4.22193 0 0 0 
-62.8608 -43.5969 21018.6 55.8415 -12.0134 191.672 80.8154 -13 1 1 0 1 0.224322 0.154402 -3.62761 0 0 0 
-35.9987 -41.1856 21114.8 49.0898 19.7047 192.88 81.1927 -13 1 1 0 1 0.136395 0.153174 -2.9135 0 0 0 
-15.1089 -26.0973 21211.4 34.0939 38.5619 193.265 81.5699 -13 1 1 0 1 0.0508835 0.0847289 -2.2441 0 0 0 
-8.58828 -17.4434 21252.2 27.7719 43.1786 193.3 81.7292 -13 1 1 0 1 0.0270127 0.051854 -1.99534 0 0 0 

# End of Event 1

