# ReferenceParticle
#x y z Px Py Pz t PDGid EventID TrackID ParentID Weight Bx By Bz Ex Ey Ez
# Event -1 Track 1
-0.000811901 0.00143502 0 -3.82564 -2.37079 221.754 0 -13 -1 1 0 1 0.0129169 -0.00744391 3.66409 0 0 0 
-1.84803 -0.54724 99.981 -4.16679 -0.113608 221.761 0.369478 -13 -1 1 0 1 0.00459897 -0.00938563 3.27823 0 0 0 
-3.62448 -0.241542 199.965 -3.6486 1.24521 221.766 0.738956 -13 -1 1 0 1 -0.0148306 -0.00822512 2.23478 0 0 0 
-5.15101 0.361803 299.951 -3.18955 1.20573 221.774 1.10843 -13 -1 1 0 1 -0.0344937 -0.003803 0.7913 0 0 0 
-6.55896 0.663368 399.941 -3.08381 -0.0460967 221.779 1.47791 -13 -1 1 0 1 -0.0478276 -0.00285906 -0.782368 0 0 0 
-7.88666 0.190021 499.93 -2.66505 -2.14433 221.774 1.84739 -13 -1 1 0 1 -0.0494791 -0.00953178 -2.22692 0 0 0 
-8.76796 -1.25962 599.915 -0.996666 -4.1411 221.759 2.21687 -13 -1 1 0 1 -0.0323422 -0.0183827 -3.27225 0 0 0 
-8.6212 -3.28827 699.894 1.69685 -4.47629 221.748 2.58635 -13 -1 1 0 1 -4.29556e-05 -0.0149268 -3.65986 0 0 0 
-7.35222 -4.96614 799.871 3.65684 -2.69783 221.753 2.95582 -13 -1 1 0 1 0.0269613 0.00495254 -3.27447 0 0 0 
-5.61451 -5.62446 899.853 3.75899 -0.268433 221.768 3.3253 -13 -1 1 0 1 0.0347674 0.0255475 -2.23089 0 0 0 
-4.13416 -5.32963 999.842 2.73224 1.40404 221.779 3.69478 -13 -1 1 0 1 0.0290266 0.0332916 -0.787358 0 0 0 
-3.13335 -4.50053 1099.83 1.79734 2.14343 221.782 4.06426 -13 -1 1 0 1 0.0188685 0.0282712 0.786145 0 0 0 
-2.40148 -3.49693 1199.83 1.58533 2.20241 221.783 4.43374 -13 -1 1 0 1 0.00695081 0.0159321 2.23029 0 0 0 
-1.6004 -2.6223 1299.82 2.03981 1.54322 221.785 4.80321 -13 -1 1 0 1 -0.00550755 0.00251663 3.27508 0 0 0 
-0.555372 -2.2215 1399.81 2.54123 0.136569 221.785 5.17269 -13 -1 1 0 1 -0.012906 -0.00743839 3.66243 0 0 0 
0.614398 -2.53026 1499.8 2.56709 -1.46973 221.78 5.54217 -13 -1 1 0 1 -0.00982247 -0.0157943 3.27767 0 0 0 
1.73142 -3.46469 1599.79 2.42168 -2.55166 221.772 5.91165 -13 -1 1 0 1 0.00110701 -0.0264672 2.23503 0 0 0 
2.88251 -4.71269 1699.78 2.8213 -2.84984 221.764 6.28113 -13 -1 1 0 1 0.0138937 -0.0379183 0.792024 0 0 0 
4.40639 -5.89868 1799.76 4.06358 -2.2311 221.752 6.6506 -13 -1 1 0 1 0.0257198 -0.0443472 -0.781558 0 0 0 
6.59581 -6.52611 1899.73 5.59604 -0.304966 221.729 7.02008 -13 -1 1 0 1 0.0325832 -0.0381091 -2.23002 0 0 0 
9.27405 -5.98131 1999.7 5.94627 2.83618 221.702 7.38956 -13 -1 1 0 1 0.0227753 -0.0161959 -3.27627 0 0 0 
11.5955 -4.03739 2099.65 3.98097 5.49567 221.696 7.75904 -13 -1 1 0 1 -0.0127624 0.00740134 -3.66524 0 0 0 
12.6825 -1.42756 2199.61 0.857775 5.57636 221.728 8.12851 -13 -1 1 0 1 -0.0589724 0.0126833 -3.28131 0 0 0 
12.551 0.613343 2299.59 -1.13275 3.20367 221.774 8.49799 -13 -1 1 0 1 -0.0895785 0.00271667 -2.23856 0 0 0 
11.9179 1.35068 2399.58 -1.48008 0.0606212 221.795 8.86747 -13 -1 1 0 1 -0.0977777 -0.00385321 -0.79509 0 0 0 
11.2697 0.714353 2499.58 -1.47627 -2.7947 221.777 9.23695 -13 -1 1 0 1 -0.0904095 0.00246226 0.77897 0 0 0 
10.4104 -1.047 2599.56 -2.60799 -4.80877 221.733 9.60643 -13 -1 1 0 1 -0.0688401 0.0175247 2.22773 0 0 0 
8.68411 -3.33053 2699.51 -5.21826 -4.88556 221.685 9.9759 -13 -1 1 0 1 -0.0333301 0.0261979 3.27426 0 0 0 
5.7257 -5.02402 2799.46 -7.66694 -2.20456 221.657 10.3454 -13 -1 1 0 1 -0.000128526 0.0150202 3.66382 0 0 0 
2.11763 -5.10975 2899.39 -7.91048 1.81753 221.651 10.7149 -13 -1 1 0 1 0.00849219 -0.00540001 3.28154 0 0 0 
-1.12479 -3.57658 2999.32 -6.33849 4.64063 221.661 11.0843 -13 -1 1 0 1 -0.00576949 -0.0122728 2.2412 0 0 0 
-3.64421 -1.24885 3099.26 -5.03355 5.35815 221.678 11.4538 -13 -1 1 0 1 -0.0252258 -0.00165029 0.800034 0 0 0 
-5.89389 1.00065 3199.21 -5.20285 4.36624 221.696 11.8233 -13 -1 1 0 1 -0.0403066 0.0143843 -0.772978 0 0 0 
-8.49882 2.45587 3299.17 -6.41156 1.82549 221.7 12.1928 -13 -1 1 0 1 -0.0464921 0.022574 -2.2226 0 0 0 
-11.5777 2.44318 3399.12 -6.97283 -2.00967 221.681 12.5623 -13 -1 1 0 1 -0.0322792 0.016578 -3.2722 0 0 0 
-14.4592 0.702175 3499.06 -5.45482 -5.42389 221.667 12.9317 -13 -1 1 0 1 0.0123843 0.00748642 -3.66577 0 0 0 
-16.3214 -2.0279 3599.01 -2.83258 -6.13487 221.697 13.3012 -13 -1 1 0 1 0.0728812 0.0138796 -3.2873 0 0 0 
-17.2193 -4.38502 3698.97 -1.50557 -3.94725 221.76 13.6707 -13 -1 1 0 1 0.121046 0.0323758 -2.24798 0 0 0 
-17.989 -5.36114 3798.97 -2.162 -0.216379 221.789 14.0402 -13 -1 1 0 1 0.147811 0.0429544 -0.805425 0 0 0 
-19.2432 -4.44683 3898.95 -3.28091 4.41998 221.732 14.4096 -13 -1 1 0 1 0.15779 0.033151 0.76973 0 0 0 
-20.6363 -1.27689 3998.89 -2.34365 9.64126 221.578 14.7791 -13 -1 1 0 1 0.143944 0.00422004 2.2217 0 0 0 
-20.7564 4.02285 4098.75 2.45366 13.3044 221.387 15.1486 -13 -1 1 0 1 0.0910169 -0.0215895 3.27408 0 0 0 
-18.0935 9.95602 4198.53 9.30678 12.0234 221.278 15.5181 -13 -1 1 0 1 0.0140084 -0.00804911 3.67059 0 0 0 
-12.8188 14.1208 4298.3 13.259 5.98185 221.323 15.8876 -13 -1 1 0 1 -0.0358359 0.0448731 3.29529 0 0 0 
-6.91219 15.3383 4398.11 12.2459 -0.206884 221.462 16.257 -13 -1 1 0 1 -0.0357805 0.0918906 2.25961 0 0 0 
-2.13498 14.4324 4497.99 8.8372 -3.22057 221.601 16.6265 -13 -1 1 0 1 -0.0110358 0.105074 0.820327 0 0 0 
1.12822 12.8843 4597.93 5.82356 -3.27151 221.699 16.996 -13 -1 1 0 1 0.0118155 0.0920597 -0.753504 0 0 0 
3.292 11.7132 4697.9 3.94104 -1.77241 221.758 17.3655 -13 -1 1 0 1 0.0229161 0.0654513 -2.20673 0 0 0 
4.7884 11.3452 4797.88 2.77575 0.127416 221.783 17.7349 -13 -1 1 0 1 0.0189195 0.0297771 -3.26304 0 0 0 
5.86099 11.7584 4897.88 2.07796 1.57883 221.785 18.1044 -13 -1 1 0 1 0.000500972 -0.0139287 -3.66482 0 0 0 
6.79409 12.641 4997.87 2.26079 2.2019 221.778 18.4739 -13 -1 1 0 1 -0.0255903 -0.0602421 -3.29458 0 0 0 
8.11043 13.6389 5097.85 3.82613 2.11499 221.757 18.8434 -13 -1 1 0 1 -0.0535263 -0.0983819 -2.26171 0 0 0 
10.4531 14.4166 5197.82 6.76113 1.11631 221.694 19.2129 -13 -1 1 0 1 -0.0838623 -0.119613 -0.82325 0 0 0 
14.3102 14.342 5297.75 10.3348 -1.91164 221.551 19.5823 -13 -1 1 0 1 -0.116535 -0.118045 0.75086 0 0 0 
19.5554 12.1963 5397.58 12.4026 -8.15648 221.303 19.9518 -13 -1 1 0 1 -0.135926 -0.0861283 2.20552 0 0 0 
24.7349 6.68664 5497.29 9.50276 -16.2315 221.001 20.3213 -13 -1 1 0 1 -0.106802 -0.0331 3.26629 0 0 0 
27.2187 -1.90281 5596.88 0.842546 -20.773 220.824 20.6908 -13 -1 1 0 1 -0.0163342 -0.00724033 3.67562 0 0 0 
25.4483 -10.8819 5696.45 -8.10372 -17.8799 220.93 21.0602 -13 -1 1 0 1 0.0804631 -0.0460064 3.31509 0 0 0 
20.811 -17.3788 5796.13 -11.3222 -10.7583 221.25 21.4297 -13 -1 1 0 1 0.122956 -0.115347 2.2895 0 0 0 
16.1175 -20.7862 5895.96 -8.80094 -4.81887 221.573 21.7992 -13 -1 1 0 1 0.116172 -0.162251 0.853277 0 0 0 
13.2418 -22.1359 5995.9 -3.79747 -1.50965 221.762 22.1687 -13 -1 1 0 1 0.0946702 -0.171017 -0.724027 0 0 0 
12.6632 -22.291 6095.9 1.02112 0.831246 221.796 22.5382 -13 -1 1 0 1 0.0729722 -0.142026 -2.18634 0 0 0 
13.8143 -21.31 6195.89 3.53267 3.58204 221.743 22.9076 -13 -1 1 0 1 0.0418031 -0.0768471 -3.25677 0 0 0 
15.2748 -19.1569 6295.85 2.32673 5.6397 221.716 23.2771 -13 -1 1 0 1 -0.0104398 0.00431275 -3.67296 0 0 0 
15.5147 -16.689 6395.82 -1.46244 4.70864 221.745 23.6466 -13 -1 1 0 1 -0.0677827 0.0677657 -3.3154 0 0 0 
13.9659 -15.3645 6495.8 -5.27545 0.851255 221.736 24.0161 -13 -1 1 0 1 -0.0978798 0.104788 -2.29038 0 0 0 
10.8461 -15.9916 6595.74 -8.57765 -3.48168 221.607 24.3855 -13 -1 1 0 1 -0.0893413 0.130133 -0.855794 0 0 0 
6.08956 -18.1797 6695.6 -12.7837 -5.65962 221.359 24.755 -13 -1 1 0 1 -0.0504733 0.149342 0.717514 0 0 0 
-0.884643 -20.3944 6795.33 -18.2057 -3.20005 221.028 25.1245 -13 -1 1 0 1 0.00426069 0.144361 2.17521 0 0 0 
-10.029 -20.1517 6894.91 -21.5629 5.15311 220.689 25.494 -13 -1 1 0 1 0.0388167 0.0928013 3.24597 0 0 0 
-19.271 -15.3864 6994.35 -18.111 15.7374 220.499 25.8635 -13 -1 1 0 1 0.00430952 0.0183859 3.67207 0 0 0 
-25.4489 -6.7666 7093.78 -8.85792 21.1715 220.61 26.2329 -13 -1 1 0 1 -0.0898035 -0.0102114 3.33332 0 0 0 
-27.4802 2.52061 7193.32 -0.95384 18.9892 220.984 26.6024 -13 -1 1 0 1 -0.172741 0.0269464 2.32517 0 0 0 
-27.2296 9.80793 7293.05 1.04039 13.1047 221.41 26.9719 -13 -1 1 0 1 -0.207168 0.0838071 0.898269 0 0 0 
-27.281 14.292 7392.95 -1.81097 6.78332 221.689 27.3414 -13 -1 1 0 1 -0.207633 0.118159 -0.678768 0 0 0 
-29.0561 15.8566 7492.91 -5.92752 0.00953186 221.721 27.7108 -13 -1 1 0 1 -0.183911 0.111546 -2.15101 0 0 0 
-32.1892 14.209 7592.85 -7.19351 -7.23645 221.565 28.0803 -13 -1 1 0 1 -0.117644 0.0642623 -3.24223 0 0 0 
-34.7671 9.73395 7692.71 -3.50691 -11.7705 221.46 28.4498 -13 -1 1 0 1 0.00289951 0.0103102 -3.68528 0 0 0 
-35.0481 4.57917 7792.57 2.12739 -9.96441 221.566 28.8193 -13 -1 1 0 1 0.135584 -0.00965401 -3.35139 0 0 0 
-33.281 1.54398 7892.51 5.07736 -2.96897 221.722 29.1888 -13 -1 1 0 1 0.220754 -0.00547914 -2.33898 0 0 0 
-30.9182 2.08469 7992.47 5.17902 5.32925 221.676 29.5582 -13 -1 1 0 1 0.246865 -0.0144701 -0.908093 0 0 0 
-28.4913 6.19893 8092.35 6.06583 12.6463 221.356 29.9277 -13 -1 1 0 1 0.230673 -0.0495505 0.668047 0 0 0 
-24.7905 13.077 8192.04 11.2036 17.1401 220.853 30.2972 -13 -1 1 0 1 0.174192 -0.0905577 2.13479 0 0 0 
-17.7676 20.6792 8291.5 20.2408 15.1862 220.352 30.6667 -13 -1 1 0 1 0.0838639 -0.089826 3.22128 0 0 0 
-6.87983 25.4898 8390.77 26.9909 5.02427 220.094 31.0361 -13 -1 1 0 1 0.015466 -0.0167638 3.67147 0 0 0 
5.25692 24.8308 8490.02 25.3624 -7.55094 220.216 31.4056 -13 -1 1 0 1 0.0297617 0.0775683 3.35986 0 0 0 
15.0739 19.6012 8589.39 17.806 -14.2903 220.622 31.7751 -13 -1 1 0 1 0.103136 0.115775 2.37342 0 0 0 
21.4929 13.1025 8688.97 11.2662 -13.4897 221.103 32.1446 -13 -1 1 0 1 0.17086 0.094109 0.960462 0 0 0 
25.8524 8.128 8788.74 8.6745 -8.04611 221.484 32.5141 -13 -1 1 0 1 0.205424 0.0558056 -0.61256 0 0 0 
29.6257 6.18909 8888.65 8.09123 -0.316628 221.652 32.8835 -13 -1 1 0 1 0.199882 0.031009 -2.09186 0 0 0 
32.8926 7.86845 8988.58 5.8892 7.50236 221.595 33.253 -13 -1 1 0 1 0.136999 0.0192144 -3.2048 0 0 0 
34.4856 12.3804 9088.46 0.889819 11.5434 221.498 33.6225 -13 -1 1 0 1 0.015852 -0.00926445 -3.68334 0 0 0 
33.8188 17.3019 9188.33 -3.27287 9.3 221.581 33.992 -13 -1 1 0 1 -0.114597 -0.0723173 -3.38486 0 0 0 
32.2807 20.1607 9288.28 -2.66716 3.05383 221.763 34.3614 -13 -1 1 0 1 -0.202805 -0.136949 -2.39643 0 0 0 
32.0286 19.9553 9388.27 1.9278 -3.99927 221.756 34.7309 -13 -1 1 0 1 -0.249048 -0.161687 -0.975048 0 0 0 
34.0273 16.4438 9488.18 6.55925 -11.8251 221.388 35.1004 -13 -1 1 0 1 -0.271672 -0.1355 0.603744 0 0 0 
37.233 9.03797 9587.85 6.47952 -21.1896 220.691 35.4699 -13 -1 1 0 1 -0.258351 -0.0673224 2.08461 0 0 0 
38.5793 -2.42571 9687.17 -1.96443 -28.7952 219.914 35.8394 -13 -1 1 0 1 -0.173172 0.00291139 3.19751 0 0 0 
34.563 -15.5702 9786.2 -16.0689 -27.586 219.491 36.2088 -13 -1 1 0 1 -0.0319174 0.00104116 3.68308 0 0 0 
24.7583 -25.7152 9885.18 -25.8947 -16.2501 219.683 36.5783 -13 -1 1 0 1 0.0682808 -0.0903607 3.40254 0 0 0 
12.7968 -29.9956 9984.36 -25.5933 -3.33785 220.294 36.9478 -13 -1 1 0 1 0.0682775 -0.188917 2.44053 0 0 0 
2.60762 -29.698 10083.8 -19.1527 3.3984 220.946 37.3173 -13 -1 1 0 1 0.0113383 -0.228895 1.04017 0 0 0 
-4.42857 -27.9394 10183.6 -12.2445 3.53548 221.434 37.6867 -13 -1 1 0 1 -0.0430455 -0.218245 -0.53102 0 0 0 
-8.62401 -27.0244 10283.5 -6.52705 0.248054 221.704 38.0562 -13 -1 1 0 1 -0.0682015 -0.179593 -2.02086 0 0 0 
-10.4048 -27.7137 10383.4 -1.46829 -3.05044 221.775 38.4257 -13 -1 1 0 1 -0.0566186 -0.11326 -3.15678 0 0 0 
-10.1395 -29.3957 10483.4 2.24723 -3.92559 221.754 38.7952 -13 -1 1 0 1 -0.0196136 -0.0119467 -3.66983 0 0 0 
-8.91295 -30.9128 10583.4 2.4716 -2.61852 221.771 39.1647 -13 -1 1 0 1 0.0165275 0.106102 -3.40905 0 0 0 
-8.54706 -31.7726 10683.4 -1.45408 -1.34279 221.792 39.5341 -13 -1 1 0 1 0.0432455 0.201439 -2.45292 0 0 0 
-10.6356 -32.2211 10783.4 -8.12534 -0.604844 221.651 39.9036 -13 -1 1 0 1 0.0754195 0.252891 -1.04953 0 0 0 
-16.0403 -32.0368 10883.2 -15.8763 2.0383 221.222 40.2731 -13 -1 1 0 1 0.122646 0.259272 0.525022 0 0 0 
-24.7216 -29.5855 10982.8 -21.978 9.8796 220.488 40.6426 -13 -1 1 0 1 0.166607 0.211627 2.01635 0 0 0 
-34.786 -22.3277 11082 -20.976 22.7541 219.631 41.012 -13 -1 1 0 1 0.151162 0.11072 3.15699 0 0 0 
-41.9652 -9.43086 11180.9 -9.26445 33.1251 219.117 41.3815 -13 -1 1 0 1 0.0318205 0.0220908 3.68282 0 0 0 
-42.4591 5.77685 11279.7 6.7662 32.201 219.346 41.751 -13 -1 1 0 1 -0.129923 0.0318758 3.44628 0 0 0 
-36.9508 18.1417 11378.8 15.9276 21.8158 220.149 42.1205 -13 -1 1 0 1 -0.221777 0.120928 2.51576 0 0 0 
-29.6224 25.4077 11478.2 15.2103 10.9464 221.007 42.49 -13 -1 1 0 1 -0.222768 0.201792 1.12847 0 0 0 
-24.051 28.6542 11578 9.03655 4.12982 221.578 42.8594 -13 -1 1 0 1 -0.1846 0.232416 -0.445264 0 0 0 
-21.593 29.543 11678 2.02034 0.0236404 221.791 43.2289 -13 -1 1 0 1 -0.140876 0.210041 -1.95068 0 0 0 
-21.8663 28.7139 11778 -2.5966 -3.71556 221.754 43.5984 -13 -1 1 0 1 -0.0871012 0.136019 -3.11601 0 0 0 
-23.2251 26.3051 11877.9 -2.60713 -6.60673 221.687 43.9679 -13 -1 1 0 1 -0.00749086 0.030556 -3.66647 0 0 0 
-23.6264 23.3123 11977.9 1.20785 -5.89342 221.719 44.3373 -13 -1 1 0 1 0.0832922 -0.0631777 -3.4451 0 0 0 
-22.0521 21.639 12077.9 5.67196 -0.998873 221.726 44.7068 -13 -1 1 0 1 0.142799 -0.125124 -2.5189 0 0 0 
-18.6018 22.6332 12177.8 9.65742 5.3673 221.525 45.0763 -13 -1 1 0 1 0.149869 -0.169785 -1.13368 0 0 0 
-13.1332 26.1973 12277.6 15.0253 9.85951 221.071 45.4458 -13 -1 1 0 1 0.111582 -0.206853 0.435473 0 0 0 
-4.62677 30.7201 12377.1 23.0612 8.99314 220.415 45.8153 -13 -1 1 0 1 0.0414888 -0.21531 1.93359 0 0 0 
7.58686 33.0144 12476.3 30.4139 -0.278969 219.705 46.1847 -13 -1 1 0 1 -0.022701 -0.155583 3.09729 0 0 0 
21.547 29.5393 12575.2 29.6356 -15.4042 219.271 46.5542 -13 -1 1 0 1 -0.00819467 -0.0362946 3.66353 0 0 0 
32.7044 19.7789 12674.1 18.6251 -26.3068 219.446 46.9237 -13 -1 1 0 1 0.105891 0.0492285 3.47415 0 0 0 
38.0744 7.53055 12773.2 5.8092 -26.2452 220.166 47.2932 -13 -1 1 0 1 0.23406 0.0375905 2.57997 0 0 0 
38.9801 -2.75642 12872.7 -0.432662 -18.7134 221.009 47.6626 -13 -1 1 0 1 0.300786 -0.0273128 1.21287 0 0 0 
38.7484 -9.10671 12972.5 0.257853 -9.43089 221.6 48.0321 -13 -1 1 0 1 0.309483 -0.0793322 -0.357322 0 0 0 
39.5937 -11.2715 13072.4 3.46902 -0.177171 221.773 48.4016 -13 -1 1 0 1 0.278355 -0.0886293 -1.8756 0 0 0 
41.4828 -9.33466 13172.4 4.14091 8.49957 221.599 48.7711 -13 -1 1 0 1 0.194214 -0.0564996 -3.07133 0 0 0 
42.5537 -4.18322 13272.2 -0.105734 13.3123 221.401 49.1406 -13 -1 1 0 1 0.0470577 -0.0194739 -3.66727 0 0 0 
41.1461 1.51976 13372.1 -5.87635 10.7028 221.464 49.51 -13 -1 1 0 1 -0.115267 -0.0185236 -3.49027 0 0 0 
37.8436 4.59653 13472 -7.95225 2.40642 221.645 49.8795 -13 -1 1 0 1 -0.223215 -0.0386132 -2.59555 0 0 0 
34.5616 3.54755 13571.9 -6.28494 -6.95646 221.602 50.249 -13 -1 1 0 1 -0.263223 -0.0354219 -1.22479 0 0 0 
32.0844 -1.50068 13671.7 -5.2206 -15.1976 221.218 50.6185 -13 -1 1 0 1 -0.257725 0.005009 0.343288 0 0 0 
29.0923 -9.84375 13771.3 -9.12139 -21.2465 220.592 50.9879 -13 -1 1 0 1 -0.2109 0.0622433 1.85281 0 0 0 
22.937 -19.7974 13870.6 -18.9106 -21.5235 219.942 51.3574 -13 -1 1 0 1 -0.118595 0.085904 3.0406 0 0 0 
11.9932 -27.7858 13969.7 -28.8697 -12.3522 219.566 51.7269 -13 -1 1 0 1 -0.0271151 0.0257386 3.64329 0 0 0 
-1.79212 -30.0794 14068.7 -30.496 2.25651 219.682 52.0964 -13 -1 1 0 1 -0.017357 -0.0867946 3.49248 0 0 0 
-14.1475 -26.4647 14167.8 -23.3993 12.3662 220.216 52.4659 -13 -1 1 0 1 -0.0922076 -0.157245 2.63509 0 0 0 
-22.7089 -20.3158 14267.3 -14.9525 13.5133 220.883 52.8353 -13 -1 1 0 1 -0.178909 -0.154466 1.29144 0 0 0 
-28.1816 -15.2469 14367 -9.95185 8.22024 221.425 53.2048 -13 -1 1 0 1 -0.230786 -0.11994 -0.269578 0 0 0 
-32.0448 -13.3489 14466.9 -7.27705 -0.0627041 221.681 53.5743 -13 -1 1 0 1 -0.235627 -0.0910173 -1.79351 0 0 0 
-34.5409 -15.2929 14566.8 -3.34118 -8.21036 221.623 53.9438 -13 -1 1 0 1 -0.178224 -0.0681276 -3.01312 0 0 0 
-34.6683 -20.0823 14666.7 2.97207 -11.9524 221.458 54.3132 -13 -1 1 0 1 -0.0586525 -0.0192456 -3.64936 0 0 0 
-32.1033 -25.015 14766.6 7.66059 -8.90475 221.489 54.6827 -13 -1 1 0 1 0.0708007 0.0722365 -3.51915 0 0 0 
-28.6753 -27.5492 14866.5 6.48897 -2.14559 221.695 55.0522 -13 -1 1 0 1 0.154846 0.164942 -2.66185 0 0 0 
-26.9884 -27.0248 14966.4 0.517293 4.28976 221.759 55.4217 -13 -1 1 0 1 0.195796 0.208966 -1.30884 0 0 0 
-28.3021 -23.7333 15066.4 -6.08689 10.4528 221.471 55.7912 -13 -1 1 0 1 0.220039 0.194959 0.25504 0 0 0 
-31.9186 -17.3215 15166.1 -8.96475 18.3472 220.859 56.1606 -13 -1 1 0 1 0.223913 0.132261 1.77854 0 0 0 
-35.1994 -7.083 15265.5 -4.07498 26.7298 220.146 56.5301 -13 -1 1 0 1 0.170358 0.0472211 2.99407 0 0 0 
-34.3952 5.88147 15364.6 8.45169 29.1817 219.71 56.8996 -13 -1 1 0 1 0.0478009 0.00656944 3.63132 0 0 0 
-27.6441 17.626 15463.7 20.5247 21.3772 219.812 57.2691 -13 -1 1 0 1 -0.0681856 0.0581104 3.51735 0 0 0 
-17.2423 24.437 15562.9 23.9778 8.88539 220.322 57.6385 -13 -1 1 0 1 -0.0960601 0.149622 2.68658 0 0 0 
-7.18892 26.2709 15662.4 19.8212 0.338316 220.913 58.008 -13 -1 1 0 1 -0.0511143 0.204275 1.35858 0 0 0 
0.320741 25.7391 15762.1 13.4694 -1.73723 221.384 58.3775 -13 -1 1 0 1 0.00693997 0.210342 -0.193796 0 0 0 
5.03545 25.3348 15862 7.54196 0.359325 221.672 58.747 -13 -1 1 0 1 0.0432177 0.187028 -1.72163 0 0 0 
7.16958 26.1765 15962 1.96776 3.2239 221.768 59.1165 -13 -1 1 0 1 0.0460711 0.136832 -2.9565 0 0 0 
6.93825 27.9184 16061.9 -2.67434 4.02825 221.748 59.4859 -13 -1 1 0 1 0.0230763 0.0494338 -3.62173 0 0 0 
5.24236 29.4407 16161.9 -4.14289 2.49443 221.748 59.8554 -13 -1 1 0 1 6.63867e-05 -0.0639305 -3.53047 0 0 0 
3.85712 30.1763 16261.9 -1.35751 0.971144 221.794 60.2249 -13 -1 1 0 1 -0.0107163 -0.164131 -2.70755 0 0 0 
4.45659 30.5321 16361.9 4.35075 0.765466 221.757 60.5944 -13 -1 1 0 1 -0.0242129 -0.224475 -1.37659 0 0 0 
7.98114 30.812 16461.8 11.4072 0.143035 221.507 60.9638 -13 -1 1 0 1 -0.0548916 -0.243957 0.180181 0 0 0 
14.7121 30.1001 16561.6 18.168 -4.1678 221.016 61.3333 -13 -1 1 0 1 -0.0957186 -0.217953 1.70992 0 0 0 
23.7373 26.2255 16661.1 20.7007 -13.7724 220.403 61.7028 -13 -1 1 0 1 -0.10699 -0.136375 2.9462 0 0 0 
32.0082 17.5015 16760.4 14.3776 -24.3781 219.988 62.0723 -13 -1 1 0 1 -0.0370397 -0.0344935 3.61729 0 0 0 
35.6505 5.40013 16859.5 1.3676 -27.5485 220.079 62.4418 -13 -1 1 0 1 0.0954514 0.00503652 3.53869 0 0 0 
33.6531 -5.85766 16958.9 -9.08753 -21.2083 220.597 62.8112 -13 -1 1 0 1 0.196285 -0.0393974 2.73103 0 0 0 
28.6773 -13.2639 17058.5 -11.7142 -11.7347 221.18 63.1807 -13 -1 1 0 1 0.218846 -0.104632 1.41312 0 0 0 
23.9336 -16.8097 17158.3 -8.76619 -4.53185 221.581 63.5502 -13 -1 1 0 1 0.193262 -0.140232 -0.138823 0 0 0 
20.9883 -17.7691 17258.2 -4.32977 -0.0607773 221.758 63.9197 -13 -1 1 0 1 0.152785 -0.137146 -1.67426 0 0 0 
19.8199 -17.0657 17358.2 -1.24851 3.01208 221.777 64.2891 -13 -1 1 0 1 0.101299 -0.0990108 -2.92478 0 0 0 
19.4309 -15.2571 17458.2 -0.962185 4.67044 221.749 64.6586 -13 -1 1 0 1 0.0322573 -0.0398599 -3.61411 0 0 0 
18.6233 -13.2705 17558.2 -2.80574 3.61538 221.753 65.0281 -13 -1 1 0 1 -0.0424155 0.0154909 -3.54989 0 0 0 
16.8933 -12.4168 17658.2 -4.76436 -0.159697 221.749 65.3976 -13 -1 1 0 1 -0.093909 0.0561615 -2.75189 0 0 0 
14.4003 -13.5505 17758.1 -6.31723 -4.84919 221.658 65.7671 -13 -1 1 0 1 -0.108493 0.0908886 -1.43906 0 0 0 
11.0278 -16.6402 17858 -8.99195 -8.54634 221.454 66.1365 -13 -1 1 0 1 -0.0913742 0.124379 0.108593 0 0 0 
5.89962 -20.8128 17957.8 -14.1804 -9.25277 221.153 66.506 -13 -1 1 0 1 -0.0495038 0.142757 1.63869 0 0 0 
-1.9396 -24.1487 18057.4 -20.4166 -4.48244 220.814 66.8755 -13 -1 1 0 1 -0.000545921 0.115361 2.88573 0 0 0 
-11.8819 -24.017 18156.9 -22.5138 5.61152 220.584 67.245 -13 -1 1 0 1 0.00736721 0.0327407 3.57861 0 0 0 
-21.0395 -19.2008 18256.4 -16.9424 14.9363 220.648 67.6144 -13 -1 1 0 1 -0.0593158 -0.0495588 3.52461 0 0 0 
-26.6121 -11.6704 18355.9 -7.8212 17.099 221.002 67.9839 -13 -1 1 0 1 -0.156496 -0.0690201 2.7386 0 0 0 
-28.5794 -4.78881 18455.7 -1.72462 12.686 221.431 68.3534 -13 -1 1 0 1 -0.21989 -0.0380053 1.43063 0 0 0 
-28.8719 -0.584653 18555.6 -0.170577 5.82763 221.724 68.7229 -13 -1 1 0 1 -0.237209 -0.00453477 -0.121967 0 0 0 
-29.0067 0.455465 18655.6 -0.419785 -1.14159 221.797 69.0924 -13 -1 1 0 1 -0.219203 0.00616191 -1.6668 0 0 0 
-29.0009 -1.44627 18755.5 0.91332 -6.93312 221.69 69.4618 -13 -1 1 0 1 -0.161136 -0.00210807 -2.93509 0 0 0 
-27.7639 -5.24647 18855.5 4.87483 -9.08121 221.561 69.8313 -13 -1 1 0 1 -0.0624417 -0.00233393 -3.65045 0 0 0 
-24.6471 -8.80944 18955.3 8.53478 -5.90685 221.558 70.2008 -13 -1 1 0 1 0.0397106 0.0260654 -3.61406 0 0 0 
-20.6446 -10.1153 19055.3 8.53295 0.266026 221.636 70.5703 -13 -1 1 0 1 0.100979 0.0612313 -2.84299 0 0 0 
-17.4056 -8.67385 19155.2 5.60552 5.86287 221.652 70.9397 -13 -1 1 0 1 0.120039 0.0695542 -1.55129 0 0 0 
-15.5347 -5.06313 19255.1 3.01277 9.94875 221.557 71.3092 -13 -1 1 0 1 0.117577 0.0466572 -0.0205251 0 0 0 
-14.2328 0.142483 19355 3.40106 12.9426 221.397 71.6787 -13 -1 1 0 1 0.0991683 0.00826316 1.49574 0 0 0 
-11.8774 6.29235 19454.7 7.60806 13.7825 221.241 72.0482 -13 -1 1 0 1 0.0587304 -0.0192565 2.73046 0 0 0 
-7.12891 11.9039 19554.5 13.3288 10.3019 221.16 72.4177 -13 -1 1 0 1 0.0113658 -0.00472016 3.41043 0 0 0 
-0.34355 15.0324 19654.2 15.943 3.33687 221.202 72.7871 -13 -1 1 0 1 -0.000354776 0.0493967 3.33705 0 0 0 
6.50392 15.1168 19753.9 13.7997 -2.3419 221.359 73.1566 -13 -1 1 0 1 0.0381078 0.0978025 2.51995 0 0 0 
11.8166 13.6365 19853.8 9.73934 -3.41073 221.561 73.5261 -13 -1 1 0 1 0.0935377 0.114104 1.15945 0 0 0 
15.377 12.6619 19953.7 6.15962 -0.389416 221.715 73.8956 -13 -1 1 0 1 0.133887 0.113426 -0.473361 0 0 0 
17.3365 13.5818 20053.7 2.30355 4.57525 221.742 74.265 -13 -1 1 0 1 0.14486 0.114028 -2.13424 0 0 0 
17.1067 16.6076 20153.6 -3.75893 8.28898 221.614 74.6345 -13 -1 1 0 1 0.115718 0.109 -3.56841 0 0 0 
13.741 20.2386 20253.5 -11.0058 6.68168 221.427 75.004 -13 -1 1 0 1 0.0560414 0.0714097 -4.51742 0 0 0 
7.80561 21.7075 20353.3 -14.1886 -0.821861 221.345 75.3735 -13 -1 1 0 1 0.0106772 0.00212137 -4.80594 0 0 0 
2.06451 19.4375 20453.1 -10.2113 -8.75728 221.393 75.743 -13 -1 1 0 1 0.00426185 -0.0495976 -4.47698 0 0 0 
-0.832557 14.5212 20553 -2.47222 -12.1879 221.452 76.1124 -13 -1 1 0 1 0.0102214 -0.0544932 -3.76778 0 0 0 
-0.320008 9.08073 20652.8 4.36371 -11.4711 221.461 76.4819 -13 -1 1 0 1 0.00529929 -0.0338086 -2.95937 0 0 0 
2.701 4.4301 20752.2 8.67401 -9.18809 221.441 76.8497 -13 -1 1 0 1 -0.00676478 -0.0136536 -2.23357 0 0 0 

