#BLTrackFile VirtualDetector/Det113
#x y z Px Py Pz t PDGid EventID TrackID ParentID Weight
#mm mm mm MeV/c MeV/c MeV/c ns - - - - -
39.3937 -3.59211 11250.2 19.8735 2.2612 134.345 48.0532 -13 1 1 0 1
22.5531 4.57493 11250.2 6.40858 18.4343 287.82 43.7579 -13 2 1 0 1
-19.2866 -56.5584 11250.2 9.76325 -6.853 138.871 45.5248 -13 3 1 0 1
48.6291 -62.0366 11250.2 2.96847 23.8693 296.3 43.6107 -13 6 1 0 1
17.2541 6.50446 11250.2 -11.476 0.357502 285.828 43.7216 -13 9 1 0 1
63.3049 -45.5537 11250.2 -3.04342 23.9533 228.69 44.3978 -13 10 1 0 1
0.485169 20.5827 11250.2 7.38124 21.3172 118.592 46.4353 -13 14 1 0 1
24.1585 -20.3925 11250.2 13.1501 6.5207 246.442 44.1494 -13 15 1 0 1
2.2292 22.6617 11250.2 19.6856 14.7878 167.973 45.0679 -13 16 1 0 1
-9.35464 8.869 11250.2 -34.1685 28.2132 162.195 45.1923 -13 17 1 0 1
-52.7869 -37.489 11250.2 27.5178 -3.58852 210.039 44.5885 -13 18 1 0 1
-0.147761 12.2549 11250.2 -27.3112 9.07849 280.185 43.7949 -13 19 1 0 1
13.1229 -11.8783 11250.2 -13.021 12.7898 285.15 43.6507 -13 20 1 0 1
28.6736 -17.9504 11250.2 -9.91705 3.26522 295.23 43.5687 -13 21 1 0 1
30.8715 33.1885 11250.2 -17.5416 7.20629 248.313 44.1958 -13 22 1 0 1
43.856 -36.5116 11250.2 23.019 13.954 276.361 43.8758 -13 24 1 0 1
-46.4843 1.11685 11250.2 -0.344662 3.62615 247.567 44.1962 -13 25 1 0 1
-20.2834 -59.7684 11250.2 9.83746 19.61 230.388 44.3699 -13 28 1 0 1
-60.1344 35.4972 11250.2 -16.1704 -13.9717 148.096 45.4946 -13 29 1 0 1
54.67 -38.9577 11250.2 9.2451 0.84685 257.69 44.088 -13 30 1 0 1
-49.3317 -8.21495 11250.2 -6.68197 23.7731 182.251 44.8991 -13 33 1 0 1
3.48704 -11.9225 11250.2 11.3311 39.8803 116.208 47.296 -13 35 1 0 1
20.1348 17.7641 11250.2 19.3587 8.36462 160.484 45.1201 -13 36 1 0 1
-36.8203 -3.11119 11250.2 -9.48141 -19.3586 274.318 43.9063 -13 37 1 0 1
-38.1369 -54.527 11250.2 7.20633 -12.532 238.026 44.2779 -13 38 1 0 1
-13.9365 -5.63761 11250.2 -39.0099 -13.4445 114.662 46.3974 -13 39 1 0 1
37.8843 -30.0256 11250.2 -3.7305 3.10633 246.131 44.1072 -13 40 1 0 1
13.1943 -54.2247 11250.2 4.98326 12.413 298.11 43.5207 -13 41 1 0 1
-1.55245 0.462463 11250.2 33.7684 4.03256 116.612 46.3822 -13 42 1 0 1
25.2102 -26.117 11250.2 9.85382 -5.02891 300.404 43.4069 -13 43 1 0 1
12.2356 -24.512 11250.2 5.37414 0.848979 297.447 43.5395 -13 45 1 0 1
21.044 -46.0781 11250.2 19.8076 -12.4683 271.242 43.9025 -13 46 1 0 1
32.3283 12.2224 11250.2 2.81456 11.782 239.885 44.2448 -13 47 1 0 1
78.8195 -13.2896 11250.2 -5.08542 24.7717 238.103 44.2895 -13 48 1 0 1
-4.3994 2.23982 11250.2 -11.7406 -18.6054 300.898 43.5144 -13 49 1 0 1
-35.1231 -48.6169 11250.2 -50.3778 -81.3862 92.166 47.9659 -13 50 1 0 1
18.3834 -35.6605 11250.2 12.7319 -10.3911 292.873 43.6004 -13 51 1 0 1
17.0331 -8.57524 11250.2 3.39734 -2.90201 256.371 44.0288 -13 53 1 0 1
21.9807 -20.8889 11250.2 -19.3272 14.7524 281.275 43.8088 -13 54 1 0 1
8.14235 1.95496 11250.2 21.2379 8.7947 170.313 44.9899 -13 58 1 0 1
-14.5503 -13.2595 11250.2 -24.7848 -18.6696 165.333 45.045 -13 60 1 0 1
30.2422 -25.2192 11250.2 -6.2138 -3.55907 298.657 43.4726 -13 61 1 0 1
-24.55 -19.5641 11250.2 13.7556 9.2607 221.831 44.424 -13 62 1 0 1
5.23405 50.388 11250.2 -18.6051 12.3578 140.863 45.639 -13 63 1 0 1
59.1757 -41.9345 11250.2 13.4695 28.3776 224.173 44.4196 -13 64 1 0 1
2.21025 -43.5638 11250.2 -2.30608 -4.55799 276.051 43.824 -13 65 1 0 1
30.2183 -53.1656 11250.2 -1.95479 -2.41885 298.551 43.4345 -13 66 1 0 1
1.41181 -13.3949 11250.2 15.2877 -37.7733 125.615 46.5839 -13 67 1 0 1
11.0755 -20.4407 11250.2 6.11817 -27.2232 294.293 43.5816 -13 70 1 0 1
28.7204 -17.2353 11250.2 -7.83554 -3.86996 301.969 43.1537 -13 73 1 0 1
-11.0712 -4.8261 11250.2 35.6245 1.99729 165.947 45.0527 -13 74 1 0 1
18.0541 -16.005 11250.2 -8.78706 -11.6375 282.391 43.7886 -13 75 1 0 1
27.8514 15.1991 11250.2 -3.39556 5.36332 286.743 43.7461 -13 77 1 0 1
31.6138 -34.0493 11250.2 15.8326 10.7396 265.643 43.9792 -13 78 1 0 1
17.2582 -51.2516 11250.2 0.754544 11.5944 214.788 44.46 -13 79 1 0 1
19.3472 -4.90999 11250.2 4.15862 -39.4806 134.819 46.6647 -13 81 1 0 1
-5.52015 -39.3779 11250.2 10.3858 12.8621 302.019 43.4614 -13 82 1 0 1
36.8197 -6.26911 11250.2 21.1481 35.6417 127.369 46.5584 -13 84 1 0 1
22.4784 35.31 11250.2 -3.29797 4.29566 242.253 44.2268 -13 85 1 0 1
19.3309 -14.7275 11250.2 42.1991 19.0261 153.537 45.3052 -13 86 1 0 1
10.6123 -0.114128 11250.2 1.93403 -1.61423 303.993 43.3697 -13 87 1 0 1
-22.588 -34.4169 11250.2 -6.61512 -15.1273 276.028 43.8837 -13 88 1 0 1
25.7501 0.853089 11250.2 -7.58173 5.46253 298.328 43.4603 -13 89 1 0 1
27.4793 0.966882 11250.2 -22.8778 20.3612 293.67 43.5968 -13 90 1 0 1
27.2387 4.67561 11250.2 -13.3391 -3.10244 292.541 43.6282 -13 92 1 0 1
22.7041 -39.867 11250.2 -0.263994 -7.93322 276.055 43.8587 -13 94 1 0 1
5.61502 -8.90884 11250.2 17.9005 -3.55046 194.691 44.6271 -13 96 1 0 1
24.4095 -48.3936 11250.2 11.4533 -0.98642 236.385 44.2493 -13 97 1 0 1
31.6743 -16.5016 11250.2 -19.057 8.84713 206.873 44.5222 -13 98 1 0 1
26.6727 66.0517 11250.2 -23.1952 -9.16969 137.29 45.698 -13 99 1 0 1
-11.4859 -10.8805 11250.2 -5.96661 -12.8825 293.566 43.5977 -13 100 1 0 1
