#BLTrackFile VirtualDetector/Det120
#x y z Px Py Pz t PDGid EventID TrackID ParentID Weight
#mm mm mm MeV/c MeV/c MeV/c ns - - - - -
38.5739 0.497566 11950.2 -1.99111 -0.363394 293.235 46.2463 -13 2 1 0 1
14.6653 -10.282 11950.2 22.169 -24.9126 121.402 48.5872 -13 3 1 0 1
-7.19615 -11.8586 11950.2 0.758095 39.5309 299.318 46.1075 -13 6 1 0 1
-10.6442 6.1823 11950.2 -9.4626 8.23127 292.758 46.2114 -13 9 1 0 1
-1.29691 0.671396 11950.2 -0.636919 36.5587 224.186 46.9952 -13 10 1 0 1
-2.85594 -0.587962 11950.2 -27.2978 30.0527 118.153 49.6951 -13 14 1 0 1
9.81921 -27.2132 11950.2 -4.80547 9.56268 246.95 46.694 -13 15 1 0 1
29.3517 -40.6235 11950.2 -30.9769 9.20177 148.595 47.944 -13 16 1 0 1
42.6131 55.0573 11950.2 -16.1094 -38.6919 145.98 48.1518 -13 17 1 0 1
7.31834 -15.6399 11950.2 19.0009 -13.4326 203.408 47.2185 -13 18 1 0 1
-16.3937 56.0404 11950.2 4.66773 12.7115 288.423 46.2964 -13 19 1 0 1
-7.53698 27.405 11950.2 3.39414 18.8697 290.885 46.1455 -13 20 1 0 1
-22.7295 -5.44604 11950.2 -11.4331 21.9721 299.845 46.0574 -13 21 1 0 1
13.188 16.7891 11950.2 -15.4692 1.73947 251.133 46.7343 -13 22 1 0 1
25.141 -49.2942 11950.2 -10.6583 12.5209 282.18 46.3809 -13 24 1 0 1
8.95773 41.9771 11950.2 23.8299 -13.1832 249.598 46.7543 -13 25 1 0 1
6.63729 31.7181 11950.2 34.2522 8.33951 228.128 46.9716 -13 28 1 0 1
-10.2647 2.95948 11950.2 -22.161 -30.9121 130.206 48.4731 -13 29 1 0 1
-20.5631 -54.6749 11950.2 -19.1995 28.2975 259.586 46.6401 -13 30 1 0 1
57.0771 33.3809 11950.2 -0.198451 -43.8912 162.493 47.7604 -13 33 1 0 1
6.21936 -32.8579 11950.2 -19.3826 27.4788 137.842 48.0406 -13 36 1 0 1
-46.2436 17.9555 11950.2 8.60624 2.07971 280.97 46.4115 -13 37 1 0 1
-52.1589 5.82755 11950.2 23.0311 13.6991 238.269 46.8541 -13 38 1 0 1
-20.1611 -32.1668 11950.2 -40.0974 -55.7994 100.215 49.9925 -13 39 1 0 1
-27.8692 -15.9777 11950.2 -7.02749 27.7514 248.101 46.6667 -13 40 1 0 1
-19.5672 -8.02617 11950.2 5.63387 28.111 302.093 46.0079 -13 41 1 0 1
-0.724123 -4.47407 11950.2 14.7929 42.443 113.309 49.7189 -13 42 1 0 1
-9.95097 -44.3649 11950.2 -14.1314 10.3393 303.198 45.8898 -13 43 1 0 1
-7.78999 -17.328 11950.2 -1.7056 11.5607 302.187 46.019 -13 45 1 0 1
-31.1814 -63.7862 11950.2 -12.9635 18.2746 275.718 46.4264 -13 46 1 0 1
27.2767 -11.7546 11950.2 -13.8726 1.90259 240.63 46.8012 -13 47 1 0 1
15.8158 -14.3031 11950.2 -16.5309 26.2637 235.967 46.8612 -13 48 1 0 1
-42.2973 -6.86454 11950.2 -13.0271 6.21077 306.608 45.9935 -13 49 1 0 1
-23.6267 -50.9183 11950.2 -12.7935 13.9856 297.992 46.0924 -13 51 1 0 1
-6.03868 -23.2752 11950.2 -10.101 7.16458 260.683 46.556 -13 53 1 0 1
-23.619 28.4161 11950.2 -0.471475 26.3307 288.343 46.3144 -13 54 1 0 1
22.0735 -37.2086 11950.2 -15.0386 10.8631 153.632 47.7989 -13 58 1 0 1
-33.2901 48.3049 11950.2 27.9888 -17.0224 147.64 47.9392 -13 60 1 0 1
-28.9 -27.7287 11950.2 -16.3724 20.4927 301.206 45.9624 -13 61 1 0 1
23.6233 11.1182 11950.2 16.3519 -8.56265 219.255 47.0227 -13 62 1 0 1
-5.5469 12.4107 11950.2 -35.7225 5.38444 126.204 48.6588 -13 63 1 0 1
22.3999 -27.0717 11950.2 -4.00142 23.8344 219.118 47.0169 -13 64 1 0 1
-46.2883 -4.65894 11950.2 4.24942 25.9847 282.174 46.3386 -13 65 1 0 1
-47.825 -30.8588 11950.2 -12.1107 35.1952 299.356 45.9381 -13 66 1 0 1
-19.7216 0.328455 11950.2 54.7759 -2.61361 121.544 49.8748 -13 67 1 0 1
-42.821 -56.0845 11950.2 -17.9614 11.666 294.13 46.0801 -13 70 1 0 1
-24.0803 -18.1561 11950.2 -15.5508 18.4219 298.515 45.6395 -13 73 1 0 1
11.135 -65.9207 11950.2 -18.333 11.1524 150.207 47.9127 -13 74 1 0 1
-38.214 -19.7162 11950.2 -15.0252 16.746 289.014 46.2917 -13 75 1 0 1
15.1615 -6.42764 11950.2 -13.826 -0.268288 293.317 46.2357 -13 77 1 0 1
11.9109 -34.3913 11950.2 -4.15385 13.8554 271.912 46.4936 -13 78 1 0 1
-18.3806 16.258 11950.2 17.7773 23.698 209.521 47.0906 -13 79 1 0 1
-28.09 19.5841 11950.2 59.4577 1.57916 128.761 49.9329 -13 81 1 0 1
-2.65999 3.85885 11950.2 16.2721 13.5724 306.124 45.94 -13 82 1 0 1
31.8476 -4.03522 11950.2 -15.7932 39.7544 130.07 49.6668 -13 84 1 0 1
27.9902 -1.99256 11950.2 -16.8591 -5.79805 244.012 46.7813 -13 85 1 0 1
17.665 -52.1717 11950.2 -12.673 38.7817 136.276 48.2978 -13 86 1 0 1
-2.70071 -15.6349 11950.2 -9.88131 -0.197675 306.627 45.8435 -13 87 1 0 1
-63.0975 6.24814 11950.2 6.47215 20.1052 282.428 46.398 -13 88 1 0 1
-0.938233 -0.805765 11950.2 -12.3045 9.69432 302.123 45.9393 -13 89 1 0 1
-2.69104 34.094 11950.2 -5.19839 17.9841 299.032 46.0824 -13 90 1 0 1
-19.3575 -7.17342 11950.2 -18.2243 10.5647 296.053 46.1186 -13 92 1 0 1
-45.9142 -27.3051 11950.2 -10.1643 29.2221 281.439 46.3785 -13 94 1 0 1
1.44845 -35.5079 11950.2 -6.18669 6.27247 187.088 47.3004 -13 96 1 0 1
-29.5717 -35.4132 11950.2 -0.357374 24.4505 235.754 46.8265 -13 97 1 0 1
-25.2311 36.6845 11950.2 6.53566 23.4015 201.127 47.1732 -13 98 1 0 1
-39.1919 25.7698 11950.2 -10.1017 19.0137 124.544 48.7443 -13 99 1 0 1
-37.5142 -0.798233 11950.2 -1.04476 9.78273 299.756 46.0816 -13 100 1 0 1
