#BLTrackFile VirtualDetector/Det1073
#x y z Px Py Pz t PDGid EventID TrackID ParentID Weight
#mm mm mm MeV/c MeV/c MeV/c ns - - - - -
-41.8065 27.022 107250 1.22899 12.9304 200.358 401.123 -13 9 1 0 1
59.7268 16.6269 107250 30.2194 -29.8907 239.25 400.671 -13 21 1 0 1
36.241 24.3128 107250 18.1028 -2.25186 238.566 400.674 -13 22 1 0 1
29.908 6.223 107250 19.1199 12.3884 231.278 400.662 -13 38 1 0 1
-4.30909 49.287 107250 2.26512 4.99068 227.114 400.535 -13 46 1 0 1
-21.7854 6.62744 107250 -4.37812 0.25569 230.241 401.031 -13 65 1 0 1
-18.7627 13.3368 107250 12.701 17.4166 220.432 401.019 -13 70 1 0 1
22.037 31.2394 107250 9.75571 -1.90689 222.094 401.363 -13 89 1 0 1
-28.8866 37.1397 107250 26.396 24.3316 234.809 401.005 -13 100 1 0 1
