#BLTrackFile VirtualDetector/Det1003
#x y z Px Py Pz t PDGid EventID TrackID ParentID Weight
#mm mm mm MeV/c MeV/c MeV/c ns - - - - -
104.435 -40.224 100250 5.4568 -33.7845 248.221 374.812 -13 21 1 0 1
65.9499 27.3609 100250 10.6759 -14.1694 219.261 374.946 -13 22 1 0 1
55.0186 6.10406 100250 -8.62819 -32.0612 220.739 374.525 -13 41 1 0 1
15.4674 -22.3145 100250 -17.24 -16.1126 219.312 374.661 -13 47 1 0 1
20.5886 -29.9086 100250 4.97862 -30.114 221.566 374.647 -13 51 1 0 1
27.5091 -21.3055 100250 12.4013 -3.38534 200.455 374.974 -13 66 1 0 1
52.8464 -37.1781 100250 -17.1003 -17.4913 214.826 374.694 -13 82 1 0 1
96.9441 -23.5477 100250 -14.7183 -17.6706 225.813 374.258 -13 85 1 0 1
