#BLTrackFile VirtualDetector/Det401
#x y z Px Py Pz t PDGid EventID TrackID ParentID Weight
#mm mm mm MeV/c MeV/c MeV/c ns - - - - -
-4.96254 28.2927 40050.2 -14.5757 12.2583 173.869 151.334 -13 2 1 0 1
74.5167 32.7975 40050.2 -7.90824 -17.9338 209.581 150.282 -13 38 1 0 1
42.4203 42.5744 40050.2 6.34634 -20.3852 262.321 149.839 -13 40 1 0 1
3.60235 62.1393 40050.2 17.5353 7.34752 145.5 151.864 -13 53 1 0 1
45.7877 -23.8517 40050.2 -14.5306 -33.9417 268.245 149.552 -13 70 1 0 1
16.4576 -9.5399 40050.2 -30.1271 -40.2081 122.009 153.109 -13 78 1 0 1
-33.0817 82.8613 40050.2 8.20434 16.2011 215.192 149.989 -13 97 1 0 1
