#BLTrackFile VirtualDetector/Det534
#x y z Px Py Pz t PDGid EventID TrackID ParentID Weight
#mm mm mm MeV/c MeV/c MeV/c ns - - - - -
-27.439 -31.69 53350.2 -17.6727 -1.55292 289.625 199.434 -13 15 1 0 1
-21.5971 51.1687 53350.2 25.8035 7.89582 182.376 199.509 -13 19 1 0 1
-39.1211 55.6951 53350.2 5.31028 27.6351 221.806 199.47 -13 40 1 0 1
-65.8494 -58.5652 53350.2 -37.4437 31.0125 209.579 198.989 -13 46 1 0 1
-0.621512 -42.2834 53350.2 -36.5694 -1.54469 200.541 198.895 -13 47 1 0 1
-112.469 17.7482 53350.2 -21.287 50.2318 242.304 199.21 -13 61 1 0 1
-11.9911 48.9482 53350.2 30.5155 -1.37189 231.739 199.321 -13 94 1 0 1
