#BLTrackFile VirtualDetector/Det576
#x y z Px Py Pz t PDGid EventID TrackID ParentID Weight
#mm mm mm MeV/c MeV/c MeV/c ns - - - - -
0.941221 -27.7771 57550.2 -25.2287 -18.2549 273.472 214.407 -13 15 1 0 1
2.71713 -77.0736 57550.2 -46.8925 -9.90765 228.169 214.466 -13 22 1 0 1
-21.9492 -33.128 57550.2 -17.5504 -2.91815 184.113 214.273 -13 43 1 0 1
-25.528 27.5644 57550.2 23.3341 16.819 194.806 215.159 -13 47 1 0 1
-66.7255 78.8719 57550.2 35.5332 3.99915 256.458 214.957 -13 61 1 0 1
-39.7937 -93.7532 57550.2 -39.9787 3.23543 209.708 214.558 -13 85 1 0 1
-87.5219 30.9574 57550.2 -28.9986 31.3223 218.279 214.989 -13 97 1 0 1
-52.6756 76.811 57550.2 6.35465 34.7698 196.55 214.987 -13 100 1 0 1
