#BLTrackFile VirtualDetector/Det639
#x y z Px Py Pz t PDGid EventID TrackID ParentID Weight
#mm mm mm MeV/c MeV/c MeV/c ns - - - - -
-20.5278 50.1997 63850.2 40.5752 -1.09186 251.584 238.227 -13 9 1 0 1
-52.0061 -42.2694 63850.2 -21.8271 26.6767 215.194 238.696 -13 22 1 0 1
-18.8577 15.2967 63850.2 24.1176 10.3579 185.849 238.996 -13 37 1 0 1
-51.1768 -94.1362 63850.2 -17.706 9.59536 220.644 238.573 -13 38 1 0 1
-37.595 90.7865 63850.2 33.4188 17.4076 262.577 238.652 -13 46 1 0 1
-28.1431 52.1987 63850.2 14.3443 7.99001 249.468 238.631 -13 47 1 0 1
-55.989 35.6875 63850.2 14.0949 44.641 240.434 238.226 -13 61 1 0 1
-97.338 53.5534 63850.2 25.2344 15.8112 229.288 239.013 -13 85 1 0 1
-7.3071 -53.3538 63850.2 5.73256 41.3205 252.07 238.534 -13 97 1 0 1
