#BLTrackFile VirtualDetector/Det800
#x y z Px Py Pz t PDGid EventID TrackID ParentID Weight
#mm mm mm MeV/c MeV/c MeV/c ns - - - - -
23.6188 66.3202 79950.2 29.0678 -3.06633 200.888 298.654 -13 22 1 0 1
-41.8056 34.0054 79950.2 -2.0075 20.5863 285.032 298.683 -13 37 1 0 1
-38.4567 110.023 79950.2 21.9085 8.65299 224.809 298.56 -13 38 1 0 1
78.75 16.2641 79950.2 39.5736 -37.9918 237.93 298.712 -13 46 1 0 1
10.5229 67.8946 79950.2 16.5184 31.106 208.826 298.688 -13 66 1 0 1
-48.7786 55.9488 79950.2 12.0525 4.65377 223.837 298.58 -13 75 1 0 1
-75.2834 67.1085 79950.2 1.18966 57.713 246.974 298.117 -13 100 1 0 1
