#BLTrackFile VirtualDetector/Det814
#x y z Px Py Pz t PDGid EventID TrackID ParentID Weight
#mm mm mm MeV/c MeV/c MeV/c ns - - - - -
-3.18196 -57.1051 81350.2 -29.9642 -6.40414 207.433 304.009 -13 22 1 0 1
46.7814 -82.3898 81350.2 -9.79654 -31.9032 225.342 303.868 -13 38 1 0 1
-11.3564 -59.7897 81350.2 -48.9016 24.2053 243.944 303.965 -13 46 1 0 1
1.70433 -16.1397 81350.2 -18.2796 18.0658 230.018 303.482 -13 61 1 0 1
2.38825 -27.1013 81350.2 -16.4671 -37.5349 213.739 304.015 -13 66 1 0 1
58.7304 -19.8919 81350.2 8.02765 -17.4975 224.354 303.792 -13 75 1 0 1
26.5621 20.8053 81350.2 11.8733 -13.3816 192.245 303.707 -13 94 1 0 1
76.1203 7.17952 81350.2 18.9588 -58.0323 228.024 303.428 -13 100 1 0 1
