# AllTracks
#x y z Px Py Pz t PDGid EventID TrackID ParentID Weight Bx By Bz Ex Ey Ez
# Event -2 Track 1
-11.2945 14.0917 0 0.832713 -1.28685 227.595 0 -13 -2 1 0 1 0.0844236 -0.0883828 -2.26474 0 0 0 
-11.2894 14.0922 0.4995 0.847863 -1.27295 227.595 0.00183706 -13 -2 1 0 1 0.0844909 -0.0885385 -2.25815 0 0 0 
-11.2894 14.0922 0.5005 0.847894 -1.27292 227.595 0.00184074 -13 -2 1 0 1 0.084491 -0.0885389 -2.25814 0 0 0 
-10.259 14.2035 100.494 3.85408 1.82826 227.56 0.369595 -13 -2 1 0 1 0.0894465 -0.110541 -0.784152 0 0 0 
-7.81609 15.5927 200.453 7.44474 4.2009 227.439 0.73735 -13 -2 1 0 1 0.0701542 -0.124236 0.811965 0 0 0 
-3.55707 17.4736 300.342 12.0353 3.70466 227.251 1.1051 -13 -2 1 0 1 0.0335918 -0.118838 2.2787 0 0 0 
2.62203 18.1915 400.146 15.6069 -1.14981 227.061 1.47286 -13 -2 1 0 1 0.00233956 -0.0757675 3.33918 0 0 0 
9.46056 16.0865 499.885 14.5568 -8.4298 226.978 1.84061 -13 -2 1 0 1 0.0131051 -0.00763323 3.73203 0 0 0 
14.6916 11.2042 599.624 8.77411 -12.9555 227.062 2.20837 -13 -2 1 0 1 0.0676608 0.0351902 3.34061 0 0 0 
17.1529 5.49636 699.428 2.80875 -12.248 227.253 2.57612 -13 -2 1 0 1 0.121273 0.0292835 2.28111 0 0 0 
17.6617 0.890108 799.318 0.122503 -8.47043 227.442 2.94388 -13 -2 1 0 1 0.144663 0.000304399 0.814581 0 0 0 
17.7039 -1.87252 899.279 0.408922 -4.10948 227.563 3.31163 -13 -2 1 0 1 0.142711 -0.0228832 -0.785933 0 0 0 
18.148 -2.74069 999.272 1.56478 0.123263 227.595 3.67939 -13 -2 1 0 1 0.121067 -0.0289682 -2.25764 0 0 0 
18.8967 -1.84609 1099.26 1.52833 3.74733 227.564 4.04714 -13 -2 1 0 1 0.0732739 -0.020964 -3.3259 0 0 0 
19.2281 0.238487 1199.24 -0.209491 5.24376 227.54 4.4149 -13 -2 1 0 1 0.000620647 -0.0151549 -3.7255 0 0 0 
18.7215 2.28843 1299.22 -1.88853 3.59954 227.564 4.78265 -13 -2 1 0 1 -0.0715555 -0.0225757 -3.33771 0 0 0 
17.8415 3.10233 1399.21 -1.79901 -0.07697 227.593 5.15041 -13 -2 1 0 1 -0.118433 -0.0312967 -2.27845 0 0 0 
17.3208 2.15408 1499.2 -0.528836 -4.26043 227.56 5.51816 -13 -2 1 0 1 -0.139435 -0.0251119 -0.811332 0 0 0 
17.2447 -0.654136 1599.16 -0.16 -8.52425 227.44 5.88592 -13 -2 1 0 1 -0.14147 -0.00156725 0.788745 0 0 0 
16.7372 -5.26481 1699.05 -2.76438 -12.223 227.255 6.25367 -13 -2 1 0 1 -0.118973 0.0279165 2.25897 0 0 0 
14.3124 -10.9579 1798.86 -8.65799 -12.9292 227.067 6.62142 -13 -2 1 0 1 -0.0669068 0.0348132 3.32666 0 0 0 
9.13647 -15.8429 1898.6 -14.439 -8.4738 226.983 6.98918 -13 -2 1 0 1 -0.0136437 -0.00669348 3.72889 0 0 0 
2.33407 -17.9823 1998.34 -15.5687 -1.25454 227.063 7.35693 -13 -2 1 0 1 -0.0035747 -0.0740872 3.34783 0 0 0 
-3.84898 -17.3154 2098.14 -12.087 3.58111 227.251 7.72469 -13 -2 1 0 1 -0.0354192 -0.117342 2.2959 0 0 0 
-8.14391 -15.4929 2198.03 -7.54925 4.05325 227.439 8.09244 -13 -2 1 0 1 -0.072667 -0.12336 0.833106 0 0 0 
-10.6359 -14.1823 2297.99 -3.96335 1.60931 227.56 8.4602 -13 -2 1 0 1 -0.0925149 -0.110586 -0.767311 0 0 0 
-11.7015 -14.1899 2397.99 -0.882323 -1.5959 227.593 8.82795 -13 -2 1 0 1 -0.087548 -0.0897018 -2.2458 0 0 0 
-11.3771 -15.3914 2497.98 2.36068 -3.49837 227.561 9.19571 -13 -2 1 0 1 -0.056533 -0.0534654 -3.321 0 0 0 
-9.75252 -16.8688 2597.95 4.70817 -2.79209 227.534 9.56346 -13 -2 1 0 1 -0.0139443 0.00617787 -3.72974 0 0 0 
-7.65665 -17.5956 2697.93 4.29113 -0.433591 227.559 9.93122 -13 -2 1 0 1 0.0169195 0.073417 -3.35194 0 0 0 
-6.39572 -17.3293 2797.92 1.10982 1.45848 227.593 10.299 -13 -2 1 0 1 0.032973 0.119946 -2.29975 0 0 0 
-6.84426 -16.4464 2897.91 -3.20265 2.51867 227.564 10.6667 -13 -2 1 0 1 0.0482686 0.136089 -0.835787 0 0 0 
-9.16166 -15.0077 2997.87 -7.18234 4.31731 227.446 11.0345 -13 -2 1 0 1 0.0692155 0.126561 0.7647 0 0 0 
-12.8767 -12.3079 3097.77 -9.2186 8.38723 227.259 11.4022 -13 -2 1 0 1 0.0836425 0.0922879 2.2421 0 0 0 
-16.6344 -7.41065 3197.57 -7.02896 13.8737 227.068 11.77 -13 -2 1 0 1 0.0642917 0.0427452 3.31694 0 0 0 
-18.3663 -0.500553 3297.31 -0.341462 16.7723 226.981 12.1377 -13 -2 1 0 1 0.00197715 0.0152157 3.72838 0 0 0 
-16.9018 6.50025 3397.05 6.55966 14.2477 227.059 12.5055 -13 -2 1 0 1 -0.0622433 0.038116 3.35741 0 0 0 
-13.2603 11.5855 3496.85 9.15889 8.81248 227.245 12.8733 -13 -2 1 0 1 -0.0848174 0.0864348 2.31281 0 0 0 
-9.49867 14.4387 3596.74 7.42648 4.57765 227.433 13.241 -13 -2 1 0 1 -0.0716449 0.121672 0.853567 0 0 0 
-7.03394 15.959 3696.7 3.61094 2.65158 227.556 13.6088 -13 -2 1 0 1 -0.0501478 0.132824 -0.746831 0 0 0 
-6.38853 16.9022 3796.69 -0.641723 1.63029 227.593 13.9765 -13 -2 1 0 1 -0.0337878 0.118932 -2.22854 0 0 0 
-7.45917 17.2779 3896.68 -3.92658 -0.101479 227.566 14.3443 -13 -2 1 0 1 -0.0176937 0.075401 -3.31083 0 0 0 
-9.4518 16.7218 3996.66 -4.62127 -2.3778 227.541 14.712 -13 -2 1 0 1 0.0118467 0.00985177 -3.7289 0 0 0 
-11.1021 15.4072 4096.64 -2.54464 -3.20025 227.563 15.0798 -13 -2 1 0 1 0.0534961 -0.0505735 -3.36139 0 0 0 
-11.5387 14.2951 4196.63 0.580545 -1.4806 227.595 15.4475 -13 -2 1 0 1 0.0853493 -0.0887232 -2.31664 0 0 0 
-11.5028 14.2959 4200.5 0.700794 -1.37364 227.595 15.4618 -13 -2 1 0 1 0.0859216 -0.0899336 -2.26576 0 0 0 
-11.5028 14.2959 4200.5 0.700825 -1.37361 227.595 15.4618 -13 -2 1 0 1 0.0859218 -0.0899339 -2.26575 0 0 0 
-10.5228 14.3678 4300.49 3.76736 1.75937 227.562 15.8295 -13 -2 1 0 1 0.0915472 -0.111887 -0.791186 0 0 0 
-8.10941 15.7417 4400.45 7.39496 4.20358 227.441 16.1973 -13 -2 1 0 1 0.0724671 -0.125443 0.809186 0 0 0 
-3.86355 17.6407 4500.34 12.0288 3.78236 227.251 16.565 -13 -2 1 0 1 0.0355999 -0.119968 2.2762 0 0 0 
2.32705 18.4039 4600.15 15.6696 -1.03033 227.058 16.9328 -13 -2 1 0 1 0.00345415 -0.0766073 3.33688 0 0 0 
9.20931 16.3482 4699.88 14.6882 -8.33704 226.973 17.3005 -13 -2 1 0 1 0.0130904 -0.00765928 3.72989 0 0 0 
14.5038 11.4903 4799.62 8.91961 -12.9406 227.057 17.6683 -13 -2 1 0 1 0.0669265 0.0362598 3.33859 0 0 0 
17.02 5.77221 4899.42 2.90523 -12.3047 227.249 18.0361 -13 -2 1 0 1 0.12038 0.0310794 2.27924 0 0 0 
17.5557 1.13133 4999.31 0.149149 -8.5669 227.439 18.4038 -13 -2 1 0 1 0.143809 0.0021953 0.812895 0 0 0 
17.5973 -1.6795 5099.27 0.385242 -4.23241 227.56 18.7716 -13 -2 1 0 1 0.141854 -0.0213675 -0.787448 0 0 0 
18.0278 -2.60844 5199.26 1.53471 -0.0313062 227.595 19.1393 -13 -2 1 0 1 0.120245 -0.0280964 -2.26257 0 0 0 
18.7715 -1.7878 5299.26 1.54439 3.56952 227.567 19.5071 -13 -2 1 0 1 0.0727666 -0.0207405 -3.33057 0 0 0 
19.1267 0.220778 5399.23 -0.116314 5.08448 227.543 19.8748 -13 -2 1 0 1 0.000594707 -0.0151584 -3.72999 0 0 0 
18.6751 2.21334 5499.21 -1.73913 3.50179 227.567 20.2426 -13 -2 1 0 1 -0.0714006 -0.0222958 -3.34206 0 0 0 
17.8644 2.99828 5599.21 -1.63974 -0.115748 227.594 20.6103 -13 -2 1 0 1 -0.118604 -0.0306204 -2.28266 0 0 0 
17.4103 2.03867 5699.2 -0.386896 -4.28154 227.56 20.9781 -13 -2 1 0 1 -0.140162 -0.0242077 -0.815351 0 0 0 
17.3911 -0.783591 5799.16 -0.044169 -8.57389 227.439 21.3459 -13 -2 1 0 1 -0.142649 -0.000547715 0.784946 0 0 0 
16.9251 -5.4279 5899.05 -2.69636 -12.3283 227.25 21.7136 -13 -2 1 0 1 -0.120218 0.0289936 2.25899 0 0 0 
14.5139 -11.1779 5998.85 -8.66915 -13.0767 227.059 22.0814 -13 -2 1 0 1 -0.0676924 0.0356686 3.32681 0 0 0 
9.3137 -16.1269 6098.59 -14.5341 -8.6064 226.972 22.4491 -13 -2 1 0 1 -0.0136594 -0.00666867 3.72918 0 0 0 
2.45993 -18.3114 6198.32 -15.6952 -1.32297 227.054 22.8169 -13 -2 1 0 1 -0.00310269 -0.0753193 3.34822 0 0 0 
-3.77227 -17.6605 6298.12 -12.1745 3.57156 227.246 23.1846 -13 -2 1 0 1 -0.0349182 -0.119596 2.29633 0 0 0 
-8.08948 -15.8354 6398.01 -7.56018 4.06973 227.438 23.5524 -13 -2 1 0 1 -0.0722399 -0.126058 0.833491 0 0 0 
-10.5682 -14.5146 6497.97 -3.89331 1.64119 227.561 23.9201 -13 -2 1 0 1 -0.0919841 -0.113214 -0.767003 0 0 0 
-11.5884 -14.5005 6597.96 -0.751198 -1.52292 227.594 24.2879 -13 -2 1 0 1 -0.0868066 -0.0917649 -2.2456 0 0 0 
-11.2024 -15.6543 6697.96 2.49762 -3.3506 227.562 24.6556 -13 -2 1 0 1 -0.0558622 -0.0545006 -3.32093 0 0 0 
-9.53077 -17.0514 6797.93 4.77338 -2.58255 227.535 25.0234 -13 -2 1 0 1 -0.013934 0.00614851 -3.72978 0 0 0 
-7.42993 -17.6849 6897.91 4.24909 -0.231303 227.56 25.3912 -13 -2 1 0 1 0.0160642 0.0737392 -3.35208 0 0 0 
-6.20557 -17.3426 6997.9 0.994774 1.59706 227.592 25.7589 -13 -2 1 0 1 0.0317278 0.120025 -2.29998 0 0 0 
-6.71068 -16.4135 7097.89 -3.33782 2.59499 227.561 26.1267 -13 -2 1 0 1 0.0472155 0.135827 -0.836104 0 0 0 
-9.08587 -14.9485 7197.85 -7.30702 4.36758 227.441 26.4944 -13 -2 1 0 1 0.0686169 0.126094 0.764332 0 0 0 
-12.8505 -12.2253 7297.74 -9.31723 8.44815 227.252 26.8622 -13 -2 1 0 1 0.0834742 0.0917461 2.24173 0 0 0 
-16.6428 -7.29544 7397.54 -7.08466 13.9618 227.061 27.2299 -13 -2 1 0 1 0.0643397 0.0423017 3.3167 0 0 0 
-18.3873 -0.342499 7497.28 -0.343401 16.8752 226.973 27.5977 -13 -2 1 0 1 0.00200245 0.015199 3.72838 0 0 0 
-16.9143 6.70211 7597.02 6.59518 14.3412 227.052 27.9654 -13 -2 1 0 1 -0.0622711 0.0388598 3.35773 0 0 0 
-13.2559 11.8248 7696.82 9.19304 8.89079 227.241 28.3332 -13 -2 1 0 1 -0.0847821 0.0879868 2.31337 0 0 0 
-9.48674 14.7114 7796.7 7.42126 4.65324 227.432 28.7009 -13 -2 1 0 1 -0.0715517 0.123815 0.854205 0 0 0 
-7.03845 16.2653 7896.66 3.53716 2.72716 227.556 29.0687 -13 -2 1 0 1 -0.0501883 0.135252 -0.746264 0 0 0 
-6.44381 17.2368 7996.65 -0.799201 1.67544 227.593 29.4365 -13 -2 1 0 1 -0.0341633 0.121171 -2.22819 0 0 0 
-7.59827 17.6153 8096.64 -4.14101 -0.142844 227.562 29.8042 -13 -2 1 0 1 -0.0182541 0.0767574 -3.31081 0 0 0 
-9.68308 17.0163 8196.62 -4.8103 -2.5294 227.535 30.172 -13 -2 1 0 1 0.0117994 0.00992084 -3.72923 0 0 0 
-11.3959 15.62 8296.59 -2.63287 -3.40533 227.559 30.5397 -13 -2 1 0 1 0.0545706 -0.0513412 -3.36199 0 0 0 
-11.8479 14.4225 8396.58 0.592256 -1.65273 227.593 30.9075 -13 -2 1 0 1 0.0873538 -0.0895418 -2.31737 0 0 0 
-11.8109 14.4209 8400.5 0.716889 -1.54198 227.594 30.9219 -13 -2 1 0 1 0.0879523 -0.0907609 -2.26589 0 0 0 
-11.8108 14.4209 8400.5 0.716921 -1.54195 227.594 30.9219 -13 -2 1 0 1 0.0879524 -0.0907612 -2.26588 0 0 0 
-10.8112 14.4349 8500.49 3.8321 1.66549 227.562 31.2896 -13 -2 1 0 1 0.0938235 -0.11242 -0.791225 0 0 0 
-8.36573 15.7827 8600.45 7.47321 4.17473 227.439 31.6574 -13 -2 1 0 1 0.0744876 -0.125768 0.809191 0 0 0 
-4.08401 17.678 8700.34 12.1143 3.78913 227.246 32.0251 -13 -2 1 0 1 0.0370476 -0.120216 2.2762 0 0 0 
2.14635 18.4453 8800.14 15.7648 -1.02549 227.051 32.3929 -13 -2 1 0 1 0.00414281 -0.0767684 3.33686 0 0 0 
9.0706 16.3848 8899.88 14.7806 -8.3677 226.966 32.7607 -13 -2 1 0 1 0.0130882 -0.00766464 3.72985 0 0 0 
14.4006 11.5034 8999.61 8.98559 -13.0166 227.05 33.1284 -13 -2 1 0 1 0.0665278 0.0363043 3.33862 0 0 0 
16.9381 5.744 9099.41 2.9376 -12.4139 227.242 33.4962 -13 -2 1 0 1 0.119838 0.030892 2.27939 0 0 0 
17.484 1.05005 9199.29 0.16872 -8.69813 227.434 33.8639 -13 -2 1 0 1 0.143242 0.0015549 0.813146 0 0 0 
17.5385 -1.8222 9299.25 0.431294 -4.37917 227.558 34.2317 -13 -2 1 0 1 0.141391 -0.0224926 -0.787153 0 0 0 
18.0029 -2.81549 9399.24 1.64882 -0.171051 227.594 34.5994 -13 -2 1 0 1 0.120088 -0.0294603 -2.26232 0 0 0 
18.8149 -2.04536 9499.24 1.73805 3.48967 227.567 34.9672 -13 -2 1 0 1 0.072947 -0.0217317 -3.33048 0 0 0 
19.2644 -0.0491866 9599.22 0.106101 5.11126 227.543 35.3349 -13 -2 1 0 1 0.000614348 -0.0151669 -3.73011 0 0 0 
18.9019 1.97611 9699.19 -1.56637 3.6139 227.566 35.7027 -13 -2 1 0 1 -0.0722506 -0.021396 -3.34237 0 0 0 
18.1495 2.81531 9799.19 -1.54646 0.00587037 227.595 36.0704 -13 -2 1 0 1 -0.120471 -0.0294213 -2.28304 0 0 0 
17.7228 1.89913 9899.18 -0.34969 -4.2124 227.561 36.4382 -13 -2 1 0 1 -0.142626 -0.0231093 -0.815707 0 0 0 
17.7126 -0.909139 9999.14 -0.0391422 -8.58044 227.438 36.806 -13 -2 1 0 1 -0.145191 0.000443076 0.784685 0 0 0 
17.241 -5.57206 10099 -2.72995 -12.4025 227.246 37.1737 -13 -2 1 0 1 -0.122314 0.0299483 2.25888 0 0 0 
14.8023 -11.3624 10198.8 -8.76339 -13.176 227.049 37.5415 -13 -2 1 0 1 -0.068821 0.0363927 3.32689 0 0 0 
9.54798 -16.3481 10298.6 -14.6803 -8.66355 226.961 37.9092 -13 -2 1 0 1 -0.0136837 -0.0066382 3.72944 0 0 0 
2.62836 -18.54 10398.3 -15.8375 -1.29765 227.045 38.277 -13 -2 1 0 1 -0.00247231 -0.0761633 3.34865 0 0 0 
-3.65515 -17.862 10498.1 -12.2605 3.66439 227.24 38.6447 -13 -2 1 0 1 -0.0341519 -0.120905 2.29687 0 0 0 
-7.9959 -15.9874 10598 -7.58428 4.19809 227.435 39.0125 -13 -2 1 0 1 -0.0715026 -0.127253 0.834096 0 0 0 
-10.4771 -14.605 10697.9 -3.88775 1.79239 227.56 39.3802 -13 -2 1 0 1 -0.091267 -0.113933 -0.766402 0 0 0 
-11.4973 -14.5198 10797.9 -0.765806 -1.35174 227.595 39.748 -13 -2 1 0 1 -0.0862118 -0.091904 -2.24507 0 0 0 
-11.1311 -15.5978 10897.9 2.41664 -3.18375 227.565 40.1157 -13 -2 1 0 1 -0.0555978 -0.0543008 -3.32057 0 0 0 
-9.51179 -16.9316 10997.9 4.62021 -2.46945 227.54 40.4835 -13 -2 1 0 1 -0.0139461 0.00613372 -3.72966 0 0 0 
-7.48617 -17.5331 11097.9 4.06978 -0.198031 227.564 40.8513 -13 -2 1 0 1 0.0162648 0.0731483 -3.35225 0 0 0 
-6.33679 -17.189 11197.9 0.838153 1.58076 227.593 41.219 -13 -2 1 0 1 0.0325786 0.119009 -2.30037 0 0 0 
-6.90263 -16.2677 11297.9 -3.45772 2.58485 227.559 41.5868 -13 -2 1 0 1 0.0487225 0.134674 -0.836627 0 0 0 
-9.32277 -14.7973 11397.8 -7.39116 4.40752 227.438 41.9545 -13 -2 1 0 1 0.0704882 0.124903 0.763787 0 0 0 
-13.1141 -12.0419 11497.7 -9.34976 8.55455 227.247 42.3223 -13 -2 1 0 1 0.0852279 0.0905411 2.24129 0 0 0 
-16.9036 -7.05465 11597.5 -7.03538 14.1077 227.054 42.69 -13 -2 1 0 1 0.0653824 0.0413715 3.31652 0 0 0 
-18.6074 -0.041079 11697.2 -0.213029 16.9932 226.965 43.0578 -13 -2 1 0 1 0.00205828 0.0151663 3.72855 0 0 0 
-17.0696 7.03876 11797 6.74674 14.38 227.045 43.4255 -13 -2 1 0 1 -0.0628256 0.0401026 3.35827 0 0 0 
-13.3537 12.1619 11896.8 9.29401 8.85994 227.238 43.7933 -13 -2 1 0 1 -0.085411 0.0901744 2.31413 0 0 0 
-9.55768 15.0266 11996.7 7.44151 4.58964 227.432 44.161 -13 -2 1 0 1 -0.0721102 0.126293 0.855015 0 0 0 
-7.11706 16.5486 12096.6 3.48566 2.64447 227.558 44.5288 -13 -2 1 0 1 -0.0508149 0.137499 -0.745548 0 0 0 
-6.55515 17.4767 12196.6 -0.889111 1.55635 227.593 44.8966 -13 -2 1 0 1 -0.0349121 0.122785 -2.22768 0 0 0 
-7.74733 17.7912 12296.6 -4.21155 -0.314743 227.561 45.2643 -13 -2 1 0 1 -0.0188558 0.0774821 -3.31062 0 0 0 
-9.84732 17.109 12396.6 -4.80157 -2.7276 227.533 45.6321 -13 -2 1 0 1 0.0117576 0.00996756 -3.72936 0 0 0 
-11.5357 15.631 12496.5 -2.53431 -3.5699 227.558 45.9998 -13 -2 1 0 1 0.0550703 -0.0513553 -3.36243 0 0 0 
-11.9321 14.3752 12596.5 0.737878 -1.75282 227.592 46.3676 -13 -2 1 0 1 0.0878908 -0.0892191 -2.31804 0 0 0 
-11.892 14.3723 12600.5 0.864903 -1.63826 227.593 46.3822 -13 -2 1 0 1 0.0884864 -0.0904413 -2.2659 0 0 0 
-11.892 14.3723 12600.5 0.864935 -1.63823 227.593 46.3822 -13 -2 1 0 1 0.0884866 -0.0904416 -2.26589 0 0 0 
-10.8259 14.3546 12700.5 3.98087 1.61042 227.56 46.7499 -13 -2 1 0 1 0.0939393 -0.111786 -0.791225 0 0 0 
-8.31937 15.6789 12800.5 7.59978 4.11589 227.436 47.1177 -13 -2 1 0 1 0.0741216 -0.124949 0.809149 0 0 0 
-3.99044 17.541 12900.3 12.1984 3.69332 227.243 47.4854 -13 -2 1 0 1 0.0364329 -0.119314 2.27609 0 0 0 
2.26259 18.2576 13000.1 15.7798 -1.15654 227.05 47.8532 -13 -2 1 0 1 0.00369931 -0.0760522 3.3367 0 0 0 
9.17637 16.1388 13099.9 14.7207 -8.4936 226.965 48.2209 -13 -2 1 0 1 0.0130858 -0.00766614 3.7297 0 0 0 
14.4705 11.2109 13199.6 8.89195 -13.0989 227.049 48.5887 -13 -2 1 0 1 0.0667896 0.0351883 3.33856 0 0 0 
16.9706 5.42495 13299.4 2.86973 -12.4564 227.241 48.9564 -13 -2 1 0 1 0.120047 0.0287982 2.27942 0 0 0 
17.4999 0.716146 13399.3 0.165431 -8.72713 227.433 49.3242 -13 -2 1 0 1 0.143366 -0.00107499 0.813247 0 0 0 
17.5704 -2.16786 13499.2 0.509116 -4.40179 227.557 49.692 -13 -2 1 0 1 0.141644 -0.0252186 -0.787052 0 0 0 
18.0868 -3.16462 13599.2 1.8045 -0.156227 227.593 50.0597 -13 -2 1 0 1 0.120646 -0.0317604 -2.26228 0 0 0 
18.9771 -2.3705 13699.2 1.92685 3.59076 227.564 50.4275 -13 -2 1 0 1 0.0735792 -0.0229828 -3.33057 0 0 0 
19.5012 -0.308498 13799.2 0.241739 5.30401 227.538 50.7952 -13 -2 1 0 1 0.000629915 -0.0151756 -3.73033 0 0 0 
19.1743 1.81 13899.2 -1.54287 3.83051 227.563 51.163 -13 -2 1 0 1 -0.0732794 -0.0207665 -3.34266 0 0 0 
18.41 2.73488 13999.2 -1.61575 0.170649 227.595 51.5307 -13 -2 1 0 1 -0.122179 -0.0288946 -2.28333 0 0 0 
17.9427 1.87503 14099.2 -0.457321 -4.11925 227.563 51.8985 -13 -2 1 0 1 -0.14436 -0.0229198 -0.815938 0 0 0 
17.8838 -0.903925 14199.1 -0.149407 -8.53439 227.44 52.2662 -13 -2 1 0 1 -0.146545 0.000402281 0.784522 0 0 0 
17.3658 -5.55039 14299 -2.82964 -12.3679 227.246 52.634 -13 -2 1 0 1 -0.123142 0.0298075 2.25878 0 0 0 
14.8873 -11.3227 14398.8 -8.8428 -13.1249 227.049 53.0017 -13 -2 1 0 1 -0.0691549 0.0362441 3.32684 0 0 0 
9.60496 -16.2803 14498.5 -14.7266 -8.5872 226.961 53.3695 -13 -2 1 0 1 -0.0136912 -0.006635 3.7294 0 0 0 
2.67303 -18.4347 14598.3 -15.8488 -1.20526 227.045 53.7373 -13 -2 1 0 1 -0.00230568 -0.0757589 3.34866 0 0 0 
-3.61091 -17.7143 14698.1 -12.2558 3.76431 227.239 54.105 -13 -2 1 0 1 -0.0338617 -0.119933 2.29695 0 0 0 
-7.95182 -15.7938 14798 -7.59552 4.30787 227.433 54.4728 -13 -2 1 0 1 -0.0711539 -0.125725 0.834267 0 0 0 
-10.448 -14.3609 14897.9 -3.95097 1.91083 227.558 54.8405 -13 -2 1 0 1 -0.0910362 -0.112004 -0.766157 0 0 0 
-11.5133 -14.2263 14997.9 -0.910801 -1.25291 227.595 55.2083 -13 -2 1 0 1 -0.0863177 -0.0899637 -2.24478 0 0 0 
-11.2283 -15.2757 15097.9 2.19853 -3.16292 227.568 55.576 -13 -2 1 0 1 -0.0559793 -0.0530526 -3.32031 0 0 0 
-9.70871 -16.6256 15197.9 4.40048 -2.56411 227.543 55.9438 -13 -2 1 0 1 -0.0139673 0.00615136 -3.7295 0 0 0 
-7.76402 -17.2878 15297.9 3.93067 -0.366341 227.566 56.3115 -13 -2 1 0 1 0.0173017 0.0722216 -3.35224 0 0 0 
-6.65376 -17.0177 15397.9 0.795372 1.42523 227.594 56.6793 -13 -2 1 0 1 0.034646 0.117887 -2.30049 0 0 0 
-7.22404 -16.151 15497.8 -3.44254 2.49668 227.561 57.047 -13 -2 1 0 1 0.0512504 0.133756 -0.836784 0 0 0 
-9.63139 -14.703 15597.8 -7.35109 4.39182 227.439 57.4148 -13 -2 1 0 1 0.0729205 0.124144 0.759734 0 0 0 
-13.4007 -11.9422 15697.7 -9.28845 8.58961 227.248 57.7826 -13 -2 1 0 1 0.087119 0.0898703 2.23712 0 0 0 
-17.1571 -6.93552 15797.5 -6.94611 14.1533 227.054 58.1503 -13 -2 1 0 1 0.0663649 0.0408988 3.31225 0 0 0 
-18.8177 0.0919403 15897.2 -0.110228 17.0045 226.964 58.5181 -13 -2 1 0 1 0.00206952 0.0151491 3.72415 0 0 0 
-17.2385 7.16507 15997 6.8257 14.3382 227.046 58.8858 -13 -2 1 0 1 -0.0634689 0.0405779 3.35365 0 0 0 
-13.4984 12.2602 16096.8 9.32403 8.77744 227.24 59.2536 -13 -2 1 0 1 -0.0863668 0.0908291 2.3092 0 0 0 
-9.69913 15.0824 16196.6 7.42969 4.4794 227.435 59.6213 -13 -2 1 0 1 -0.0732319 0.126752 0.849733 0 0 0 
-7.26706 16.5489 16296.6 3.46546 2.50085 227.56 59.9891 -13 -2 1 0 1 -0.0519996 0.137506 -0.747264 0 0 0 
-6.70733 17.4061 16396.6 -0.869998 1.37893 227.595 60.3568 -13 -2 1 0 1 -0.0359214 0.122321 -2.22954 0 0 0 
-7.87362 17.6404 16496.6 -4.10768 -0.493214 227.563 60.7246 -13 -2 1 0 1 -0.019353 0.0768941 -3.31259 0 0 0 
-9.90836 16.8912 16596.6 -4.61472 -2.84355 227.536 61.0923 -13 -2 1 0 1 0.0117465 0.00994384 -3.73144 0 0 0 
-11.5073 15.3834 16696.5 -2.32723 -3.59025 227.56 61.4601 -13 -2 1 0 1 0.0549595 -0.0504316 -3.36468 0 0 0 
-11.8206 14.1341 16796.5 0.902159 -1.71293 227.592 61.8279 -13 -2 1 0 1 0.0871585 -0.0876433 -2.32054 0 0 0 
-11.7782 14.132 16800.5 1.0269 -1.59723 227.592 61.8424 -13 -2 1 0 1 0.0877303 -0.088852 -2.26839 0 0 0 
-11.7782 14.132 16800.5 1.02693 -1.5972 227.592 61.8425 -13 -2 1 0 1 0.0877304 -0.0888523 -2.26837 0 0 0 
-10.6543 14.1335 16900.5 4.08274 1.64802 227.558 62.2102 -13 -2 1 0 1 0.0925656 -0.110023 -0.797755 0 0 0 
-8.11531 15.4663 17000.4 7.64602 4.11358 227.435 62.578 -13 -2 1 0 1 0.0724986 -0.123249 0.802097 0 0 0 
-3.77856 17.318 17100.3 12.1867 3.65137 227.245 62.9457 -13 -2 1 0 1 0.0350372 -0.117818 2.26849 0 0 0 
2.45623 18.0138 17200.1 15.7108 -1.20002 227.054 63.3135 -13 -2 1 0 1 0.00297362 -0.075087 3.32856 0 0 0 
9.333 15.885 17299.9 14.6309 -8.48972 226.971 63.6812 -13 -2 1 0 1 0.0131196 -0.00763376 3.72104 0 0 0 
14.5948 10.9721 17399.6 8.84493 -13.0368 227.055 64.049 -13 -2 1 0 1 0.0673186 0.0342982 3.32932 0 0 0 
17.0916 5.22155 17499.4 2.90378 -12.3623 227.246 64.4167 -13 -2 1 0 1 0.120912 0.0274639 2.26951 0 0 0 
17.6533 0.558105 17599.3 0.274851 -8.61338 227.437 64.7845 -13 -2 1 0 1 0.144655 -0.00233854 0.802531 0 0 0 
17.7819 -2.26733 17699.3 0.656345 -4.24194 227.56 65.1522 -13 -2 1 0 1 0.143379 -0.0260313 -0.794744 0 0 0 
18.3603 -3.17611 17799.2 1.92583 0.0890199 227.592 65.52 -13 -2 1 0 1 0.122523 -0.0318703 -2.27076 0 0 0 
19.2814 -2.25551 17899.2 1.93107 3.91246 227.559 65.8878 -13 -2 1 0 1 0.0748353 -0.0225739 -3.33988 0 0 0 
19.7703 -0.0513748 17999.2 0.0775269 5.60899 227.531 66.2555 -13 -2 1 0 1 0.000734734 -0.0151932 -3.74049 0 0 0 
19.3438 2.17757 18099.2 -1.81388 4.01801 227.558 66.6233 -13 -2 1 0 1 -0.0738145 -0.0221758 -3.35373 0 0 0 
18.4592 3.15668 18199.2 -1.87397 0.238835 227.593 66.991 -13 -2 1 0 1 -0.122381 -0.0316695 -2.29544 0 0 0 
17.8965 2.31406 18299.2 -0.625738 -4.09504 227.563 67.3588 -13 -2 1 0 1 -0.14386 -0.0263927 -0.829317 0 0 0 
17.7895 -0.45124 18399.1 -0.195615 -8.49036 227.442 67.7265 -13 -2 1 0 1 -0.145627 -0.00320186 0.765694 0 0 0 
17.2821 -5.07315 18499 -2.73275 -12.3078 227.251 68.0943 -13 -2 1 0 1 -0.122393 0.0265757 2.23794 0 0 0 
14.877 -10.8295 18598.8 -8.61355 -13.1302 227.058 68.462 -13 -2 1 0 1 -0.0689177 0.0341722 3.30366 0 0 0 
9.70813 -15.8218 18698.6 -14.4632 -8.7492 226.972 68.8298 -13 -2 1 0 1 -0.0135443 -0.00692166 3.70359 0 0 0 
2.87237 -18.0823 18798.3 -15.6946 -1.51445 227.054 69.1975 -13 -2 1 0 1 -0.00149111 -0.0747643 3.31988 0 0 0 
-3.38078 -17.5124 18898.1 -12.2682 3.40515 227.244 69.5653 -13 -2 1 0 1 -0.0323984 -0.118981 2.2648 0 0 0 
-7.75429 -15.7475 18998 -7.71542 3.96288 227.435 69.9331 -13 -2 1 0 1 -0.0697405 -0.125748 0.798184 0 0 0 
-10.3068 -14.4631 19097.9 -4.06751 1.57521 227.559 70.3008 -13 -2 1 0 1 -0.0901356 -0.113212 -0.802936 0 0 0 
-11.4009 -14.4774 19197.9 -0.907223 -1.59296 227.593 70.6686 -13 -2 1 0 1 -0.0858611 -0.0920948 -2.28682 0 0 0 
-11.0714 -15.6678 19297.9 2.40418 -3.44723 227.562 71.0363 -13 -2 1 0 1 -0.0557 -0.0551741 -3.36859 0 0 0 
-9.42079 -17.109 19397.9 4.77257 -2.67891 227.535 71.4041 -13 -2 1 0 1 -0.0142762 0.00534093 -3.78523 0 0 0 
-7.30296 -17.777 19497.9 4.31975 -0.288317 227.559 71.7718 -13 -2 1 0 1 0.0152709 0.073092 -3.41689 0 0 0 
-6.04066 -17.4523 19597.9 1.09011 1.56628 227.592 72.1396 -13 -2 1 0 1 0.0303419 0.119569 -2.37602 0 0 0 
-6.50368 -16.5431 19697.9 -3.24445 2.52078 227.563 72.5073 -13 -2 1 0 1 0.0451694 0.135488 -0.925783 0 0 0 
-8.84371 -15.138 19797.8 -7.25154 4.15166 227.447 72.8751 -13 -2 1 0 1 0.0659586 0.126033 0.653941 0 0 0 
-12.6138 -12.5563 19897.7 -9.43129 8.0154 227.264 73.2428 -13 -2 1 0 1 0.0805185 0.0923066 2.11026 0 0 0 
-16.539 -7.85448 19997.5 -7.62202 13.3914 227.078 73.6106 -13 -2 1 0 1 0.0615717 0.0431435 3.15872 0 0 0 
-18.6506 -1.12363 20097.3 -1.48311 16.507 226.996 73.9784 -13 -2 1 0 1 -0.00143657 0.0148853 3.53655 0 0 0 
-17.7905 5.87512 20197 4.99262 14.5377 227.081 74.3461 -13 -2 1 0 1 -0.0698602 0.0370626 3.12196 0 0 0 
-14.8858 11.213 20296.8 7.3953 9.62944 227.276 74.7139 -13 -2 1 0 1 -0.100173 0.087507 2.01959 0 0 0 
-11.9429 14.4661 20396.7 5.42879 5.48039 227.47 75.0816 -13 -2 1 0 1 -0.0959747 0.128056 0.483141 0 0 0 
-10.4544 16.2686 20496.7 1.12857 2.8793 227.579 75.4494 -13 -2 1 0 1 -0.083255 0.14474 -1.21718 0 0 0 
-11.0021 16.9714 20596.7 -3.49717 0.115786 227.574 75.8171 -13 -2 1 0 1 -0.0732784 0.133028 -2.83995 0 0 0 
-13.2102 16.1227 20696.7 -5.94045 -4.21958 227.484 76.1849 -13 -2 1 0 1 -0.05522 0.0888702 -4.11571 0 0 0 
-15.5327 13.2669 20796.6 -3.81403 -8.43661 227.412 76.5526 -13 -2 1 0 1 -0.0135499 0.0300814 -4.80079 0 0 0 
-16.043 9.29147 20896.5 1.72175 -8.81075 227.423 76.9204 -13 -2 1 0 1 0.036362 -0.00770032 -4.80372 0 0 0 
-14.1584 6.19903 20996.4 6.40641 -4.72777 227.461 77.2881 -13 -2 1 0 1 0.0595483 -0.017438 -4.26611 0 0 0 
-10.8837 5.33973 21096.4 8.00248 0.775991 227.458 77.6559 -13 -2 1 0 1 0.0508824 -0.0193266 -3.47034 0 0 0 
-7.44618 6.70658 21196.3 7.42516 5.16778 227.421 78.0237 -13 -2 1 0 1 0.0310306 -0.0237049 -2.66989 0 0 0 
-5.74164 8.28826 21252.2 6.75467 6.87665 227.396 78.2293 -13 -2 1 0 1 0.0212371 -0.0267259 -2.26997 0 0 0 

# Event -1 Track 1
-11.2945 14.0917 0 0.832713 -1.28685 227.595 0 -13 -1 1 0 1 0.0844236 -0.0883828 -2.26474 0 0 0 
-11.2894 14.0922 0.4995 0.847863 -1.27295 227.595 0.00183706 -13 -1 1 0 1 0.0844909 -0.0885385 -2.25815 0 0 0 
-11.2894 14.0922 0.5005 0.847894 -1.27292 227.595 0.00184074 -13 -1 1 0 1 0.084491 -0.0885389 -2.25814 0 0 0 
-10.259 14.2035 100.494 3.85408 1.82826 227.56 0.369595 -13 -1 1 0 1 0.0894465 -0.110541 -0.784152 0 0 0 
-7.81609 15.5927 200.453 7.44474 4.2009 227.439 0.73735 -13 -1 1 0 1 0.0701542 -0.124236 0.811965 0 0 0 
-3.55707 17.4736 300.342 12.0353 3.70466 227.251 1.1051 -13 -1 1 0 1 0.0335918 -0.118838 2.2787 0 0 0 
2.62203 18.1915 400.146 15.6069 -1.14981 227.061 1.47286 -13 -1 1 0 1 0.00233956 -0.0757675 3.33918 0 0 0 
9.46056 16.0865 499.885 14.5568 -8.4298 226.978 1.84061 -13 -1 1 0 1 0.0131051 -0.00763323 3.73203 0 0 0 
14.6916 11.2042 599.624 8.77411 -12.9555 227.062 2.20837 -13 -1 1 0 1 0.0676608 0.0351902 3.34061 0 0 0 
17.1529 5.49636 699.428 2.80875 -12.248 227.253 2.57612 -13 -1 1 0 1 0.121273 0.0292835 2.28111 0 0 0 
17.6617 0.890108 799.318 0.122503 -8.47043 227.442 2.94388 -13 -1 1 0 1 0.144663 0.000304399 0.814581 0 0 0 
17.7039 -1.87252 899.279 0.408922 -4.10948 227.563 3.31163 -13 -1 1 0 1 0.142711 -0.0228832 -0.785933 0 0 0 
18.148 -2.74069 999.272 1.56478 0.123263 227.595 3.67939 -13 -1 1 0 1 0.121067 -0.0289682 -2.25764 0 0 0 
18.8967 -1.84609 1099.26 1.52833 3.74733 227.564 4.04714 -13 -1 1 0 1 0.0732739 -0.020964 -3.3259 0 0 0 
19.2281 0.238487 1199.24 -0.209491 5.24376 227.54 4.4149 -13 -1 1 0 1 0.000620647 -0.0151549 -3.7255 0 0 0 
18.7215 2.28843 1299.22 -1.88853 3.59954 227.564 4.78265 -13 -1 1 0 1 -0.0715555 -0.0225757 -3.33771 0 0 0 
17.8415 3.10233 1399.21 -1.79901 -0.07697 227.593 5.15041 -13 -1 1 0 1 -0.118433 -0.0312967 -2.27845 0 0 0 
17.3208 2.15408 1499.2 -0.528836 -4.26043 227.56 5.51816 -13 -1 1 0 1 -0.139435 -0.0251119 -0.811332 0 0 0 
17.2447 -0.654136 1599.16 -0.16 -8.52425 227.44 5.88592 -13 -1 1 0 1 -0.14147 -0.00156725 0.788745 0 0 0 
16.7372 -5.26481 1699.05 -2.76438 -12.223 227.255 6.25367 -13 -1 1 0 1 -0.118973 0.0279165 2.25897 0 0 0 
14.3124 -10.9579 1798.86 -8.65799 -12.9292 227.067 6.62142 -13 -1 1 0 1 -0.0669068 0.0348132 3.32666 0 0 0 
9.13647 -15.8429 1898.6 -14.439 -8.4738 226.983 6.98918 -13 -1 1 0 1 -0.0136437 -0.00669348 3.72889 0 0 0 
2.33407 -17.9823 1998.34 -15.5687 -1.25454 227.063 7.35693 -13 -1 1 0 1 -0.0035747 -0.0740872 3.34783 0 0 0 
-3.84898 -17.3154 2098.14 -12.087 3.58111 227.251 7.72469 -13 -1 1 0 1 -0.0354192 -0.117342 2.2959 0 0 0 
-8.14391 -15.4929 2198.03 -7.54925 4.05325 227.439 8.09244 -13 -1 1 0 1 -0.072667 -0.12336 0.833106 0 0 0 
-10.6359 -14.1823 2297.99 -3.96335 1.60931 227.56 8.4602 -13 -1 1 0 1 -0.0925149 -0.110586 -0.767311 0 0 0 
-11.7015 -14.1899 2397.99 -0.882323 -1.5959 227.593 8.82795 -13 -1 1 0 1 -0.087548 -0.0897018 -2.2458 0 0 0 
-11.3771 -15.3914 2497.98 2.36068 -3.49837 227.561 9.19571 -13 -1 1 0 1 -0.056533 -0.0534654 -3.321 0 0 0 
-9.75252 -16.8688 2597.95 4.70817 -2.79209 227.534 9.56346 -13 -1 1 0 1 -0.0139443 0.00617787 -3.72974 0 0 0 
-7.65665 -17.5956 2697.93 4.29113 -0.433591 227.559 9.93122 -13 -1 1 0 1 0.0169195 0.073417 -3.35194 0 0 0 
-6.39572 -17.3293 2797.92 1.10982 1.45848 227.593 10.299 -13 -1 1 0 1 0.032973 0.119946 -2.29975 0 0 0 
-6.84426 -16.4464 2897.91 -3.20265 2.51867 227.564 10.6667 -13 -1 1 0 1 0.0482686 0.136089 -0.835787 0 0 0 
-9.16166 -15.0077 2997.87 -7.18234 4.31731 227.446 11.0345 -13 -1 1 0 1 0.0692155 0.126561 0.7647 0 0 0 
-12.8767 -12.3079 3097.77 -9.2186 8.38723 227.259 11.4022 -13 -1 1 0 1 0.0836425 0.0922879 2.2421 0 0 0 
-16.6344 -7.41065 3197.57 -7.02896 13.8737 227.068 11.77 -13 -1 1 0 1 0.0642917 0.0427452 3.31694 0 0 0 
-18.3663 -0.500553 3297.31 -0.341462 16.7723 226.981 12.1377 -13 -1 1 0 1 0.00197715 0.0152157 3.72838 0 0 0 
-16.9018 6.50025 3397.05 6.55966 14.2477 227.059 12.5055 -13 -1 1 0 1 -0.0622433 0.038116 3.35741 0 0 0 
-13.2603 11.5855 3496.85 9.15889 8.81248 227.245 12.8733 -13 -1 1 0 1 -0.0848174 0.0864348 2.31281 0 0 0 
-9.49867 14.4387 3596.74 7.42648 4.57765 227.433 13.241 -13 -1 1 0 1 -0.0716449 0.121672 0.853567 0 0 0 
-7.03394 15.959 3696.7 3.61094 2.65158 227.556 13.6088 -13 -1 1 0 1 -0.0501478 0.132824 -0.746831 0 0 0 
-6.38853 16.9022 3796.69 -0.641723 1.63029 227.593 13.9765 -13 -1 1 0 1 -0.0337878 0.118932 -2.22854 0 0 0 
-7.45917 17.2779 3896.68 -3.92658 -0.101479 227.566 14.3443 -13 -1 1 0 1 -0.0176937 0.075401 -3.31083 0 0 0 
-9.4518 16.7218 3996.66 -4.62127 -2.3778 227.541 14.712 -13 -1 1 0 1 0.0118467 0.00985177 -3.7289 0 0 0 
-11.1021 15.4072 4096.64 -2.54464 -3.20025 227.563 15.0798 -13 -1 1 0 1 0.0534961 -0.0505735 -3.36139 0 0 0 
-11.5387 14.2951 4196.63 0.580545 -1.4806 227.595 15.4475 -13 -1 1 0 1 0.0853493 -0.0887232 -2.31664 0 0 0 
-11.5028 14.2959 4200.5 0.700794 -1.37364 227.595 15.4618 -13 -1 1 0 1 0.0859216 -0.0899336 -2.26576 0 0 0 
-11.5028 14.2959 4200.5 0.700825 -1.37361 227.595 15.4618 -13 -1 1 0 1 0.0859218 -0.0899339 -2.26575 0 0 0 
-10.5228 14.3678 4300.49 3.76736 1.75937 227.562 15.8295 -13 -1 1 0 1 0.0915472 -0.111887 -0.791186 0 0 0 
-8.10941 15.7417 4400.45 7.39496 4.20358 227.441 16.1973 -13 -1 1 0 1 0.0724671 -0.125443 0.809186 0 0 0 
-3.86355 17.6407 4500.34 12.0288 3.78236 227.251 16.565 -13 -1 1 0 1 0.0355999 -0.119968 2.2762 0 0 0 
2.32705 18.4039 4600.15 15.6696 -1.03033 227.058 16.9328 -13 -1 1 0 1 0.00345415 -0.0766073 3.33688 0 0 0 
9.20931 16.3482 4699.88 14.6882 -8.33704 226.973 17.3005 -13 -1 1 0 1 0.0130904 -0.00765928 3.72989 0 0 0 
14.5038 11.4903 4799.62 8.91961 -12.9406 227.057 17.6683 -13 -1 1 0 1 0.0669265 0.0362598 3.33859 0 0 0 
17.02 5.77221 4899.42 2.90523 -12.3047 227.249 18.0361 -13 -1 1 0 1 0.12038 0.0310794 2.27924 0 0 0 
17.5557 1.13133 4999.31 0.149149 -8.5669 227.439 18.4038 -13 -1 1 0 1 0.143809 0.0021953 0.812895 0 0 0 
17.5973 -1.6795 5099.27 0.385242 -4.23241 227.56 18.7716 -13 -1 1 0 1 0.141854 -0.0213675 -0.787448 0 0 0 
18.0278 -2.60844 5199.26 1.53471 -0.0313062 227.595 19.1393 -13 -1 1 0 1 0.120245 -0.0280964 -2.26257 0 0 0 
18.7715 -1.7878 5299.26 1.54439 3.56952 227.567 19.5071 -13 -1 1 0 1 0.0727666 -0.0207405 -3.33057 0 0 0 
19.1267 0.220778 5399.23 -0.116314 5.08448 227.543 19.8748 -13 -1 1 0 1 0.000594707 -0.0151584 -3.72999 0 0 0 
18.6751 2.21334 5499.21 -1.73913 3.50179 227.567 20.2426 -13 -1 1 0 1 -0.0714006 -0.0222958 -3.34206 0 0 0 
17.8644 2.99828 5599.21 -1.63974 -0.115748 227.594 20.6103 -13 -1 1 0 1 -0.118604 -0.0306204 -2.28266 0 0 0 
17.4103 2.03867 5699.2 -0.386896 -4.28154 227.56 20.9781 -13 -1 1 0 1 -0.140162 -0.0242077 -0.815351 0 0 0 
17.3911 -0.783591 5799.16 -0.044169 -8.57389 227.439 21.3459 -13 -1 1 0 1 -0.142649 -0.000547715 0.784946 0 0 0 
16.9251 -5.4279 5899.05 -2.69636 -12.3283 227.25 21.7136 -13 -1 1 0 1 -0.120218 0.0289936 2.25899 0 0 0 
14.5139 -11.1779 5998.85 -8.66915 -13.0767 227.059 22.0814 -13 -1 1 0 1 -0.0676924 0.0356686 3.32681 0 0 0 
9.3137 -16.1269 6098.59 -14.5341 -8.6064 226.972 22.4491 -13 -1 1 0 1 -0.0136594 -0.00666867 3.72918 0 0 0 
2.45993 -18.3114 6198.32 -15.6952 -1.32297 227.054 22.8169 -13 -1 1 0 1 -0.00310269 -0.0753193 3.34822 0 0 0 
-3.77227 -17.6605 6298.12 -12.1745 3.57156 227.246 23.1846 -13 -1 1 0 1 -0.0349182 -0.119596 2.29633 0 0 0 
-8.08948 -15.8354 6398.01 -7.56018 4.06973 227.438 23.5524 -13 -1 1 0 1 -0.0722399 -0.126058 0.833491 0 0 0 
-10.5682 -14.5146 6497.97 -3.89331 1.64119 227.561 23.9201 -13 -1 1 0 1 -0.0919841 -0.113214 -0.767003 0 0 0 
-11.5884 -14.5005 6597.96 -0.751198 -1.52292 227.594 24.2879 -13 -1 1 0 1 -0.0868066 -0.0917649 -2.2456 0 0 0 
-11.2024 -15.6543 6697.96 2.49762 -3.3506 227.562 24.6556 -13 -1 1 0 1 -0.0558622 -0.0545006 -3.32093 0 0 0 
-9.53077 -17.0514 6797.93 4.77338 -2.58255 227.535 25.0234 -13 -1 1 0 1 -0.013934 0.00614851 -3.72978 0 0 0 
-7.42993 -17.6849 6897.91 4.24909 -0.231303 227.56 25.3912 -13 -1 1 0 1 0.0160642 0.0737392 -3.35208 0 0 0 
-6.20557 -17.3426 6997.9 0.994774 1.59706 227.592 25.7589 -13 -1 1 0 1 0.0317278 0.120025 -2.29998 0 0 0 
-6.71068 -16.4135 7097.89 -3.33782 2.59499 227.561 26.1267 -13 -1 1 0 1 0.0472155 0.135827 -0.836104 0 0 0 
-9.08587 -14.9485 7197.85 -7.30702 4.36758 227.441 26.4944 -13 -1 1 0 1 0.0686169 0.126094 0.764332 0 0 0 
-12.8505 -12.2253 7297.74 -9.31723 8.44815 227.252 26.8622 -13 -1 1 0 1 0.0834742 0.0917461 2.24173 0 0 0 
-16.6428 -7.29544 7397.54 -7.08466 13.9618 227.061 27.2299 -13 -1 1 0 1 0.0643397 0.0423017 3.3167 0 0 0 
-18.3873 -0.342499 7497.28 -0.343401 16.8752 226.973 27.5977 -13 -1 1 0 1 0.00200245 0.015199 3.72838 0 0 0 
-16.9143 6.70211 7597.02 6.59518 14.3412 227.052 27.9654 -13 -1 1 0 1 -0.0622711 0.0388598 3.35773 0 0 0 
-13.2559 11.8248 7696.82 9.19304 8.89079 227.241 28.3332 -13 -1 1 0 1 -0.0847821 0.0879868 2.31337 0 0 0 
-9.48674 14.7114 7796.7 7.42126 4.65324 227.432 28.7009 -13 -1 1 0 1 -0.0715517 0.123815 0.854205 0 0 0 
-7.03845 16.2653 7896.66 3.53716 2.72716 227.556 29.0687 -13 -1 1 0 1 -0.0501883 0.135252 -0.746264 0 0 0 
-6.44381 17.2368 7996.65 -0.799201 1.67544 227.593 29.4365 -13 -1 1 0 1 -0.0341633 0.121171 -2.22819 0 0 0 
-7.59827 17.6153 8096.64 -4.14101 -0.142844 227.562 29.8042 -13 -1 1 0 1 -0.0182541 0.0767574 -3.31081 0 0 0 
-9.68308 17.0163 8196.62 -4.8103 -2.5294 227.535 30.172 -13 -1 1 0 1 0.0117994 0.00992084 -3.72923 0 0 0 
-11.3959 15.62 8296.59 -2.63287 -3.40533 227.559 30.5397 -13 -1 1 0 1 0.0545706 -0.0513412 -3.36199 0 0 0 
-11.8479 14.4225 8396.58 0.592256 -1.65273 227.593 30.9075 -13 -1 1 0 1 0.0873538 -0.0895418 -2.31737 0 0 0 
-11.8109 14.4209 8400.5 0.716889 -1.54198 227.594 30.9219 -13 -1 1 0 1 0.0879523 -0.0907609 -2.26589 0 0 0 
-11.8108 14.4209 8400.5 0.716921 -1.54195 227.594 30.9219 -13 -1 1 0 1 0.0879524 -0.0907612 -2.26588 0 0 0 
-10.8112 14.4349 8500.49 3.8321 1.66549 227.562 31.2896 -13 -1 1 0 1 0.0938235 -0.11242 -0.791225 0 0 0 
-8.36573 15.7827 8600.45 7.47321 4.17473 227.439 31.6574 -13 -1 1 0 1 0.0744876 -0.125768 0.809191 0 0 0 
-4.08401 17.678 8700.34 12.1143 3.78913 227.246 32.0251 -13 -1 1 0 1 0.0370476 -0.120216 2.2762 0 0 0 
2.14635 18.4453 8800.14 15.7648 -1.02549 227.051 32.3929 -13 -1 1 0 1 0.00414281 -0.0767684 3.33686 0 0 0 
9.0706 16.3848 8899.88 14.7806 -8.3677 226.966 32.7607 -13 -1 1 0 1 0.0130882 -0.00766464 3.72985 0 0 0 
14.4006 11.5034 8999.61 8.98559 -13.0166 227.05 33.1284 -13 -1 1 0 1 0.0665278 0.0363043 3.33862 0 0 0 
16.9381 5.744 9099.41 2.9376 -12.4139 227.242 33.4962 -13 -1 1 0 1 0.119838 0.030892 2.27939 0 0 0 
17.484 1.05005 9199.29 0.16872 -8.69813 227.434 33.8639 -13 -1 1 0 1 0.143242 0.0015549 0.813146 0 0 0 
17.5385 -1.8222 9299.25 0.431294 -4.37917 227.558 34.2317 -13 -1 1 0 1 0.141391 -0.0224926 -0.787153 0 0 0 
18.0029 -2.81549 9399.24 1.64882 -0.171051 227.594 34.5994 -13 -1 1 0 1 0.120088 -0.0294603 -2.26232 0 0 0 
18.8149 -2.04536 9499.24 1.73805 3.48967 227.567 34.9672 -13 -1 1 0 1 0.072947 -0.0217317 -3.33048 0 0 0 
19.2644 -0.0491866 9599.22 0.106101 5.11126 227.543 35.3349 -13 -1 1 0 1 0.000614348 -0.0151669 -3.73011 0 0 0 
18.9019 1.97611 9699.19 -1.56637 3.6139 227.566 35.7027 -13 -1 1 0 1 -0.0722506 -0.021396 -3.34237 0 0 0 
18.1495 2.81531 9799.19 -1.54646 0.00587037 227.595 36.0704 -13 -1 1 0 1 -0.120471 -0.0294213 -2.28304 0 0 0 
17.7228 1.89913 9899.18 -0.34969 -4.2124 227.561 36.4382 -13 -1 1 0 1 -0.142626 -0.0231093 -0.815707 0 0 0 
17.7126 -0.909139 9999.14 -0.0391422 -8.58044 227.438 36.806 -13 -1 1 0 1 -0.145191 0.000443076 0.784685 0 0 0 
17.241 -5.57206 10099 -2.72995 -12.4025 227.246 37.1737 -13 -1 1 0 1 -0.122314 0.0299483 2.25888 0 0 0 
14.8023 -11.3624 10198.8 -8.76339 -13.176 227.049 37.5415 -13 -1 1 0 1 -0.068821 0.0363927 3.32689 0 0 0 
9.54798 -16.3481 10298.6 -14.6803 -8.66355 226.961 37.9092 -13 -1 1 0 1 -0.0136837 -0.0066382 3.72944 0 0 0 
2.62836 -18.54 10398.3 -15.8375 -1.29765 227.045 38.277 -13 -1 1 0 1 -0.00247231 -0.0761633 3.34865 0 0 0 
-3.65515 -17.862 10498.1 -12.2605 3.66439 227.24 38.6447 -13 -1 1 0 1 -0.0341519 -0.120905 2.29687 0 0 0 
-7.9959 -15.9874 10598 -7.58428 4.19809 227.435 39.0125 -13 -1 1 0 1 -0.0715026 -0.127253 0.834096 0 0 0 
-10.4771 -14.605 10697.9 -3.88775 1.79239 227.56 39.3802 -13 -1 1 0 1 -0.091267 -0.113933 -0.766402 0 0 0 
-11.4973 -14.5198 10797.9 -0.765806 -1.35174 227.595 39.748 -13 -1 1 0 1 -0.0862118 -0.091904 -2.24507 0 0 0 
-11.1311 -15.5978 10897.9 2.41664 -3.18375 227.565 40.1157 -13 -1 1 0 1 -0.0555978 -0.0543008 -3.32057 0 0 0 
-9.51179 -16.9316 10997.9 4.62021 -2.46945 227.54 40.4835 -13 -1 1 0 1 -0.0139461 0.00613372 -3.72966 0 0 0 
-7.48617 -17.5331 11097.9 4.06978 -0.198031 227.564 40.8513 -13 -1 1 0 1 0.0162648 0.0731483 -3.35225 0 0 0 
-6.33679 -17.189 11197.9 0.838153 1.58076 227.593 41.219 -13 -1 1 0 1 0.0325786 0.119009 -2.30037 0 0 0 
-6.90263 -16.2677 11297.9 -3.45772 2.58485 227.559 41.5868 -13 -1 1 0 1 0.0487225 0.134674 -0.836627 0 0 0 
-9.32277 -14.7973 11397.8 -7.39116 4.40752 227.438 41.9545 -13 -1 1 0 1 0.0704882 0.124903 0.763787 0 0 0 
-13.1141 -12.0419 11497.7 -9.34976 8.55455 227.247 42.3223 -13 -1 1 0 1 0.0852279 0.0905411 2.24129 0 0 0 
-16.9036 -7.05465 11597.5 -7.03538 14.1077 227.054 42.69 -13 -1 1 0 1 0.0653824 0.0413715 3.31652 0 0 0 
-18.6074 -0.041079 11697.2 -0.213029 16.9932 226.965 43.0578 -13 -1 1 0 1 0.00205828 0.0151663 3.72855 0 0 0 
-17.0696 7.03876 11797 6.74674 14.38 227.045 43.4255 -13 -1 1 0 1 -0.0628256 0.0401026 3.35827 0 0 0 
-13.3537 12.1619 11896.8 9.29401 8.85994 227.238 43.7933 -13 -1 1 0 1 -0.085411 0.0901744 2.31413 0 0 0 
-9.55768 15.0266 11996.7 7.44151 4.58964 227.432 44.161 -13 -1 1 0 1 -0.0721102 0.126293 0.855015 0 0 0 
-7.11706 16.5486 12096.6 3.48566 2.64447 227.558 44.5288 -13 -1 1 0 1 -0.0508149 0.137499 -0.745548 0 0 0 
-6.55515 17.4767 12196.6 -0.889111 1.55635 227.593 44.8966 -13 -1 1 0 1 -0.0349121 0.122785 -2.22768 0 0 0 
-7.74733 17.7912 12296.6 -4.21155 -0.314743 227.561 45.2643 -13 -1 1 0 1 -0.0188558 0.0774821 -3.31062 0 0 0 
-9.84732 17.109 12396.6 -4.80157 -2.7276 227.533 45.6321 -13 -1 1 0 1 0.0117576 0.00996756 -3.72936 0 0 0 
-11.5357 15.631 12496.5 -2.53431 -3.5699 227.558 45.9998 -13 -1 1 0 1 0.0550703 -0.0513553 -3.36243 0 0 0 
-11.9321 14.3752 12596.5 0.737878 -1.75282 227.592 46.3676 -13 -1 1 0 1 0.0878908 -0.0892191 -2.31804 0 0 0 
-11.892 14.3723 12600.5 0.864903 -1.63826 227.593 46.3822 -13 -1 1 0 1 0.0884864 -0.0904413 -2.2659 0 0 0 
-11.892 14.3723 12600.5 0.864935 -1.63823 227.593 46.3822 -13 -1 1 0 1 0.0884866 -0.0904416 -2.26589 0 0 0 
-10.8259 14.3546 12700.5 3.98087 1.61042 227.56 46.7499 -13 -1 1 0 1 0.0939393 -0.111786 -0.791225 0 0 0 
-8.31937 15.6789 12800.5 7.59978 4.11589 227.436 47.1177 -13 -1 1 0 1 0.0741216 -0.124949 0.809149 0 0 0 
-3.99044 17.541 12900.3 12.1984 3.69332 227.243 47.4854 -13 -1 1 0 1 0.0364329 -0.119314 2.27609 0 0 0 
2.26259 18.2576 13000.1 15.7798 -1.15654 227.05 47.8532 -13 -1 1 0 1 0.00369931 -0.0760522 3.3367 0 0 0 
9.17637 16.1388 13099.9 14.7207 -8.4936 226.965 48.2209 -13 -1 1 0 1 0.0130858 -0.00766614 3.7297 0 0 0 
14.4705 11.2109 13199.6 8.89195 -13.0989 227.049 48.5887 -13 -1 1 0 1 0.0667896 0.0351883 3.33856 0 0 0 
16.9706 5.42495 13299.4 2.86973 -12.4564 227.241 48.9564 -13 -1 1 0 1 0.120047 0.0287982 2.27942 0 0 0 
17.4999 0.716146 13399.3 0.165431 -8.72713 227.433 49.3242 -13 -1 1 0 1 0.143366 -0.00107499 0.813247 0 0 0 
17.5704 -2.16786 13499.2 0.509116 -4.40179 227.557 49.692 -13 -1 1 0 1 0.141644 -0.0252186 -0.787052 0 0 0 
18.0868 -3.16462 13599.2 1.8045 -0.156227 227.593 50.0597 -13 -1 1 0 1 0.120646 -0.0317604 -2.26228 0 0 0 
18.9771 -2.3705 13699.2 1.92685 3.59076 227.564 50.4275 -13 -1 1 0 1 0.0735792 -0.0229828 -3.33057 0 0 0 
19.5012 -0.308498 13799.2 0.241739 5.30401 227.538 50.7952 -13 -1 1 0 1 0.000629915 -0.0151756 -3.73033 0 0 0 
19.1743 1.81 13899.2 -1.54287 3.83051 227.563 51.163 -13 -1 1 0 1 -0.0732794 -0.0207665 -3.34266 0 0 0 
18.41 2.73488 13999.2 -1.61575 0.170649 227.595 51.5307 -13 -1 1 0 1 -0.122179 -0.0288946 -2.28333 0 0 0 
17.9427 1.87503 14099.2 -0.457321 -4.11925 227.563 51.8985 -13 -1 1 0 1 -0.14436 -0.0229198 -0.815938 0 0 0 
17.8838 -0.903925 14199.1 -0.149407 -8.53439 227.44 52.2662 -13 -1 1 0 1 -0.146545 0.000402281 0.784522 0 0 0 
17.3658 -5.55039 14299 -2.82964 -12.3679 227.246 52.634 -13 -1 1 0 1 -0.123142 0.0298075 2.25878 0 0 0 
14.8873 -11.3227 14398.8 -8.8428 -13.1249 227.049 53.0017 -13 -1 1 0 1 -0.0691549 0.0362441 3.32684 0 0 0 
9.60496 -16.2803 14498.5 -14.7266 -8.5872 226.961 53.3695 -13 -1 1 0 1 -0.0136912 -0.006635 3.7294 0 0 0 
2.67303 -18.4347 14598.3 -15.8488 -1.20526 227.045 53.7373 -13 -1 1 0 1 -0.00230568 -0.0757589 3.34866 0 0 0 
-3.61091 -17.7143 14698.1 -12.2558 3.76431 227.239 54.105 -13 -1 1 0 1 -0.0338617 -0.119933 2.29695 0 0 0 
-7.95182 -15.7938 14798 -7.59552 4.30787 227.433 54.4728 -13 -1 1 0 1 -0.0711539 -0.125725 0.834267 0 0 0 
-10.448 -14.3609 14897.9 -3.95097 1.91083 227.558 54.8405 -13 -1 1 0 1 -0.0910362 -0.112004 -0.766157 0 0 0 
-11.5133 -14.2263 14997.9 -0.910801 -1.25291 227.595 55.2083 -13 -1 1 0 1 -0.0863177 -0.0899637 -2.24478 0 0 0 
-11.2283 -15.2757 15097.9 2.19853 -3.16292 227.568 55.576 -13 -1 1 0 1 -0.0559793 -0.0530526 -3.32031 0 0 0 
-9.70871 -16.6256 15197.9 4.40048 -2.56411 227.543 55.9438 -13 -1 1 0 1 -0.0139673 0.00615136 -3.7295 0 0 0 
-7.76402 -17.2878 15297.9 3.93067 -0.366341 227.566 56.3115 -13 -1 1 0 1 0.0173017 0.0722216 -3.35224 0 0 0 
-6.65376 -17.0177 15397.9 0.795372 1.42523 227.594 56.6793 -13 -1 1 0 1 0.034646 0.117887 -2.30049 0 0 0 
-7.22404 -16.151 15497.8 -3.44254 2.49668 227.561 57.047 -13 -1 1 0 1 0.0512504 0.133756 -0.836784 0 0 0 
-9.63139 -14.703 15597.8 -7.35109 4.39182 227.439 57.4148 -13 -1 1 0 1 0.0729205 0.124144 0.759734 0 0 0 
-13.4007 -11.9422 15697.7 -9.28845 8.58961 227.248 57.7826 -13 -1 1 0 1 0.087119 0.0898703 2.23712 0 0 0 
-17.1571 -6.93552 15797.5 -6.94611 14.1533 227.054 58.1503 -13 -1 1 0 1 0.0663649 0.0408988 3.31225 0 0 0 
-18.8177 0.0919403 15897.2 -0.110228 17.0045 226.964 58.5181 -13 -1 1 0 1 0.00206952 0.0151491 3.72415 0 0 0 
-17.2385 7.16507 15997 6.8257 14.3382 227.046 58.8858 -13 -1 1 0 1 -0.0634689 0.0405779 3.35365 0 0 0 
-13.4984 12.2602 16096.8 9.32403 8.77744 227.24 59.2536 -13 -1 1 0 1 -0.0863668 0.0908291 2.3092 0 0 0 
-9.69913 15.0824 16196.6 7.42969 4.4794 227.435 59.6213 -13 -1 1 0 1 -0.0732319 0.126752 0.849733 0 0 0 
-7.26706 16.5489 16296.6 3.46546 2.50085 227.56 59.9891 -13 -1 1 0 1 -0.0519996 0.137506 -0.747264 0 0 0 
-6.70733 17.4061 16396.6 -0.869998 1.37893 227.595 60.3568 -13 -1 1 0 1 -0.0359214 0.122321 -2.22954 0 0 0 
-7.87362 17.6404 16496.6 -4.10768 -0.493214 227.563 60.7246 -13 -1 1 0 1 -0.019353 0.0768941 -3.31259 0 0 0 
-9.90836 16.8912 16596.6 -4.61472 -2.84355 227.536 61.0923 -13 -1 1 0 1 0.0117465 0.00994384 -3.73144 0 0 0 
-11.5073 15.3834 16696.5 -2.32723 -3.59025 227.56 61.4601 -13 -1 1 0 1 0.0549595 -0.0504316 -3.36468 0 0 0 
-11.8206 14.1341 16796.5 0.902159 -1.71293 227.592 61.8279 -13 -1 1 0 1 0.0871585 -0.0876433 -2.32054 0 0 0 
-11.7782 14.132 16800.5 1.0269 -1.59723 227.592 61.8424 -13 -1 1 0 1 0.0877303 -0.088852 -2.26839 0 0 0 
-11.7782 14.132 16800.5 1.02693 -1.5972 227.592 61.8425 -13 -1 1 0 1 0.0877304 -0.0888523 -2.26837 0 0 0 
-10.6543 14.1335 16900.5 4.08274 1.64802 227.558 62.2102 -13 -1 1 0 1 0.0925656 -0.110023 -0.797755 0 0 0 
-8.11531 15.4663 17000.4 7.64602 4.11358 227.435 62.578 -13 -1 1 0 1 0.0724986 -0.123249 0.802097 0 0 0 
-3.77856 17.318 17100.3 12.1867 3.65137 227.245 62.9457 -13 -1 1 0 1 0.0350372 -0.117818 2.26849 0 0 0 
2.45623 18.0138 17200.1 15.7108 -1.20002 227.054 63.3135 -13 -1 1 0 1 0.00297362 -0.075087 3.32856 0 0 0 
9.333 15.885 17299.9 14.6309 -8.48972 226.971 63.6812 -13 -1 1 0 1 0.0131196 -0.00763376 3.72104 0 0 0 
14.5948 10.9721 17399.6 8.84493 -13.0368 227.055 64.049 -13 -1 1 0 1 0.0673186 0.0342982 3.32932 0 0 0 
17.0916 5.22155 17499.4 2.90378 -12.3623 227.246 64.4167 -13 -1 1 0 1 0.120912 0.0274639 2.26951 0 0 0 
17.6533 0.558105 17599.3 0.274851 -8.61338 227.437 64.7845 -13 -1 1 0 1 0.144655 -0.00233854 0.802531 0 0 0 
17.7819 -2.26733 17699.3 0.656345 -4.24194 227.56 65.1522 -13 -1 1 0 1 0.143379 -0.0260313 -0.794744 0 0 0 
18.3603 -3.17611 17799.2 1.92583 0.0890199 227.592 65.52 -13 -1 1 0 1 0.122523 -0.0318703 -2.27076 0 0 0 
19.2814 -2.25551 17899.2 1.93107 3.91246 227.559 65.8878 -13 -1 1 0 1 0.0748353 -0.0225739 -3.33988 0 0 0 
19.7703 -0.0513748 17999.2 0.0775269 5.60899 227.531 66.2555 -13 -1 1 0 1 0.000734734 -0.0151932 -3.74049 0 0 0 
19.3438 2.17757 18099.2 -1.81388 4.01801 227.558 66.6233 -13 -1 1 0 1 -0.0738145 -0.0221758 -3.35373 0 0 0 
18.4592 3.15668 18199.2 -1.87397 0.238835 227.593 66.991 -13 -1 1 0 1 -0.122381 -0.0316695 -2.29544 0 0 0 
17.8965 2.31406 18299.2 -0.625738 -4.09504 227.563 67.3588 -13 -1 1 0 1 -0.14386 -0.0263927 -0.829317 0 0 0 
17.7895 -0.45124 18399.1 -0.195615 -8.49036 227.442 67.7265 -13 -1 1 0 1 -0.145627 -0.00320186 0.765694 0 0 0 
17.2821 -5.07315 18499 -2.73275 -12.3078 227.251 68.0943 -13 -1 1 0 1 -0.122393 0.0265757 2.23794 0 0 0 
14.877 -10.8295 18598.8 -8.61355 -13.1302 227.058 68.462 -13 -1 1 0 1 -0.0689177 0.0341722 3.30366 0 0 0 
9.70813 -15.8218 18698.6 -14.4632 -8.7492 226.972 68.8298 -13 -1 1 0 1 -0.0135443 -0.00692166 3.70359 0 0 0 
2.87237 -18.0823 18798.3 -15.6946 -1.51445 227.054 69.1975 -13 -1 1 0 1 -0.00149111 -0.0747643 3.31988 0 0 0 
-3.38078 -17.5124 18898.1 -12.2682 3.40515 227.244 69.5653 -13 -1 1 0 1 -0.0323984 -0.118981 2.2648 0 0 0 
-7.75429 -15.7475 18998 -7.71542 3.96288 227.435 69.9331 -13 -1 1 0 1 -0.0697405 -0.125748 0.798184 0 0 0 
-10.3068 -14.4631 19097.9 -4.06751 1.57521 227.559 70.3008 -13 -1 1 0 1 -0.0901356 -0.113212 -0.802936 0 0 0 
-11.4009 -14.4774 19197.9 -0.907223 -1.59296 227.593 70.6686 -13 -1 1 0 1 -0.0858611 -0.0920948 -2.28682 0 0 0 
-11.0714 -15.6678 19297.9 2.40418 -3.44723 227.562 71.0363 -13 -1 1 0 1 -0.0557 -0.0551741 -3.36859 0 0 0 
-9.42079 -17.109 19397.9 4.77257 -2.67891 227.535 71.4041 -13 -1 1 0 1 -0.0142762 0.00534093 -3.78523 0 0 0 
-7.30296 -17.777 19497.9 4.31975 -0.288317 227.559 71.7718 -13 -1 1 0 1 0.0152709 0.073092 -3.41689 0 0 0 
-6.04066 -17.4523 19597.9 1.09011 1.56628 227.592 72.1396 -13 -1 1 0 1 0.0303419 0.119569 -2.37602 0 0 0 
-6.50368 -16.5431 19697.9 -3.24445 2.52078 227.563 72.5073 -13 -1 1 0 1 0.0451694 0.135488 -0.925783 0 0 0 
-8.84371 -15.138 19797.8 -7.25154 4.15166 227.447 72.8751 -13 -1 1 0 1 0.0659586 0.126033 0.653941 0 0 0 
-12.6138 -12.5563 19897.7 -9.43129 8.0154 227.264 73.2428 -13 -1 1 0 1 0.0805185 0.0923066 2.11026 0 0 0 
-16.539 -7.85448 19997.5 -7.62202 13.3914 227.078 73.6106 -13 -1 1 0 1 0.0615717 0.0431435 3.15872 0 0 0 
-18.6506 -1.12363 20097.3 -1.48311 16.507 226.996 73.9784 -13 -1 1 0 1 -0.00143657 0.0148853 3.53655 0 0 0 
-17.7905 5.87512 20197 4.99262 14.5377 227.081 74.3461 -13 -1 1 0 1 -0.0698602 0.0370626 3.12196 0 0 0 
-14.8858 11.213 20296.8 7.3953 9.62944 227.276 74.7139 -13 -1 1 0 1 -0.100173 0.087507 2.01959 0 0 0 
-11.9429 14.4661 20396.7 5.42879 5.48039 227.47 75.0816 -13 -1 1 0 1 -0.0959747 0.128056 0.483141 0 0 0 
-10.4544 16.2686 20496.7 1.12857 2.8793 227.579 75.4494 -13 -1 1 0 1 -0.083255 0.14474 -1.21718 0 0 0 
-11.0021 16.9714 20596.7 -3.49717 0.115786 227.574 75.8171 -13 -1 1 0 1 -0.0732784 0.133028 -2.83995 0 0 0 
-13.2102 16.1227 20696.7 -5.94045 -4.21958 227.484 76.1849 -13 -1 1 0 1 -0.05522 0.0888702 -4.11571 0 0 0 
-15.5327 13.2669 20796.6 -3.81403 -8.43661 227.412 76.5526 -13 -1 1 0 1 -0.0135499 0.0300814 -4.80079 0 0 0 
-16.043 9.29147 20896.5 1.72175 -8.81075 227.423 76.9204 -13 -1 1 0 1 0.036362 -0.00770032 -4.80372 0 0 0 
-14.1584 6.19903 20996.4 6.40641 -4.72777 227.461 77.2881 -13 -1 1 0 1 0.0595483 -0.017438 -4.26611 0 0 0 
-10.8837 5.33973 21096.4 8.00248 0.775991 227.458 77.6559 -13 -1 1 0 1 0.0508824 -0.0193266 -3.47034 0 0 0 
-7.44618 6.70658 21196.3 7.42516 5.16778 227.421 78.0237 -13 -1 1 0 1 0.0310306 -0.0237049 -2.66989 0 0 0 
-5.74164 8.28826 21252.2 6.75467 6.87665 227.396 78.2293 -13 -1 1 0 1 0.0212371 -0.0267259 -2.26997 0 0 0 

# Event 1 Track 1
-21.4115 13.9846 0 -40.3106 -10.887 223.737 0.0870076 -13 1 1 0 1 0.151005 -0.0877636 -2.26809 0 0 0 
-21.4954 13.9568 0.4995 -40.281 -10.9253 223.741 0.0888731 -13 1 1 0 1 0.151759 -0.0877321 -2.26152 0 0 0 
-21.4956 13.9567 0.5005 -40.2809 -10.9254 223.741 0.0888768 -13 1 1 0 1 0.15176 -0.0877321 -2.26151 0 0 0 
-38.0167 8.46795 98.9711 -35.3886 -11.91 224.516 0.456631 -13 1 1 0 1 0.308551 -0.0653618 -0.815546 0 0 0 
-53.1033 5.24383 197.764 -33.6486 -0.954169 225.097 0.824386 -13 1 1 0 1 0.429725 -0.0429354 0.776989 0 0 0 
-67.3465 8.98786 296.639 -30.1108 19.1096 224.789 1.19214 -13 1 1 0 1 0.462508 -0.064456 2.27132 0 0 0 
-77.9545 22.2459 395.133 -15.9097 40.2792 223.442 1.5599 -13 1 1 0 1 0.330601 -0.0972265 3.40518 0 0 0 
-79.7157 42.3347 493.022 8.61543 47.7403 222.37 1.92765 -13 1 1 0 1 0.0369511 -0.0201865 3.88713 0 0 0 
-71.2366 61.0967 590.835 27.4319 34.8291 223.24 2.2954 -13 1 1 0 1 -0.245329 0.213237 3.55911 0 0 0 
-58.4892 71.7121 689.41 27.3389 13.5332 225.547 2.66316 -13 1 1 0 1 -0.371325 0.459664 2.50398 0 0 0 
-49.3531 73.7649 788.931 12.8356 -3.01617 227.218 3.03091 -13 1 1 0 1 -0.385564 0.578397 1.00791 0 0 0 
-47.6016 69.7774 888.8 -4.45952 -14.8883 227.069 3.39867 -13 1 1 0 1 -0.380243 0.554336 -0.636796 0 0 0 
-52.2627 60.4365 988.23 -14.8739 -28.1957 225.356 3.76642 -13 1 1 0 1 -0.359963 0.407582 -2.16708 0 0 0 
-58.4555 44.7667 1086.78 -10.3882 -42.6648 223.324 4.13418 -13 1 1 0 1 -0.252888 0.180537 -3.30759 0 0 0 
-59.0651 24.3471 1184.64 9.4025 -47.6464 222.358 4.50193 -13 1 1 0 1 -0.0369827 2.30476e-05 -3.791 0 0 0 
-49.8995 5.5133 1282.36 31.1957 -35.4599 222.646 4.86969 -13 1 1 0 1 0.160461 -0.0321116 -3.49446 0 0 0 
-33.3912 -5.5235 1380.33 41.7319 -14.6554 223.261 5.23744 -13 1 1 0 1 0.20444 0.0224637 -2.52845 0 0 0 
-14.734 -8.22994 1478.51 42.2136 0.58707 223.65 5.6052 -13 1 1 0 1 0.111002 0.0548392 -1.13417 0 0 0 
3.42417 -6.81083 1576.84 40.5544 3.726 223.927 5.97295 -13 1 1 0 1 -0.0322165 0.0474968 0.434249 0 0 0 
20.9841 -6.77679 1675.28 39.1599 -5.46993 224.139 6.34071 -13 1 1 0 1 -0.155492 0.0410076 1.93643 0 0 0 
37.1141 -12.9021 1773.75 32.8239 -23.1749 224.025 6.70846 -13 1 1 0 1 -0.185317 0.0532829 3.13001 0 0 0 
48.3275 -26.8653 1872.09 16.7118 -38.9086 223.626 7.07622 -13 1 1 0 1 -0.0678452 0.0227595 3.75157 0 0 0 
51.3087 -45.073 1970.34 -2.44594 -41.3742 223.795 7.44397 -13 1 1 0 1 0.131049 -0.133401 3.61284 0 0 0 
47.8021 -61.41 2068.92 -10.9159 -31.82 225.1 7.81172 -13 1 1 0 1 0.274769 -0.372014 2.73111 0 0 0 
44.0325 -72.7771 2168.19 -3.93776 -20.2055 226.667 8.17948 -13 1 1 0 1 0.331789 -0.565294 1.33105 0 0 0 
45.8452 -79.3907 2267.92 13.2547 -9.77598 227.003 8.54723 -13 1 1 0 1 0.365131 -0.645958 -0.298859 0 0 0 
55.9578 -80.6712 2367.35 32.195 5.38685 225.247 8.91499 -13 1 1 0 1 0.400479 -0.587639 -1.89794 0 0 0 
72.5901 -73.2033 2465.62 40.505 29.9283 221.958 9.28274 -13 1 1 0 1 0.358443 -0.367484 -3.19297 0 0 0 
88.1612 -54.3514 2562.51 26.3587 54.1403 219.49 9.6505 -13 1 1 0 1 0.123753 -0.0770427 -3.88107 0 0 0 
93.251 -28.6348 2658.93 -4.16642 58.4947 219.916 10.0183 -13 1 1 0 1 -0.238879 0.077181 -3.76686 0 0 0 
85.422 -6.47243 2756.05 -28.9223 39.6096 222.253 10.386 -13 1 1 0 1 -0.494206 0.0437362 -2.89847 0 0 0 
70.3447 5.2062 2854.15 -37.254 13.9453 224.097 10.7538 -13 1 1 0 1 -0.53709 -0.0327164 -1.53475 0 0 0 
54.0086 6.90793 2952.77 -36.5809 -4.4146 224.598 11.1215 -13 1 1 0 1 -0.440268 -0.0485834 0.0461919 0 0 0 
38.0415 3.03074 3051.4 -36.6938 -11.2087 224.343 11.4893 -13 1 1 0 1 -0.283755 -0.0129918 1.59919 0 0 0 
21.3107 -1.12069 3149.9 -39.6003 -5.63277 224.058 11.857 -13 1 1 0 1 -0.115638 0.0185394 2.87466 0 0 0 
3.71471 -0.374467 3248.32 -39.2946 10.2029 223.95 12.2248 -13 1 1 0 1 -0.00790736 0.0155615 3.61498 0 0 0 
-11.911 8.04425 3346.7 -30.4921 27.3489 223.884 12.5925 -13 1 1 0 1 -0.021874 0.0298158 3.63819 0 0 0 
-22.5575 22.378 3445.07 -18.3258 36.142 223.964 12.9603 -13 1 1 0 1 -0.117335 0.13001 2.93407 0 0 0 
-29.0842 38.4523 3543.55 -13.2158 35.8749 224.366 13.328 -13 1 1 0 1 -0.211704 0.292208 1.67725 0 0 0 
-35.95 53.1496 3642.22 -20.011 30.2458 224.692 13.6958 -13 1 1 0 1 -0.286918 0.437265 0.125262 0 0 0 
-48.0643 64.0777 3740.85 -36.097 17.9266 224.003 14.0636 -13 1 1 0 1 -0.359495 0.49473 -1.4703 0 0 0 
-67.5788 67.1105 3838.81 -51.2724 -6.33307 221.659 14.4313 -13 1 1 0 1 -0.384138 0.398497 -2.86572 0 0 0 
-90.5415 57.1748 3935.54 -49.1727 -39.0118 218.774 14.7991 -13 1 1 0 1 -0.22718 0.159292 -3.77755 0 0 0 
-107.235 34.5517 4031.41 -23.8414 -60.0459 218.238 15.1668 -13 1 1 0 1 0.156051 -0.0383588 -3.94052 0 0 0 
-110.77 8.60225 4127.83 6.35081 -53.5209 221.127 15.5346 -13 1 1 0 1 0.558206 -0.0364049 -3.28201 0 0 0 
-106.337 -6.10213 4200.5 18.9918 -35.5288 224.007 15.8078 -13 1 1 0 1 0.731914 0.045623 -2.37367 0 0 0 
-106.337 -6.10223 4200.5 18.9919 -35.5285 224.007 15.8078 -13 1 1 0 1 0.731915 0.0456237 -2.37366 0 0 0 
-97.0132 -15.6062 4299.55 21.3244 -8.05823 226.456 16.1756 -13 1 1 0 1 0.78683 0.126661 -0.837123 0 0 0 
-88.4309 -13.9124 4399.12 17.9531 14.7048 226.414 16.5433 -13 1 1 0 1 0.716301 0.109976 0.807615 0 0 0 
-80.2589 -3.77865 4498.25 20.9732 29.8488 224.658 16.9111 -13 1 1 0 1 0.549538 0.0212487 2.30876 0 0 0 
-68.4781 10.4146 4596.52 33.8946 31.9737 222.78 17.2788 -13 1 1 0 1 0.286746 -0.0481521 3.38392 0 0 0 
-50.3809 21.6637 4694.19 47.2838 16.4972 222.023 17.6466 -13 1 1 0 1 0.0253471 -0.0128106 3.78107 0 0 0 
-28.8115 23.4636 4791.76 48.4002 -8.56167 222.23 18.0143 -13 1 1 0 1 -0.0902636 0.0757146 3.41629 0 0 0 
-9.53457 15.0079 4889.48 38.4353 -28.1025 222.564 18.3821 -13 1 1 0 1 -0.051462 0.0884375 2.40879 0 0 0 
5.15677 0.522938 4987.32 29.6068 -35.9695 222.781 18.7499 -13 1 1 0 1 0.0460497 -0.00258896 1.0002 0 0 0 
17.9518 -15.169 5085.25 30.4888 -33.9581 222.978 19.1176 -13 1 1 0 1 0.146338 -0.128633 -0.565452 0 0 0 
33.3266 -27.8803 5183.22 40.4619 -22.0283 222.889 19.4854 -13 1 1 0 1 0.232223 -0.203249 -2.05934 0 0 0 
53.434 -32.7724 5281 49.7462 1.54845 222.092 19.8531 -13 1 1 0 1 0.241544 -0.161164 -3.23582 0 0 0 
74.913 -25.7829 5378.34 44.975 29.6769 221.13 20.2209 -13 1 1 0 1 0.0670211 -0.0383259 -3.82966 0 0 0 
90.6899 -8.63663 5475.54 25.4676 44.8985 221.67 20.5886 -13 1 1 0 1 -0.276471 0.0116555 -3.65103 0 0 0 
97.5616 10.4133 5573.43 7.58864 38.5815 224.178 20.9564 -13 1 1 0 1 -0.601563 -0.0759032 -2.72035 0 0 0 
99.4724 23.3139 5672.55 3.50072 18.888 226.788 21.3241 -13 1 1 0 1 -0.781 -0.191106 -1.28007 0 0 0 
102.097 26.3906 5772.41 9.1034 -5.34088 227.356 21.6919 -13 1 1 0 1 -0.838383 -0.222233 0.372057 0 0 0 
106.991 18.285 5871.91 11.4094 -31.7191 225.09 22.0596 -13 1 1 0 1 -0.787995 -0.139849 1.97545 0 0 0 
109.734 -0.953359 5969.94 -2.15274 -54.0473 221.08 22.4274 -13 1 1 0 1 -0.559442 -0.00253553 3.25352 0 0 0 
102.783 -26.3095 6066.35 -30.696 -56.8718 218.232 22.7952 -13 1 1 0 1 -0.158537 0.0293577 3.90192 0 0 0 
83.5829 -46.9462 6162.2 -53.7711 -33.499 218.606 23.1629 -13 1 1 0 1 0.199235 -0.126422 3.74527 0 0 0 
58.8886 -54.3292 6258.73 -54.925 -0.502636 220.873 23.5307 -13 1 1 0 1 0.32564 -0.315975 2.85811 0 0 0 
37.5307 -48.8992 6356.21 -41.2433 22.8446 222.664 23.8984 -13 1 1 0 1 0.273981 -0.371464 1.49773 0 0 0 
22.4348 -36.2355 6454.23 -28.6893 32.909 223.374 24.2662 -13 1 1 0 1 0.172504 -0.291922 -0.069221 0 0 0 
10.8477 -21.333 6552.43 -25.8885 33.573 223.617 24.6339 -13 1 1 0 1 0.0707021 -0.154424 -1.60856 0 0 0 
-1.68758 -7.98562 6650.73 -32.199 25.6089 223.851 25.0017 -13 1 1 0 1 -0.0203764 -0.0373071 -2.87805 0 0 0 
-17.6009 -0.209809 6749.12 -39.4994 8.50811 223.985 25.3694 -13 1 1 0 1 -0.0485535 0.00673279 -3.62366 0 0 0 
-35.1817 -0.934669 6847.53 -38.9168 -11.2798 223.965 25.7372 -13 1 1 0 1 0.053969 0.00944836 -3.65642 0 0 0 
-50.796 -8.83506 6945.97 -31.8187 -22.5791 224.232 26.1049 -13 1 1 0 1 0.258654 0.0539663 -2.95072 0 0 0 
-63.6037 -18.835 7044.64 -27.6603 -20.8791 224.947 26.4727 -13 1 1 0 1 0.463658 0.145993 -1.67913 0 0 0 
-76.2685 -25.5746 7143.59 -31.1103 -8.10666 225.319 26.8405 -13 1 1 0 1 0.615813 0.21493 -0.107613 0 0 0 
-91.3139 -24.4663 7242.4 -36.8241 14.8416 224.111 27.2082 -13 1 1 0 1 0.69618 0.196204 1.50528 0 0 0 
-107.048 -11.3757 7340.2 -31.7794 45.2146 220.789 27.576 -13 1 1 0 1 0.624783 0.0787942 2.91268 0 0 0 
-116.052 14.2336 7436.34 -5.79239 68.2259 217.057 27.9437 -13 1 1 0 1 0.306713 -0.022634 3.82386 0 0 0 
-110.603 44.4472 7531.4 29.9763 63.9414 216.368 28.3115 -13 1 1 0 1 -0.147507 0.0748432 3.97046 0 0 0 
-92.2868 66.6153 7627.06 48.9395 34.5378 219.577 28.6792 -13 1 1 0 1 -0.453207 0.34105 3.29923 0 0 0 
-71.4551 74.5533 7724.46 42.4423 2.98787 223.588 29.047 -13 1 1 0 1 -0.513912 0.548078 2.02119 0 0 0 
-56.6891 70.9786 7823.24 24.296 -17.3228 225.636 29.4147 -13 1 1 0 1 -0.456405 0.58327 0.440204 0 0 0 
-49.5618 60.5629 7922.41 9.60432 -29.2481 225.509 29.7825 -13 1 1 0 1 -0.380553 0.47904 -1.18054 0 0 0 
-46.4961 45.7817 8021.25 6.68595 -37.4167 224.404 30.1502 -13 1 1 0 1 -0.277972 0.289897 -2.58995 0 0 0 
-41.6883 28.6555 8119.65 17.0458 -38.8116 223.618 30.518 -13 1 1 0 1 -0.119181 0.0979128 -3.51377 0 0 0 
-30.7341 13.5619 8217.86 32.5759 -27.7388 223.543 30.8858 -13 1 1 0 1 0.0353654 -0.00230883 -3.73167 0 0 0 
-14.0861 5.56381 8316.11 41.546 -8.22756 223.625 31.2535 -13 1 1 0 1 0.073307 -0.0180888 -3.20163 0 0 0 
1.89397 5.35133 8400.5 42.4203 6.06977 223.53 31.5694 -13 1 1 0 1 -0.00223299 -0.0310471 -2.26295 0 0 0 
1.89416 5.35137 8400.5 42.4203 6.0699 223.53 31.5694 -13 1 1 0 1 -0.00223429 -0.0310475 -2.26294 0 0 0 
20.3512 9.90088 8498.67 41.9156 12.5475 223.356 31.9372 -13 1 1 0 1 -0.151731 -0.076541 -0.824663 0 0 0 
39.253 14.4585 8596.76 44.6724 5.96401 223.094 32.305 -13 1 1 0 1 -0.302564 -0.115913 0.751727 0 0 0 
59.5922 13.1945 8694.63 47.0381 -13.7444 222.262 32.6727 -13 1 1 0 1 -0.391611 -0.0929847 2.23517 0 0 0 
78.8991 1.21237 8791.94 38.044 -40.9661 220.628 33.0405 -13 1 1 0 1 -0.317404 -0.0114223 3.37247 0 0 0 
90.4898 -21.4725 8888.56 12.5678 -59.1072 219.432 33.4082 -13 1 1 0 1 -0.0291122 0.00242173 3.89321 0 0 0 
89.612 -47.1627 8985.13 -14.9211 -53.8121 220.644 33.776 -13 1 1 0 1 0.319821 -0.169492 3.6199 0 0 0 
80.1148 -66.3026 9082.77 -24.5068 -32.0981 223.989 34.1437 -13 1 1 0 1 0.521977 -0.431086 2.60906 0 0 0 
71.04 -75.4387 9181.89 -14.323 -10.3239 226.915 34.5115 -13 1 1 0 1 0.568081 -0.603375 1.12801 0 0 0 
68.7287 -76.0529 9281.81 4.08745 7.18905 227.45 34.8792 -13 1 1 0 1 0.561855 -0.625612 -0.529726 0 0 0 
73.9823 -68.9134 9381.37 18.0619 25.9375 225.395 35.247 -13 1 1 0 1 0.527293 -0.499904 -2.10553 0 0 0 
82.2082 -52.914 9479.7 15.9412 46.5107 222.227 35.6147 -13 1 1 0 1 0.382519 -0.259281 -3.31483 0 0 0 
85.0431 -29.5854 9576.85 -5.55633 56.5361 220.397 35.9825 -13 1 1 0 1 0.081816 -0.0437713 -3.86359 0 0 0 
76.6215 -6.56708 9673.73 -31.7245 44.6361 220.915 36.3503 -13 1 1 0 1 -0.226263 0.00475459 -3.61699 0 0 0 
59.1855 7.58714 9771.11 -44.8565 19.057 222.321 36.718 -13 1 1 0 1 -0.355077 -0.0572398 -2.67386 0 0 0 
39.1976 10.7617 9869 -44.7576 -2.95226 223.137 37.0858 -13 1 1 0 1 -0.302199 -0.0911586 -1.29159 0 0 0 
20.2207 6.79474 9967.09 -41.9598 -12.9125 223.327 37.4535 -13 1 1 0 1 -0.166787 -0.061502 0.274248 0 0 0 
1.78441 1.32733 10065.2 -42.5201 -9.83363 223.377 37.8213 -13 1 1 0 1 -0.0203783 -0.0161671 1.79007 0 0 0 
-17.1797 -0.0905315 10163.4 -43.1314 5.0535 223.419 38.189 -13 1 1 0 1 0.0749573 -0.00676872 3.01194 0 0 0 
-34.9073 6.57764 10261.5 -35.7628 25.1846 223.358 38.5568 -13 1 1 0 1 0.040905 -0.0178159 3.68759 0 0 0 
-47.2776 20.9304 10359.7 -19.8328 37.9748 223.532 38.9245 -13 1 1 0 1 -0.125649 0.0428049 3.63182 0 0 0 
-52.7518 37.8518 10458.1 -6.66432 36.9518 224.482 39.2923 -13 1 1 0 1 -0.309744 0.209002 2.83573 0 0 0 
-55.043 52.154 10557 -6.10996 27.3755 225.866 39.66 -13 1 1 0 1 -0.426312 0.392742 1.49811 0 0 0 
-59.8992 61.4569 10656.4 -17.4839 14.3999 226.471 40.0278 -13 1 1 0 1 -0.495728 0.500419 -0.104228 0 0 0 
-71.0131 63.9535 10755.7 -32.816 -4.45463 225.179 40.3956 -13 1 1 0 1 -0.540422 0.481399 -1.71163 0 0 0 
-87.3779 56.1998 10854 -38.8137 -31.9769 221.975 40.7633 -13 1 1 0 1 -0.487624 0.311831 -3.06126 0 0 0 
-101.812 36.0152 10950.8 -22.923 -57.9273 218.909 41.1311 -13 1 1 0 1 -0.222435 0.0813585 -3.85395 0 0 0 
-105.079 8.55616 11046.8 8.86664 -62.2998 218.729 41.4988 -13 1 1 0 1 0.190819 -0.00877855 -3.85591 0 0 0 
-95.2193 -14.9266 11143.4 33.0064 -41.5826 221.322 41.8666 -13 1 1 0 1 0.498214 0.0869523 -3.07461 0 0 0 
-79.0309 -26.9376 11241.3 37.7684 -13.4954 224.039 42.2343 -13 1 1 0 1 0.577914 0.205997 -1.74736 0 0 0 
-63.632 -27.9058 11340.1 31.6587 7.41373 225.266 42.6021 -13 1 1 0 1 0.511134 0.233069 -0.164668 0 0 0 
-50.9911 -21.8735 11439.1 26.7978 18.4744 225.261 42.9698 -13 1 1 0 1 0.384331 0.174936 1.42107 0 0 0 
-39.0722 -13.0646 11538 28.548 19.93 224.922 43.3376 -13 1 1 0 1 0.222367 0.0868715 2.7569 0 0 0 
-25.3706 -5.9368 11636.8 33.7469 10.7829 224.827 43.7053 -13 1 1 0 1 0.0629893 0.0294654 3.5752 0 0 0 
-10.0929 -4.69897 11735.6 34.564 -5.67551 224.89 44.0731 -13 1 1 0 1 -0.0141426 0.00830638 3.67322 0 0 0 
4.00192 -10.6296 11834.4 28.9232 -20.2611 224.845 44.4408 -13 1 1 0 1 0.0205502 -0.0393121 3.03214 0 0 0 
15.3919 -21.2915 11933.1 23.727 -26.8328 224.765 44.8086 -13 1 1 0 1 0.112258 -0.142699 1.81981 0 0 0 
25.9672 -33.0409 12031.9 25.9112 -25.3878 224.691 45.1764 -13 1 1 0 1 0.212485 -0.258148 0.293914 0 0 0 
39.3425 -42.3777 12130.5 35.8979 -15.458 224.22 45.5441 -13 1 1 0 1 0.308622 -0.318967 -1.29085 0 0 0 
57.5719 -44.9409 12228.8 46.0343 5.75739 222.823 45.9119 -13 1 1 0 1 0.356231 -0.263557 -2.69236 0 0 0 
77.7823 -36.131 12326.2 42.6821 34.5125 220.883 46.2796 -13 1 1 0 1 0.243528 -0.0996544 -3.64244 0 0 0 
92.1676 -16.0129 12423 20.3258 53.7888 220.218 46.6474 -13 1 1 0 1 -0.0744364 0.022841 -3.87784 0 0 0 
95.0592 7.56614 12520.1 -5.89646 49.5959 222.053 47.0151 -13 1 1 0 1 -0.427791 -0.0288582 -3.31216 0 0 0 
90.5882 22.6598 12600.5 -16.8818 33.1952 224.534 47.3164 -13 1 1 0 1 -0.600492 -0.148553 -2.35309 0 0 0 
90.5881 22.6599 12600.5 -16.8818 33.195 224.534 47.3164 -13 1 1 0 1 -0.600494 -0.148555 -2.35307 0 0 0 
82.9884 32.1832 12699.7 -15.6303 10.4743 226.822 47.6842 -13 1 1 0 1 -0.655789 -0.256151 -0.832247 0 0 0 
77.7907 32.4003 12799.5 -7.97997 -8.85212 227.289 48.0519 -13 1 1 0 1 -0.613747 -0.260548 0.812071 0 0 0 
75.2434 24.9254 12899.2 -5.17521 -24.4676 226.223 48.4197 -13 1 1 0 1 -0.494012 -0.171197 2.32298 0 0 0 
71.579 11.9415 12998.3 -13.3362 -32.7781 224.833 48.7874 -13 1 1 0 1 -0.270093 -0.0535878 3.40789 0 0 0 
62.5661 -1.71602 13096.9 -27.6947 -26.6706 224.33 49.1552 -13 1 1 0 1 0.00558296 -0.00741741 3.80067 0 0 0 
48.2198 -9.54209 13195.5 -35.7347 -7.67085 224.647 49.523 -13 1 1 0 1 0.190086 -0.042772 3.40415 0 0 0 
32.7818 -8.33986 13294.3 -33.2204 12.3123 224.827 49.8907 -13 1 1 0 1 0.221038 -0.060773 2.35447 0 0 0 
19.412 0.130843 13393 -28.0673 24.7679 224.502 50.2585 -13 1 1 0 1 0.157792 -0.00565482 0.912283 0 0 0 
7.20535 12.1467 13491.5 -28.8935 28.4758 223.957 50.6262 -13 1 1 0 1 0.0603458 0.088315 -0.665334 0 0 0 
-7.1519 23.7328 13589.8 -37.4257 22.3993 223.383 50.994 -13 1 1 0 1 -0.0468502 0.150265 -2.13992 0 0 0 
-25.8007 30.0517 13687.8 -46.5514 4.45008 222.745 51.3617 -13 1 1 0 1 -0.108809 0.113926 -3.25844 0 0 0 
-46.3644 26.6272 13785.6 -44.4701 -20.0056 222.316 51.7295 -13 1 1 0 1 -0.0270478 0.000356284 -3.772 0 0 0 
-62.829 13.7508 13883.3 -29.0295 -35.9823 222.856 52.0972 -13 1 1 0 1 0.205698 -0.0594778 -3.52165 0 0 0 
-71.8001 -2.37207 13981.6 -12.9852 -34.6614 224.571 52.465 -13 1 1 0 1 0.448611 0.00332682 -2.56244 0 0 0 
-75.8478 -14.9414 14080.7 -7.41912 -21.2972 226.481 52.8327 -13 1 1 0 1 0.591311 0.108505 -1.12847 0 0 0 
-79.6641 -20.3968 14180.4 -10.7736 -2.99504 227.326 53.2005 -13 1 1 0 1 0.639028 0.158127 0.502363 0 0 0 
-85.2241 -17.171 14280.2 -13.462 17.9652 226.491 53.5683 -13 1 1 0 1 0.595119 0.114924 2.06996 0 0 0 
-89.8297 -4.85823 14379.3 -5.10987 36.8906 224.533 53.936 -13 1 1 0 1 0.404214 0.0151009 3.28987 0 0 0 
-87.8989 13.1705 14477.6 14.9911 41.8263 223.222 54.3038 -13 1 1 0 1 0.067868 -0.0199303 3.86153 0 0 0 
-77.0772 28.8296 14575.7 32.2924 26.5675 223.727 54.6715 -13 1 1 0 1 -0.246953 0.0806398 3.62046 0 0 0 
-61.8838 35.177 14674.3 34.2003 2.22887 225.006 55.0393 -13 1 1 0 1 -0.387545 0.209311 2.65285 0 0 0 
-48.6292 31.5439 14773.3 25.3799 -17.4161 225.51 55.407 -13 1 1 0 1 -0.38403 0.24121 1.233 0 0 0 
-39.3571 21.021 14872.3 17.9078 -29.3617 224.988 55.7748 -13 1 1 0 1 -0.324358 0.169416 -0.35992 0 0 0 
-31.5138 6.63848 14971 19.6201 -35.0038 224.036 56.1425 -13 1 1 0 1 -0.233664 0.0505855 -1.87913 0 0 0 
-20.665 -8.45337 15069.2 30.9124 -31.8034 223.238 56.5103 -13 1 1 0 1 -0.111282 -0.0349015 -3.0717 0 0 0 
-4.18251 -19.4706 15167.2 43.207 -16.4391 222.857 56.878 -13 1 1 0 1 -0.0185956 -0.0182384 -3.68686 0 0 0 
15.7487 -21.9736 15265.1 45.3513 4.93044 222.983 57.2458 -13 1 1 0 1 -0.0529174 0.0640684 -3.56632 0 0 0 
34.1248 -16.25 15363.2 37.3521 19.0286 223.708 57.6136 -13 1 1 0 1 -0.206048 0.100409 -2.73959 0 0 0 
48.5756 -7.28066 15461.8 29.186 19.6048 224.869 57.9813 -13 1 1 0 1 -0.37483 0.0617446 -1.40451 0 0 0 
60.6591 -0.678314 15560.8 26.7237 8.85606 225.853 58.3491 -13 1 1 0 1 -0.493842 0.0127948 0.173554 0 0 0 
72.365 -0.705824 15660.1 26.1377 -10.0995 225.87 58.7168 -13 1 1 0 1 -0.533961 0.0148413 1.75032 0 0 0 
82.4754 -10.0534 15759.1 17.8279 -32.1563 224.612 59.0846 -13 1 1 0 1 -0.432108 0.0654248 3.06027 0 0 0 
86.1251 -27.5834 15857.4 -2.83946 -44.7796 223.135 59.4523 -13 1 1 0 1 -0.1512 0.0635218 3.8067 0 0 0 
79.8092 -46.292 15955.4 -24.4375 -36.9088 223.255 59.8201 -13 1 1 0 1 0.181049 -0.0898359 3.76086 0 0 0 
67.0236 -57.9432 16053.8 -30.5281 -15.222 225.03 60.1878 -13 1 1 0 1 0.37718 -0.312756 2.93098 0 0 0 
55.3919 -59.951 16153.1 -20.5991 5.00983 226.612 60.5556 -13 1 1 0 1 0.42072 -0.443749 1.56083 0 0 0 
49.5701 -54.5011 16252.8 -6.14648 19.01 226.723 60.9233 -13 1 1 0 1 0.406449 -0.435208 -0.0446818 0 0 0 
49.096 -43.561 16352.1 2.30665 30.7247 225.506 61.2911 -13 1 1 0 1 0.372647 -0.317787 -1.62856 0 0 0 
49.6989 -27.6723 16450.9 -1.99561 40.9372 223.881 61.6588 -13 1 1 0 1 0.278931 -0.142401 -2.92372 0 0 0 
45.4331 -8.88697 16549 -18.8755 42.3012 222.838 62.0266 -13 1 1 0 1 0.105616 -0.010497 -3.65996 0 0 0 
32.9273 7.2598 16646.8 -36.9689 28.9468 222.705 62.3944 -13 1 1 0 1 -0.0484374 -0.00634386 -3.65941 0 0 0 
14.6164 15.4886 16744.7 -44.2265 8.56235 223.099 62.7621 -13 1 1 0 1 -0.064892 -0.0754045 -2.93414 0 0 0 
3.61353 16.3955 16800.5 -43.453 -0.763027 223.414 62.9712 -13 1 1 0 1 -0.0135408 -0.10372 -2.26809 0 0 0 
3.61334 16.3954 16800.5 -43.453 -0.763163 223.414 62.9712 -13 1 1 0 1 -0.0135397 -0.10372 -2.26808 0 0 0 
-14.5681 14.0376 16898.8 -39.2 -7.82593 224.064 63.339 -13 1 1 0 1 0.123302 -0.109096 -0.824894 0 0 0 
-31.0512 11.3608 16997.4 -36.125 -2.40166 224.703 63.7067 -13 1 1 0 1 0.25403 -0.0911747 0.752331 0 0 0 
-46.2273 13.4318 17096.2 -32.2634 13.1536 224.919 64.0745 -13 1 1 0 1 0.318959 -0.0938173 2.23272 0 0 0 
-58.2232 23.4405 17194.9 -20.5619 31.9937 224.401 64.4422 -13 1 1 0 1 0.247889 -0.10124 3.34813 0 0 0 
-62.9336 40.1384 17293.4 -0.126601 41.3995 223.804 64.81 -13 1 1 0 1 0.0306289 -0.0187034 3.82345 0 0 0 
-58.8685 57.294 17391.8 16.673 34.2177 224.396 65.1777 -13 1 1 0 1 -0.20116 0.199941 3.50346 0 0 0 
-50.6638 68.9781 17490.7 17.8017 18.7136 226.131 65.5455 -13 1 1 0 1 -0.320903 0.442437 2.46104 0 0 0 
-45.2871 74.1417 17590.4 5.06952 5.5059 227.478 65.9132 -13 1 1 0 1 -0.353795 0.582051 0.970475 0 0 0 
-46.9293 74.1509 17690.4 -12.6142 -5.64383 227.181 66.281 -13 1 1 0 1 -0.375003 0.589729 -0.673096 0 0 0 
-55.7419 68.5106 17789.8 -25.9086 -21.1669 225.129 66.6487 -13 1 1 0 1 -0.384058 0.463364 -2.21542 0 0 0 
-67.4831 54.7719 17888.1 -24.2606 -41.4728 222.472 67.0165 -13 1 1 0 1 -0.291647 0.223492 -3.36904 0 0 0 
-74.1511 33.2094 17985.5 -3.46764 -53.9309 221.092 67.3843 -13 1 1 0 1 -0.0446037 0.00463677 -3.85812 0 0 0 
-69.6228 10.4785 18082.7 23.3309 -46.0423 221.671 67.752 -13 1 1 0 1 0.226722 -0.0486083 -3.55154 0 0 0 
-55.4293 -5.14994 18180.4 38.6572 -24.1807 222.987 68.1198 -13 1 1 0 1 0.342053 0.0202969 -2.56635 0 0 0 
-37.642 -11.1523 18278.6 40.7796 -4.57576 223.872 68.4875 -13 1 1 0 1 0.288366 0.0775583 -1.15604 0 0 0 
-20.2196 -10.8139 18377 38.4628 4.07298 224.291 68.8553 -13 1 1 0 1 0.156642 0.079447 0.416239 0 0 0 
-3.69187 -9.33768 18475.6 36.8888 0.755588 224.591 69.223 -13 1 1 0 1 0.0179843 0.0587561 1.91857 0 0 0 
11.9431 -11.5682 18574.4 33.4843 -12.0664 224.801 69.5908 -13 1 1 0 1 -0.0664801 0.0463705 3.09401 0 0 0 
24.7016 -20.2792 18673.1 23.346 -27.0622 224.778 69.9585 -13 1 1 0 1 -0.0393639 0.0139552 3.68792 0 0 0 
31.8122 -34.1898 18771.9 9.12084 -34.4594 224.793 70.3263 -13 1 1 0 1 0.0779107 -0.104413 3.52943 0 0 0 
33.6311 -49.0925 18870.7 0.953015 -32.1613 225.316 70.694 -13 1 1 0 1 0.190571 -0.299007 2.64641 0 0 0 
34.4795 -61.8865 18969.9 4.98696 -25.8487 226.074 71.0618 -13 1 1 0 1 0.257929 -0.481102 1.25827 0 0 0 
39.5798 -71.5955 19069.3 19.5957 -17.7966 226.057 71.4295 -13 1 1 0 1 0.313914 -0.582161 -0.354282 0 0 0 
52.3358 -76.5084 19168.3 38.3271 -2.78174 224.334 71.7973 -13 1 1 0 1 0.373548 -0.556597 -1.94357 0 0 0 
72.0275 -72.2431 19266.2 48.4933 23.9642 221.08 72.1651 -13 1 1 0 1 0.356389 -0.36343 -3.24113 0 0 0 
91.5031 -55.0531 19362.7 35.8168 52.8523 218.463 72.5328 -13 1 1 0 1 0.132292 -0.0801882 -3.9479 0 0 0 
100.584 -28.7703 19458.6 4.07175 62.0893 218.931 72.9006 -13 1 1 0 1 -0.252083 0.0761425 -3.85568 0 0 0 
95.7728 -4.45681 19555.4 -23.4066 45.2006 221.837 73.2683 -13 1 1 0 1 -0.549272 0.0320619 -3.00092 0 0 0 
82.7399 9.51266 19653.5 -33.0873 18.366 224.433 73.6361 -13 1 1 0 1 -0.626984 -0.0649099 -1.63868 0 0 0 
68.3378 12.5346 19752.4 -31.6765 -3.08118 225.365 74.0038 -13 1 1 0 1 -0.551996 -0.0934752 -0.0607118 0 0 0 
54.8289 8.28918 19851.4 -30.5287 -14.4698 225.08 74.3716 -13 1 1 0 1 -0.403625 -0.0514243 1.4892 0 0 0 
40.7446 1.4748 19950.1 -34.2892 -14.5351 224.534 74.7393 -13 1 1 0 1 -0.215169 0.00462137 2.7498 0 0 0 
24.5878 -2.7334 20048.7 -38.6653 -2.89793 224.275 75.1071 -13 1 1 0 1 -0.0460884 0.0197513 3.4542 0 0 0 
7.78308 -0.178458 20147.2 -36.4465 14.6398 224.187 75.4748 -13 1 1 0 1 0.0167476 0.0142866 3.42158 0 0 0 
-6.56361 9.47535 20245.7 -28.5721 27.948 224.065 75.8426 -13 1 1 0 1 -0.0351985 0.0648555 2.65325 0 0 0 
-17.8216 23.0507 20344.1 -23.9763 32.3913 224.005 76.2104 -13 1 1 0 1 -0.135132 0.187056 1.33174 0 0 0 
-29.1216 36.742 20442.5 -29.2759 28.523 223.901 76.5781 -13 1 1 0 1 -0.245314 0.321772 -0.28929 0 0 0 
-44.8499 46.5662 20540.8 -43.1137 13.9306 223.046 76.9459 -13 1 1 0 1 -0.363716 0.391063 -1.97825 0 0 0 
-66.5529 46.6484 20638.3 -53.477 -16.1974 220.636 77.3136 -13 1 1 0 1 -0.437631 0.320604 -3.50113 0 0 0 
-88.3398 31.0068 20734.5 -40.4119 -54.4957 217.255 77.6814 -13 1 1 0 1 -0.334317 0.129276 -4.59605 0 0 0 
-97.7007 1.62924 20829.4 1.08681 -73.5067 215.402 78.0491 -13 1 1 0 1 -0.0354613 0.00820865 -5.03453 0 0 0 
-87.1513 -27.8537 20924.2 44.1952 -54.8617 216.424 78.4169 -13 1 1 0 1 0.220378 0.0729885 -4.79282 0 0 0 
-62.7932 -43.4281 21019.8 61.6873 -14.969 218.571 78.7846 -13 1 1 0 1 0.255367 0.175297 -4.11526 0 0 0 
-36.5748 -41.7825 21116.2 54.8257 20.3395 219.961 79.1524 -13 1 1 0 1 0.157334 0.1765 -3.30139 0 0 0 
-15.9581 -27.6809 21212.9 38.5642 41.5469 220.43 79.5201 -13 1 1 0 1 0.0607426 0.101785 -2.53981 0 0 0 
-9.69021 -19.807 21252.2 31.9095 46.6204 220.479 79.6692 -13 1 1 0 1 0.0343815 0.0668282 -2.26811 0 0 0 

# End of Event 1

