# AllTracks
#x y z Px Py Pz t PDGid EventID TrackID ParentID Weight Bx By Bz Ex Ey Ez
# Event -2 Track 1
-11.2945 14.0917 0 0.833445 -1.28798 227.795 0 -13 -2 1 0 1 0.0844236 -0.0883828 -2.26474 0 0 0 
-11.2894 14.0922 0.4995 0.848595 -1.27408 227.795 0.00183677 -13 -2 1 0 1 0.0844909 -0.0885385 -2.25815 0 0 0 
-11.2894 14.0922 0.5005 0.848625 -1.27405 227.795 0.00184045 -13 -2 1 0 1 0.0844911 -0.0885388 -2.25814 0 0 0 
-10.2595 14.2028 100.494 3.855 1.82695 227.76 0.369538 -13 -2 1 0 1 0.0894509 -0.110536 -0.784151 0 0 0 
-7.81842 15.5904 200.453 7.44529 4.19998 227.64 0.737235 -13 -2 1 0 1 0.0701725 -0.124217 0.811966 0 0 0 
-3.5632 17.4697 300.343 12.0344 3.70649 227.452 1.10493 -13 -2 1 0 1 0.033632 -0.118812 2.2787 0 0 0 
2.6101 18.189 400.146 15.6068 -1.14161 227.262 1.47263 -13 -2 1 0 1 0.00238514 -0.0757575 3.33918 0 0 0 
9.44398 16.0909 499.886 14.5642 -8.41579 227.178 1.84033 -13 -2 1 0 1 0.0131056 -0.00763254 3.73203 0 0 0 
14.676 11.2189 599.626 8.79198 -12.9434 227.262 2.20803 -13 -2 1 0 1 0.0676022 0.0352468 3.3406 0 0 0 
17.1443 5.51975 699.43 2.83102 -12.2437 227.453 2.57572 -13 -2 1 0 1 0.121218 0.0294371 2.28108 0 0 0 
17.6619 0.918116 799.321 0.141389 -8.47114 227.642 2.94342 -13 -2 1 0 1 0.144665 0.000525027 0.814548 0 0 0 
17.7109 -1.84241 899.281 0.420918 -4.10941 227.763 3.31112 -13 -2 1 0 1 0.142766 -0.0226457 -0.785968 0 0 0 
18.1583 -2.70906 999.275 1.56929 0.126632 227.795 3.67881 -13 -2 1 0 1 0.121134 -0.0287598 -2.25767 0 0 0 
18.9068 -1.81333 1099.27 1.52674 3.75217 227.764 4.04651 -13 -2 1 0 1 0.0733115 -0.020838 -3.32592 0 0 0 
19.2366 0.271328 1199.24 -0.213136 5.24737 227.739 4.41421 -13 -2 1 0 1 0.000619196 -0.0151539 -3.72551 0 0 0 
18.7293 2.32072 1299.22 -1.88971 3.60182 227.764 4.78191 -13 -2 1 0 1 -0.0715864 -0.0226982 -3.3377 0 0 0 
17.8506 3.13483 1399.21 -1.7952 -0.0749837 227.793 5.1496 -13 -2 1 0 1 -0.118493 -0.0315099 -2.27843 0 0 0 
17.3333 2.18816 1499.21 -0.518428 -4.25924 227.76 5.5173 -13 -2 1 0 1 -0.139534 -0.0253803 -0.8113 0 0 0 
17.2637 -0.617734 1599.16 -0.141198 -8.5269 227.64 5.885 -13 -2 1 0 1 -0.14162 -0.00185426 0.788783 0 0 0 
16.7668 -5.22748 1699.06 -2.73715 -12.2359 227.455 6.2527 -13 -2 1 0 1 -0.119168 0.0276705 2.25901 0 0 0 
14.3569 -10.9251 1798.86 -8.62911 -12.9607 227.267 6.62039 -13 -2 1 0 1 -0.0670774 0.0346858 3.32669 0 0 0 
9.19584 -15.824 1898.6 -14.4235 -8.52418 227.183 6.98809 -13 -2 1 0 1 -0.0136462 -0.00669612 3.7289 0 0 0 
2.40107 -17.9854 1998.34 -15.5771 -1.30952 227.263 7.35579 -13 -2 1 0 1 -0.00332243 -0.0741005 3.34782 0 0 0 
-3.78448 -17.341 2098.15 -12.1122 3.53846 227.45 7.72349 -13 -2 1 0 1 -0.034998 -0.11751 2.29588 0 0 0 
-8.08743 -15.535 2198.04 -7.57506 4.02756 227.638 8.09118 -13 -2 1 0 1 -0.0722228 -0.123692 0.833066 0 0 0 
-10.5864 -14.2338 2298 -3.9782 1.5964 227.76 8.45888 -13 -2 1 0 1 -0.0921242 -0.110992 -0.767355 0 0 0 
-11.6546 -14.2449 2397.99 -0.883916 -1.59927 227.793 8.82658 -13 -2 1 0 1 -0.0872375 -0.090065 -2.24584 0 0 0 
-11.3293 -15.4449 2497.98 2.36648 -3.49324 227.761 9.19428 -13 -2 1 0 1 -0.056346 -0.0536722 -3.32103 0 0 0 
-9.70364 -16.9176 2597.95 4.71203 -2.78291 227.734 9.56197 -13 -2 1 0 1 -0.0139392 0.0061757 -3.72976 0 0 0 
-7.60939 -17.6404 2697.93 4.28798 -0.428812 227.759 9.92967 -13 -2 1 0 1 0.0167433 0.0735868 -3.35194 0 0 0 
-6.35251 -17.3744 2797.92 1.09975 1.45273 227.793 10.2974 -13 -2 1 0 1 0.0326915 0.120242 -2.29972 0 0 0 
-6.80669 -16.4974 2897.91 -3.22061 2.50144 227.764 10.6651 -13 -2 1 0 1 0.0479735 0.136491 -0.835749 0 0 0 
-9.13261 -15.0695 2997.88 -7.21376 4.29215 227.645 11.0328 -13 -2 1 0 1 0.0689865 0.127049 0.764746 0 0 0 
-12.8626 -12.3831 3097.77 -9.27123 8.36432 227.458 11.4005 -13 -2 1 0 1 0.0835493 0.0927857 2.24215 0 0 0 
-16.6451 -7.49645 3197.57 -7.10325 13.8716 227.266 11.7682 -13 -2 1 0 1 0.0643331 0.0430799 3.31699 0 0 0 
-18.41 -0.58556 3297.31 -0.419985 16.807 227.179 12.1359 -13 -2 1 0 1 0.00198098 0.015225 3.72842 0 0 0 
-16.9773 6.43179 3397.05 6.50313 14.3131 227.257 12.5036 -13 -2 1 0 1 -0.0625247 0.037862 3.35744 0 0 0 
-13.3567 11.5433 3496.85 9.13354 8.88257 227.444 12.8713 -13 -2 1 0 1 -0.085446 0.0861612 2.31283 0 0 0 
-9.60484 14.4216 3596.74 7.41967 4.63037 227.632 13.2389 -13 -2 1 0 1 -0.0724797 0.121538 0.853577 0 0 0 
-7.14425 15.9581 3696.7 3.60675 2.6785 227.756 13.6066 -13 -2 1 0 1 -0.0510197 0.132818 -0.746835 0 0 0 
-6.50187 16.9065 3796.69 -0.648441 1.6311 227.793 13.9743 -13 -2 1 0 1 -0.0345403 0.118961 -2.22856 0 0 0 
-7.57404 17.2774 3896.68 -3.92959 -0.120414 227.766 14.342 -13 -2 1 0 1 -0.0181458 0.0754001 -3.31086 0 0 0 
-9.56403 16.7119 3996.66 -4.61389 -2.40105 227.741 14.7097 -13 -2 1 0 1 0.0118315 0.00985065 -3.72895 0 0 0 
-11.2079 15.3905 4096.64 -2.53072 -3.21061 227.763 15.0774 -13 -2 1 0 1 0.0538882 -0.0505123 -3.36143 0 0 0 
-11.6384 14.2795 4196.63 0.59124 -1.4696 227.795 15.4451 -13 -2 1 0 1 0.0859981 -0.0886222 -2.31666 0 0 0 
-11.6024 14.2806 4200.5 0.711236 -1.36176 227.795 15.4594 -13 -2 1 0 1 0.0865776 -0.0898339 -2.26578 0 0 0 
-11.6024 14.2806 4200.5 0.711267 -1.36173 227.795 15.4594 -13 -2 1 0 1 0.0865778 -0.0898343 -2.26577 0 0 0 
-10.6202 14.3626 4300.49 3.77106 1.79405 227.762 15.8271 -13 -2 1 0 1 0.0923159 -0.111848 -0.791194 0 0 0 
-8.20755 15.7557 4400.45 7.39996 4.26168 227.64 16.1948 -13 -2 1 0 1 0.0732407 -0.125554 0.809187 0 0 0 
-3.95969 17.6833 4500.34 12.0535 3.86075 227.448 16.5625 -13 -2 1 0 1 0.0362313 -0.120249 2.27621 0 0 0 
2.24449 18.4818 4600.14 15.7339 -0.949531 227.254 16.9302 -13 -2 1 0 1 0.00376873 -0.0769069 3.33691 0 0 0 
9.15822 16.458 4699.88 14.7921 -8.28617 227.168 17.2979 -13 -2 1 0 1 0.0130894 -0.00766235 3.72995 0 0 0 
14.4973 11.616 4799.62 9.0336 -12.9393 227.253 17.6656 -13 -2 1 0 1 0.0669002 0.0367365 3.33869 0 0 0 
17.0572 5.89475 4899.42 2.99698 -12.3383 227.446 18.0333 -13 -2 1 0 1 0.120624 0.031883 2.27936 0 0 0 
17.6257 1.24126 4999.3 0.209369 -8.60431 227.637 18.401 -13 -2 1 0 1 0.144362 0.00306136 0.813019 0 0 0 
17.6879 -1.57991 5099.26 0.420121 -4.25086 227.76 18.7686 -13 -2 1 0 1 0.142571 -0.0205821 -0.787344 0 0 0 
18.1287 -2.51044 5199.26 1.54834 -0.0240151 227.795 19.1363 -13 -2 1 0 1 0.120914 -0.0274513 -2.26252 0 0 0 
18.8729 -1.68306 5299.25 1.53607 3.59343 227.767 19.504 -13 -2 1 0 1 0.0731627 -0.0203384 -3.33059 0 0 0 
19.2202 0.334411 5399.23 -0.140671 5.10587 227.743 19.8717 -13 -2 1 0 1 0.000603637 -0.0151549 -3.73008 0 0 0 
18.7578 2.33128 5499.21 -1.76149 3.50684 227.766 20.2394 -13 -2 1 0 1 -0.0717108 -0.0227427 -3.3422 0 0 0 
17.942 3.11385 5599.2 -1.64168 -0.127874 227.794 20.6071 -13 -2 1 0 1 -0.119112 -0.0313781 -2.28281 0 0 0 
17.4936 2.14645 5699.19 -0.360703 -4.30895 227.759 20.9748 -13 -2 1 0 1 -0.140819 -0.0250567 -0.815495 0 0 0 
17.4916 -0.689772 5799.15 0.00615336 -8.62344 227.637 21.3425 -13 -2 1 0 1 -0.143443 -0.00128747 0.78482 0 0 0 
17.0504 -5.35925 5899.04 -2.63986 -12.4143 227.446 21.7102 -13 -2 1 0 1 -0.121049 0.0285429 2.2589 0 0 0 
14.6614 -11.1512 5998.84 -8.64066 -13.2033 227.253 22.0779 -13 -2 1 0 1 -0.0682686 0.0355711 3.3268 0 0 0 
9.46584 -16.156 6098.57 -14.5656 -8.74688 227.166 22.4456 -13 -2 1 0 1 -0.0136736 -0.00665777 3.72926 0 0 0 
2.59107 -18.395 6198.31 -15.7822 -1.43284 227.248 22.8133 -13 -2 1 0 1 -0.00261112 -0.0756249 3.34842 0 0 0 
-3.67911 -17.7818 6298.1 -12.278 3.5121 227.442 23.181 -13 -2 1 0 1 -0.0343089 -0.120385 2.29662 0 0 0 
-8.03463 -15.9758 6397.99 -7.64429 4.04517 227.636 23.5487 -13 -2 1 0 1 -0.0718082 -0.127163 0.833824 0 0 0 
-10.5408 -14.6639 6497.95 -3.94278 1.62725 227.76 23.9164 -13 -2 1 0 1 -0.0917694 -0.114397 -0.766693 0 0 0 
-11.5736 -14.656 6597.94 -0.764003 -1.53773 227.794 24.2841 -13 -2 1 0 1 -0.0867147 -0.0928015 -2.24538 0 0 0 
-11.1865 -15.8149 6697.93 2.51479 -3.36212 227.761 24.6518 -13 -2 1 0 1 -0.0558096 -0.0551385 -3.32087 0 0 0 
-9.50541 -17.2135 6797.91 4.80246 -2.58287 227.735 25.0195 -13 -2 1 0 1 -0.0139402 0.00612023 -3.72989 0 0 0 
-7.39538 -17.8445 6897.89 4.2668 -0.22352 227.76 25.3872 -13 -2 1 0 1 0.0159294 0.074326 -3.35235 0 0 0 
-6.16987 -17.4996 6997.88 0.9855 1.60043 227.792 25.7549 -13 -2 1 0 1 0.0314923 0.121045 -2.30033 0 0 0 
-6.68586 -16.5724 7097.87 -3.38095 2.58671 227.76 26.1226 -13 -2 1 0 1 0.0470196 0.137076 -0.836469 0 0 0 
-9.08626 -15.1136 7197.83 -7.38907 4.35619 227.639 26.4903 -13 -2 1 0 1 0.0686222 0.127401 0.763996 0 0 0 
-12.8924 -12.3939 7297.72 -9.43788 8.46033 227.447 26.858 -13 -2 1 0 1 0.0837593 0.0928685 2.24148 0 0 0 
-16.7391 -7.45147 7397.52 -7.22101 14.0311 227.253 27.2257 -13 -2 1 0 1 0.0647334 0.0429181 3.31661 0 0 0 
-18.5366 -0.459443 7497.25 -0.446437 17.009 227.164 27.5934 -13 -2 1 0 1 0.00204142 0.0152126 3.7285 0 0 0 
-17.0953 6.64534 7596.98 6.56203 14.5005 227.243 27.9611 -13 -2 1 0 1 -0.0629263 0.0386428 3.3581 0 0 0 
-13.4408 11.8294 7696.78 9.21764 9.025 227.435 28.3288 -13 -2 1 0 1 -0.0859779 0.088011 2.31392 0 0 0 
-9.65884 14.7625 7796.66 7.46304 4.74195 227.629 28.6965 -13 -2 1 0 1 -0.0729039 0.124216 0.854836 0 0 0 
-7.19678 16.3448 7896.62 3.56437 2.77553 227.755 29.0642 -13 -2 1 0 1 -0.0514431 0.135886 -0.745663 0 0 0 
-6.59619 17.3294 7996.61 -0.796835 1.69165 227.793 29.4319 -13 -2 1 0 1 -0.0351823 0.121802 -2.22773 0 0 0 
-7.75271 17.7085 8096.6 -4.15468 -0.153487 227.762 29.7996 -13 -2 1 0 1 -0.0188742 0.0771505 -3.31062 0 0 0 
-9.84185 17.1014 8196.58 -4.82176 -2.55488 227.735 30.1673 -13 -2 1 0 1 0.0117619 0.00996038 -3.72935 0 0 0 
-11.5553 15.6959 8296.55 -2.63062 -3.42343 227.759 30.535 -13 -2 1 0 1 0.0551471 -0.0516016 -3.36242 0 0 0 
-12.003 14.4971 8396.54 0.60729 -1.64293 227.793 30.9027 -13 -2 1 0 1 0.0883556 -0.0900166 -2.31797 0 0 0 
-11.9653 14.496 8400.5 0.733632 -1.52966 227.794 30.9172 -13 -2 1 0 1 0.0889704 -0.0912573 -2.26597 0 0 0 
-11.9652 14.496 8400.5 0.733664 -1.52963 227.794 30.9172 -13 -2 1 0 1 0.0889705 -0.0912576 -2.26595 0 0 0 
-10.9566 14.5234 8500.49 3.86099 1.71497 227.761 31.2849 -13 -2 1 0 1 0.0949719 -0.11312 -0.791252 0 0 0 
-8.49591 15.8994 8600.45 7.52702 4.25698 227.636 31.6526 -13 -2 1 0 1 0.0755145 -0.12669 0.809193 0 0 0 
-4.18466 17.8329 8700.34 12.2158 3.88262 227.439 32.0203 -13 -2 1 0 1 0.0377092 -0.121236 2.27623 0 0 0 
2.09762 18.6352 8800.14 15.9233 -0.964631 227.241 32.388 -13 -2 1 0 1 0.00432784 -0.0774998 3.33694 0 0 0 
9.09291 16.5876 8899.86 14.9644 -8.38238 227.154 32.7557 -13 -2 1 0 1 0.0130841 -0.0076734 3.73001 0 0 0 
14.4939 11.6868 8999.59 9.13753 -13.1043 227.239 33.1234 -13 -2 1 0 1 0.0668774 0.0369976 3.33888 0 0 0 
17.0826 5.88639 9099.39 3.02859 -12.5271 227.435 33.4911 -13 -2 1 0 1 0.120783 0.0318249 2.27972 0 0 0 
17.6567 1.15025 9199.27 0.212733 -8.79017 227.63 33.8588 -13 -2 1 0 1 0.144603 0.00234451 0.813513 0 0 0 
17.725 -1.75086 9299.23 0.454017 -4.42841 227.757 34.2265 -13 -2 1 0 1 0.142867 -0.0219299 -0.786824 0 0 0 
18.1967 -2.75475 9399.22 1.66146 -0.174876 227.794 34.5942 -13 -2 1 0 1 0.121376 -0.0290614 -2.26211 0 0 0 
19.0105 -1.97898 9499.21 1.73564 3.51888 227.766 34.9619 -13 -2 1 0 1 0.0737173 -0.021478 -3.33045 0 0 0 
19.4543 0.0307127 9599.19 0.0848555 5.14638 227.742 35.3296 -13 -2 1 0 1 0.000638798 -0.0151646 -3.73028 0 0 0 
19.0808 2.06561 9699.17 -1.59319 3.62703 227.766 35.6973 -13 -2 1 0 1 -0.072916 -0.0217347 -3.3427 0 0 0 
18.3201 2.9024 9799.16 -1.55752 -0.0156893 227.795 36.065 -13 -2 1 0 1 -0.121584 -0.0299921 -2.28344 0 0 0 
17.8945 1.96947 9899.16 -0.335765 -4.27125 227.76 36.4327 -13 -2 1 0 1 -0.143978 -0.0236636 -0.816116 0 0 0 
17.894 -0.871201 9999.11 -0.0121285 -8.68163 227.635 36.8004 -13 -2 1 0 1 -0.146627 0.000144174 0.78431 0 0 0 
17.4319 -5.58457 10099 -2.72326 -12.549 227.438 37.1681 -13 -2 1 0 1 -0.123584 0.0300352 2.25859 0 0 0 
14.9858 -11.4409 10198.8 -8.81966 -13.3463 227.238 37.5358 -13 -2 1 0 1 -0.0695471 0.03671 3.32679 0 0 0 
9.69381 -16.4927 10298.5 -14.8144 -8.80392 227.147 37.9035 -13 -2 1 0 1 -0.0137067 -0.00660556 3.72959 0 0 0 
2.71075 -18.7286 10398.2 -16.0104 -1.3633 227.233 38.2712 -13 -2 1 0 1 -0.00216688 -0.0768493 3.34911 0 0 0 
-3.64084 -18.0641 10498 -12.415 3.66564 227.432 38.6389 -13 -2 1 0 1 -0.0340568 -0.122214 2.29756 0 0 0 
-8.03579 -16.1836 10597.9 -7.69242 4.22358 227.631 39.0066 -13 -2 1 0 1 -0.0718157 -0.128796 0.834893 0 0 0 
-10.5519 -14.793 10697.9 -3.94934 1.80545 227.759 39.3743 -13 -2 1 0 1 -0.0918616 -0.115426 -0.765647 0 0 0 
-11.5888 -14.7078 10797.9 -0.785258 -1.36441 227.795 39.742 -13 -2 1 0 1 -0.0868302 -0.0931663 -2.24451 0 0 0 
-11.2227 -15.7945 10897.9 2.43617 -3.21157 227.765 40.1097 -13 -2 1 0 1 -0.0559751 -0.055097 -3.32036 0 0 0 
-9.59011 -17.1383 10997.8 4.66375 -2.48883 227.739 40.4773 -13 -2 1 0 1 -0.0139727 0.00608097 -3.72984 0 0 0 
-7.54747 -17.743 11097.8 4.10615 -0.1955 227.763 40.845 -13 -2 1 0 1 0.016481 0.073907 -3.3528 0 0 0 
-6.39028 -17.3942 11197.8 0.838439 1.59913 227.793 41.2127 -13 -2 1 0 1 0.032921 0.120335 -2.30115 0 0 0 
-6.96594 -16.4638 11297.8 -3.50567 2.61145 227.758 41.5804 -13 -2 1 0 1 0.0492181 0.136215 -0.837477 0 0 0 
-9.41538 -14.9798 11397.8 -7.48481 4.45223 227.634 41.9481 -13 -2 1 0 1 0.0712231 0.12635 0.762981 0 0 0 
-13.2514 -12.1984 11497.6 -9.46953 8.64451 227.439 42.3158 -13 -2 1 0 1 0.0861534 0.0915913 2.24065 0 0 0 
-17.0879 -7.16186 11597.4 -7.13569 14.2631 227.241 42.6835 -13 -2 1 0 1 0.0661401 0.0418049 3.31622 0 0 0 
-18.8198 -0.0749867 11697.2 -0.23983 17.1916 227.15 43.0512 -13 -2 1 0 1 0.002131 0.0151705 3.72871 0 0 0 
-17.2754 7.08427 11796.9 6.80597 14.5613 227.233 43.4189 -13 -2 1 0 1 -0.0635518 0.0402576 3.35895 0 0 0 
-13.5251 12.2702 11896.7 9.39726 8.98236 227.429 43.7866 -13 -2 1 0 1 -0.0865098 0.0908658 2.3152 0 0 0 
-9.68719 15.1735 11996.6 7.53711 4.65806 227.628 44.1543 -13 -2 1 0 1 -0.0731264 0.127443 0.856273 0 0 0 
-7.21417 16.7169 12096.5 3.54464 2.68397 227.757 44.522 -13 -2 1 0 1 -0.0515892 0.138841 -0.74433 0 0 0 
-6.63671 17.6583 12196.5 -0.875049 1.5822 227.793 44.8897 -13 -2 1 0 1 -0.035468 0.124022 -2.22673 0 0 0 
-7.83054 17.9809 12296.5 -4.23535 -0.304176 227.761 45.2574 -13 -2 1 0 1 -0.0192079 0.0782806 -3.31017 0 0 0 
-9.94338 17.2994 12396.5 -4.83975 -2.73715 227.732 45.6251 -13 -2 1 0 1 0.0117121 0.0100503 -3.72952 0 0 0 
-11.6446 15.8157 12496.5 -2.55741 -3.58889 227.758 45.9928 -13 -2 1 0 1 0.0554448 -0.0519962 -3.3632 0 0 0 
-12.0441 14.5549 12596.5 0.747073 -1.75809 227.792 46.3605 -13 -2 1 0 1 0.0886041 -0.0903651 -2.31919 0 0 0 
-12.0027 14.5521 12600.5 0.878111 -1.64019 227.793 46.3754 -13 -2 1 0 1 0.0892179 -0.0916277 -2.266 0 0 0 
-12.0027 14.5521 12600.5 0.878144 -1.64016 227.793 46.3754 -13 -2 1 0 1 0.089218 -0.091628 -2.26599 0 0 0 
-10.9237 14.5397 12700.5 4.0321 1.63726 227.759 46.7431 -13 -2 1 0 1 0.0947119 -0.113249 -0.791264 0 0 0 
-8.38702 15.8798 12800.5 7.69743 4.16211 227.632 47.1108 -13 -2 1 0 1 0.0746563 -0.126535 0.809152 0 0 0 
-4.00719 17.7589 12900.3 12.35 3.72468 227.435 47.4785 -13 -2 1 0 1 0.036544 -0.12075 2.27613 0 0 0 
2.31607 18.4764 13000.1 15.9666 -1.18802 227.237 47.8462 -13 -2 1 0 1 0.00349429 -0.0768957 3.33681 0 0 0 
9.30359 16.3269 13099.9 14.8865 -8.60956 227.15 48.2139 -13 -2 1 0 1 0.0130801 -0.00767653 3.7299 0 0 0 
14.6509 11.3396 13199.6 8.98494 -13.2636 227.236 48.5816 -13 -2 1 0 1 0.0674696 0.0356721 3.33887 0 0 0 
17.1728 5.48692 13299.4 2.89041 -12.6101 227.433 48.9493 -13 -2 1 0 1 0.12137 0.0292033 2.27984 0 0 0 
17.7017 0.723883 13399.3 0.152208 -8.83681 227.629 49.317 -13 -2 1 0 1 0.144957 -0.00101365 0.813697 0 0 0 
17.7657 -2.19513 13499.2 0.497323 -4.46385 227.756 49.6847 -13 -2 1 0 1 0.143192 -0.0254336 -0.786641 0 0 0 
18.2798 -3.20881 13599.2 1.80797 -0.176213 227.793 50.0524 -13 -2 1 0 1 0.121931 -0.0320529 -2.262 0 0 0 
19.1732 -2.41622 13699.2 1.93872 3.60506 227.764 50.4201 -13 -2 1 0 1 0.0743552 -0.0231609 -3.33051 0 0 0 
19.7009 -0.345241 13799.2 0.246451 5.33474 227.738 50.7878 -13 -2 1 0 1 0.000659326 -0.0151775 -3.7305 0 0 0 
19.3735 1.7834 13899.2 -1.55104 3.84968 227.763 51.1555 -13 -2 1 0 1 -0.0740178 -0.020665 -3.34304 0 0 0 
18.6048 2.70887 13999.1 -1.62891 0.155146 227.794 51.5232 -13 -2 1 0 1 -0.123448 -0.028724 -2.2838 0 0 0 
18.1322 1.83333 14099.1 -0.470786 -4.1794 227.761 51.8909 -13 -2 1 0 1 -0.145851 -0.0225918 -0.816433 0 0 0 
18.0652 -0.979534 14199.1 -0.176713 -8.63887 227.636 52.2585 -13 -2 1 0 1 -0.147982 0.00099898 0.784066 0 0 0 
17.5272 -5.67506 14299 -2.90126 -12.5009 227.439 52.6262 -13 -2 1 0 1 -0.12422 0.0306345 2.25843 0 0 0 
15.0048 -11.4995 14398.8 -8.98228 -13.2434 227.238 52.9939 -13 -2 1 0 1 -0.0696294 0.0369433 3.32671 0 0 0 
9.65353 -16.4914 14498.5 -14.9148 -8.6374 227.147 53.3616 -13 -2 1 0 1 -0.0137105 -0.0065949 3.72957 0 0 0 
2.64489 -18.6471 14598.2 -16.0276 -1.17233 227.233 53.7293 -13 -2 1 0 1 -0.0024163 -0.0765312 3.34916 0 0 0 
-3.70128 -17.901 14698 -12.3821 3.84253 227.431 54.097 -13 -2 1 0 1 -0.0344501 -0.121139 2.29772 0 0 0 
-8.08159 -15.9472 14797.9 -7.66861 4.38217 227.629 54.4647 -13 -2 1 0 1 -0.0721738 -0.126931 0.835147 0 0 0 
-10.5994 -14.4895 14897.9 -3.98934 1.95262 227.757 54.8324 -13 -2 1 0 1 -0.0922359 -0.113028 -0.765317 0 0 0 
-11.6752 -14.3453 14997.9 -0.92538 -1.25039 227.795 55.2001 -13 -2 1 0 1 -0.0874026 -0.0907712 -2.24414 0 0 0 
-11.3917 -15.3996 15097.8 2.20837 -3.1882 227.767 55.5678 -13 -2 1 0 1 -0.0566376 -0.0535674 -3.32004 0 0 0 
-9.86401 -16.7609 15197.8 4.43144 -2.59124 227.742 55.9355 -13 -2 1 0 1 -0.0140032 0.00610183 -3.72965 0 0 0 
-7.90623 -17.4301 15297.8 3.96258 -0.371441 227.766 56.3032 -13 -2 1 0 1 0.0178187 0.0727241 -3.35281 0 0 0 
-6.78759 -17.1562 15397.8 0.802639 1.44903 227.794 56.6709 -13 -2 1 0 1 0.0355114 0.118775 -2.30132 0 0 0 
-7.362 -16.2737 15497.8 -3.47109 2.54826 227.76 57.0386 -13 -2 1 0 1 0.0523325 0.134718 -0.837708 0 0 0 
-9.78628 -14.7972 15597.7 -7.40603 4.47776 227.636 57.4063 -13 -2 1 0 1 0.074147 0.124893 0.758848 0 0 0 
-13.577 -11.9914 15697.6 -9.33941 8.72109 227.442 57.774 -13 -2 1 0 1 0.0883035 0.0902102 2.23641 0 0 0 
-17.3435 -6.92219 15797.4 -6.94857 14.3223 227.243 58.1417 -13 -2 1 0 1 0.0671322 0.0408615 3.31189 0 0 0 
-18.9873 0.174012 15897.2 -0.0370529 17.1676 227.153 58.5094 -13 -2 1 0 1 0.0021396 0.0151397 3.72427 0 0 0 
-17.3639 7.30186 15996.9 6.95264 14.4471 227.235 58.8771 -13 -2 1 0 1 -0.0638947 0.041071 3.35431 0 0 0 
-13.5688 12.4261 16096.7 9.45441 8.82398 227.433 59.2448 -13 -2 1 0 1 -0.0868079 0.0918945 2.31026 0 0 0 
-9.72175 15.2574 16196.6 7.52876 4.49173 227.632 59.6125 -13 -2 1 0 1 -0.0734077 0.128124 0.850985 0 0 0 
-7.25735 16.7264 16296.5 3.52289 2.50981 227.759 59.9802 -13 -2 1 0 1 -0.0519296 0.138919 -0.746046 0 0 0 
-6.68227 17.5889 16396.5 -0.855226 1.3978 227.794 60.3479 -13 -2 1 0 1 -0.0357693 0.123565 -2.22857 0 0 0 
-7.84998 17.8324 16496.5 -4.13214 -0.472122 227.762 60.7156 -13 -2 1 0 1 -0.0192842 0.0777007 -3.31212 0 0 0 
-9.89938 17.0903 16596.5 -4.66061 -2.83784 227.735 61.0833 -13 -2 1 0 1 0.0117159 0.010027 -3.73156 0 0 0 
-11.516 15.5816 16696.5 -2.36268 -3.60467 227.76 61.451 -13 -2 1 0 1 0.054963 -0.0511227 -3.36541 0 0 0 
-11.8373 14.3252 16796.5 0.902643 -1.73319 227.792 61.8187 -13 -2 1 0 1 0.0872517 -0.0888629 -2.32166 0 0 0 
-11.7937 14.3227 16800.5 1.03161 -1.61501 227.792 61.8336 -13 -2 1 0 1 0.087834 -0.0901093 -2.26846 0 0 0 
-11.7936 14.3227 16800.5 1.03164 -1.61498 227.792 61.8336 -13 -2 1 0 1 0.0878341 -0.0901096 -2.26845 0 0 0 
-10.659 14.3178 16900.5 4.13181 1.63716 227.757 62.2013 -13 -2 1 0 1 0.0926043 -0.111478 -0.797785 0 0 0 
-8.09102 15.6449 17000.4 7.7385 4.10005 227.632 62.569 -13 -2 1 0 1 0.0723086 -0.124659 0.802099 0 0 0 
-3.70978 17.4834 17100.3 12.3106 3.60675 227.439 62.9367 -13 -2 1 0 1 0.0345866 -0.118907 2.26852 0 0 0 
2.57485 18.147 17200.1 15.831 -1.30175 227.246 63.3044 -13 -2 1 0 1 0.00252078 -0.0756003 3.32863 0 0 0 
9.48845 15.9637 17299.9 14.6992 -8.6389 227.161 63.6721 -13 -2 1 0 1 0.013116 -0.00763988 3.72116 0 0 0 
14.7599 10.9875 17399.6 8.8428 -13.1875 227.246 64.0398 -13 -2 1 0 1 0.0679431 0.0343532 3.32952 0 0 0 
17.2423 5.1831 17499.4 2.85739 -12.4764 227.441 64.4074 -13 -2 1 0 1 0.1219 0.0272108 2.26977 0 0 0 
17.7808 0.483048 17599.3 0.223272 -8.68624 227.635 64.7751 -13 -2 1 0 1 0.145661 -0.00292977 0.80282 0 0 0 
17.8905 -2.36514 17699.2 0.624964 -4.2863 227.759 65.1428 -13 -2 1 0 1 0.14424 -0.026803 -0.794478 0 0 0 
18.461 -3.28814 17799.2 1.92399 0.0644752 227.792 65.5105 -13 -2 1 0 1 0.123196 -0.0326096 -2.27058 0 0 0 
19.3864 -2.37472 17899.2 1.95379 3.90842 227.758 65.8782 -13 -2 1 0 1 0.0752535 -0.0230342 -3.33983 0 0 0 
19.887 -0.169734 17999.2 0.106399 5.6246 227.731 66.2459 -13 -2 1 0 1 0.000753913 -0.0151978 -3.7406 0 0 0 
19.471 2.06593 18099.2 -1.79897 4.03829 227.758 66.6136 -13 -2 1 0 1 -0.0742852 -0.0217526 -3.35396 0 0 0 
18.589 3.04991 18199.2 -1.8807 0.241279 227.793 66.9813 -13 -2 1 0 1 -0.123227 -0.0309701 -2.29574 0 0 0 
18.0191 2.20251 18299.2 -0.654317 -4.1235 227.762 67.349 -13 -2 1 0 1 -0.144824 -0.0255152 -0.829631 0 0 0 
17.8939 -0.579275 18399.1 -0.25262 -8.5459 227.64 67.7167 -13 -2 1 0 1 -0.146453 -0.00219308 0.765405 0 0 0 
17.3534 -5.22362 18499 -2.83025 -12.3675 227.447 68.0844 -13 -2 1 0 1 -0.122871 0.0275688 2.23773 0 0 0 
14.8986 -10.9951 18598.8 -8.74863 -13.1559 227.252 68.4521 -13 -2 1 0 1 -0.0690135 0.034819 3.30358 0 0 0 
9.67255 -15.9813 18698.5 -14.6018 -8.71416 227.165 68.8198 -13 -2 1 0 1 -0.0135525 -0.0068987 3.70368 0 0 0 
2.78925 -18.2128 18798.3 -15.7948 -1.43199 227.248 69.1875 -13 -2 1 0 1 -0.00180783 -0.0752423 3.32017 0 0 0 
-3.49113 -17.604 18898.1 -12.3183 3.49627 227.44 69.5552 -13 -2 1 0 1 -0.0331202 -0.119573 2.26524 0 0 0 
-7.87475 -15.8042 18998 -7.73287 4.03422 227.633 69.9229 -13 -2 1 0 1 -0.07069 -0.126195 0.798683 0 0 0 
-10.4296 -14.4959 19097.9 -4.07375 1.61781 227.758 70.2906 -13 -2 1 0 1 -0.0911102 -0.113476 -0.802459 0 0 0 
-11.5252 -14.4977 19197.9 -0.912926 -1.57848 227.793 70.6583 -13 -2 1 0 1 -0.086694 -0.0922413 -2.28645 0 0 0 
-11.1983 -15.6861 19297.9 2.40031 -3.45564 227.762 71.026 -13 -2 1 0 1 -0.0562104 -0.0552644 -3.36842 0 0 0 
-9.54931 -17.1326 19397.9 4.77632 -2.69742 227.734 71.3937 -13 -2 1 0 1 -0.0143046 0.00531621 -3.78529 0 0 0 
-7.43008 -17.8069 19497.8 4.32962 -0.298484 227.759 71.7614 -13 -2 1 0 1 0.0157324 0.0731847 -3.41718 0 0 0 
-6.16503 -17.4825 19597.8 1.09601 1.57807 227.792 72.1291 -13 -2 1 0 1 0.0311419 0.119755 -2.37647 0 0 0 
-6.6273 -16.563 19697.8 -3.24884 2.55977 227.763 72.4968 -13 -2 1 0 1 0.0461307 0.135641 -0.926289 0 0 0 
-8.96841 -15.1357 19797.8 -7.2589 4.21963 227.646 72.8645 -13 -2 1 0 1 0.0669328 0.126018 0.653453 0 0 0 
-12.7354 -12.5205 19897.7 -9.42086 8.10835 227.461 73.2322 -13 -2 1 0 1 0.0813176 0.0920826 2.10987 0 0 0 
-16.6446 -7.77993 19997.5 -7.57268 13.4892 227.275 73.5999 -13 -2 1 0 1 0.0619881 0.0428726 3.15852 0 0 0 
-18.7238 -1.01693 20097.2 -1.39643 16.5777 227.192 73.9676 -13 -2 1 0 1 -0.00141604 0.0148958 3.5366 0 0 0 
-17.8232 5.99716 20197 5.08829 14.5649 227.277 74.3353 -13 -2 1 0 1 -0.0699683 0.0375404 3.12231 0 0 0 
-14.8825 11.3348 20296.8 7.47175 9.62622 227.474 74.703 -13 -2 1 0 1 -0.100141 0.0883329 2.02014 0 0 0 
-11.9149 14.5814 20396.7 5.47628 5.47084 227.669 75.0707 -13 -2 1 0 1 -0.0957403 0.12901 0.483791 0 0 0 
-10.4132 16.38 20496.7 1.14787 2.87948 227.779 75.4384 -13 -2 1 0 1 -0.0829075 0.145689 -1.21653 0 0 0 
-10.9582 17.0849 20596.7 -3.50673 0.127652 227.773 75.8061 -13 -2 1 0 1 -0.0729597 0.133887 -2.83941 0 0 0 
-13.1751 16.2425 20696.6 -5.97947 -4.20974 227.683 76.1738 -13 -2 1 0 1 -0.0550592 0.0894972 -4.11538 0 0 0 
-15.5171 13.389 20796.6 -3.8692 -8.4509 227.611 76.5415 -13 -2 1 0 1 -0.0135443 0.0303084 -4.8007 0 0 0 
-16.0493 9.4035 20896.5 1.68067 -8.85727 227.622 76.9092 -13 -2 1 0 1 0.036356 -0.00786144 -4.80389 0 0 0 
-14.1765 6.28907 20996.4 6.40343 -4.78966 227.66 77.2769 -13 -2 1 0 1 0.0596087 -0.017757 -4.26641 0 0 0 
-10.8971 5.40431 21096.3 8.0383 0.721493 227.657 77.6446 -13 -2 1 0 1 0.0509392 -0.0195943 -3.47068 0 0 0 
-7.44063 6.74989 21196.3 7.48696 5.13144 227.62 78.0122 -13 -2 1 0 1 0.0310127 -0.0238686 -2.67019 0 0 0 
-5.71948 8.32412 21252.2 6.82475 6.85161 227.595 78.218 -13 -2 1 0 1 0.0211634 -0.0268454 -2.26997 0 0 0 

# Event -1 Track 1
-11.2945 14.0917 0 0.833445 -1.28798 227.795 0 -13 -1 1 0 1 0.0844236 -0.0883828 -2.26474 0 0 0 
-11.2894 14.0922 0.4995 0.848595 -1.27408 227.795 0.00183677 -13 -1 1 0 1 0.0844909 -0.0885385 -2.25815 0 0 0 
-11.2894 14.0922 0.5005 0.848625 -1.27405 227.795 0.00184045 -13 -1 1 0 1 0.0844911 -0.0885388 -2.25814 0 0 0 
-10.2595 14.2028 100.494 3.855 1.82695 227.76 0.369538 -13 -1 1 0 1 0.0894509 -0.110536 -0.784151 0 0 0 
-7.81842 15.5904 200.453 7.44529 4.19998 227.64 0.737235 -13 -1 1 0 1 0.0701725 -0.124217 0.811966 0 0 0 
-3.5632 17.4697 300.343 12.0344 3.70649 227.452 1.10493 -13 -1 1 0 1 0.033632 -0.118812 2.2787 0 0 0 
2.6101 18.189 400.146 15.6068 -1.14161 227.262 1.47263 -13 -1 1 0 1 0.00238514 -0.0757575 3.33918 0 0 0 
9.44398 16.0909 499.886 14.5642 -8.41579 227.178 1.84033 -13 -1 1 0 1 0.0131056 -0.00763254 3.73203 0 0 0 
14.676 11.2189 599.626 8.79198 -12.9434 227.262 2.20803 -13 -1 1 0 1 0.0676022 0.0352468 3.3406 0 0 0 
17.1443 5.51975 699.43 2.83102 -12.2437 227.453 2.57572 -13 -1 1 0 1 0.121218 0.0294371 2.28108 0 0 0 
17.6619 0.918116 799.321 0.141389 -8.47114 227.642 2.94342 -13 -1 1 0 1 0.144665 0.000525027 0.814548 0 0 0 
17.7109 -1.84241 899.281 0.420918 -4.10941 227.763 3.31112 -13 -1 1 0 1 0.142766 -0.0226457 -0.785968 0 0 0 
18.1583 -2.70906 999.275 1.56929 0.126632 227.795 3.67881 -13 -1 1 0 1 0.121134 -0.0287598 -2.25767 0 0 0 
18.9068 -1.81333 1099.27 1.52674 3.75217 227.764 4.04651 -13 -1 1 0 1 0.0733115 -0.020838 -3.32592 0 0 0 
19.2366 0.271328 1199.24 -0.213136 5.24737 227.739 4.41421 -13 -1 1 0 1 0.000619196 -0.0151539 -3.72551 0 0 0 
18.7293 2.32072 1299.22 -1.88971 3.60182 227.764 4.78191 -13 -1 1 0 1 -0.0715864 -0.0226982 -3.3377 0 0 0 
17.8506 3.13483 1399.21 -1.7952 -0.0749837 227.793 5.1496 -13 -1 1 0 1 -0.118493 -0.0315099 -2.27843 0 0 0 
17.3333 2.18816 1499.21 -0.518428 -4.25924 227.76 5.5173 -13 -1 1 0 1 -0.139534 -0.0253803 -0.8113 0 0 0 
17.2637 -0.617734 1599.16 -0.141198 -8.5269 227.64 5.885 -13 -1 1 0 1 -0.14162 -0.00185426 0.788783 0 0 0 
16.7668 -5.22748 1699.06 -2.73715 -12.2359 227.455 6.2527 -13 -1 1 0 1 -0.119168 0.0276705 2.25901 0 0 0 
14.3569 -10.9251 1798.86 -8.62911 -12.9607 227.267 6.62039 -13 -1 1 0 1 -0.0670774 0.0346858 3.32669 0 0 0 
9.19584 -15.824 1898.6 -14.4235 -8.52418 227.183 6.98809 -13 -1 1 0 1 -0.0136462 -0.00669612 3.7289 0 0 0 
2.40107 -17.9854 1998.34 -15.5771 -1.30952 227.263 7.35579 -13 -1 1 0 1 -0.00332243 -0.0741005 3.34782 0 0 0 
-3.78448 -17.341 2098.15 -12.1122 3.53846 227.45 7.72349 -13 -1 1 0 1 -0.034998 -0.11751 2.29588 0 0 0 
-8.08743 -15.535 2198.04 -7.57506 4.02756 227.638 8.09118 -13 -1 1 0 1 -0.0722228 -0.123692 0.833066 0 0 0 
-10.5864 -14.2338 2298 -3.9782 1.5964 227.76 8.45888 -13 -1 1 0 1 -0.0921242 -0.110992 -0.767355 0 0 0 
-11.6546 -14.2449 2397.99 -0.883916 -1.59927 227.793 8.82658 -13 -1 1 0 1 -0.0872375 -0.090065 -2.24584 0 0 0 
-11.3293 -15.4449 2497.98 2.36648 -3.49324 227.761 9.19428 -13 -1 1 0 1 -0.056346 -0.0536722 -3.32103 0 0 0 
-9.70364 -16.9176 2597.95 4.71203 -2.78291 227.734 9.56197 -13 -1 1 0 1 -0.0139392 0.0061757 -3.72976 0 0 0 
-7.60939 -17.6404 2697.93 4.28798 -0.428812 227.759 9.92967 -13 -1 1 0 1 0.0167433 0.0735868 -3.35194 0 0 0 
-6.35251 -17.3744 2797.92 1.09975 1.45273 227.793 10.2974 -13 -1 1 0 1 0.0326915 0.120242 -2.29972 0 0 0 
-6.80669 -16.4974 2897.91 -3.22061 2.50144 227.764 10.6651 -13 -1 1 0 1 0.0479735 0.136491 -0.835749 0 0 0 
-9.13261 -15.0695 2997.88 -7.21376 4.29215 227.645 11.0328 -13 -1 1 0 1 0.0689865 0.127049 0.764746 0 0 0 
-12.8626 -12.3831 3097.77 -9.27123 8.36432 227.458 11.4005 -13 -1 1 0 1 0.0835493 0.0927857 2.24215 0 0 0 
-16.6451 -7.49645 3197.57 -7.10325 13.8716 227.266 11.7682 -13 -1 1 0 1 0.0643331 0.0430799 3.31699 0 0 0 
-18.41 -0.58556 3297.31 -0.419985 16.807 227.179 12.1359 -13 -1 1 0 1 0.00198098 0.015225 3.72842 0 0 0 
-16.9773 6.43179 3397.05 6.50313 14.3131 227.257 12.5036 -13 -1 1 0 1 -0.0625247 0.037862 3.35744 0 0 0 
-13.3567 11.5433 3496.85 9.13354 8.88257 227.444 12.8713 -13 -1 1 0 1 -0.085446 0.0861612 2.31283 0 0 0 
-9.60484 14.4216 3596.74 7.41967 4.63037 227.632 13.2389 -13 -1 1 0 1 -0.0724797 0.121538 0.853577 0 0 0 
-7.14425 15.9581 3696.7 3.60675 2.6785 227.756 13.6066 -13 -1 1 0 1 -0.0510197 0.132818 -0.746835 0 0 0 
-6.50187 16.9065 3796.69 -0.648441 1.6311 227.793 13.9743 -13 -1 1 0 1 -0.0345403 0.118961 -2.22856 0 0 0 
-7.57404 17.2774 3896.68 -3.92959 -0.120414 227.766 14.342 -13 -1 1 0 1 -0.0181458 0.0754001 -3.31086 0 0 0 
-9.56403 16.7119 3996.66 -4.61389 -2.40105 227.741 14.7097 -13 -1 1 0 1 0.0118315 0.00985065 -3.72895 0 0 0 
-11.2079 15.3905 4096.64 -2.53072 -3.21061 227.763 15.0774 -13 -1 1 0 1 0.0538882 -0.0505123 -3.36143 0 0 0 
-11.6384 14.2795 4196.63 0.59124 -1.4696 227.795 15.4451 -13 -1 1 0 1 0.0859981 -0.0886222 -2.31666 0 0 0 
-11.6024 14.2806 4200.5 0.711236 -1.36176 227.795 15.4594 -13 -1 1 0 1 0.0865776 -0.0898339 -2.26578 0 0 0 
-11.6024 14.2806 4200.5 0.711267 -1.36173 227.795 15.4594 -13 -1 1 0 1 0.0865778 -0.0898343 -2.26577 0 0 0 
-10.6202 14.3626 4300.49 3.77106 1.79405 227.762 15.8271 -13 -1 1 0 1 0.0923159 -0.111848 -0.791194 0 0 0 
-8.20755 15.7557 4400.45 7.39996 4.26168 227.64 16.1948 -13 -1 1 0 1 0.0732407 -0.125554 0.809187 0 0 0 
-3.95969 17.6833 4500.34 12.0535 3.86075 227.448 16.5625 -13 -1 1 0 1 0.0362313 -0.120249 2.27621 0 0 0 
2.24449 18.4818 4600.14 15.7339 -0.949531 227.254 16.9302 -13 -1 1 0 1 0.00376873 -0.0769069 3.33691 0 0 0 
9.15822 16.458 4699.88 14.7921 -8.28617 227.168 17.2979 -13 -1 1 0 1 0.0130894 -0.00766235 3.72995 0 0 0 
14.4973 11.616 4799.62 9.0336 -12.9393 227.253 17.6656 -13 -1 1 0 1 0.0669002 0.0367365 3.33869 0 0 0 
17.0572 5.89475 4899.42 2.99698 -12.3383 227.446 18.0333 -13 -1 1 0 1 0.120624 0.031883 2.27936 0 0 0 
17.6257 1.24126 4999.3 0.209369 -8.60431 227.637 18.401 -13 -1 1 0 1 0.144362 0.00306136 0.813019 0 0 0 
17.6879 -1.57991 5099.26 0.420121 -4.25086 227.76 18.7686 -13 -1 1 0 1 0.142571 -0.0205821 -0.787344 0 0 0 
18.1287 -2.51044 5199.26 1.54834 -0.0240151 227.795 19.1363 -13 -1 1 0 1 0.120914 -0.0274513 -2.26252 0 0 0 
18.8729 -1.68306 5299.25 1.53607 3.59343 227.767 19.504 -13 -1 1 0 1 0.0731627 -0.0203384 -3.33059 0 0 0 
19.2202 0.334411 5399.23 -0.140671 5.10587 227.743 19.8717 -13 -1 1 0 1 0.000603637 -0.0151549 -3.73008 0 0 0 
18.7578 2.33128 5499.21 -1.76149 3.50684 227.766 20.2394 -13 -1 1 0 1 -0.0717108 -0.0227427 -3.3422 0 0 0 
17.942 3.11385 5599.2 -1.64168 -0.127874 227.794 20.6071 -13 -1 1 0 1 -0.119112 -0.0313781 -2.28281 0 0 0 
17.4936 2.14645 5699.19 -0.360703 -4.30895 227.759 20.9748 -13 -1 1 0 1 -0.140819 -0.0250567 -0.815495 0 0 0 
17.4916 -0.689772 5799.15 0.00615336 -8.62344 227.637 21.3425 -13 -1 1 0 1 -0.143443 -0.00128747 0.78482 0 0 0 
17.0504 -5.35925 5899.04 -2.63986 -12.4143 227.446 21.7102 -13 -1 1 0 1 -0.121049 0.0285429 2.2589 0 0 0 
14.6614 -11.1512 5998.84 -8.64066 -13.2033 227.253 22.0779 -13 -1 1 0 1 -0.0682686 0.0355711 3.3268 0 0 0 
9.46584 -16.156 6098.57 -14.5656 -8.74688 227.166 22.4456 -13 -1 1 0 1 -0.0136736 -0.00665777 3.72926 0 0 0 
2.59107 -18.395 6198.31 -15.7822 -1.43284 227.248 22.8133 -13 -1 1 0 1 -0.00261112 -0.0756249 3.34842 0 0 0 
-3.67911 -17.7818 6298.1 -12.278 3.5121 227.442 23.181 -13 -1 1 0 1 -0.0343089 -0.120385 2.29662 0 0 0 
-8.03463 -15.9758 6397.99 -7.64429 4.04517 227.636 23.5487 -13 -1 1 0 1 -0.0718082 -0.127163 0.833824 0 0 0 
-10.5408 -14.6639 6497.95 -3.94278 1.62725 227.76 23.9164 -13 -1 1 0 1 -0.0917694 -0.114397 -0.766693 0 0 0 
-11.5736 -14.656 6597.94 -0.764003 -1.53773 227.794 24.2841 -13 -1 1 0 1 -0.0867147 -0.0928015 -2.24538 0 0 0 
-11.1865 -15.8149 6697.93 2.51479 -3.36212 227.761 24.6518 -13 -1 1 0 1 -0.0558096 -0.0551385 -3.32087 0 0 0 
-9.50541 -17.2135 6797.91 4.80246 -2.58287 227.735 25.0195 -13 -1 1 0 1 -0.0139402 0.00612023 -3.72989 0 0 0 
-7.39538 -17.8445 6897.89 4.2668 -0.22352 227.76 25.3872 -13 -1 1 0 1 0.0159294 0.074326 -3.35235 0 0 0 
-6.16987 -17.4996 6997.88 0.9855 1.60043 227.792 25.7549 -13 -1 1 0 1 0.0314923 0.121045 -2.30033 0 0 0 
-6.68586 -16.5724 7097.87 -3.38095 2.58671 227.76 26.1226 -13 -1 1 0 1 0.0470196 0.137076 -0.836469 0 0 0 
-9.08626 -15.1136 7197.83 -7.38907 4.35619 227.639 26.4903 -13 -1 1 0 1 0.0686222 0.127401 0.763996 0 0 0 
-12.8924 -12.3939 7297.72 -9.43788 8.46033 227.447 26.858 -13 -1 1 0 1 0.0837593 0.0928685 2.24148 0 0 0 
-16.7391 -7.45147 7397.52 -7.22101 14.0311 227.253 27.2257 -13 -1 1 0 1 0.0647334 0.0429181 3.31661 0 0 0 
-18.5366 -0.459443 7497.25 -0.446437 17.009 227.164 27.5934 -13 -1 1 0 1 0.00204142 0.0152126 3.7285 0 0 0 
-17.0953 6.64534 7596.98 6.56203 14.5005 227.243 27.9611 -13 -1 1 0 1 -0.0629263 0.0386428 3.3581 0 0 0 
-13.4408 11.8294 7696.78 9.21764 9.025 227.435 28.3288 -13 -1 1 0 1 -0.0859779 0.088011 2.31392 0 0 0 
-9.65884 14.7625 7796.66 7.46304 4.74195 227.629 28.6965 -13 -1 1 0 1 -0.0729039 0.124216 0.854836 0 0 0 
-7.19678 16.3448 7896.62 3.56437 2.77553 227.755 29.0642 -13 -1 1 0 1 -0.0514431 0.135886 -0.745663 0 0 0 
-6.59619 17.3294 7996.61 -0.796835 1.69165 227.793 29.4319 -13 -1 1 0 1 -0.0351823 0.121802 -2.22773 0 0 0 
-7.75271 17.7085 8096.6 -4.15468 -0.153487 227.762 29.7996 -13 -1 1 0 1 -0.0188742 0.0771505 -3.31062 0 0 0 
-9.84185 17.1014 8196.58 -4.82176 -2.55488 227.735 30.1673 -13 -1 1 0 1 0.0117619 0.00996038 -3.72935 0 0 0 
-11.5553 15.6959 8296.55 -2.63062 -3.42343 227.759 30.535 -13 -1 1 0 1 0.0551471 -0.0516016 -3.36242 0 0 0 
-12.003 14.4971 8396.54 0.60729 -1.64293 227.793 30.9027 -13 -1 1 0 1 0.0883556 -0.0900166 -2.31797 0 0 0 
-11.9653 14.496 8400.5 0.733632 -1.52966 227.794 30.9172 -13 -1 1 0 1 0.0889704 -0.0912573 -2.26597 0 0 0 
-11.9652 14.496 8400.5 0.733664 -1.52963 227.794 30.9172 -13 -1 1 0 1 0.0889705 -0.0912576 -2.26595 0 0 0 
-10.9566 14.5234 8500.49 3.86099 1.71497 227.761 31.2849 -13 -1 1 0 1 0.0949719 -0.11312 -0.791252 0 0 0 
-8.49591 15.8994 8600.45 7.52702 4.25698 227.636 31.6526 -13 -1 1 0 1 0.0755145 -0.12669 0.809193 0 0 0 
-4.18466 17.8329 8700.34 12.2158 3.88262 227.439 32.0203 -13 -1 1 0 1 0.0377092 -0.121236 2.27623 0 0 0 
2.09762 18.6352 8800.14 15.9233 -0.964631 227.241 32.388 -13 -1 1 0 1 0.00432784 -0.0774998 3.33694 0 0 0 
9.09291 16.5876 8899.86 14.9644 -8.38238 227.154 32.7557 -13 -1 1 0 1 0.0130841 -0.0076734 3.73001 0 0 0 
14.4939 11.6868 8999.59 9.13753 -13.1043 227.239 33.1234 -13 -1 1 0 1 0.0668774 0.0369976 3.33888 0 0 0 
17.0826 5.88639 9099.39 3.02859 -12.5271 227.435 33.4911 -13 -1 1 0 1 0.120783 0.0318249 2.27972 0 0 0 
17.6567 1.15025 9199.27 0.212733 -8.79017 227.63 33.8588 -13 -1 1 0 1 0.144603 0.00234451 0.813513 0 0 0 
17.725 -1.75086 9299.23 0.454017 -4.42841 227.757 34.2265 -13 -1 1 0 1 0.142867 -0.0219299 -0.786824 0 0 0 
18.1967 -2.75475 9399.22 1.66146 -0.174876 227.794 34.5942 -13 -1 1 0 1 0.121376 -0.0290614 -2.26211 0 0 0 
19.0105 -1.97898 9499.21 1.73564 3.51888 227.766 34.9619 -13 -1 1 0 1 0.0737173 -0.021478 -3.33045 0 0 0 
19.4543 0.0307127 9599.19 0.0848555 5.14638 227.742 35.3296 -13 -1 1 0 1 0.000638798 -0.0151646 -3.73028 0 0 0 
19.0808 2.06561 9699.17 -1.59319 3.62703 227.766 35.6973 -13 -1 1 0 1 -0.072916 -0.0217347 -3.3427 0 0 0 
18.3201 2.9024 9799.16 -1.55752 -0.0156893 227.795 36.065 -13 -1 1 0 1 -0.121584 -0.0299921 -2.28344 0 0 0 
17.8945 1.96947 9899.16 -0.335765 -4.27125 227.76 36.4327 -13 -1 1 0 1 -0.143978 -0.0236636 -0.816116 0 0 0 
17.894 -0.871201 9999.11 -0.0121285 -8.68163 227.635 36.8004 -13 -1 1 0 1 -0.146627 0.000144174 0.78431 0 0 0 
17.4319 -5.58457 10099 -2.72326 -12.549 227.438 37.1681 -13 -1 1 0 1 -0.123584 0.0300352 2.25859 0 0 0 
14.9858 -11.4409 10198.8 -8.81966 -13.3463 227.238 37.5358 -13 -1 1 0 1 -0.0695471 0.03671 3.32679 0 0 0 
9.69381 -16.4927 10298.5 -14.8144 -8.80392 227.147 37.9035 -13 -1 1 0 1 -0.0137067 -0.00660556 3.72959 0 0 0 
2.71075 -18.7286 10398.2 -16.0104 -1.3633 227.233 38.2712 -13 -1 1 0 1 -0.00216688 -0.0768493 3.34911 0 0 0 
-3.64084 -18.0641 10498 -12.415 3.66564 227.432 38.6389 -13 -1 1 0 1 -0.0340568 -0.122214 2.29756 0 0 0 
-8.03579 -16.1836 10597.9 -7.69242 4.22358 227.631 39.0066 -13 -1 1 0 1 -0.0718157 -0.128796 0.834893 0 0 0 
-10.5519 -14.793 10697.9 -3.94934 1.80545 227.759 39.3743 -13 -1 1 0 1 -0.0918616 -0.115426 -0.765647 0 0 0 
-11.5888 -14.7078 10797.9 -0.785258 -1.36441 227.795 39.742 -13 -1 1 0 1 -0.0868302 -0.0931663 -2.24451 0 0 0 
-11.2227 -15.7945 10897.9 2.43617 -3.21157 227.765 40.1097 -13 -1 1 0 1 -0.0559751 -0.055097 -3.32036 0 0 0 
-9.59011 -17.1383 10997.8 4.66375 -2.48883 227.739 40.4773 -13 -1 1 0 1 -0.0139727 0.00608097 -3.72984 0 0 0 
-7.54747 -17.743 11097.8 4.10615 -0.1955 227.763 40.845 -13 -1 1 0 1 0.016481 0.073907 -3.3528 0 0 0 
-6.39028 -17.3942 11197.8 0.838439 1.59913 227.793 41.2127 -13 -1 1 0 1 0.032921 0.120335 -2.30115 0 0 0 
-6.96594 -16.4638 11297.8 -3.50567 2.61145 227.758 41.5804 -13 -1 1 0 1 0.0492181 0.136215 -0.837477 0 0 0 
-9.41538 -14.9798 11397.8 -7.48481 4.45223 227.634 41.9481 -13 -1 1 0 1 0.0712231 0.12635 0.762981 0 0 0 
-13.2514 -12.1984 11497.6 -9.46953 8.64451 227.439 42.3158 -13 -1 1 0 1 0.0861534 0.0915913 2.24065 0 0 0 
-17.0879 -7.16186 11597.4 -7.13569 14.2631 227.241 42.6835 -13 -1 1 0 1 0.0661401 0.0418049 3.31622 0 0 0 
-18.8198 -0.0749867 11697.2 -0.23983 17.1916 227.15 43.0512 -13 -1 1 0 1 0.002131 0.0151705 3.72871 0 0 0 
-17.2754 7.08427 11796.9 6.80597 14.5613 227.233 43.4189 -13 -1 1 0 1 -0.0635518 0.0402576 3.35895 0 0 0 
-13.5251 12.2702 11896.7 9.39726 8.98236 227.429 43.7866 -13 -1 1 0 1 -0.0865098 0.0908658 2.3152 0 0 0 
-9.68719 15.1735 11996.6 7.53711 4.65806 227.628 44.1543 -13 -1 1 0 1 -0.0731264 0.127443 0.856273 0 0 0 
-7.21417 16.7169 12096.5 3.54464 2.68397 227.757 44.522 -13 -1 1 0 1 -0.0515892 0.138841 -0.74433 0 0 0 
-6.63671 17.6583 12196.5 -0.875049 1.5822 227.793 44.8897 -13 -1 1 0 1 -0.035468 0.124022 -2.22673 0 0 0 
-7.83054 17.9809 12296.5 -4.23535 -0.304176 227.761 45.2574 -13 -1 1 0 1 -0.0192079 0.0782806 -3.31017 0 0 0 
-9.94338 17.2994 12396.5 -4.83975 -2.73715 227.732 45.6251 -13 -1 1 0 1 0.0117121 0.0100503 -3.72952 0 0 0 
-11.6446 15.8157 12496.5 -2.55741 -3.58889 227.758 45.9928 -13 -1 1 0 1 0.0554448 -0.0519962 -3.3632 0 0 0 
-12.0441 14.5549 12596.5 0.747073 -1.75809 227.792 46.3605 -13 -1 1 0 1 0.0886041 -0.0903651 -2.31919 0 0 0 
-12.0027 14.5521 12600.5 0.878111 -1.64019 227.793 46.3754 -13 -1 1 0 1 0.0892179 -0.0916277 -2.266 0 0 0 
-12.0027 14.5521 12600.5 0.878144 -1.64016 227.793 46.3754 -13 -1 1 0 1 0.089218 -0.091628 -2.26599 0 0 0 
-10.9237 14.5397 12700.5 4.0321 1.63726 227.759 46.7431 -13 -1 1 0 1 0.0947119 -0.113249 -0.791264 0 0 0 
-8.38702 15.8798 12800.5 7.69743 4.16211 227.632 47.1108 -13 -1 1 0 1 0.0746563 -0.126535 0.809152 0 0 0 
-4.00719 17.7589 12900.3 12.35 3.72468 227.435 47.4785 -13 -1 1 0 1 0.036544 -0.12075 2.27613 0 0 0 
2.31607 18.4764 13000.1 15.9666 -1.18802 227.237 47.8462 -13 -1 1 0 1 0.00349429 -0.0768957 3.33681 0 0 0 
9.30359 16.3269 13099.9 14.8865 -8.60956 227.15 48.2139 -13 -1 1 0 1 0.0130801 -0.00767653 3.7299 0 0 0 
14.6509 11.3396 13199.6 8.98494 -13.2636 227.236 48.5816 -13 -1 1 0 1 0.0674696 0.0356721 3.33887 0 0 0 
17.1728 5.48692 13299.4 2.89041 -12.6101 227.433 48.9493 -13 -1 1 0 1 0.12137 0.0292033 2.27984 0 0 0 
17.7017 0.723883 13399.3 0.152208 -8.83681 227.629 49.317 -13 -1 1 0 1 0.144957 -0.00101365 0.813697 0 0 0 
17.7657 -2.19513 13499.2 0.497323 -4.46385 227.756 49.6847 -13 -1 1 0 1 0.143192 -0.0254336 -0.786641 0 0 0 
18.2798 -3.20881 13599.2 1.80797 -0.176213 227.793 50.0524 -13 -1 1 0 1 0.121931 -0.0320529 -2.262 0 0 0 
19.1732 -2.41622 13699.2 1.93872 3.60506 227.764 50.4201 -13 -1 1 0 1 0.0743552 -0.0231609 -3.33051 0 0 0 
19.7009 -0.345241 13799.2 0.246451 5.33474 227.738 50.7878 -13 -1 1 0 1 0.000659326 -0.0151775 -3.7305 0 0 0 
19.3735 1.7834 13899.2 -1.55104 3.84968 227.763 51.1555 -13 -1 1 0 1 -0.0740178 -0.020665 -3.34304 0 0 0 
18.6048 2.70887 13999.1 -1.62891 0.155146 227.794 51.5232 -13 -1 1 0 1 -0.123448 -0.028724 -2.2838 0 0 0 
18.1322 1.83333 14099.1 -0.470786 -4.1794 227.761 51.8909 -13 -1 1 0 1 -0.145851 -0.0225918 -0.816433 0 0 0 
18.0652 -0.979534 14199.1 -0.176713 -8.63887 227.636 52.2585 -13 -1 1 0 1 -0.147982 0.00099898 0.784066 0 0 0 
17.5272 -5.67506 14299 -2.90126 -12.5009 227.439 52.6262 -13 -1 1 0 1 -0.12422 0.0306345 2.25843 0 0 0 
15.0048 -11.4995 14398.8 -8.98228 -13.2434 227.238 52.9939 -13 -1 1 0 1 -0.0696294 0.0369433 3.32671 0 0 0 
9.65353 -16.4914 14498.5 -14.9148 -8.6374 227.147 53.3616 -13 -1 1 0 1 -0.0137105 -0.0065949 3.72957 0 0 0 
2.64489 -18.6471 14598.2 -16.0276 -1.17233 227.233 53.7293 -13 -1 1 0 1 -0.0024163 -0.0765312 3.34916 0 0 0 
-3.70128 -17.901 14698 -12.3821 3.84253 227.431 54.097 -13 -1 1 0 1 -0.0344501 -0.121139 2.29772 0 0 0 
-8.08159 -15.9472 14797.9 -7.66861 4.38217 227.629 54.4647 -13 -1 1 0 1 -0.0721738 -0.126931 0.835147 0 0 0 
-10.5994 -14.4895 14897.9 -3.98934 1.95262 227.757 54.8324 -13 -1 1 0 1 -0.0922359 -0.113028 -0.765317 0 0 0 
-11.6752 -14.3453 14997.9 -0.92538 -1.25039 227.795 55.2001 -13 -1 1 0 1 -0.0874026 -0.0907712 -2.24414 0 0 0 
-11.3917 -15.3996 15097.8 2.20837 -3.1882 227.767 55.5678 -13 -1 1 0 1 -0.0566376 -0.0535674 -3.32004 0 0 0 
-9.86401 -16.7609 15197.8 4.43144 -2.59124 227.742 55.9355 -13 -1 1 0 1 -0.0140032 0.00610183 -3.72965 0 0 0 
-7.90623 -17.4301 15297.8 3.96258 -0.371441 227.766 56.3032 -13 -1 1 0 1 0.0178187 0.0727241 -3.35281 0 0 0 
-6.78759 -17.1562 15397.8 0.802639 1.44903 227.794 56.6709 -13 -1 1 0 1 0.0355114 0.118775 -2.30132 0 0 0 
-7.362 -16.2737 15497.8 -3.47109 2.54826 227.76 57.0386 -13 -1 1 0 1 0.0523325 0.134718 -0.837708 0 0 0 
-9.78628 -14.7972 15597.7 -7.40603 4.47776 227.636 57.4063 -13 -1 1 0 1 0.074147 0.124893 0.758848 0 0 0 
-13.577 -11.9914 15697.6 -9.33941 8.72109 227.442 57.774 -13 -1 1 0 1 0.0883035 0.0902102 2.23641 0 0 0 
-17.3435 -6.92219 15797.4 -6.94857 14.3223 227.243 58.1417 -13 -1 1 0 1 0.0671322 0.0408615 3.31189 0 0 0 
-18.9873 0.174012 15897.2 -0.0370529 17.1676 227.153 58.5094 -13 -1 1 0 1 0.0021396 0.0151397 3.72427 0 0 0 
-17.3639 7.30186 15996.9 6.95264 14.4471 227.235 58.8771 -13 -1 1 0 1 -0.0638947 0.041071 3.35431 0 0 0 
-13.5688 12.4261 16096.7 9.45441 8.82398 227.433 59.2448 -13 -1 1 0 1 -0.0868079 0.0918945 2.31026 0 0 0 
-9.72175 15.2574 16196.6 7.52876 4.49173 227.632 59.6125 -13 -1 1 0 1 -0.0734077 0.128124 0.850985 0 0 0 
-7.25735 16.7264 16296.5 3.52289 2.50981 227.759 59.9802 -13 -1 1 0 1 -0.0519296 0.138919 -0.746046 0 0 0 
-6.68227 17.5889 16396.5 -0.855226 1.3978 227.794 60.3479 -13 -1 1 0 1 -0.0357693 0.123565 -2.22857 0 0 0 
-7.84998 17.8324 16496.5 -4.13214 -0.472122 227.762 60.7156 -13 -1 1 0 1 -0.0192842 0.0777007 -3.31212 0 0 0 
-9.89938 17.0903 16596.5 -4.66061 -2.83784 227.735 61.0833 -13 -1 1 0 1 0.0117159 0.010027 -3.73156 0 0 0 
-11.516 15.5816 16696.5 -2.36268 -3.60467 227.76 61.451 -13 -1 1 0 1 0.054963 -0.0511227 -3.36541 0 0 0 
-11.8373 14.3252 16796.5 0.902643 -1.73319 227.792 61.8187 -13 -1 1 0 1 0.0872517 -0.0888629 -2.32166 0 0 0 
-11.7937 14.3227 16800.5 1.03161 -1.61501 227.792 61.8336 -13 -1 1 0 1 0.087834 -0.0901093 -2.26846 0 0 0 
-11.7936 14.3227 16800.5 1.03164 -1.61498 227.792 61.8336 -13 -1 1 0 1 0.0878341 -0.0901096 -2.26845 0 0 0 
-10.659 14.3178 16900.5 4.13181 1.63716 227.757 62.2013 -13 -1 1 0 1 0.0926043 -0.111478 -0.797785 0 0 0 
-8.09102 15.6449 17000.4 7.7385 4.10005 227.632 62.569 -13 -1 1 0 1 0.0723086 -0.124659 0.802099 0 0 0 
-3.70978 17.4834 17100.3 12.3106 3.60675 227.439 62.9367 -13 -1 1 0 1 0.0345866 -0.118907 2.26852 0 0 0 
2.57485 18.147 17200.1 15.831 -1.30175 227.246 63.3044 -13 -1 1 0 1 0.00252078 -0.0756003 3.32863 0 0 0 
9.48845 15.9637 17299.9 14.6992 -8.6389 227.161 63.6721 -13 -1 1 0 1 0.013116 -0.00763988 3.72116 0 0 0 
14.7599 10.9875 17399.6 8.8428 -13.1875 227.246 64.0398 -13 -1 1 0 1 0.0679431 0.0343532 3.32952 0 0 0 
17.2423 5.1831 17499.4 2.85739 -12.4764 227.441 64.4074 -13 -1 1 0 1 0.1219 0.0272108 2.26977 0 0 0 
17.7808 0.483048 17599.3 0.223272 -8.68624 227.635 64.7751 -13 -1 1 0 1 0.145661 -0.00292977 0.80282 0 0 0 
17.8905 -2.36514 17699.2 0.624964 -4.2863 227.759 65.1428 -13 -1 1 0 1 0.14424 -0.026803 -0.794478 0 0 0 
18.461 -3.28814 17799.2 1.92399 0.0644752 227.792 65.5105 -13 -1 1 0 1 0.123196 -0.0326096 -2.27058 0 0 0 
19.3864 -2.37472 17899.2 1.95379 3.90842 227.758 65.8782 -13 -1 1 0 1 0.0752535 -0.0230342 -3.33983 0 0 0 
19.887 -0.169734 17999.2 0.106399 5.6246 227.731 66.2459 -13 -1 1 0 1 0.000753913 -0.0151978 -3.7406 0 0 0 
19.471 2.06593 18099.2 -1.79897 4.03829 227.758 66.6136 -13 -1 1 0 1 -0.0742852 -0.0217526 -3.35396 0 0 0 
18.589 3.04991 18199.2 -1.8807 0.241279 227.793 66.9813 -13 -1 1 0 1 -0.123227 -0.0309701 -2.29574 0 0 0 
18.0191 2.20251 18299.2 -0.654317 -4.1235 227.762 67.349 -13 -1 1 0 1 -0.144824 -0.0255152 -0.829631 0 0 0 
17.8939 -0.579275 18399.1 -0.25262 -8.5459 227.64 67.7167 -13 -1 1 0 1 -0.146453 -0.00219308 0.765405 0 0 0 
17.3534 -5.22362 18499 -2.83025 -12.3675 227.447 68.0844 -13 -1 1 0 1 -0.122871 0.0275688 2.23773 0 0 0 
14.8986 -10.9951 18598.8 -8.74863 -13.1559 227.252 68.4521 -13 -1 1 0 1 -0.0690135 0.034819 3.30358 0 0 0 
9.67255 -15.9813 18698.5 -14.6018 -8.71416 227.165 68.8198 -13 -1 1 0 1 -0.0135525 -0.0068987 3.70368 0 0 0 
2.78925 -18.2128 18798.3 -15.7948 -1.43199 227.248 69.1875 -13 -1 1 0 1 -0.00180783 -0.0752423 3.32017 0 0 0 
-3.49113 -17.604 18898.1 -12.3183 3.49627 227.44 69.5552 -13 -1 1 0 1 -0.0331202 -0.119573 2.26524 0 0 0 
-7.87475 -15.8042 18998 -7.73287 4.03422 227.633 69.9229 -13 -1 1 0 1 -0.07069 -0.126195 0.798683 0 0 0 
-10.4296 -14.4959 19097.9 -4.07375 1.61781 227.758 70.2906 -13 -1 1 0 1 -0.0911102 -0.113476 -0.802459 0 0 0 
-11.5252 -14.4977 19197.9 -0.912926 -1.57848 227.793 70.6583 -13 -1 1 0 1 -0.086694 -0.0922413 -2.28645 0 0 0 
-11.1983 -15.6861 19297.9 2.40031 -3.45564 227.762 71.026 -13 -1 1 0 1 -0.0562104 -0.0552644 -3.36842 0 0 0 
-9.54931 -17.1326 19397.9 4.77632 -2.69742 227.734 71.3937 -13 -1 1 0 1 -0.0143046 0.00531621 -3.78529 0 0 0 
-7.43008 -17.8069 19497.8 4.32962 -0.298484 227.759 71.7614 -13 -1 1 0 1 0.0157324 0.0731847 -3.41718 0 0 0 
-6.16503 -17.4825 19597.8 1.09601 1.57807 227.792 72.1291 -13 -1 1 0 1 0.0311419 0.119755 -2.37647 0 0 0 
-6.6273 -16.563 19697.8 -3.24884 2.55977 227.763 72.4968 -13 -1 1 0 1 0.0461307 0.135641 -0.926289 0 0 0 
-8.96841 -15.1357 19797.8 -7.2589 4.21963 227.646 72.8645 -13 -1 1 0 1 0.0669328 0.126018 0.653453 0 0 0 
-12.7354 -12.5205 19897.7 -9.42086 8.10835 227.461 73.2322 -13 -1 1 0 1 0.0813176 0.0920826 2.10987 0 0 0 
-16.6446 -7.77993 19997.5 -7.57268 13.4892 227.275 73.5999 -13 -1 1 0 1 0.0619881 0.0428726 3.15852 0 0 0 
-18.7238 -1.01693 20097.2 -1.39643 16.5777 227.192 73.9676 -13 -1 1 0 1 -0.00141604 0.0148958 3.5366 0 0 0 
-17.8232 5.99716 20197 5.08829 14.5649 227.277 74.3353 -13 -1 1 0 1 -0.0699683 0.0375404 3.12231 0 0 0 
-14.8825 11.3348 20296.8 7.47175 9.62622 227.474 74.703 -13 -1 1 0 1 -0.100141 0.0883329 2.02014 0 0 0 
-11.9149 14.5814 20396.7 5.47628 5.47084 227.669 75.0707 -13 -1 1 0 1 -0.0957403 0.12901 0.483791 0 0 0 
-10.4132 16.38 20496.7 1.14787 2.87948 227.779 75.4384 -13 -1 1 0 1 -0.0829075 0.145689 -1.21653 0 0 0 
-10.9582 17.0849 20596.7 -3.50673 0.127652 227.773 75.8061 -13 -1 1 0 1 -0.0729597 0.133887 -2.83941 0 0 0 
-13.1751 16.2425 20696.6 -5.97947 -4.20974 227.683 76.1738 -13 -1 1 0 1 -0.0550592 0.0894972 -4.11538 0 0 0 
-15.5171 13.389 20796.6 -3.8692 -8.4509 227.611 76.5415 -13 -1 1 0 1 -0.0135443 0.0303084 -4.8007 0 0 0 
-16.0493 9.4035 20896.5 1.68067 -8.85727 227.622 76.9092 -13 -1 1 0 1 0.036356 -0.00786144 -4.80389 0 0 0 
-14.1765 6.28907 20996.4 6.40343 -4.78966 227.66 77.2769 -13 -1 1 0 1 0.0596087 -0.017757 -4.26641 0 0 0 
-10.8971 5.40431 21096.3 8.0383 0.721493 227.657 77.6446 -13 -1 1 0 1 0.0509392 -0.0195943 -3.47068 0 0 0 
-7.44063 6.74989 21196.3 7.48696 5.13144 227.62 78.0122 -13 -1 1 0 1 0.0310127 -0.0238686 -2.67019 0 0 0 
-5.71948 8.32412 21252.2 6.82475 6.85161 227.595 78.218 -13 -1 1 0 1 0.0211634 -0.0268454 -2.26997 0 0 0 

# Event 1 Track 1
-21.4115 13.9846 0 -40.346 -10.8965 223.934 0.0870076 -13 1 1 0 1 0.151005 -0.0877636 -2.26809 0 0 0 
-21.4954 13.9568 0.4995 -40.3164 -10.9349 223.937 0.0888728 -13 1 1 0 1 0.151759 -0.0877321 -2.26152 0 0 0 
-21.4956 13.9567 0.5005 -40.3163 -10.935 223.937 0.0888765 -13 1 1 0 1 0.15176 -0.0877321 -2.26151 0 0 0 
-38.0178 8.4685 98.9709 -35.4242 -11.9199 224.713 0.456574 -13 1 1 0 1 0.30856 -0.0653662 -0.815549 0 0 0 
-53.1067 5.2429 197.763 -33.6843 -0.963617 225.294 0.824271 -13 1 1 0 1 0.429753 -0.0429281 0.776981 0 0 0 
-67.3538 8.98001 296.638 -30.1508 19.1032 224.986 1.19197 -13 1 1 0 1 0.462559 -0.0644035 2.27132 0 0 0 
-77.9727 22.2256 395.132 -15.9627 40.2844 223.641 1.55967 -13 1 1 0 1 0.330678 -0.0971445 3.40521 0 0 0 
-79.7585 42.3049 493.023 8.55082 47.775 222.57 1.92736 -13 1 1 0 1 0.0369602 -0.0201758 3.88723 0 0 0 
-71.3142 61.0738 590.838 27.3766 34.8992 223.44 2.29506 -13 1 1 0 1 -0.245627 0.213169 3.55924 0 0 0 
-58.5968 71.7146 689.415 27.3078 13.6157 225.747 2.66276 -13 1 1 0 1 -0.372049 0.459708 2.50407 0 0 0 
-49.479 73.799 788.936 12.8164 -2.95021 227.42 3.03046 -13 1 1 0 1 -0.386575 0.578687 1.00788 0 0 0 
-47.739 69.8373 888.807 -4.48916 -14.854 227.271 3.39815 -13 1 1 0 1 -0.381364 0.554837 -0.636955 0 0 0 
-52.4137 60.5112 988.238 -14.9248 -28.2009 225.554 3.76585 -13 1 1 0 1 -0.361028 0.408121 -2.16742 0 0 0 
-58.6268 44.843 1086.79 -10.4515 -42.7156 223.515 4.13355 -13 1 1 0 1 -0.253636 0.180871 -3.30807 0 0 0 
-59.2618 24.4095 1184.64 9.35235 -47.7383 222.545 4.50125 -13 1 1 0 1 -0.0371028 5.98074e-05 -3.79157 0 0 0 
-50.1189 5.54719 1282.36 31.1816 -35.5671 222.835 4.86894 -13 1 1 0 1 0.161184 -0.0322232 -3.49488 0 0 0 
-33.6231 -5.52342 1380.33 41.752 -14.7407 223.456 5.23664 -13 1 1 0 1 0.205881 0.022465 -2.52866 0 0 0 
-14.97 -8.25514 1478.51 42.2455 0.548847 223.848 5.60434 -13 1 1 0 1 0.112826 0.0550356 -1.13424 0 0 0 
3.18522 -6.842 1576.84 40.5807 3.74334 224.125 5.97204 -13 1 1 0 1 -0.0303078 0.0477458 0.434235 0 0 0 
20.741 -6.78797 1675.28 39.1891 -5.39675 224.339 6.33973 -13 1 1 0 1 -0.153779 0.0410849 1.93635 0 0 0 
36.8767 -12.8661 1773.75 32.8922 -23.0629 224.23 6.70743 -13 1 1 0 1 -0.18419 0.0531095 3.12976 0 0 0 
48.1252 -26.7688 1872.1 16.8506 -38.8128 223.836 7.07513 -13 1 1 0 1 -0.0675976 0.0226406 3.75112 0 0 0 
51.1771 -44.9346 1970.36 -2.26017 -41.3602 224.003 7.44283 -13 1 1 0 1 0.13069 -0.133021 3.61229 0 0 0 
47.7538 -61.2723 2068.94 -10.7459 -31.8982 225.3 7.81052 -13 1 1 0 1 0.274475 -0.371184 2.73064 0 0 0 
44.0521 -72.6758 2168.2 -3.81358 -20.3294 226.859 8.17822 -13 1 1 0 1 0.331939 -0.564508 1.33077 0 0 0 
45.9106 -79.3389 2267.93 13.3524 -9.89758 227.193 8.54592 -13 1 1 0 1 0.365662 -0.645532 -0.299016 0 0 0 
56.0578 -80.6657 2367.36 32.3005 5.29596 225.436 8.91361 -13 1 1 0 1 0.401217 -0.587607 -1.8981 0 0 0 
72.7278 -73.2336 2465.62 40.6394 29.89 222.144 9.28131 -13 1 1 0 1 0.359168 -0.367661 -3.19335 0 0 0 
88.3496 -54.3995 2562.51 26.5129 54.1754 219.67 9.64901 -13 1 1 0 1 0.124073 -0.0771343 -3.8818 0 0 0 
93.5003 -28.6738 2658.92 -4.02983 58.5992 220.097 10.0167 -13 1 1 0 1 -0.239498 0.0772803 -3.76786 0 0 0 
85.7289 -6.47812 2756.04 -28.8284 39.7355 222.448 10.3844 -13 1 1 0 1 -0.495994 0.0437722 -2.89928 0 0 0 
70.6992 5.23899 2854.14 -37.1856 14.0327 224.306 10.7521 -13 1 1 0 1 -0.539808 -0.0329677 -1.53517 0 0 0 
54.4078 6.96096 2952.76 -36.5075 -4.40872 224.813 11.1198 -13 1 1 0 1 -0.443523 -0.0490167 0.0461801 0 0 0 
38.489 3.06621 3051.41 -36.6155 -11.3139 224.553 11.4875 -13 1 1 0 1 -0.287085 -0.0132561 1.5995 0 0 0 
21.7995 -1.15402 3149.91 -39.5695 -5.85437 224.261 11.8552 -13 1 1 0 1 -0.118271 0.0187193 2.87508 0 0 0 
4.20784 -0.521924 3248.33 -39.3863 9.9241 224.15 12.2229 -13 1 1 0 1 -0.00891636 0.0158639 3.61518 0 0 0 
-11.4753 7.77594 3346.71 -30.7173 27.1312 224.083 12.5906 -13 1 1 0 1 -0.0210687 0.0293198 3.63795 0 0 0 
-22.2257 22.0317 3445.08 -18.598 36.0671 224.157 12.9583 -13 1 1 0 1 -0.115584 0.128182 2.93345 0 0 0 
-28.8574 38.0887 3543.56 -13.4353 35.9259 224.548 13.326 -13 1 1 0 1 -0.210011 0.289503 1.67685 0 0 0 
-35.7941 52.8118 3642.22 -20.142 30.3622 224.868 13.6937 -13 1 1 0 1 -0.285626 0.43449 0.125269 0 0 0 
-47.9391 63.7887 3740.84 -36.1611 18.0733 224.184 14.0614 -13 1 1 0 1 -0.358501 0.492476 -1.46985 0 0 0 
-67.46 66.8888 3838.8 -51.3276 -6.16084 221.857 14.4291 -13 1 1 0 1 -0.383407 0.397166 -2.86494 0 0 0 
-90.4388 57.0399 3935.53 -49.2947 -38.8369 218.986 14.7968 -13 1 1 0 1 -0.226898 0.158927 -3.7768 0 0 0 
-107.194 34.5015 4031.41 -24.064 -59.939 218.452 15.1645 -13 1 1 0 1 0.155996 -0.0382925 -3.94026 0 0 0 
-110.837 8.59656 4127.84 6.07638 -53.5292 221.338 15.5322 -13 1 1 0 1 0.558605 -0.036382 -3.28214 0 0 0 
-106.5 -6.10628 4200.5 18.7162 -35.6033 224.221 15.8053 -13 1 1 0 1 0.733102 0.0456562 -2.37404 0 0 0 
-106.5 -6.10638 4200.5 18.7163 -35.603 224.221 15.8053 -13 1 1 0 1 0.733103 0.0456569 -2.37402 0 0 0 
-97.3022 -15.6396 4299.56 21.0586 -8.13864 226.679 16.173 -13 1 1 0 1 0.789239 0.126943 -0.83714 0 0 0 
-88.8459 -13.9663 4399.14 17.6769 14.7141 226.636 16.5407 -13 1 1 0 1 0.719696 0.110418 0.808137 0 0 0 
-80.8025 -3.80252 4498.28 20.7061 30.027 224.861 16.9084 -13 1 1 0 1 0.553293 0.0214127 2.31002 0 0 0 
-69.1306 10.4988 4596.54 33.733 32.338 222.956 17.2761 -13 1 1 0 1 0.289391 -0.0484956 3.38563 0 0 0 
-51.0772 21.9216 4694.2 47.3275 16.9417 222.185 17.6438 -13 1 1 0 1 0.0254979 -0.0128658 3.78266 0 0 0 
-29.4644 23.9008 4791.76 48.6227 -8.20694 222.399 18.0115 -13 1 1 0 1 -0.0925978 0.0772805 3.41734 0 0 0 
-10.0932 15.5701 4889.47 38.6929 -27.9247 222.747 18.3792 -13 1 1 0 1 -0.0550144 0.0920167 2.4093 0 0 0 
4.68073 1.14041 4987.3 29.7686 -35.945 222.968 18.7469 -13 1 1 0 1 0.0423426 0.00221943 1.00043 0 0 0 
17.504 -14.5524 5085.23 30.5057 -34.0461 223.167 19.1146 -13 1 1 0 1 0.142766 -0.123717 -0.565083 0 0 0 
32.8455 -27.3163 5183.2 40.3674 -22.2364 223.09 19.4823 -13 1 1 0 1 0.228883 -0.199337 -2.05859 0 0 0 
52.8896 -32.3275 5280.99 49.6596 1.19435 222.319 19.85 -13 1 1 0 1 0.239017 -0.159112 -3.2342 0 0 0 
74.3443 -25.5227 5378.35 45.061 29.2401 221.376 20.2177 -13 1 1 0 1 0.0664598 -0.0380716 -3.82755 0 0 0 
90.1978 -8.5698 5475.57 25.7875 44.5541 221.908 20.5854 -13 1 1 0 1 -0.274948 0.0114531 -3.64907 0 0 0 
97.2377 10.3578 5573.48 8.03787 38.4505 224.388 20.9531 -13 1 1 0 1 -0.599551 -0.0755576 -2.71904 0 0 0 
99.3485 23.2304 5672.59 3.95766 18.9245 226.979 21.3208 -13 1 1 0 1 -0.780029 -0.190451 -1.27927 0 0 0 
102.167 26.3332 5772.45 9.54049 -5.27018 227.54 21.6885 -13 1 1 0 1 -0.838959 -0.221765 0.372685 0 0 0 
107.247 18.2476 5871.94 11.8398 -31.7524 225.266 22.0562 -13 1 1 0 1 -0.789935 -0.139589 1.9763 0 0 0 
110.168 -1.03136 5969.96 -1.77363 -54.2867 221.23 22.4239 -13 1 1 0 1 -0.56177 -0.00214475 3.25518 0 0 0 
103.357 -26.5167 6066.34 -30.4884 -57.3068 218.356 22.7916 -13 1 1 0 1 -0.159492 0.0296841 3.90471 0 0 0 
84.213 -47.3422 6162.16 -53.7959 -33.9753 218.734 23.1593 -13 1 1 0 1 0.200824 -0.127428 3.74832 0 0 0 
59.4952 -54.9057 6258.67 -55.0778 -0.8606 221.04 23.527 -13 1 1 0 1 0.32917 -0.319333 2.86065 0 0 0 
38.0933 -49.6022 6356.14 -41.3496 22.6458 222.869 23.8947 -13 1 1 0 1 0.278292 -0.376853 1.49944 0 0 0 
22.997 -37.0059 6454.17 -28.6332 32.8495 223.594 24.2624 -13 1 1 0 1 0.177057 -0.298164 -0.0683386 0 0 0 
11.4861 -22.1091 6552.38 -25.6498 33.6758 223.833 24.63 -13 1 1 0 1 0.0754245 -0.160174 -1.6082 0 0 0 
-0.908723 -8.67969 6650.69 -31.8752 25.944 224.062 24.9977 -13 1 1 0 1 -0.0162108 -0.04103 -2.87779 0 0 0 
-16.6847 -0.709819 6749.09 -39.2998 9.07368 224.201 25.3654 -13 1 1 0 1 -0.0467119 0.00572042 -3.62273 0 0 0 
-34.2244 -1.16516 6847.5 -39.0133 -10.6624 224.182 25.7331 -13 1 1 0 1 0.0521047 0.00988284 -3.6551 0 0 0 
-49.9295 -8.82143 6945.95 -32.1742 -22.1468 224.427 26.1008 -13 1 1 0 1 0.253956 0.0538751 -2.94961 0 0 0 
-62.9068 -18.6825 7044.61 -28.0999 -20.7165 225.11 26.4685 -13 1 1 0 1 0.458364 0.144826 -1.67885 0 0 0 
-75.7484 -25.3923 7143.54 -31.5181 -8.1422 225.463 26.8362 -13 1 1 0 1 0.611469 0.213411 -0.108336 0 0 0 
-90.9512 -24.3231 7242.33 -37.2008 14.7218 224.26 27.2039 -13 1 1 0 1 0.693347 0.195093 1.50376 0 0 0 
-106.84 -11.2935 7340.11 -32.1799 45.1306 220.954 27.5716 -13 1 1 0 1 0.623711 0.0783255 2.91097 0 0 0 
-116.02 14.2888 7436.24 -6.22014 68.3096 217.228 27.9393 -13 1 1 0 1 0.307064 -0.0228357 3.82319 0 0 0 
-110.751 44.563 7531.29 29.6276 64.2513 216.534 28.307 -13 1 1 0 1 -0.147237 0.0748119 3.97168 0 0 0 
-92.5684 66.8813 7626.95 48.7561 34.975 219.756 28.6747 -13 1 1 0 1 -0.454396 0.342221 3.30178 0 0 0 
-71.8101 75.0053 7724.34 42.351 3.41178 223.803 29.0424 -13 1 1 0 1 -0.51647 0.551335 2.0238 0 0 0 
-57.106 71.6036 7823.14 24.1381 -16.9798 225.881 29.4101 -13 1 1 0 1 -0.459913 0.588492 0.442062 0 0 0 
-50.0931 61.3205 7922.33 9.2555 -29.0424 225.752 29.7778 -13 1 1 0 1 -0.384876 0.48516 -1.18002 0 0 0 
-47.23 46.5915 8021.19 6.13737 -37.4681 224.614 30.1455 -13 1 1 0 1 -0.282721 0.29511 -2.5909 0 0 0 
-42.682 29.379 8119.58 16.4736 -39.2282 223.792 30.5132 -13 1 1 0 1 -0.122484 0.100313 -3.51572 0 0 0 
-31.9433 14.0476 8217.78 32.2493 -28.4289 223.707 30.8809 -13 1 1 0 1 0.0361491 -0.00261649 -3.73379 0 0 0 
-15.3755 5.74581 8316.01 41.5668 -8.90045 223.799 31.2486 -13 1 1 0 1 0.0788989 -0.0188708 -3.20317 0 0 0 
0.658308 5.31853 8400.5 42.6303 5.62197 223.706 31.5649 -13 1 1 0 1 0.00589349 -0.0308315 -2.26287 0 0 0 
0.658497 5.31857 8400.5 42.6303 5.6221 223.706 31.5649 -13 1 1 0 1 0.00589221 -0.0308319 -2.26285 0 0 0 
19.2066 9.73327 8498.66 42.1689 12.3989 223.52 31.9326 -13 1 1 0 1 -0.142698 -0.0752127 -0.824666 0 0 0 
38.1947 14.2816 8596.73 44.8864 6.07953 223.252 32.3003 -13 1 1 0 1 -0.294143 -0.114498 0.751071 0 0 0 
58.6097 13.1163 8694.59 47.27 -13.4294 222.437 32.668 -13 1 1 0 1 -0.384859 -0.0924269 2.23331 0 0 0 
78.0304 1.30499 8791.9 38.4301 -40.5823 220.838 33.0357 -13 1 1 0 1 -0.313699 -0.0118052 3.36967 0 0 0 
89.8277 -21.2186 8888.53 13.1614 -58.8895 219.663 33.4033 -13 1 1 0 1 -0.0288902 0.00232518 3.89033 0 0 0 
89.2318 -46.8641 8985.12 -14.272 -53.9411 220.862 33.771 -13 1 1 0 1 0.318363 -0.168387 3.6183 0 0 0 
80.0026 -66.1142 9082.76 -23.9919 -32.522 224.187 34.1387 -13 1 1 0 1 0.521188 -0.429822 2.60872 0 0 0 
71.1283 -75.4605 9181.88 -13.9443 -10.8656 227.114 34.5064 -13 1 1 0 1 0.568789 -0.603557 1.12824 0 0 0 
68.9818 -76.3104 9281.8 4.48039 6.6757 227.659 34.8741 -13 1 1 0 1 0.56398 -0.627779 -0.529728 0 0 0 
74.4356 -69.3717 9381.37 18.6188 25.5913 225.592 35.2418 -13 1 1 0 1 0.530681 -0.503317 -2.10654 0 0 0 
82.9386 -53.4693 9479.69 16.6601 46.5077 222.379 35.6095 -13 1 1 0 1 0.386195 -0.262046 -3.31759 0 0 0 
86.0844 -30.0683 9576.81 -4.89668 56.9544 220.512 35.9772 -13 1 1 0 1 0.0830581 -0.0443271 -3.86795 0 0 0 
77.9003 -6.82487 9673.66 -31.3588 45.283 221.041 36.3449 -13 1 1 0 1 -0.23002 0.00550588 -3.6215 0 0 0 
60.5729 7.59151 9771.01 -44.7734 19.6128 222.495 36.7126 -13 1 1 0 1 -0.363453 -0.0572799 -2.67704 0 0 0 
40.6111 10.9486 9868.9 -44.7689 -2.68156 223.342 37.0803 -13 1 1 0 1 -0.313018 -0.0925925 -1.29369 0 0 0 
21.6527 7.02997 9967 -41.9299 -12.9824 223.532 37.448 -13 1 1 0 1 -0.178295 -0.0633964 0.272778 0 0 0 
3.25237 1.4599 10065.1 -42.4809 -10.2514 223.57 37.8157 -13 1 1 0 1 -0.0309237 -0.0171208 1.78888 0 0 0 
-15.7089 -0.206446 10163.3 -43.2722 4.35873 223.611 38.1834 -13 1 1 0 1 0.0676409 -0.00618944 3.01001 0 0 0 
-33.5591 6.13333 10261.4 -36.2674 24.4683 223.56 38.5511 -13 1 1 0 1 0.0389341 -0.0171484 3.68519 0 0 0 
-46.2133 20.2198 10359.6 -20.6329 37.5843 223.73 38.9188 -13 1 1 0 1 -0.122883 0.041013 3.62966 0 0 0 
-52.0444 37.0574 10458 -7.45936 37.0231 224.648 39.2865 -13 1 1 0 1 -0.30546 0.204304 2.83496 0 0 0 
-54.6379 51.4564 10556.9 -6.68642 27.7668 226.003 39.6542 -13 1 1 0 1 -0.423044 0.387261 1.4993 0 0 0 
-59.6956 60.9566 10656.3 -17.8649 14.9185 226.609 40.0219 -13 1 1 0 1 -0.494011 0.496281 -0.101771 0 0 0 
-70.9528 63.6835 10755.6 -33.1641 -3.93125 225.34 40.3896 -13 1 1 0 1 -0.540068 0.479463 -1.70876 0 0 0 
-87.4809 56.1463 10853.8 -39.2956 -31.57 222.154 40.7573 -13 1 1 0 1 -0.488661 0.311843 -3.05939 0 0 0 
-102.151 36.1008 10950.6 -23.5629 -57.8093 219.08 41.125 -13 1 1 0 1 -0.223981 0.0818328 -3.85471 0 0 0 
-105.702 8.63733 11046.6 8.24508 -62.5377 218.893 41.4927 -13 1 1 0 1 0.191291 -0.00887385 -3.85963 0 0 0 
-96.0874 -14.9787 11143.2 32.5551 -42.002 221.516 41.8604 -13 1 1 0 1 0.502564 0.0871889 -3.07936 0 0 0 
-80.0814 -27.1557 11241.1 37.4297 -13.845 224.278 42.2281 -13 1 1 0 1 0.585718 0.207621 -1.75163 0 0 0 
-64.8474 -28.2287 11339.9 31.288 7.30422 225.524 42.5958 -13 1 1 0 1 0.521112 0.235737 -0.167657 0 0 0 
-52.3983 -22.1741 11438.9 26.3534 18.7282 225.495 42.9635 -13 1 1 0 1 0.395206 0.177296 1.41955 0 0 0 
-40.676 -13.1659 11537.8 28.1874 20.6201 225.108 43.3312 -13 1 1 0 1 0.231766 0.0875211 2.75669 0 0 0 
-27.0734 -5.66456 11636.6 33.7556 11.7761 224.978 43.6989 -13 1 1 0 1 0.0674148 0.0288215 3.57569 0 0 0 
-11.6969 -3.99386 11735.4 35.0547 -4.76475 225.037 44.0666 -13 1 1 0 1 -0.01634 0.00933892 3.67408 0 0 0 
2.66706 -9.60414 11834.2 29.6531 -19.7682 224.996 44.4343 -13 1 1 0 1 0.013966 -0.0342032 3.03373 0 0 0 
14.3531 -20.1418 11932.9 24.3428 -26.783 224.907 44.802 -13 1 1 0 1 0.104748 -0.134364 1.82242 0 0 0 
25.1289 -31.9292 12031.6 26.2433 -25.6326 224.828 45.1697 -13 1 1 0 1 0.205698 -0.249148 0.297771 0 0 0 
38.5813 -41.4105 12130.2 35.9931 -15.9025 224.377 45.5374 -13 1 1 0 1 0.302812 -0.311584 -1.28598 0 0 0 
56.819 -44.2068 12228.5 46.0939 5.13568 223.03 45.9051 -13 1 1 0 1 0.351946 -0.25934 -2.68721 0 0 0 
77.0801 -35.6995 12326 42.9738 33.826 221.139 46.2728 -13 1 1 0 1 0.242103 -0.0986853 -3.63838 0 0 0 
91.6569 -15.865 12422.8 20.9561 53.3132 220.481 46.6404 -13 1 1 0 1 -0.0730309 0.0225404 -3.87616 0 0 0 
94.8682 7.57053 12519.9 -5.10046 49.5189 222.295 47.0081 -13 1 1 0 1 -0.426179 -0.0288168 -3.31347 0 0 0 
90.6729 22.7031 12600.5 -16.115 33.3344 224.772 47.3101 -13 1 1 0 1 -0.601098 -0.148854 -2.35327 0 0 0 
90.6729 22.7032 12600.5 -16.1151 33.3342 224.772 47.3101 -13 1 1 0 1 -0.601099 -0.148855 -2.35326 0 0 0 
83.411 32.3101 12699.7 -14.8823 10.7129 227.062 47.6778 -13 1 1 0 1 -0.659284 -0.25721 -0.832177 0 0 0 
78.5533 32.6081 12799.6 -7.19014 -8.76274 227.519 48.0455 -13 1 1 0 1 -0.619986 -0.262268 0.813007 0 0 0 
76.3643 25.1021 12899.2 -4.36188 -24.7637 226.409 48.4132 -13 1 1 0 1 -0.501747 -0.172456 2.32537 0 0 0 
73.0274 11.8904 12998.3 -12.7245 -33.5656 224.955 48.7809 -13 1 1 0 1 -0.275917 -0.0534078 3.4114 0 0 0 
64.1925 -2.17575 13096.9 -27.5622 -27.7365 224.42 49.1486 -13 1 1 0 1 0.0053288 -0.00736285 3.80517 0 0 0 
49.8082 -10.4459 13195.5 -36.0597 -8.59364 224.765 49.5163 -13 1 1 0 1 0.195991 -0.0461204 3.40778 0 0 0 
34.2005 -9.56738 13294.2 -33.6652 11.7795 224.992 49.884 -13 1 1 0 1 0.230248 -0.068723 2.3569 0 0 0 
20.6837 -1.25322 13392.9 -28.3066 24.6063 224.692 50.2517 -13 1 1 0 1 0.167764 -0.0164963 0.913966 0 0 0 
8.45464 10.7493 13491.4 -28.8023 28.6212 224.153 50.6194 -13 1 1 0 1 0.0702538 0.0772458 -0.663767 0 0 0 
-5.78946 22.4618 13589.7 -37.0914 22.8896 223.593 50.9871 -13 1 1 0 1 -0.0376165 0.141668 -2.13791 0 0 0 
-24.2731 29.0764 13687.7 -46.2713 5.32699 222.989 51.3548 -13 1 1 0 1 -0.102348 0.10982 -3.25561 0 0 0 
-44.7776 26.0952 13785.5 -44.6119 -18.9355 222.586 51.7225 -13 1 1 0 1 -0.0262035 0.00010027 -3.7685 0 0 0 
-61.408 13.6648 13883.3 -29.69 -35.1421 223.107 52.0902 -13 1 1 0 1 0.200814 -0.0591422 -3.51839 0 0 0 
-70.731 -2.18172 13981.6 -13.9069 -34.321 224.771 52.4579 -13 1 1 0 1 0.441719 0.00212814 -2.56094 0 0 0 
-75.1841 -14.6897 14080.7 -8.33366 -21.3731 226.643 52.8256 -13 1 1 0 1 0.585937 0.106498 -1.12831 0 0 0 
-79.384 -20.2186 14180.4 -11.6289 -3.22878 227.481 53.1933 -13 1 1 0 1 0.636712 0.156672 0.501612 0 0 0 
-85.3134 -17.0823 14280.1 -14.3206 17.8486 226.649 53.561 -13 1 1 0 1 0.595856 0.114317 2.06923 0 0 0 
-90.2909 -4.76088 14379.2 -5.94348 37.127 224.677 53.9287 -13 1 1 0 1 0.406721 0.0146704 3.29052 0 0 0 
-88.6872 13.4501 14477.5 14.382 42.478 223.343 54.2964 -13 1 1 0 1 0.0690194 -0.0202555 3.86411 0 0 0 
-78.0608 29.4357 14575.6 32.0584 27.412 223.862 54.6641 -13 1 1 0 1 -0.249719 0.0823895 3.62491 0 0 0 
-62.9216 36.1337 14674.2 34.2024 2.97019 225.199 55.0318 -13 1 1 0 1 -0.393822 0.215105 2.65701 0 0 0 
-49.6817 32.7808 14773.2 25.3138 -16.9028 225.758 55.3995 -13 1 1 0 1 -0.392193 0.250778 1.23604 0 0 0 
-40.5068 22.4368 14872.2 17.5427 -29.1113 225.251 55.7672 -13 1 1 0 1 -0.333687 0.180838 -0.358251 0 0 0 
-32.909 8.09953 14970.9 18.9097 -35.1362 224.279 56.1349 -13 1 1 0 1 -0.243723 0.0610057 -1.87879 0 0 0 
-22.4222 -7.15506 15069.1 30.0793 -32.4939 223.456 56.5026 -13 1 1 0 1 -0.119817 -0.0286718 -3.07175 0 0 0 
-6.26541 -18.5871 15167.1 42.6998 -17.6404 223.067 56.8702 -13 1 1 0 1 -0.0213497 -0.0171299 -3.68637 0 0 0 
13.5607 -21.6531 15265.1 45.4741 3.64935 223.186 57.2379 -13 1 1 0 1 -0.0472575 0.0631818 -3.56542 0 0 0 
32.0931 -16.4204 15363.2 37.958 18.1552 223.882 57.6056 -13 1 1 0 1 -0.194236 0.10132 -2.7387 0 0 0 
46.8342 -7.71759 15461.7 29.9044 19.2951 225.004 57.9733 -13 1 1 0 1 -0.361426 0.0650245 -1.40488 0 0 0 
59.2037 -1.15296 15560.7 27.3441 8.99016 225.975 58.341 -13 1 1 0 1 -0.481965 0.0166278 0.171602 0 0 0 
71.1539 -1.05783 15659.9 26.7002 -9.70753 226.023 58.7087 -13 1 1 0 1 -0.525029 0.0174257 1.74695 0 0 0 
81.5197 -10.2086 15758.9 18.4956 -31.7342 224.82 59.0764 -13 1 1 0 1 -0.427251 0.066247 3.05635 0 0 0 
85.4979 -27.5851 15857.3 -2.00663 -44.6216 223.379 59.4441 -13 1 1 0 1 -0.150509 0.0636509 3.80406 0 0 0 
79.5601 -46.3052 15955.3 -23.6145 -37.2022 223.499 59.8118 -13 1 1 0 1 0.180083 -0.089632 3.76059 0 0 0 
67.1067 -58.1599 16053.8 -29.9024 -15.8655 225.272 60.1795 -13 1 1 0 1 0.377506 -0.313848 2.93257 0 0 0 
55.7231 -60.4826 16153 -20.1107 4.24614 226.872 60.5472 -13 1 1 0 1 0.423265 -0.447814 1.56263 0 0 0 
50.1329 -55.3649 16252.7 -5.55954 18.3093 226.996 60.9149 -13 1 1 0 1 0.411114 -0.442331 -0.0440203 0 0 0 
49.9794 -44.6938 16352.1 3.20103 30.2852 225.756 61.2826 -13 1 1 0 1 0.379406 -0.326388 -1.62955 0 0 0 
51.0448 -28.903 16450.9 -0.812825 41.042 224.072 61.6503 -13 1 1 0 1 0.286357 -0.149136 -2.92627 0 0 0 
47.3035 -9.93316 16548.9 -17.7689 43.1081 222.978 62.018 -13 1 1 0 1 0.109578 -0.0126606 -3.66403 0 0 0 
35.1924 6.66649 16646.8 -36.3783 30.1857 222.843 62.3857 -13 1 1 0 1 -0.0526451 -0.00522969 -3.66265 0 0 0 
17.0244 15.4255 16744.7 -44.2069 9.68478 223.261 62.7534 -13 1 1 0 1 -0.0774565 -0.0750613 -2.93593 0 0 0 
5.99571 16.582 16800.5 -43.6216 0.0968125 223.586 62.9627 -13 1 1 0 1 -0.0292184 -0.104964 -2.26853 0 0 0 
5.99552 16.5819 16800.5 -43.6216 0.0966713 223.586 62.9627 -13 1 1 0 1 -0.0292174 -0.104964 -2.26852 0 0 0 
-12.2675 14.4859 16898.8 -39.4268 -7.51084 224.238 63.3304 -13 1 1 0 1 0.105175 -0.112609 -0.824882 0 0 0 
-28.8138 11.8298 16997.4 -36.249 -2.62636 224.883 63.6981 -13 1 1 0 1 0.236259 -0.0948475 0.751612 0 0 0 
-44.0262 13.6915 17096.2 -32.4076 12.4503 225.14 64.0658 -13 1 1 0 1 0.304054 -0.0954887 2.23038 0 0 0 
-56.1354 23.3118 17194.9 -21.0347 31.0262 224.696 64.4335 -13 1 1 0 1 0.239151 -0.100598 3.34368 0 0 0 
-61.1595 39.5952 17293.4 -1.09581 40.636 224.145 64.8012 -13 1 1 0 1 0.0299523 -0.0184327 3.81852 0 0 0 
-57.5931 56.53 17391.9 15.4584 34.0846 224.706 65.1689 -13 1 1 0 1 -0.196604 0.197231 3.49823 0 0 0 
-49.9053 68.2917 17490.9 16.7444 19.2109 226.371 65.5366 -13 1 1 0 1 -0.315996 0.438003 2.45716 0 0 0 
-44.9366 73.7552 17590.6 4.27564 6.34278 227.673 65.9043 -13 1 1 0 1 -0.351012 0.578973 0.967563 0 0 0 
-46.9014 74.154 17690.5 -13.3428 -4.7461 227.361 66.272 -13 1 1 0 1 -0.374742 0.589689 -0.675618 0 0 0 
-56.0608 68.881 17789.9 -26.8296 -20.4592 225.289 66.6397 -13 1 1 0 1 -0.386187 0.465823 -2.21819 0 0 0 
-68.2553 55.3696 17888.2 -25.4336 -41.2481 222.587 67.0074 -13 1 1 0 1 -0.294879 0.225982 -3.37277 0 0 0 
-75.4429 33.7824 17985.5 -4.62286 -54.3532 221.174 67.3751 -13 1 1 0 1 -0.0451919 0.00488823 -3.86296 0 0 0 
-71.355 10.7784 18082.7 22.5336 -46.8865 221.782 67.7428 -13 1 1 0 1 0.23264 -0.0496324 -3.55563 0 0 0 
-57.4358 -5.21602 18180.4 38.2322 -24.9944 223.175 68.1105 -13 1 1 0 1 0.354685 0.0207242 -2.56864 0 0 0 
-39.8143 -11.5002 18278.6 40.4742 -5.03332 224.12 68.4782 -13 1 1 0 1 0.305258 0.0802789 -1.15642 0 0 0 
-22.5554 -11.2544 18377.1 38.078 4.12992 224.558 68.8459 -13 1 1 0 1 0.175321 0.0829793 0.417235 0 0 0 
-6.22354 -9.62253 18475.7 36.4823 1.42398 224.857 69.2136 -13 1 1 0 1 0.035719 0.0607391 1.91991 0 0 0 
9.27249 -11.428 18574.5 33.3905 -10.8419 225.08 69.5813 -13 1 1 0 1 -0.0540337 0.0456561 3.09388 0 0 0 
22.1159 -19.5401 18673.3 23.9102 -25.6927 225.082 69.949 -13 1 1 0 1 -0.0364406 0.0130297 3.6848 0 0 0 
29.6073 -32.92 18772.1 10.2588 -33.556 225.083 70.3167 -13 1 1 0 1 0.071768 -0.100936 3.52386 0 0 0 
31.9608 -47.5774 18871 2.16678 -32.009 225.531 70.6844 -13 1 1 0 1 0.180635 -0.290017 2.64075 0 0 0 
33.2785 -60.431 18970.1 5.87895 -26.2737 226.205 71.0521 -13 1 1 0 1 0.248574 -0.469723 1.25376 0 0 0 
38.684 -70.3917 19069.5 20.1356 -18.5191 226.153 71.4198 -13 1 1 0 1 0.306457 -0.572068 -0.356752 0 0 0 
51.6259 -75.6503 19168.4 38.733 -3.63369 224.455 71.7875 -13 1 1 0 1 0.368021 -0.549836 -1.94382 0 0 0 
71.5032 -71.7665 19266.3 49.0582 23.1274 221.251 72.1552 -13 1 1 0 1 0.353307 -0.36059 -3.24012 0 0 0 
91.2803 -54.91 19362.8 36.708 52.2883 218.659 72.5228 -13 1 1 0 1 0.131509 -0.0797021 -3.94701 0 0 0 
100.796 -28.7919 19458.7 5.15456 62.025 219.134 72.8905 -13 1 1 0 1 -0.253064 0.0763304 -3.856 0 0 0 
96.4587 -4.42667 19555.5 -22.3804 45.557 222.075 73.2582 -13 1 1 0 1 -0.553687 0.0319166 -3.00131 0 0 0 
83.8628 9.72337 19653.7 -32.1612 18.8319 224.732 73.6259 -13 1 1 0 1 -0.635825 -0.0665425 -1.63747 0 0 0 
69.8812 12.9114 19752.6 -30.7214 -2.82857 225.703 73.9936 -13 1 1 0 1 -0.564571 -0.0965359 -0.0572935 0 0 0 
56.8239 8.6802 19851.6 -29.4899 -14.7193 225.405 74.3613 -13 1 1 0 1 -0.418209 -0.0542795 1.49459 0 0 0 
43.1928 1.6136 19950.4 -33.3795 -15.4732 224.811 74.729 -13 1 1 0 1 -0.227759 0.00391336 2.75566 0 0 0 
27.3468 -3.13458 20049 -38.2867 -4.37316 224.518 75.0967 -13 1 1 0 1 -0.0509003 0.0204701 3.458 0 0 0 
10.567 -1.25217 20147.6 -36.764 13.1645 224.43 75.4644 -13 1 1 0 1 0.0227396 0.0120121 3.42091 0 0 0 
-4.00588 7.8442 20246.1 -29.2572 26.9763 224.299 75.8321 -13 1 1 0 1 -0.0210848 0.0559038 2.64858 0 0 0 
-15.5399 21.1202 20344.5 -24.5192 32.0454 224.2 76.1998 -13 1 1 0 1 -0.117597 0.172248 1.3249 0 0 0 
-26.9775 34.7691 20442.9 -29.3838 28.7175 224.066 76.5675 -13 1 1 0 1 -0.226848 0.304758 -0.296106 0 0 0 
-42.6456 44.7875 20541.1 -42.8321 14.6757 223.257 76.9352 -13 1 1 0 1 -0.345048 0.375911 -1.98247 0 0 0 
-64.1909 45.3359 20638.7 -53.2301 -14.8139 220.999 77.3029 -13 1 1 0 1 -0.420594 0.310975 -3.50142 0 0 0 
-85.9868 30.4223 20735 -40.9029 -52.7197 217.81 77.6706 -13 1 1 0 1 -0.323156 0.126297 -4.59206 0 0 0 
-95.7994 1.78685 20830.1 -0.504055 -72.1923 216.059 78.0383 -13 1 1 0 1 -0.0323931 0.00823594 -5.02857 0 0 0 
-86.1135 -27.3571 20925.1 42.0441 -54.8286 217.071 78.406 -13 1 1 0 1 0.219328 0.072246 -4.78537 0 0 0 
-62.6759 -43.2025 21020.9 59.8687 -16.2365 219.193 78.7737 -13 1 1 0 1 0.25546 0.174795 -4.10615 0 0 0 
-37.11 -42.3047 21117.5 53.806 18.3072 220.598 79.1414 -13 1 1 0 1 0.159415 0.178527 -3.29046 0 0 0 
-16.7817 -29.1766 21214.4 38.3216 39.2694 221.095 79.5091 -13 1 1 0 1 0.0635271 0.106893 -2.52834 0 0 0 
-10.769 -22.033 21252.2 32.1712 44.1634 221.152 79.6521 -13 1 1 0 1 0.037973 0.0742408 -2.26761 0 0 0 

# End of Event 1

