# AllTracks
#x y z Px Py Pz t PDGid EventID TrackID ParentID Weight Bx By Bz Ex Ey Ez
# Event -2 Track 1
-11.2945 14.0917 0 0.731734 -1.1308 199.995 0 -13 -2 1 0 1 0.0742159 -0.0776964 -1.99091 0 0 0 
-11.2894 14.0922 0.4995 0.745052 -1.11858 199.995 0.0018845 -13 -2 1 0 1 0.0742751 -0.0778333 -1.98512 0 0 0 
-11.2894 14.0922 0.5005 0.745079 -1.11856 199.995 0.00188827 -13 -2 1 0 1 0.0742752 -0.0778336 -1.98511 0 0 0 
-10.2587 14.2038 100.494 3.3877 1.60773 199.965 0.379139 -13 -2 1 0 1 0.0786298 -0.0971775 -0.68934 0 0 0 
-7.81502 15.5938 200.453 6.54437 3.69334 199.859 0.75639 -13 -2 1 0 1 0.0616644 -0.109222 0.713789 0 0 0 
-3.55425 17.4755 300.342 10.5804 3.25599 199.693 1.13364 -13 -2 1 0 1 0.0295139 -0.10448 2.00318 0 0 0 
2.62752 18.1927 400.145 13.7199 -1.01411 199.526 1.51089 -13 -2 1 0 1 0.00203825 -0.0666104 2.93543 0 0 0 
9.46819 16.0845 499.884 12.7937 -7.41621 199.453 1.88814 -13 -2 1 0 1 0.0115204 -0.00671057 3.28079 0 0 0 
14.6987 11.1974 599.623 7.70599 -11.3939 199.526 2.26539 -13 -2 1 0 1 0.0595035 0.0309124 2.93671 0 0 0 
17.1568 5.48559 699.427 2.46013 -10.7688 199.695 2.64264 -13 -2 1 0 1 0.106633 0.0256806 2.00531 0 0 0 
17.6615 0.877221 799.317 0.10005 -7.44597 199.861 3.0199 -13 -2 1 0 1 0.127171 0.000178349 0.716103 0 0 0 
17.7006 -1.88638 899.278 0.354625 -3.61262 199.967 3.39715 -13 -2 1 0 1 0.125433 -0.0202124 -0.690891 0 0 0 
18.1433 -2.75523 999.271 1.37376 0.106995 199.995 3.7744 -13 -2 1 0 1 0.106401 -0.0255499 -1.98465 0 0 0 
18.892 -1.86116 1099.26 1.34418 3.29228 199.968 4.15165 -13 -2 1 0 1 0.0643991 -0.0184802 -2.92375 0 0 0 
19.2242 0.223372 1199.24 -0.182683 4.60827 199.947 4.5289 -13 -2 1 0 1 0.000546192 -0.013323 -3.27504 0 0 0 
18.718 2.27356 1299.22 -1.65971 3.16339 199.968 4.90615 -13 -2 1 0 1 -0.0628911 -0.0197964 -2.93415 0 0 0 
17.8374 3.08737 1399.21 -1.58303 -0.0684633 199.994 5.2834 -13 -2 1 0 1 -0.104088 -0.0274264 -2.00297 0 0 0 
17.315 2.13839 1499.2 -0.469101 -3.74577 199.964 5.66065 -13 -2 1 0 1 -0.122535 -0.021967 -0.713247 0 0 0 
17.2359 -0.670885 1599.16 -0.148257 -7.4925 199.86 6.0379 -13 -2 1 0 1 -0.124304 -0.00126167 0.693362 0 0 0 
16.7235 -5.28197 1699.05 -2.44115 -10.7398 199.697 6.41515 -13 -2 1 0 1 -0.104509 0.0246406 1.98583 0 0 0 
14.2919 -10.973 1798.86 -7.62281 -11.3532 199.532 6.7924 -13 -2 1 0 1 -0.0587479 0.0306554 2.92442 0 0 0 
9.10913 -15.8515 1898.6 -12.6994 -7.42883 199.458 7.16965 -13 -2 1 0 1 -0.0119931 -0.00588311 3.27802 0 0 0 
2.30325 -17.9808 1998.34 -13.6829 -1.08062 199.529 7.54691 -13 -2 1 0 1 -0.00324449 -0.0651237 2.94304 0 0 0 
-3.87862 -17.3036 2098.14 -10.6152 3.16534 199.693 7.92416 -13 -2 1 0 1 -0.0313068 -0.103086 2.01832 0 0 0 
-8.16984 -15.4735 2198.03 -6.62599 3.57353 199.858 8.30141 -13 -2 1 0 1 -0.06406 -0.10831 0.732391 0 0 0 
-10.6586 -14.1586 2297.99 -3.47811 1.41994 199.965 8.67866 -13 -2 1 0 1 -0.0814863 -0.0970501 -0.674518 0 0 0 
-11.723 -14.1645 2397.98 -0.774983 -1.40157 199.994 9.05591 -13 -2 1 0 1 -0.0770875 -0.0787087 -1.97424 0 0 0 
-11.3991 -15.3667 2497.98 2.0729 -3.07743 199.966 9.43316 -13 -2 1 0 1 -0.0497728 -0.046917 -2.91944 0 0 0 
-9.77491 -16.8463 2597.95 4.13732 -2.45819 199.942 9.81041 -13 -2 1 0 1 -0.0122603 0.00543179 -3.27877 0 0 0 
-7.6783 -17.575 2697.93 3.77354 -0.383088 199.964 10.1877 -13 -2 1 0 1 0.0149447 0.0644712 -2.94666 0 0 0 
-6.41553 -17.3084 2797.92 0.979703 1.28446 199.994 10.5649 -13 -2 1 0 1 0.0290997 0.105323 -2.02169 0 0 0 
-6.86146 -16.4229 2897.91 -2.80814 2.22108 199.968 10.9422 -13 -2 1 0 1 0.0425512 0.119472 -0.734747 0 0 0 
-9.17493 -14.9792 2997.87 -6.30119 3.80544 199.865 11.3194 -13 -2 1 0 1 0.0609385 0.111061 0.672221 0 0 0 
-12.8831 -12.2732 3097.76 -8.08266 7.38233 199.7 11.6967 -13 -2 1 0 1 0.0735662 0.0809278 1.97099 0 0 0 
-16.6293 -7.37116 3197.57 -6.14904 12.197 199.533 12.0739 -13 -2 1 0 1 0.0565009 0.0374414 2.91587 0 0 0 
-18.346 -0.461494 3297.31 -0.268474 14.7302 199.457 12.4512 -13 -2 1 0 1 0.00173652 0.0133723 3.27756 0 0 0 
-16.867 6.53162 3397.05 5.78927 12.4985 199.525 12.8284 -13 -2 1 0 1 -0.0546032 0.0336098 2.95145 0 0 0 
-13.2158 11.6047 3496.85 8.06161 7.71857 199.688 13.2057 -13 -2 1 0 1 -0.0743075 0.0760937 2.03316 0 0 0 
-9.44981 14.4464 3596.74 6.53119 4.00284 199.853 13.5829 -13 -2 1 0 1 -0.0626446 0.107014 0.750358 0 0 0 
-6.98322 15.9592 3696.7 3.17597 2.32008 199.961 13.9602 -13 -2 1 0 1 -0.0437319 0.116765 -0.65653 0 0 0 
-6.33644 16.9001 3796.69 -0.56144 1.43283 199.994 14.3374 -13 -2 1 0 1 -0.0293984 0.104538 -1.95908 0 0 0 
-7.40637 17.2779 3896.68 -3.45059 -0.0815759 199.97 14.7147 -13 -2 1 0 1 -0.0153717 0.0662839 -2.9105 0 0 0 
-9.4002 16.7261 3996.66 -4.06547 -2.08091 199.948 15.0919 -13 -2 1 0 1 0.0104204 0.00866101 -3.27802 0 0 0 
-11.0535 15.4146 4096.64 -2.24258 -2.80912 199.968 15.4692 -13 -2 1 0 1 0.0468694 -0.0444827 -2.95495 0 0 0 
-11.4929 14.3021 4196.63 0.506016 -1.30603 199.995 15.8464 -13 -2 1 0 1 0.0747674 -0.0780353 -2.03652 0 0 0 
-11.4571 14.3027 4200.5 0.611827 -1.21235 199.995 15.861 -13 -2 1 0 1 0.0752677 -0.0790987 -1.9918 0 0 0 
-11.457 14.3027 4200.5 0.611854 -1.21233 199.995 15.861 -13 -2 1 0 1 0.0752678 -0.079099 -1.99179 0 0 0 
-10.478 14.3699 4300.49 3.3103 1.53262 199.967 16.2383 -13 -2 1 0 1 0.0801677 -0.0983735 -0.695521 0 0 0 
-8.06435 15.735 4400.45 6.4987 3.67184 199.861 16.6155 -13 -2 1 0 1 0.0633928 -0.110229 0.711346 0 0 0 
-3.81947 17.6208 4500.34 10.5642 3.29339 199.694 16.9928 -13 -2 1 0 1 0.031041 -0.105347 2.00098 0 0 0 
2.36479 18.3678 4600.15 13.7488 -0.938267 199.525 17.37 -13 -2 1 0 1 0.00291011 -0.0672229 2.93341 0 0 0 
9.23249 16.2976 4699.89 12.8702 -7.34932 199.45 17.7473 -13 -2 1 0 1 0.0115081 -0.00673196 3.27888 0 0 0 
14.5064 11.4325 4799.62 7.79507 -11.3763 199.524 18.1245 -13 -2 1 0 1 0.0588439 0.0316829 2.93488 0 0 0 
17.0025 5.71597 4899.42 2.51698 -10.8031 199.692 18.5018 -13 -2 1 0 1 0.105725 0.0269973 2.00361 0 0 0 
17.5231 1.08098 4999.31 0.106891 -7.51582 199.859 18.879 -13 -2 1 0 1 0.126195 0.00158116 0.714558 0 0 0 
17.5553 -1.72504 5099.27 0.324635 -3.71314 199.965 19.2563 -13 -2 1 0 1 0.12441 -0.0190997 -0.69228 0 0 0 
17.9812 -2.65323 5199.27 1.34365 -0.0304467 199.996 19.6335 -13 -2 1 0 1 0.105434 -0.0249584 -1.98903 0 0 0 
18.7246 -1.83568 5299.26 1.361 3.12824 199.971 20.0108 -13 -2 1 0 1 0.0638074 -0.0183944 -2.92787 0 0 0 
19.0835 0.168777 5399.24 -0.0924221 4.46102 199.95 20.388 -13 -2 1 0 1 0.000519198 -0.0133269 -3.27896 0 0 0 
18.6367 2.15934 5499.22 -1.5198 3.07633 199.971 20.7653 -13 -2 1 0 1 -0.0626412 -0.0194201 -2.93792 0 0 0 
17.8284 2.94537 5599.21 -1.44064 -0.0968232 199.995 21.1425 -13 -2 1 0 1 -0.104057 -0.0266132 -2.0066 0 0 0 
17.3718 1.98937 5699.2 -0.350625 -3.7527 199.965 21.5198 -13 -2 1 0 1 -0.122948 -0.0209394 -0.716709 0 0 0 
17.3447 -0.826402 5799.16 -0.0590275 -7.51705 199.859 21.897 -13 -2 1 0 1 -0.125078 -0.00018475 0.690088 0 0 0 
16.8674 -5.45906 5899.05 -2.39293 -10.8028 199.694 22.2743 -13 -2 1 0 1 -0.105346 0.0256677 1.98589 0 0 0 
14.4461 -11.1898 5998.85 -7.63211 -11.4444 199.526 22.6515 -13 -2 1 0 1 -0.0592749 0.0313936 2.92457 0 0 0 
9.24398 -16.113 6098.59 -12.7637 -7.50917 199.451 23.0288 -13 -2 1 0 1 -0.0120021 -0.00586678 3.27825 0 0 0 
2.40004 -18.2726 6198.33 -13.762 -1.11891 199.523 23.406 -13 -2 1 0 1 -0.00292493 -0.0660875 2.94331 0 0 0 
-3.81458 -17.6045 6298.13 -10.6605 3.16341 199.691 23.7833 -13 -2 1 0 1 -0.0309395 -0.104816 2.01856 0 0 0 
-8.11411 -15.7708 6398.02 -6.61206 3.58733 199.859 24.1605 -13 -2 1 0 1 -0.0636757 -0.110369 0.732579 0 0 0 
-10.5802 -14.4459 6497.98 -3.40256 1.44826 199.966 24.5378 -13 -2 1 0 1 -0.0809448 -0.0990476 -0.674389 0 0 0 
-11.5945 -14.429 6597.97 -0.655167 -1.33281 199.995 24.9151 -13 -2 1 0 1 -0.0763442 -0.0802508 -1.97417 0 0 0 
-11.209 -15.5804 6697.97 2.1887 -2.94073 199.967 25.2923 -13 -2 1 0 1 -0.0491269 -0.0476531 -2.91942 0 0 0 
-9.5418 -16.9768 6797.94 4.18444 -2.27004 199.943 25.6696 -13 -2 1 0 1 -0.0122466 0.00541644 -3.27877 0 0 0 
-7.44523 -17.6114 6897.92 3.7281 -0.206432 199.965 26.0468 -13 -2 1 0 1 0.0141744 0.0645858 -2.94667 0 0 0 
-6.22143 -17.2703 6997.91 0.878184 1.40255 199.993 26.4241 -13 -2 1 0 1 0.0279836 0.1051 -2.02175 0 0 0 
-6.72156 -16.3404 7097.9 -2.91683 2.2844 199.966 26.8013 -13 -2 1 0 1 0.0415821 0.118899 -0.734863 0 0 0 
-9.08514 -14.8726 7197.86 -6.39039 3.84382 199.861 27.1786 -13 -2 1 0 1 0.0603145 0.11032 0.672052 0 0 0 
-12.8307 -12.1481 7297.75 -8.14204 7.42137 199.696 27.5558 -13 -2 1 0 1 0.0732629 0.0802009 1.97079 0 0 0 
-16.598 -7.22415 7397.56 -6.17327 12.2453 199.529 27.9331 -13 -2 1 0 1 0.0563997 0.0369395 2.91572 0 0 0 
-18.3184 -0.289372 7497.3 -0.260779 14.7805 199.453 28.3103 -13 -2 1 0 1 0.00174467 0.013356 3.27753 0 0 0 
-16.8311 6.72749 7597.03 5.81056 12.5428 199.522 28.6876 -13 -2 1 0 1 -0.054477 0.0342466 2.9516 0 0 0 
-13.1712 11.822 7696.83 8.07109 7.76177 199.686 29.0648 -13 -2 1 0 1 -0.0740493 0.0773345 2.03343 0 0 0 
-9.40809 14.6873 7796.72 6.50677 4.05498 199.853 29.4421 -13 -2 1 0 1 -0.0623571 0.108678 0.750668 0 0 0 
-6.96625 16.2282 7896.68 3.09831 2.37799 199.962 29.8193 -13 -2 1 0 1 -0.043617 0.118639 -0.656276 0 0 0 
-6.37442 17.1938 7996.67 -0.703602 1.46629 199.994 30.1966 -13 -2 1 0 1 -0.0296248 0.106263 -1.95896 0 0 0 
-7.52794 17.5719 8096.66 -3.63476 -0.121406 199.967 30.5738 -13 -2 1 0 1 -0.0157989 0.067316 -2.91058 0 0 0 
-9.61071 16.9765 8196.64 -4.22393 -2.21341 199.943 30.9511 -13 -2 1 0 1 0.0103877 0.00870535 -3.27828 0 0 0 
-11.3231 15.5844 8296.61 -2.3153 -2.98632 199.964 31.3283 -13 -2 1 0 1 0.0477412 -0.045026 -2.95532 0 0 0 
-11.7771 14.3875 8396.6 0.514604 -1.4568 199.994 31.7056 -13 -2 1 0 1 0.0763898 -0.0785196 -2.03693 0 0 0 
-11.7404 14.3857 8400.5 0.623474 -1.36044 199.995 31.7203 -13 -2 1 0 1 0.0769095 -0.0795825 -1.9919 0 0 0 
-11.7404 14.3857 8400.5 0.623502 -1.36042 199.995 31.7203 -13 -2 1 0 1 0.0769096 -0.0795827 -1.99188 0 0 0 
-10.7448 14.3935 8500.49 3.35697 1.44429 199.967 32.0975 -13 -2 1 0 1 0.0820189 -0.0985396 -0.695546 0 0 0 
-8.30652 15.7285 8600.45 6.54764 3.63701 199.86 32.4748 -13 -2 1 0 1 0.0650707 -0.110185 0.71135 0 0 0 
-4.03852 17.6065 8700.34 10.6082 3.29369 199.691 32.852 -13 -2 1 0 1 0.0323052 -0.105266 2.00097 0 0 0 
2.16785 18.3579 8800.14 13.7945 -0.925403 199.522 33.2293 -13 -2 1 0 1 0.00357014 -0.0671905 2.93336 0 0 0 
9.05945 16.2918 8899.88 12.9194 -7.34929 199.447 33.6065 -13 -2 1 0 1 0.0115073 -0.00673444 3.27881 0 0 0 
14.357 11.4196 8999.62 7.8383 -11.4067 199.521 33.9838 -13 -2 1 0 1 0.0583401 0.0316365 2.93484 0 0 0 
16.8712 5.67937 9099.42 2.54627 -10.8669 199.689 34.361 -13 -2 1 0 1 0.104963 0.0267846 2.00365 0 0 0 
17.4045 1.00489 9199.3 0.131025 -7.60918 199.855 34.7383 -13 -2 1 0 1 0.125371 0.00105411 0.71468 0 0 0 
17.4527 -1.85405 9299.26 0.370257 -3.82974 199.963 35.1155 -13 -2 1 0 1 0.123698 -0.0199939 -0.69211 0 0 0 
17.9139 -2.84242 9399.25 1.44444 -0.148739 199.995 35.4928 -13 -2 1 0 1 0.105048 -0.0260537 -1.98887 0 0 0 
18.725 -2.07485 9499.25 1.52879 3.05603 199.971 35.87 -13 -2 1 0 1 0.0638161 -0.0192031 -2.9278 0 0 0 
19.1771 -0.0848583 9599.23 0.101689 4.47911 199.95 36.2473 -13 -2 1 0 1 0.00053033 -0.0133339 -3.27903 0 0 0 
18.8196 1.93602 9699.2 -1.36625 3.17162 199.97 36.6245 -13 -2 1 0 1 -0.0632456 -0.0186756 -2.93811 0 0 0 
18.071 2.77631 9799.2 -1.35497 0.0138492 199.996 37.0018 -13 -2 1 0 1 -0.105455 -0.0256393 -2.00684 0 0 0 
17.644 1.86784 9899.19 -0.312797 -3.67929 199.966 37.379 -13 -2 1 0 1 -0.124835 -0.0200984 -0.716915 0 0 0 
17.6294 -0.925505 9999.15 -0.0448602 -7.5021 199.859 37.7563 -13 -2 1 0 1 -0.127057 0.000502846 0.689958 0 0 0 
17.1538 -5.56524 10099 -2.40191 -10.8438 199.692 38.1335 -13 -2 1 0 1 -0.107014 0.0262859 1.98587 0 0 0 
14.7188 -11.3255 10198.8 -7.68036 -11.5146 199.521 38.5108 -13 -2 1 0 1 -0.0602093 0.0318612 2.92467 0 0 0 
9.48208 -16.2811 10298.6 -12.8508 -7.56022 199.444 38.888 -13 -2 1 0 1 -0.0120201 -0.0058486 3.27844 0 0 0 
2.59177 -18.4532 10398.3 -13.8528 -1.1152 199.517 39.2653 -13 -2 1 0 1 -0.00229265 -0.0666765 2.94358 0 0 0 
-3.66051 -17.7694 10498.1 -10.716 3.22007 199.687 39.6425 -13 -2 1 0 1 -0.030054 -0.105759 2.01888 0 0 0 
-7.97651 -15.8978 10598 -6.62395 3.67975 199.857 40.0198 -13 -2 1 0 1 -0.0627235 -0.111247 0.732926 0 0 0 
-10.4418 -14.5194 10698 -3.39304 1.57016 199.965 40.397 -13 -2 1 0 1 -0.0799853 -0.0995593 -0.674039 0 0 0 
-11.4543 -14.4343 10797.9 -0.665408 -1.18327 199.996 40.7743 -13 -2 1 0 1 -0.0755332 -0.080287 -1.97385 0 0 0 
-11.0881 -15.5083 10897.9 2.11663 -2.78753 199.97 41.1515 -13 -2 1 0 1 -0.0487203 -0.0474169 -2.91917 0 0 0 
-9.4749 -16.8374 10997.9 4.04408 -2.16293 199.948 41.5288 -13 -2 1 0 1 -0.0122491 0.00541301 -3.27863 0 0 0 
-7.45709 -17.4373 11097.9 3.56302 -0.17503 199.968 41.906 -13 -2 1 0 1 0.0142077 0.0639996 -2.9467 0 0 0 
-6.31132 -17.0954 11197.9 0.736601 1.38215 199.994 42.2833 -13 -2 1 0 1 0.028496 0.104088 -2.02192 0 0 0 
-6.87272 -16.1783 11297.9 -3.02048 2.26131 199.965 42.6605 -13 -2 1 0 1 0.0426255 0.117774 -0.735129 0 0 0 
-9.27952 -14.7144 11397.8 -6.46006 3.85613 199.859 43.0378 -13 -2 1 0 1 0.0616638 0.109223 0.671761 0 0 0 
-13.0506 -11.9712 11497.7 -8.17162 7.48344 199.693 43.415 -13 -2 1 0 1 0.0745468 0.0791769 1.97055 0 0 0 
-16.8188 -7.00682 11597.5 -6.14528 12.339 199.525 43.7923 -13 -2 1 0 1 0.0571712 0.0361993 2.91563 0 0 0 
-18.5104 -0.0269214 11697.3 -0.177583 14.8587 199.447 44.1695 -13 -2 1 0 1 0.00178056 0.013331 3.27767 0 0 0 
-16.9761 7.0167 11797 5.90626 12.5689 199.518 44.5468 -13 -2 1 0 1 -0.0549389 0.0351873 2.95195 0 0 0 
-13.2763 12.1114 11896.8 8.12821 7.74014 199.685 44.9241 -13 -2 1 0 1 -0.0746476 0.0789877 2.0339 0 0 0 
-9.49963 14.9588 11996.7 6.50308 4.00774 199.854 45.3013 -13 -2 1 0 1 -0.0629909 0.110555 0.751131 0 0 0 
-7.07393 16.4711 12096.6 3.04038 2.30913 199.964 45.6786 -13 -2 1 0 1 -0.0443685 0.120332 -0.655891 0 0 0 
-6.51919 17.3932 12196.6 -0.787318 1.35778 199.994 46.0558 -13 -2 1 0 1 -0.0304752 0.107439 -1.95871 0 0 0 
-7.71062 17.704 12296.6 -3.69272 -0.281131 199.966 46.4331 -13 -2 1 0 1 -0.0164392 0.0677915 -2.91051 0 0 0 
-9.80467 17.0213 12396.6 -4.2055 -2.39418 199.942 46.8103 -13 -2 1 0 1 0.0103539 0.00872948 -3.27837 0 0 0 
-11.487 15.5458 12496.6 -2.2184 -3.1307 199.963 47.1876 -13 -2 1 0 1 0.0482648 -0.0448857 -2.95557 0 0 0 
-11.882 14.2924 12596.6 0.645055 -1.53864 199.993 47.5648 -13 -2 1 0 1 0.0769833 -0.0779669 -2.0373 0 0 0 
-11.8424 14.2894 12600.5 0.755122 -1.43924 199.994 47.5796 -13 -2 1 0 1 0.0774998 -0.0790254 -1.99189 0 0 0 
-11.8424 14.2894 12600.5 0.75515 -1.43921 199.994 47.5796 -13 -2 1 0 1 0.0775 -0.0790256 -1.99188 0 0 0 
-10.7823 14.2694 12700.5 3.47889 1.40528 199.965 47.9569 -13 -2 1 0 1 0.082278 -0.0976778 -0.695542 0 0 0 
-8.2896 15.5868 12800.5 6.6415 3.60027 199.858 48.3341 -13 -2 1 0 1 0.0649526 -0.109202 0.711314 0 0 0 
-3.98401 17.4415 12900.3 10.6626 3.23503 199.69 48.7114 -13 -2 1 0 1 0.0319902 -0.104311 2.00087 0 0 0 
2.23697 18.158 13000.1 13.7972 -1.00306 199.521 49.0886 -13 -2 1 0 1 0.00333834 -0.0665196 2.93322 0 0 0 
9.11733 16.0538 13099.9 12.8751 -7.41926 199.447 49.4659 -13 -2 1 0 1 0.0115058 -0.00673517 3.27867 0 0 0 
14.3876 11.1534 13199.6 7.78052 -11.4487 199.521 49.8431 -13 -2 1 0 1 0.0584393 0.0307435 2.93477 0 0 0 
16.8782 5.39799 13299.4 2.51537 -10.8886 199.688 50.2204 -13 -2 1 0 1 0.105001 0.0251612 2.00365 0 0 0 
17.4082 0.713894 13399.3 0.151383 -7.62808 199.855 50.5976 -13 -2 1 0 1 0.125396 -0.000960762 0.714738 0 0 0 
17.4819 -2.15419 13499.3 0.45267 -3.84473 199.963 50.9749 -13 -2 1 0 1 0.123902 -0.0220746 -0.692052 0 0 0 
17.9995 -3.14321 13599.3 1.58505 -0.1292 199.994 51.3521 -13 -2 1 0 1 0.105547 -0.0277956 -1.98886 0 0 0 
18.8883 -2.34829 13699.2 1.68898 3.15109 199.968 51.7294 -13 -2 1 0 1 0.0643741 -0.020128 -2.92789 0 0 0 
19.4106 -0.290277 13799.2 0.210325 4.65054 199.946 52.1066 -13 -2 1 0 1 0.000542198 -0.01334 -3.27922 0 0 0 
19.0839 1.82364 13899.2 -1.3533 3.35967 199.967 52.4839 -13 -2 1 0 1 -0.0641243 -0.0183013 -2.93835 0 0 0 
18.3215 2.74822 13999.2 -1.41514 0.15612 199.995 52.8611 -13 -2 1 0 1 -0.106899 -0.0254778 -2.00706 0 0 0 
17.8567 1.89546 14099.2 -0.396352 -3.59723 199.968 53.2384 -13 -2 1 0 1 -0.12631 -0.0202898 -0.717086 0 0 0 
17.8016 -0.868119 14199.1 -0.119826 -7.46087 199.861 53.6156 -13 -2 1 0 1 -0.128255 0.000105254 0.689847 0 0 0 
17.2932 -5.49239 14299 -2.45805 -10.8198 199.692 53.9929 -13 -2 1 0 1 -0.107826 0.0258654 1.98581 0 0 0 
14.835 -11.2413 14398.8 -7.7171 -11.4915 199.521 54.3701 -13 -2 1 0 1 -0.0606077 0.0315791 2.92464 0 0 0 
9.58432 -16.1839 14498.6 -12.8705 -7.53005 199.444 54.7474 -13 -2 1 0 1 -0.0120282 -0.0058485 3.27842 0 0 0 
2.68729 -18.3382 14598.3 -13.8613 -1.07383 199.516 55.1247 -13 -2 1 0 1 -0.00197784 -0.0662903 2.94357 0 0 0 
-3.56859 -17.63 14698.1 -10.7241 3.27714 199.686 55.5019 -13 -2 1 0 1 -0.0295251 -0.104953 2.01892 0 0 0 
-7.89191 -15.725 14798 -6.64852 3.75689 199.854 55.8792 -13 -2 1 0 1 -0.0621367 -0.110048 0.733047 0 0 0 
-10.3785 -14.3035 14897.9 -3.45831 1.66286 199.963 56.2564 -13 -2 1 0 1 -0.0795449 -0.0980598 -0.673852 0 0 0 
-11.4391 -14.1733 14997.9 -0.794969 -1.1026 199.996 56.6337 -13 -2 1 0 1 -0.0754444 -0.0787704 -1.97362 0 0 0 
-11.1535 -15.2206 15097.9 1.92888 -2.77047 199.972 57.0109 -13 -2 1 0 1 -0.0489461 -0.0464367 -2.91895 0 0 0 
-9.63747 -16.5654 15197.9 3.85624 -2.24323 199.951 57.3882 -13 -2 1 0 1 -0.0122644 0.00542697 -3.2785 0 0 0 
-7.69863 -17.2243 15297.9 3.44279 -0.319953 199.97 57.7654 -13 -2 1 0 1 0.0150005 0.0632923 -2.9467 0 0 0 
-6.59217 -16.956 15397.9 0.696253 1.24336 199.995 58.1427 -13 -2 1 0 1 0.0301066 0.103285 -2.02201 0 0 0 
-7.16065 -16.0965 15497.9 -3.01516 2.17399 199.966 58.5199 -13 -2 1 0 1 0.0446165 0.117209 -0.735242 0 0 0 
-9.56049 -14.6616 15597.8 -6.44086 3.82613 199.86 58.8972 -13 -2 1 0 1 0.0636103 0.108844 0.668225 0 0 0 
-13.3204 -11.9215 15697.7 -8.14595 7.49825 199.694 59.2744 -13 -2 1 0 1 0.0761117 0.0788777 1.96691 0 0 0 
-17.0729 -6.94322 15797.5 -6.10647 12.3747 199.524 59.6517 -13 -2 1 0 1 0.058036 0.0359743 2.91191 0 0 0 
-18.7417 0.0532322 15897.3 -0.127191 14.8841 199.446 60.0289 -13 -2 1 0 1 0.00179189 0.0133211 3.27382 0 0 0 
-17.183 7.102 15997 5.94917 12.5622 199.517 60.4062 -13 -2 1 0 1 -0.0556291 0.0354714 2.94789 0 0 0 
-13.468 12.1845 16096.8 8.14459 7.69859 199.686 60.7834 -13 -2 1 0 1 -0.0757568 0.0794191 2.02957 0 0 0 
-9.69036 15.003 16196.7 6.49203 3.93356 199.856 61.1607 -13 -2 1 0 1 -0.0643176 0.110879 0.746498 0 0 0 
-7.27287 16.4686 16296.6 3.02371 2.19527 199.965 61.5379 -13 -2 1 0 1 -0.0457501 0.120318 -0.657392 0 0 0 
-6.72005 17.3235 16396.6 -0.770639 1.20478 199.995 61.9152 -13 -2 1 0 1 -0.0316467 0.107037 -1.96035 0 0 0 
-7.88569 17.5537 16496.6 -3.60127 -0.442069 199.967 62.2924 -13 -2 1 0 1 -0.0170452 0.0672769 -2.91226 0 0 0 
-9.91379 16.8012 16596.6 -4.03842 -2.50216 199.944 62.6697 -13 -2 1 0 1 0.0103382 0.00870903 -3.28022 0 0 0 
-11.5047 15.2936 16696.6 -2.03162 -3.15047 199.965 63.0469 -13 -2 1 0 1 0.0483171 -0.0440585 -2.95757 0 0 0 
-11.8143 14.0477 16796.6 0.792987 -1.4976 199.993 63.4242 -13 -2 1 0 1 0.0765901 -0.0765609 -2.03951 0 0 0 
-11.7724 14.0457 16800.5 0.900989 -1.39685 199.993 63.439 -13 -2 1 0 1 0.0770887 -0.0776087 -1.99408 0 0 0 
-11.7724 14.0457 16800.5 0.901017 -1.39682 199.993 63.439 -13 -2 1 0 1 0.0770888 -0.077609 -1.99407 0 0 0 
-10.6533 14.0502 16900.5 3.56966 1.45352 199.963 63.8163 -13 -2 1 0 1 0.0813662 -0.0961421 -0.701286 0 0 0 
-8.12743 15.386 17000.5 6.6849 3.62228 199.856 64.1935 -13 -2 1 0 1 0.0638162 -0.10779 0.705115 0 0 0 
-3.81068 17.244 17100.3 10.6643 3.22847 199.69 64.5708 -13 -2 1 0 1 0.0309858 -0.103144 1.9942 0 0 0 
2.4019 17.9548 17200.1 13.7644 -1.01377 199.524 64.948 -13 -2 1 0 1 0.00279636 -0.0658085 2.92607 0 0 0 
9.26257 15.8509 17299.9 12.836 -7.40371 199.451 65.3253 -13 -2 1 0 1 0.0115347 -0.00670842 3.27108 0 0 0 
14.5207 10.9666 17399.6 7.77741 -11.401 199.524 65.7025 -13 -2 1 0 1 0.0589324 0.0301342 2.9267 0 0 0 
17.0243 5.24014 17499.4 2.57181 -10.8229 199.691 66.0798 -13 -2 1 0 1 0.105906 0.0242509 1.995 0 0 0 
17.5968 0.592948 17599.3 0.262477 -7.54348 199.858 66.457 -13 -2 1 0 1 0.126773 -0.0018145 0.705385 0 0 0 
17.7341 -2.22239 17699.3 0.589641 -3.71165 199.965 66.8343 -13 -2 1 0 1 0.12571 -0.0225722 -0.698754 0 0 0 
18.3162 -3.1248 17799.3 1.69378 0.0880661 199.993 67.2115 -13 -2 1 0 1 0.10745 -0.0277192 -1.99628 0 0 0 
19.2354 -2.20085 17899.2 1.68845 3.44126 199.964 67.5888 -13 -2 1 0 1 0.0656258 -0.019659 -2.93607 0 0 0 
19.7189 0.00304408 17999.2 0.0563912 4.92484 199.94 67.966 -13 -2 1 0 1 0.000638531 -0.0133543 -3.28819 0 0 0 
19.2874 2.22903 18099.2 -1.6008 3.52415 199.963 68.3433 -13 -2 1 0 1 -0.0647061 -0.019666 -2.94814 0 0 0 
18.4015 3.20589 18199.2 -1.64486 0.20876 199.993 68.7205 -13 -2 1 0 1 -0.107254 -0.0281237 -2.01778 0 0 0 
17.842 2.36526 18299.2 -0.538632 -3.58903 199.967 69.0978 -13 -2 1 0 1 -0.126089 -0.0235556 -0.728923 0 0 0 
17.7435 -0.392862 18399.1 -0.149081 -7.44236 199.862 69.475 -13 -2 1 0 1 -0.127699 -0.00321905 0.673224 0 0 0 
17.2511 -5.00504 18499 -2.36346 -10.7969 199.695 69.8523 -13 -2 1 0 1 -0.107412 0.0229674 1.96744 0 0 0 
14.8684 -10.7551 18598.8 -7.51871 -11.5335 199.526 70.2295 -13 -2 1 0 1 -0.060551 0.0297851 2.90425 0 0 0 
9.72511 -15.7507 18698.6 -12.6603 -7.70612 199.45 70.6068 -13 -2 1 0 1 -0.0119036 -0.00609354 3.25575 0 0 0 
2.91032 -18.0246 18798.3 -13.7583 -1.36444 199.522 70.984 -13 -2 1 0 1 -0.00118371 -0.0655387 2.91836 0 0 0 
-3.33108 -17.4725 18898.1 -10.7659 2.95733 199.689 71.3613 -13 -2 1 0 1 -0.0281953 -0.104368 1.99079 0 0 0 
-7.70047 -15.7231 18998 -6.7763 3.45559 199.856 71.7385 -13 -2 1 0 1 -0.0609351 -0.110375 0.701484 0 0 0 
-10.2522 -14.4495 19098 -3.57364 1.36789 199.964 72.1158 -13 -2 1 0 1 -0.0788564 -0.0994266 -0.706036 0 0 0 
-11.3458 -14.4694 19197.9 -0.795407 -1.40629 199.994 72.493 -13 -2 1 0 1 -0.0751549 -0.080909 -2.01046 0 0 0 
-11.0151 -15.661 19297.9 2.11519 -3.02742 199.966 72.8703 -13 -2 1 0 1 -0.0487664 -0.0484723 -2.96136 0 0 0 
-9.36358 -17.1 19397.9 4.19443 -2.34789 199.943 73.2475 -13 -2 1 0 1 -0.0125391 0.00470448 -3.32753 0 0 0 
-7.24616 -17.7651 19497.9 3.79392 -0.249405 199.964 73.6248 -13 -2 1 0 1 0.0132431 0.0642226 -3.00364 0 0 0 
-5.98495 -17.4402 19597.9 0.9561 1.37242 199.993 74.002 -13 -2 1 0 1 0.0263582 0.105047 -2.08857 0 0 0 
-6.44833 -16.5355 19697.9 -2.85062 2.20079 199.968 74.3793 -13 -2 1 0 1 0.0393296 0.119055 -0.813653 0 0 0 
-8.78808 -15.1404 19797.8 -6.37233 3.62309 199.866 74.7565 -13 -2 1 0 1 0.0576014 0.110809 0.57506 0 0 0 
-12.5598 -12.5734 19897.7 -8.29572 7.01002 199.705 75.1338 -13 -2 1 0 1 0.0704716 0.0812407 1.85526 0 0 0 
-16.4927 -7.88873 19997.5 -6.72047 11.7345 199.543 75.511 -13 -2 1 0 1 0.0539664 0.0380366 2.77687 0 0 0 
-18.619 -1.17178 20097.3 -1.33811 14.4844 199.471 75.8883 -13 -2 1 0 1 -0.00127065 0.0130814 3.10892 0 0 0 
-17.777 5.82066 20197 4.35162 12.7702 199.545 76.2655 -13 -2 1 0 1 -0.0613745 0.0323937 2.74436 0 0 0 
-14.8881 11.1591 20296.8 6.47163 8.46703 199.716 76.6428 -13 -2 1 0 1 -0.0880794 0.076605 1.77519 0 0 0 
-11.956 14.4154 20396.7 4.75423 4.82188 199.886 77.02 -13 -2 1 0 1 -0.0844668 0.112203 0.424478 0 0 0 
-10.4733 16.2199 20496.7 0.984814 2.53135 199.982 77.3973 -13 -2 1 0 1 -0.0733282 0.126874 -1.07025 0 0 0 
-11.0221 16.9218 20596.7 -3.07059 0.0973407 199.977 77.7745 -13 -2 1 0 1 -0.0645458 0.116614 -2.49678 0 0 0 
-13.2263 16.0703 20696.7 -5.20713 -3.7132 199.898 78.1518 -13 -2 1 0 1 -0.0486087 0.0778842 -3.61821 0 0 0 
-15.5403 13.2135 20796.6 -3.33151 -7.41112 199.835 78.529 -13 -2 1 0 1 -0.0119149 0.0263571 -4.22036 0 0 0 
-16.0409 9.24234 20896.5 1.52962 -7.72749 199.845 78.9063 -13 -2 1 0 1 0.0319686 -0.00670704 -4.22284 0 0 0 
-14.151 6.15955 20996.5 5.63316 -4.13204 199.878 79.2835 -13 -2 1 0 1 0.0523266 -0.0152066 -3.75018 0 0 0 
-10.8782 5.31158 21096.4 7.02113 0.703583 199.876 79.6608 -13 -2 1 0 1 0.0447097 -0.0168872 -3.05061 0 0 0 
-7.44897 6.68803 21196.3 6.50343 4.55742 199.843 80.038 -13 -2 1 0 1 0.0272867 -0.0207771 -2.34696 0 0 0 
-5.75172 8.27314 21252.2 5.91074 6.05534 199.821 80.2489 -13 -2 1 0 1 0.0186989 -0.0234502 -1.99551 0 0 0 

# Event -1 Track 1
-11.2945 14.0917 0 0.731734 -1.1308 199.995 0 -13 -1 1 0 1 0.0742159 -0.0776964 -1.99091 0 0 0 
-11.2894 14.0922 0.4995 0.745052 -1.11858 199.995 0.0018845 -13 -1 1 0 1 0.0742751 -0.0778333 -1.98512 0 0 0 
-11.2894 14.0922 0.5005 0.745079 -1.11856 199.995 0.00188827 -13 -1 1 0 1 0.0742752 -0.0778336 -1.98511 0 0 0 
-10.2587 14.2038 100.494 3.3877 1.60773 199.965 0.379139 -13 -1 1 0 1 0.0786298 -0.0971775 -0.68934 0 0 0 
-7.81502 15.5938 200.453 6.54437 3.69334 199.859 0.75639 -13 -1 1 0 1 0.0616644 -0.109222 0.713789 0 0 0 
-3.55425 17.4755 300.342 10.5804 3.25599 199.693 1.13364 -13 -1 1 0 1 0.0295139 -0.10448 2.00318 0 0 0 
2.62752 18.1927 400.145 13.7199 -1.01411 199.526 1.51089 -13 -1 1 0 1 0.00203825 -0.0666104 2.93543 0 0 0 
9.46819 16.0845 499.884 12.7937 -7.41621 199.453 1.88814 -13 -1 1 0 1 0.0115204 -0.00671057 3.28079 0 0 0 
14.6987 11.1974 599.623 7.70599 -11.3939 199.526 2.26539 -13 -1 1 0 1 0.0595035 0.0309124 2.93671 0 0 0 
17.1568 5.48559 699.427 2.46013 -10.7688 199.695 2.64264 -13 -1 1 0 1 0.106633 0.0256806 2.00531 0 0 0 
17.6615 0.877221 799.317 0.10005 -7.44597 199.861 3.0199 -13 -1 1 0 1 0.127171 0.000178349 0.716103 0 0 0 
17.7006 -1.88638 899.278 0.354625 -3.61262 199.967 3.39715 -13 -1 1 0 1 0.125433 -0.0202124 -0.690891 0 0 0 
18.1433 -2.75523 999.271 1.37376 0.106995 199.995 3.7744 -13 -1 1 0 1 0.106401 -0.0255499 -1.98465 0 0 0 
18.892 -1.86116 1099.26 1.34418 3.29228 199.968 4.15165 -13 -1 1 0 1 0.0643991 -0.0184802 -2.92375 0 0 0 
19.2242 0.223372 1199.24 -0.182683 4.60827 199.947 4.5289 -13 -1 1 0 1 0.000546192 -0.013323 -3.27504 0 0 0 
18.718 2.27356 1299.22 -1.65971 3.16339 199.968 4.90615 -13 -1 1 0 1 -0.0628911 -0.0197964 -2.93415 0 0 0 
17.8374 3.08737 1399.21 -1.58303 -0.0684633 199.994 5.2834 -13 -1 1 0 1 -0.104088 -0.0274264 -2.00297 0 0 0 
17.315 2.13839 1499.2 -0.469101 -3.74577 199.964 5.66065 -13 -1 1 0 1 -0.122535 -0.021967 -0.713247 0 0 0 
17.2359 -0.670885 1599.16 -0.148257 -7.4925 199.86 6.0379 -13 -1 1 0 1 -0.124304 -0.00126167 0.693362 0 0 0 
16.7235 -5.28197 1699.05 -2.44115 -10.7398 199.697 6.41515 -13 -1 1 0 1 -0.104509 0.0246406 1.98583 0 0 0 
14.2919 -10.973 1798.86 -7.62281 -11.3532 199.532 6.7924 -13 -1 1 0 1 -0.0587479 0.0306554 2.92442 0 0 0 
9.10913 -15.8515 1898.6 -12.6994 -7.42883 199.458 7.16965 -13 -1 1 0 1 -0.0119931 -0.00588311 3.27802 0 0 0 
2.30325 -17.9808 1998.34 -13.6829 -1.08062 199.529 7.54691 -13 -1 1 0 1 -0.00324449 -0.0651237 2.94304 0 0 0 
-3.87862 -17.3036 2098.14 -10.6152 3.16534 199.693 7.92416 -13 -1 1 0 1 -0.0313068 -0.103086 2.01832 0 0 0 
-8.16984 -15.4735 2198.03 -6.62599 3.57353 199.858 8.30141 -13 -1 1 0 1 -0.06406 -0.10831 0.732391 0 0 0 
-10.6586 -14.1586 2297.99 -3.47811 1.41994 199.965 8.67866 -13 -1 1 0 1 -0.0814863 -0.0970501 -0.674518 0 0 0 
-11.723 -14.1645 2397.98 -0.774983 -1.40157 199.994 9.05591 -13 -1 1 0 1 -0.0770875 -0.0787087 -1.97424 0 0 0 
-11.3991 -15.3667 2497.98 2.0729 -3.07743 199.966 9.43316 -13 -1 1 0 1 -0.0497728 -0.046917 -2.91944 0 0 0 
-9.77491 -16.8463 2597.95 4.13732 -2.45819 199.942 9.81041 -13 -1 1 0 1 -0.0122603 0.00543179 -3.27877 0 0 0 
-7.6783 -17.575 2697.93 3.77354 -0.383088 199.964 10.1877 -13 -1 1 0 1 0.0149447 0.0644712 -2.94666 0 0 0 
-6.41553 -17.3084 2797.92 0.979703 1.28446 199.994 10.5649 -13 -1 1 0 1 0.0290997 0.105323 -2.02169 0 0 0 
-6.86146 -16.4229 2897.91 -2.80814 2.22108 199.968 10.9422 -13 -1 1 0 1 0.0425512 0.119472 -0.734747 0 0 0 
-9.17493 -14.9792 2997.87 -6.30119 3.80544 199.865 11.3194 -13 -1 1 0 1 0.0609385 0.111061 0.672221 0 0 0 
-12.8831 -12.2732 3097.76 -8.08266 7.38233 199.7 11.6967 -13 -1 1 0 1 0.0735662 0.0809278 1.97099 0 0 0 
-16.6293 -7.37116 3197.57 -6.14904 12.197 199.533 12.0739 -13 -1 1 0 1 0.0565009 0.0374414 2.91587 0 0 0 
-18.346 -0.461494 3297.31 -0.268474 14.7302 199.457 12.4512 -13 -1 1 0 1 0.00173652 0.0133723 3.27756 0 0 0 
-16.867 6.53162 3397.05 5.78927 12.4985 199.525 12.8284 -13 -1 1 0 1 -0.0546032 0.0336098 2.95145 0 0 0 
-13.2158 11.6047 3496.85 8.06161 7.71857 199.688 13.2057 -13 -1 1 0 1 -0.0743075 0.0760937 2.03316 0 0 0 
-9.44981 14.4464 3596.74 6.53119 4.00284 199.853 13.5829 -13 -1 1 0 1 -0.0626446 0.107014 0.750358 0 0 0 
-6.98322 15.9592 3696.7 3.17597 2.32008 199.961 13.9602 -13 -1 1 0 1 -0.0437319 0.116765 -0.65653 0 0 0 
-6.33644 16.9001 3796.69 -0.56144 1.43283 199.994 14.3374 -13 -1 1 0 1 -0.0293984 0.104538 -1.95908 0 0 0 
-7.40637 17.2779 3896.68 -3.45059 -0.0815759 199.97 14.7147 -13 -1 1 0 1 -0.0153717 0.0662839 -2.9105 0 0 0 
-9.4002 16.7261 3996.66 -4.06547 -2.08091 199.948 15.0919 -13 -1 1 0 1 0.0104204 0.00866101 -3.27802 0 0 0 
-11.0535 15.4146 4096.64 -2.24258 -2.80912 199.968 15.4692 -13 -1 1 0 1 0.0468694 -0.0444827 -2.95495 0 0 0 
-11.4929 14.3021 4196.63 0.506016 -1.30603 199.995 15.8464 -13 -1 1 0 1 0.0747674 -0.0780353 -2.03652 0 0 0 
-11.4571 14.3027 4200.5 0.611827 -1.21235 199.995 15.861 -13 -1 1 0 1 0.0752677 -0.0790987 -1.9918 0 0 0 
-11.457 14.3027 4200.5 0.611854 -1.21233 199.995 15.861 -13 -1 1 0 1 0.0752678 -0.079099 -1.99179 0 0 0 
-10.478 14.3699 4300.49 3.3103 1.53262 199.967 16.2383 -13 -1 1 0 1 0.0801677 -0.0983735 -0.695521 0 0 0 
-8.06435 15.735 4400.45 6.4987 3.67184 199.861 16.6155 -13 -1 1 0 1 0.0633928 -0.110229 0.711346 0 0 0 
-3.81947 17.6208 4500.34 10.5642 3.29339 199.694 16.9928 -13 -1 1 0 1 0.031041 -0.105347 2.00098 0 0 0 
2.36479 18.3678 4600.15 13.7488 -0.938267 199.525 17.37 -13 -1 1 0 1 0.00291011 -0.0672229 2.93341 0 0 0 
9.23249 16.2976 4699.89 12.8702 -7.34932 199.45 17.7473 -13 -1 1 0 1 0.0115081 -0.00673196 3.27888 0 0 0 
14.5064 11.4325 4799.62 7.79507 -11.3763 199.524 18.1245 -13 -1 1 0 1 0.0588439 0.0316829 2.93488 0 0 0 
17.0025 5.71597 4899.42 2.51698 -10.8031 199.692 18.5018 -13 -1 1 0 1 0.105725 0.0269973 2.00361 0 0 0 
17.5231 1.08098 4999.31 0.106891 -7.51582 199.859 18.879 -13 -1 1 0 1 0.126195 0.00158116 0.714558 0 0 0 
17.5553 -1.72504 5099.27 0.324635 -3.71314 199.965 19.2563 -13 -1 1 0 1 0.12441 -0.0190997 -0.69228 0 0 0 
17.9812 -2.65323 5199.27 1.34365 -0.0304467 199.996 19.6335 -13 -1 1 0 1 0.105434 -0.0249584 -1.98903 0 0 0 
18.7246 -1.83568 5299.26 1.361 3.12824 199.971 20.0108 -13 -1 1 0 1 0.0638074 -0.0183944 -2.92787 0 0 0 
19.0835 0.168777 5399.24 -0.0924221 4.46102 199.95 20.388 -13 -1 1 0 1 0.000519198 -0.0133269 -3.27896 0 0 0 
18.6367 2.15934 5499.22 -1.5198 3.07633 199.971 20.7653 -13 -1 1 0 1 -0.0626412 -0.0194201 -2.93792 0 0 0 
17.8284 2.94537 5599.21 -1.44064 -0.0968232 199.995 21.1425 -13 -1 1 0 1 -0.104057 -0.0266132 -2.0066 0 0 0 
17.3718 1.98937 5699.2 -0.350625 -3.7527 199.965 21.5198 -13 -1 1 0 1 -0.122948 -0.0209394 -0.716709 0 0 0 
17.3447 -0.826402 5799.16 -0.0590275 -7.51705 199.859 21.897 -13 -1 1 0 1 -0.125078 -0.00018475 0.690088 0 0 0 
16.8674 -5.45906 5899.05 -2.39293 -10.8028 199.694 22.2743 -13 -1 1 0 1 -0.105346 0.0256677 1.98589 0 0 0 
14.4461 -11.1898 5998.85 -7.63211 -11.4444 199.526 22.6515 -13 -1 1 0 1 -0.0592749 0.0313936 2.92457 0 0 0 
9.24398 -16.113 6098.59 -12.7637 -7.50917 199.451 23.0288 -13 -1 1 0 1 -0.0120021 -0.00586678 3.27825 0 0 0 
2.40004 -18.2726 6198.33 -13.762 -1.11891 199.523 23.406 -13 -1 1 0 1 -0.00292493 -0.0660875 2.94331 0 0 0 
-3.81458 -17.6045 6298.13 -10.6605 3.16341 199.691 23.7833 -13 -1 1 0 1 -0.0309395 -0.104816 2.01856 0 0 0 
-8.11411 -15.7708 6398.02 -6.61206 3.58733 199.859 24.1605 -13 -1 1 0 1 -0.0636757 -0.110369 0.732579 0 0 0 
-10.5802 -14.4459 6497.98 -3.40256 1.44826 199.966 24.5378 -13 -1 1 0 1 -0.0809448 -0.0990476 -0.674389 0 0 0 
-11.5945 -14.429 6597.97 -0.655167 -1.33281 199.995 24.9151 -13 -1 1 0 1 -0.0763442 -0.0802508 -1.97417 0 0 0 
-11.209 -15.5804 6697.97 2.1887 -2.94073 199.967 25.2923 -13 -1 1 0 1 -0.0491269 -0.0476531 -2.91942 0 0 0 
-9.5418 -16.9768 6797.94 4.18444 -2.27004 199.943 25.6696 -13 -1 1 0 1 -0.0122466 0.00541644 -3.27877 0 0 0 
-7.44523 -17.6114 6897.92 3.7281 -0.206432 199.965 26.0468 -13 -1 1 0 1 0.0141744 0.0645858 -2.94667 0 0 0 
-6.22143 -17.2703 6997.91 0.878184 1.40255 199.993 26.4241 -13 -1 1 0 1 0.0279836 0.1051 -2.02175 0 0 0 
-6.72156 -16.3404 7097.9 -2.91683 2.2844 199.966 26.8013 -13 -1 1 0 1 0.0415821 0.118899 -0.734863 0 0 0 
-9.08514 -14.8726 7197.86 -6.39039 3.84382 199.861 27.1786 -13 -1 1 0 1 0.0603145 0.11032 0.672052 0 0 0 
-12.8307 -12.1481 7297.75 -8.14204 7.42137 199.696 27.5558 -13 -1 1 0 1 0.0732629 0.0802009 1.97079 0 0 0 
-16.598 -7.22415 7397.56 -6.17327 12.2453 199.529 27.9331 -13 -1 1 0 1 0.0563997 0.0369395 2.91572 0 0 0 
-18.3184 -0.289372 7497.3 -0.260779 14.7805 199.453 28.3103 -13 -1 1 0 1 0.00174467 0.013356 3.27753 0 0 0 
-16.8311 6.72749 7597.03 5.81056 12.5428 199.522 28.6876 -13 -1 1 0 1 -0.054477 0.0342466 2.9516 0 0 0 
-13.1712 11.822 7696.83 8.07109 7.76177 199.686 29.0648 -13 -1 1 0 1 -0.0740493 0.0773345 2.03343 0 0 0 
-9.40809 14.6873 7796.72 6.50677 4.05498 199.853 29.4421 -13 -1 1 0 1 -0.0623571 0.108678 0.750668 0 0 0 
-6.96625 16.2282 7896.68 3.09831 2.37799 199.962 29.8193 -13 -1 1 0 1 -0.043617 0.118639 -0.656276 0 0 0 
-6.37442 17.1938 7996.67 -0.703602 1.46629 199.994 30.1966 -13 -1 1 0 1 -0.0296248 0.106263 -1.95896 0 0 0 
-7.52794 17.5719 8096.66 -3.63476 -0.121406 199.967 30.5738 -13 -1 1 0 1 -0.0157989 0.067316 -2.91058 0 0 0 
-9.61071 16.9765 8196.64 -4.22393 -2.21341 199.943 30.9511 -13 -1 1 0 1 0.0103877 0.00870535 -3.27828 0 0 0 
-11.3231 15.5844 8296.61 -2.3153 -2.98632 199.964 31.3283 -13 -1 1 0 1 0.0477412 -0.045026 -2.95532 0 0 0 
-11.7771 14.3875 8396.6 0.514604 -1.4568 199.994 31.7056 -13 -1 1 0 1 0.0763898 -0.0785196 -2.03693 0 0 0 
-11.7404 14.3857 8400.5 0.623474 -1.36044 199.995 31.7203 -13 -1 1 0 1 0.0769095 -0.0795825 -1.9919 0 0 0 
-11.7404 14.3857 8400.5 0.623502 -1.36042 199.995 31.7203 -13 -1 1 0 1 0.0769096 -0.0795827 -1.99188 0 0 0 
-10.7448 14.3935 8500.49 3.35697 1.44429 199.967 32.0975 -13 -1 1 0 1 0.0820189 -0.0985396 -0.695546 0 0 0 
-8.30652 15.7285 8600.45 6.54764 3.63701 199.86 32.4748 -13 -1 1 0 1 0.0650707 -0.110185 0.71135 0 0 0 
-4.03852 17.6065 8700.34 10.6082 3.29369 199.691 32.852 -13 -1 1 0 1 0.0323052 -0.105266 2.00097 0 0 0 
2.16785 18.3579 8800.14 13.7945 -0.925403 199.522 33.2293 -13 -1 1 0 1 0.00357014 -0.0671905 2.93336 0 0 0 
9.05945 16.2918 8899.88 12.9194 -7.34929 199.447 33.6065 -13 -1 1 0 1 0.0115073 -0.00673444 3.27881 0 0 0 
14.357 11.4196 8999.62 7.8383 -11.4067 199.521 33.9838 -13 -1 1 0 1 0.0583401 0.0316365 2.93484 0 0 0 
16.8712 5.67937 9099.42 2.54627 -10.8669 199.689 34.361 -13 -1 1 0 1 0.104963 0.0267846 2.00365 0 0 0 
17.4045 1.00489 9199.3 0.131025 -7.60918 199.855 34.7383 -13 -1 1 0 1 0.125371 0.00105411 0.71468 0 0 0 
17.4527 -1.85405 9299.26 0.370257 -3.82974 199.963 35.1155 -13 -1 1 0 1 0.123698 -0.0199939 -0.69211 0 0 0 
17.9139 -2.84242 9399.25 1.44444 -0.148739 199.995 35.4928 -13 -1 1 0 1 0.105048 -0.0260537 -1.98887 0 0 0 
18.725 -2.07485 9499.25 1.52879 3.05603 199.971 35.87 -13 -1 1 0 1 0.0638161 -0.0192031 -2.9278 0 0 0 
19.1771 -0.0848583 9599.23 0.101689 4.47911 199.95 36.2473 -13 -1 1 0 1 0.00053033 -0.0133339 -3.27903 0 0 0 
18.8196 1.93602 9699.2 -1.36625 3.17162 199.97 36.6245 -13 -1 1 0 1 -0.0632456 -0.0186756 -2.93811 0 0 0 
18.071 2.77631 9799.2 -1.35497 0.0138492 199.996 37.0018 -13 -1 1 0 1 -0.105455 -0.0256393 -2.00684 0 0 0 
17.644 1.86784 9899.19 -0.312797 -3.67929 199.966 37.379 -13 -1 1 0 1 -0.124835 -0.0200984 -0.716915 0 0 0 
17.6294 -0.925505 9999.15 -0.0448602 -7.5021 199.859 37.7563 -13 -1 1 0 1 -0.127057 0.000502846 0.689958 0 0 0 
17.1538 -5.56524 10099 -2.40191 -10.8438 199.692 38.1335 -13 -1 1 0 1 -0.107014 0.0262859 1.98587 0 0 0 
14.7188 -11.3255 10198.8 -7.68036 -11.5146 199.521 38.5108 -13 -1 1 0 1 -0.0602093 0.0318612 2.92467 0 0 0 
9.48208 -16.2811 10298.6 -12.8508 -7.56022 199.444 38.888 -13 -1 1 0 1 -0.0120201 -0.0058486 3.27844 0 0 0 
2.59177 -18.4532 10398.3 -13.8528 -1.1152 199.517 39.2653 -13 -1 1 0 1 -0.00229265 -0.0666765 2.94358 0 0 0 
-3.66051 -17.7694 10498.1 -10.716 3.22007 199.687 39.6425 -13 -1 1 0 1 -0.030054 -0.105759 2.01888 0 0 0 
-7.97651 -15.8978 10598 -6.62395 3.67975 199.857 40.0198 -13 -1 1 0 1 -0.0627235 -0.111247 0.732926 0 0 0 
-10.4418 -14.5194 10698 -3.39304 1.57016 199.965 40.397 -13 -1 1 0 1 -0.0799853 -0.0995593 -0.674039 0 0 0 
-11.4543 -14.4343 10797.9 -0.665408 -1.18327 199.996 40.7743 -13 -1 1 0 1 -0.0755332 -0.080287 -1.97385 0 0 0 
-11.0881 -15.5083 10897.9 2.11663 -2.78753 199.97 41.1515 -13 -1 1 0 1 -0.0487203 -0.0474169 -2.91917 0 0 0 
-9.4749 -16.8374 10997.9 4.04408 -2.16293 199.948 41.5288 -13 -1 1 0 1 -0.0122491 0.00541301 -3.27863 0 0 0 
-7.45709 -17.4373 11097.9 3.56302 -0.17503 199.968 41.906 -13 -1 1 0 1 0.0142077 0.0639996 -2.9467 0 0 0 
-6.31132 -17.0954 11197.9 0.736601 1.38215 199.994 42.2833 -13 -1 1 0 1 0.028496 0.104088 -2.02192 0 0 0 
-6.87272 -16.1783 11297.9 -3.02048 2.26131 199.965 42.6605 -13 -1 1 0 1 0.0426255 0.117774 -0.735129 0 0 0 
-9.27952 -14.7144 11397.8 -6.46006 3.85613 199.859 43.0378 -13 -1 1 0 1 0.0616638 0.109223 0.671761 0 0 0 
-13.0506 -11.9712 11497.7 -8.17162 7.48344 199.693 43.415 -13 -1 1 0 1 0.0745468 0.0791769 1.97055 0 0 0 
-16.8188 -7.00682 11597.5 -6.14528 12.339 199.525 43.7923 -13 -1 1 0 1 0.0571712 0.0361993 2.91563 0 0 0 
-18.5104 -0.0269214 11697.3 -0.177583 14.8587 199.447 44.1695 -13 -1 1 0 1 0.00178056 0.013331 3.27767 0 0 0 
-16.9761 7.0167 11797 5.90626 12.5689 199.518 44.5468 -13 -1 1 0 1 -0.0549389 0.0351873 2.95195 0 0 0 
-13.2763 12.1114 11896.8 8.12821 7.74014 199.685 44.9241 -13 -1 1 0 1 -0.0746476 0.0789877 2.0339 0 0 0 
-9.49963 14.9588 11996.7 6.50308 4.00774 199.854 45.3013 -13 -1 1 0 1 -0.0629909 0.110555 0.751131 0 0 0 
-7.07393 16.4711 12096.6 3.04038 2.30913 199.964 45.6786 -13 -1 1 0 1 -0.0443685 0.120332 -0.655891 0 0 0 
-6.51919 17.3932 12196.6 -0.787318 1.35778 199.994 46.0558 -13 -1 1 0 1 -0.0304752 0.107439 -1.95871 0 0 0 
-7.71062 17.704 12296.6 -3.69272 -0.281131 199.966 46.4331 -13 -1 1 0 1 -0.0164392 0.0677915 -2.91051 0 0 0 
-9.80467 17.0213 12396.6 -4.2055 -2.39418 199.942 46.8103 -13 -1 1 0 1 0.0103539 0.00872948 -3.27837 0 0 0 
-11.487 15.5458 12496.6 -2.2184 -3.1307 199.963 47.1876 -13 -1 1 0 1 0.0482648 -0.0448857 -2.95557 0 0 0 
-11.882 14.2924 12596.6 0.645055 -1.53864 199.993 47.5648 -13 -1 1 0 1 0.0769833 -0.0779669 -2.0373 0 0 0 
-11.8424 14.2894 12600.5 0.755122 -1.43924 199.994 47.5796 -13 -1 1 0 1 0.0774998 -0.0790254 -1.99189 0 0 0 
-11.8424 14.2894 12600.5 0.75515 -1.43921 199.994 47.5796 -13 -1 1 0 1 0.0775 -0.0790256 -1.99188 0 0 0 
-10.7823 14.2694 12700.5 3.47889 1.40528 199.965 47.9569 -13 -1 1 0 1 0.082278 -0.0976778 -0.695542 0 0 0 
-8.2896 15.5868 12800.5 6.6415 3.60027 199.858 48.3341 -13 -1 1 0 1 0.0649526 -0.109202 0.711314 0 0 0 
-3.98401 17.4415 12900.3 10.6626 3.23503 199.69 48.7114 -13 -1 1 0 1 0.0319902 -0.104311 2.00087 0 0 0 
2.23697 18.158 13000.1 13.7972 -1.00306 199.521 49.0886 -13 -1 1 0 1 0.00333834 -0.0665196 2.93322 0 0 0 
9.11733 16.0538 13099.9 12.8751 -7.41926 199.447 49.4659 -13 -1 1 0 1 0.0115058 -0.00673517 3.27867 0 0 0 
14.3876 11.1534 13199.6 7.78052 -11.4487 199.521 49.8431 -13 -1 1 0 1 0.0584393 0.0307435 2.93477 0 0 0 
16.8782 5.39799 13299.4 2.51537 -10.8886 199.688 50.2204 -13 -1 1 0 1 0.105001 0.0251612 2.00365 0 0 0 
17.4082 0.713894 13399.3 0.151383 -7.62808 199.855 50.5976 -13 -1 1 0 1 0.125396 -0.000960762 0.714738 0 0 0 
17.4819 -2.15419 13499.3 0.45267 -3.84473 199.963 50.9749 -13 -1 1 0 1 0.123902 -0.0220746 -0.692052 0 0 0 
17.9995 -3.14321 13599.3 1.58505 -0.1292 199.994 51.3521 -13 -1 1 0 1 0.105547 -0.0277956 -1.98886 0 0 0 
18.8883 -2.34829 13699.2 1.68898 3.15109 199.968 51.7294 -13 -1 1 0 1 0.0643741 -0.020128 -2.92789 0 0 0 
19.4106 -0.290277 13799.2 0.210325 4.65054 199.946 52.1066 -13 -1 1 0 1 0.000542198 -0.01334 -3.27922 0 0 0 
19.0839 1.82364 13899.2 -1.3533 3.35967 199.967 52.4839 -13 -1 1 0 1 -0.0641243 -0.0183013 -2.93835 0 0 0 
18.3215 2.74822 13999.2 -1.41514 0.15612 199.995 52.8611 -13 -1 1 0 1 -0.106899 -0.0254778 -2.00706 0 0 0 
17.8567 1.89546 14099.2 -0.396352 -3.59723 199.968 53.2384 -13 -1 1 0 1 -0.12631 -0.0202898 -0.717086 0 0 0 
17.8016 -0.868119 14199.1 -0.119826 -7.46087 199.861 53.6156 -13 -1 1 0 1 -0.128255 0.000105254 0.689847 0 0 0 
17.2932 -5.49239 14299 -2.45805 -10.8198 199.692 53.9929 -13 -1 1 0 1 -0.107826 0.0258654 1.98581 0 0 0 
14.835 -11.2413 14398.8 -7.7171 -11.4915 199.521 54.3701 -13 -1 1 0 1 -0.0606077 0.0315791 2.92464 0 0 0 
9.58432 -16.1839 14498.6 -12.8705 -7.53005 199.444 54.7474 -13 -1 1 0 1 -0.0120282 -0.0058485 3.27842 0 0 0 
2.68729 -18.3382 14598.3 -13.8613 -1.07383 199.516 55.1247 -13 -1 1 0 1 -0.00197784 -0.0662903 2.94357 0 0 0 
-3.56859 -17.63 14698.1 -10.7241 3.27714 199.686 55.5019 -13 -1 1 0 1 -0.0295251 -0.104953 2.01892 0 0 0 
-7.89191 -15.725 14798 -6.64852 3.75689 199.854 55.8792 -13 -1 1 0 1 -0.0621367 -0.110048 0.733047 0 0 0 
-10.3785 -14.3035 14897.9 -3.45831 1.66286 199.963 56.2564 -13 -1 1 0 1 -0.0795449 -0.0980598 -0.673852 0 0 0 
-11.4391 -14.1733 14997.9 -0.794969 -1.1026 199.996 56.6337 -13 -1 1 0 1 -0.0754444 -0.0787704 -1.97362 0 0 0 
-11.1535 -15.2206 15097.9 1.92888 -2.77047 199.972 57.0109 -13 -1 1 0 1 -0.0489461 -0.0464367 -2.91895 0 0 0 
-9.63747 -16.5654 15197.9 3.85624 -2.24323 199.951 57.3882 -13 -1 1 0 1 -0.0122644 0.00542697 -3.2785 0 0 0 
-7.69863 -17.2243 15297.9 3.44279 -0.319953 199.97 57.7654 -13 -1 1 0 1 0.0150005 0.0632923 -2.9467 0 0 0 
-6.59217 -16.956 15397.9 0.696253 1.24336 199.995 58.1427 -13 -1 1 0 1 0.0301066 0.103285 -2.02201 0 0 0 
-7.16065 -16.0965 15497.9 -3.01516 2.17399 199.966 58.5199 -13 -1 1 0 1 0.0446165 0.117209 -0.735242 0 0 0 
-9.56049 -14.6616 15597.8 -6.44086 3.82613 199.86 58.8972 -13 -1 1 0 1 0.0636103 0.108844 0.668225 0 0 0 
-13.3204 -11.9215 15697.7 -8.14595 7.49825 199.694 59.2744 -13 -1 1 0 1 0.0761117 0.0788777 1.96691 0 0 0 
-17.0729 -6.94322 15797.5 -6.10647 12.3747 199.524 59.6517 -13 -1 1 0 1 0.058036 0.0359743 2.91191 0 0 0 
-18.7417 0.0532322 15897.3 -0.127191 14.8841 199.446 60.0289 -13 -1 1 0 1 0.00179189 0.0133211 3.27382 0 0 0 
-17.183 7.102 15997 5.94917 12.5622 199.517 60.4062 -13 -1 1 0 1 -0.0556291 0.0354714 2.94789 0 0 0 
-13.468 12.1845 16096.8 8.14459 7.69859 199.686 60.7834 -13 -1 1 0 1 -0.0757568 0.0794191 2.02957 0 0 0 
-9.69036 15.003 16196.7 6.49203 3.93356 199.856 61.1607 -13 -1 1 0 1 -0.0643176 0.110879 0.746498 0 0 0 
-7.27287 16.4686 16296.6 3.02371 2.19527 199.965 61.5379 -13 -1 1 0 1 -0.0457501 0.120318 -0.657392 0 0 0 
-6.72005 17.3235 16396.6 -0.770639 1.20478 199.995 61.9152 -13 -1 1 0 1 -0.0316467 0.107037 -1.96035 0 0 0 
-7.88569 17.5537 16496.6 -3.60127 -0.442069 199.967 62.2924 -13 -1 1 0 1 -0.0170452 0.0672769 -2.91226 0 0 0 
-9.91379 16.8012 16596.6 -4.03842 -2.50216 199.944 62.6697 -13 -1 1 0 1 0.0103382 0.00870903 -3.28022 0 0 0 
-11.5047 15.2936 16696.6 -2.03162 -3.15047 199.965 63.0469 -13 -1 1 0 1 0.0483171 -0.0440585 -2.95757 0 0 0 
-11.8143 14.0477 16796.6 0.792987 -1.4976 199.993 63.4242 -13 -1 1 0 1 0.0765901 -0.0765609 -2.03951 0 0 0 
-11.7724 14.0457 16800.5 0.900989 -1.39685 199.993 63.439 -13 -1 1 0 1 0.0770887 -0.0776087 -1.99408 0 0 0 
-11.7724 14.0457 16800.5 0.901017 -1.39682 199.993 63.439 -13 -1 1 0 1 0.0770888 -0.077609 -1.99407 0 0 0 
-10.6533 14.0502 16900.5 3.56966 1.45352 199.963 63.8163 -13 -1 1 0 1 0.0813662 -0.0961421 -0.701286 0 0 0 
-8.12743 15.386 17000.5 6.6849 3.62228 199.856 64.1935 -13 -1 1 0 1 0.0638162 -0.10779 0.705115 0 0 0 
-3.81068 17.244 17100.3 10.6643 3.22847 199.69 64.5708 -13 -1 1 0 1 0.0309858 -0.103144 1.9942 0 0 0 
2.4019 17.9548 17200.1 13.7644 -1.01377 199.524 64.948 -13 -1 1 0 1 0.00279636 -0.0658085 2.92607 0 0 0 
9.26257 15.8509 17299.9 12.836 -7.40371 199.451 65.3253 -13 -1 1 0 1 0.0115347 -0.00670842 3.27108 0 0 0 
14.5207 10.9666 17399.6 7.77741 -11.401 199.524 65.7025 -13 -1 1 0 1 0.0589324 0.0301342 2.9267 0 0 0 
17.0243 5.24014 17499.4 2.57181 -10.8229 199.691 66.0798 -13 -1 1 0 1 0.105906 0.0242509 1.995 0 0 0 
17.5968 0.592948 17599.3 0.262477 -7.54348 199.858 66.457 -13 -1 1 0 1 0.126773 -0.0018145 0.705385 0 0 0 
17.7341 -2.22239 17699.3 0.589641 -3.71165 199.965 66.8343 -13 -1 1 0 1 0.12571 -0.0225722 -0.698754 0 0 0 
18.3162 -3.1248 17799.3 1.69378 0.0880661 199.993 67.2115 -13 -1 1 0 1 0.10745 -0.0277192 -1.99628 0 0 0 
19.2354 -2.20085 17899.2 1.68845 3.44126 199.964 67.5888 -13 -1 1 0 1 0.0656258 -0.019659 -2.93607 0 0 0 
19.7189 0.00304408 17999.2 0.0563912 4.92484 199.94 67.966 -13 -1 1 0 1 0.000638531 -0.0133543 -3.28819 0 0 0 
19.2874 2.22903 18099.2 -1.6008 3.52415 199.963 68.3433 -13 -1 1 0 1 -0.0647061 -0.019666 -2.94814 0 0 0 
18.4015 3.20589 18199.2 -1.64486 0.20876 199.993 68.7205 -13 -1 1 0 1 -0.107254 -0.0281237 -2.01778 0 0 0 
17.842 2.36526 18299.2 -0.538632 -3.58903 199.967 69.0978 -13 -1 1 0 1 -0.126089 -0.0235556 -0.728923 0 0 0 
17.7435 -0.392862 18399.1 -0.149081 -7.44236 199.862 69.475 -13 -1 1 0 1 -0.127699 -0.00321905 0.673224 0 0 0 
17.2511 -5.00504 18499 -2.36346 -10.7969 199.695 69.8523 -13 -1 1 0 1 -0.107412 0.0229674 1.96744 0 0 0 
14.8684 -10.7551 18598.8 -7.51871 -11.5335 199.526 70.2295 -13 -1 1 0 1 -0.060551 0.0297851 2.90425 0 0 0 
9.72511 -15.7507 18698.6 -12.6603 -7.70612 199.45 70.6068 -13 -1 1 0 1 -0.0119036 -0.00609354 3.25575 0 0 0 
2.91032 -18.0246 18798.3 -13.7583 -1.36444 199.522 70.984 -13 -1 1 0 1 -0.00118371 -0.0655387 2.91836 0 0 0 
-3.33108 -17.4725 18898.1 -10.7659 2.95733 199.689 71.3613 -13 -1 1 0 1 -0.0281953 -0.104368 1.99079 0 0 0 
-7.70047 -15.7231 18998 -6.7763 3.45559 199.856 71.7385 -13 -1 1 0 1 -0.0609351 -0.110375 0.701484 0 0 0 
-10.2522 -14.4495 19098 -3.57364 1.36789 199.964 72.1158 -13 -1 1 0 1 -0.0788564 -0.0994266 -0.706036 0 0 0 
-11.3458 -14.4694 19197.9 -0.795407 -1.40629 199.994 72.493 -13 -1 1 0 1 -0.0751549 -0.080909 -2.01046 0 0 0 
-11.0151 -15.661 19297.9 2.11519 -3.02742 199.966 72.8703 -13 -1 1 0 1 -0.0487664 -0.0484723 -2.96136 0 0 0 
-9.36358 -17.1 19397.9 4.19443 -2.34789 199.943 73.2475 -13 -1 1 0 1 -0.0125391 0.00470448 -3.32753 0 0 0 
-7.24616 -17.7651 19497.9 3.79392 -0.249405 199.964 73.6248 -13 -1 1 0 1 0.0132431 0.0642226 -3.00364 0 0 0 
-5.98495 -17.4402 19597.9 0.9561 1.37242 199.993 74.002 -13 -1 1 0 1 0.0263582 0.105047 -2.08857 0 0 0 
-6.44833 -16.5355 19697.9 -2.85062 2.20079 199.968 74.3793 -13 -1 1 0 1 0.0393296 0.119055 -0.813653 0 0 0 
-8.78808 -15.1404 19797.8 -6.37233 3.62309 199.866 74.7565 -13 -1 1 0 1 0.0576014 0.110809 0.57506 0 0 0 
-12.5598 -12.5734 19897.7 -8.29572 7.01002 199.705 75.1338 -13 -1 1 0 1 0.0704716 0.0812407 1.85526 0 0 0 
-16.4927 -7.88873 19997.5 -6.72047 11.7345 199.543 75.511 -13 -1 1 0 1 0.0539664 0.0380366 2.77687 0 0 0 
-18.619 -1.17178 20097.3 -1.33811 14.4844 199.471 75.8883 -13 -1 1 0 1 -0.00127065 0.0130814 3.10892 0 0 0 
-17.777 5.82066 20197 4.35162 12.7702 199.545 76.2655 -13 -1 1 0 1 -0.0613745 0.0323937 2.74436 0 0 0 
-14.8881 11.1591 20296.8 6.47163 8.46703 199.716 76.6428 -13 -1 1 0 1 -0.0880794 0.076605 1.77519 0 0 0 
-11.956 14.4154 20396.7 4.75423 4.82188 199.886 77.02 -13 -1 1 0 1 -0.0844668 0.112203 0.424478 0 0 0 
-10.4733 16.2199 20496.7 0.984814 2.53135 199.982 77.3973 -13 -1 1 0 1 -0.0733282 0.126874 -1.07025 0 0 0 
-11.0221 16.9218 20596.7 -3.07059 0.0973407 199.977 77.7745 -13 -1 1 0 1 -0.0645458 0.116614 -2.49678 0 0 0 
-13.2263 16.0703 20696.7 -5.20713 -3.7132 199.898 78.1518 -13 -1 1 0 1 -0.0486087 0.0778842 -3.61821 0 0 0 
-15.5403 13.2135 20796.6 -3.33151 -7.41112 199.835 78.529 -13 -1 1 0 1 -0.0119149 0.0263571 -4.22036 0 0 0 
-16.0409 9.24234 20896.5 1.52962 -7.72749 199.845 78.9063 -13 -1 1 0 1 0.0319686 -0.00670704 -4.22284 0 0 0 
-14.151 6.15955 20996.5 5.63316 -4.13204 199.878 79.2835 -13 -1 1 0 1 0.0523266 -0.0152066 -3.75018 0 0 0 
-10.8782 5.31158 21096.4 7.02113 0.703583 199.876 79.6608 -13 -1 1 0 1 0.0447097 -0.0168872 -3.05061 0 0 0 
-7.44897 6.68803 21196.3 6.50343 4.55742 199.843 80.038 -13 -1 1 0 1 0.0272867 -0.0207771 -2.34696 0 0 0 
-5.75172 8.27314 21252.2 5.91074 6.05534 199.821 80.2489 -13 -1 1 0 1 0.0186989 -0.0234502 -1.99551 0 0 0 

# Event 1 Track 1
-21.4115 13.9846 0 -35.4223 -9.56677 196.606 0.0870076 -13 1 1 0 1 0.132747 -0.0771521 -1.99386 0 0 0 
-21.4954 13.9568 0.4995 -35.3963 -9.60047 196.609 0.0889213 -13 1 1 0 1 0.13341 -0.0771244 -1.98808 0 0 0 
-21.4956 13.9567 0.5005 -35.3962 -9.60054 196.609 0.0889251 -13 1 1 0 1 0.133411 -0.0771243 -1.98807 0 0 0 
-38.0162 8.4677 98.9712 -31.0954 -10.4659 197.291 0.466176 -13 1 1 0 1 0.271241 -0.0574572 -0.716937 0 0 0 
-53.1017 5.24426 197.764 -29.5657 -0.834983 197.801 0.843427 -13 1 1 0 1 0.377756 -0.037747 0.683046 0 0 0 
-67.3432 8.99148 296.639 -26.454 16.8017 197.529 1.22068 -13 1 1 0 1 0.406565 -0.0566838 1.99669 0 0 0 
-77.9462 22.2552 395.133 -13.9647 35.4069 196.345 1.59793 -13 1 1 0 1 0.290597 -0.085504 2.99345 0 0 0 
-79.696 42.3484 493.021 7.59985 41.9539 195.402 1.97518 -13 1 1 0 1 0.0324797 -0.0177501 3.4171 0 0 0 
-71.201 61.1072 590.833 24.1374 30.5895 196.167 2.35243 -13 1 1 0 1 -0.215546 0.187482 3.12873 0 0 0 
-58.4396 71.711 689.408 24.0458 11.8635 198.195 2.72968 -13 1 1 0 1 -0.326136 0.404068 2.20119 0 0 0 
-49.2952 73.7492 788.928 11.2914 -2.67816 199.663 3.10693 -13 1 1 0 1 -0.338536 0.508345 0.886053 0 0 0 
-47.5384 69.7498 888.797 -3.90837 -13.102 199.532 3.48418 -13 1 1 0 1 -0.333815 0.487107 -0.559737 0 0 0 
-52.1932 60.402 988.227 -13.0549 -24.7844 198.029 3.86143 -13 1 1 0 1 -0.31601 0.358082 -1.90492 0 0 0 
-58.3767 44.7315 1086.78 -9.10662 -37.4856 196.245 4.23868 -13 1 1 0 1 -0.222009 0.158573 -2.90747 0 0 0 
-58.9746 24.3183 1184.63 8.28592 -41.8483 195.397 4.61594 -13 1 1 0 1 -0.0324626 5.34932e-06 -3.3324 0 0 0 
-49.7986 5.49763 1282.36 27.4295 -31.129 195.649 4.99319 -13 1 1 0 1 0.140767 -0.0281837 -3.07178 0 0 0 
-33.2845 -5.5236 1380.33 36.6779 -12.849 196.188 5.37044 -13 1 1 0 1 0.179139 0.0197474 -2.22264 0 0 0 
-14.6255 -8.2184 1478.52 37.0966 0.531527 196.529 5.74769 -13 1 1 0 1 0.0968434 0.0481295 -0.997011 0 0 0 
3.534 -6.79655 1576.84 35.6403 3.26848 196.772 6.12494 -13 1 1 0 1 -0.0290924 0.0416537 0.38175 0 0 0 
21.0958 -6.77171 1675.28 34.4132 -4.83813 196.958 6.50219 -13 1 1 0 1 -0.137383 0.0360184 1.70233 0 0 0 
37.2231 -12.9188 1773.75 28.8275 -20.418 196.856 6.87944 -13 1 1 0 1 -0.163365 0.0469109 2.75166 0 0 0 
48.4202 -26.9098 1872.09 14.635 -34.2427 196.503 7.25669 -13 1 1 0 1 -0.0597419 0.0200558 3.29815 0 0 0 
51.3689 -45.1366 1970.34 -2.22533 -36.377 196.651 7.63394 -13 1 1 0 1 0.115348 -0.117425 3.17623 0 0 0 
47.824 -61.4731 2068.92 -9.66474 -27.9409 197.803 8.01119 -13 1 1 0 1 0.241663 -0.327368 2.40108 0 0 0 
44.0232 -72.8233 2168.18 -3.51175 -17.7122 199.183 8.38844 -13 1 1 0 1 0.29161 -0.497261 1.17022 0 0 0 
45.8147 -79.4141 2267.91 11.6126 -8.54472 199.48 8.76569 -13 1 1 0 1 0.320766 -0.568025 -0.262659 0 0 0 
55.9114 -80.6733 2367.35 28.2596 4.77228 197.936 9.14295 -13 1 1 0 1 0.351756 -0.516598 -1.66839 0 0 0 
72.5263 -73.189 2465.62 35.5531 26.325 195.046 9.5202 -13 1 1 0 1 0.314809 -0.322978 -2.80676 0 0 0 
88.074 -54.329 2562.51 23.1093 47.5797 192.879 9.89745 -13 1 1 0 1 0.10866 -0.06769 -3.41151 0 0 0 
93.1358 -28.6166 2658.94 -3.71778 51.3797 193.252 10.2747 -13 1 1 0 1 -0.209745 0.0678084 -3.31101 0 0 0 
85.2804 -6.46974 2756.05 -25.463 34.7694 195.302 10.6519 -13 1 1 0 1 -0.433726 0.0384332 -2.54769 0 0 0 
70.1813 5.19113 2854.16 -32.777 12.2239 196.917 11.0292 -13 1 1 0 1 -0.471049 -0.0286592 -1.34901 0 0 0 
53.8247 6.88357 2952.77 -32.1873 -3.88311 197.355 11.4065 -13 1 1 0 1 -0.385717 -0.0425342 0.0406122 0 0 0 
37.8356 3.01452 3051.4 -32.2885 -9.81083 197.133 11.7837 -13 1 1 0 1 -0.248099 -0.0113147 1.40571 0 0 0 
21.0858 -1.10519 3149.9 -34.8242 -4.86209 196.885 12.161 -13 1 1 0 1 -0.100592 0.0162242 2.52691 0 0 0 
3.48812 -0.30644 3248.31 -34.506 9.08186 196.792 12.5382 -13 1 1 0 1 -0.0065436 0.0135573 3.17781 0 0 0 
-12.1109 8.1678 3346.69 -26.7139 24.1298 196.734 12.9155 -13 1 1 0 1 -0.0195536 0.0264113 3.19841 0 0 0 
-22.7093 22.5372 3445.07 -15.9998 31.8018 196.806 13.2927 -13 1 1 0 1 -0.103853 0.11503 2.57957 0 0 0 
-29.1877 38.6193 3543.55 -11.5291 31.5161 197.165 13.67 -13 1 1 0 1 -0.186785 0.257968 1.47462 0 0 0 
-36.0209 53.3044 3642.22 -17.5384 26.5414 197.454 14.0472 -13 1 1 0 1 -0.252743 0.385514 0.110113 0 0 0 
-48.1209 64.21 3740.85 -31.7063 15.6997 196.846 14.4245 -13 1 1 0 1 -0.316423 0.435818 -1.29271 0 0 0 
-67.6323 67.2117 3838.82 -45.0504 -5.63684 194.779 14.8017 -13 1 1 0 1 -0.337981 0.350849 -2.51953 0 0 0 
-90.5874 57.2363 3935.54 -43.1775 -34.3651 192.236 15.179 -13 1 1 0 1 -0.199822 0.140178 -3.32111 0 0 0 
-107.252 34.5745 4031.41 -20.8687 -52.8283 191.765 15.5562 -13 1 1 0 1 0.137203 -0.0337474 -3.46417 0 0 0 
-110.738 8.60488 4127.83 5.69356 -47.0457 194.305 15.9335 -13 1 1 0 1 0.490545 -0.0320125 -2.88512 0 0 0 
-106.261 -6.09999 4200.5 16.8064 -31.2025 196.835 16.2138 -13 1 1 0 1 0.642929 0.0400918 -2.08652 0 0 0 
-106.261 -6.10009 4200.5 16.8065 -31.2023 196.835 16.2138 -13 1 1 0 1 0.64293 0.0400925 -2.08651 0 0 0 
-96.8791 -15.5905 4299.54 18.853 -7.05145 198.985 16.591 -13 1 1 0 1 0.690711 0.11123 -0.735898 0 0 0 
-88.239 -13.8875 4399.11 15.8937 12.9228 198.948 16.9683 -13 1 1 0 1 0.628313 0.0964987 0.70975 0 0 0 
-80.0079 -3.76765 4498.24 18.5448 26.1674 197.412 17.3455 -13 1 1 0 1 0.481569 0.018613 2.02909 0 0 0 
-68.1773 10.3756 4596.51 29.8611 27.9601 195.772 17.7228 -13 1 1 0 1 0.251003 -0.0421902 2.97408 0 0 0 
-50.0604 21.5447 4694.18 41.5482 14.3228 195.112 18.1 -13 1 1 0 1 0.0222214 -0.0112392 3.32325 0 0 0 
-28.5113 23.2621 4791.76 42.4573 -7.66968 195.291 18.4773 -13 1 1 0 1 -0.0784064 0.065925 3.0028 0 0 0 
-9.27822 14.749 4889.49 33.6833 -24.7761 195.58 18.8545 -13 1 1 0 1 -0.0438066 0.0762952 2.11733 0 0 0 
5.37479 0.238809 4987.32 25.9611 -31.6299 195.77 19.2318 -13 1 1 0 1 0.0419744 -0.00422101 0.879181 0 0 0 
18.1566 -15.4525 5085.25 26.7951 -29.8164 195.942 19.609 -13 1 1 0 1 0.13008 -0.115067 -0.497232 0 0 0 
33.5464 -28.1395 5183.22 35.6073 -19.2807 195.858 19.9863 -13 1 1 0 1 0.205486 -0.180254 -1.81065 0 0 0 
53.6826 -32.9768 5281 43.7658 1.50401 195.147 20.3635 -13 1 1 0 1 0.213354 -0.142507 -2.84523 0 0 0 
75.1726 -25.9026 5378.34 39.5019 26.2645 194.293 20.7408 -13 1 1 0 1 0.0591431 -0.0337948 -3.36746 0 0 0 
90.9142 -8.66775 5475.52 22.2588 39.6081 194.771 21.118 -13 1 1 0 1 -0.24365 0.0103289 -3.21037 0 0 0 
97.7083 10.4381 5573.41 6.48953 33.9688 196.988 21.4953 -13 1 1 0 1 -0.529627 -0.0668612 -2.39196 0 0 0 
99.527 23.3513 5672.53 2.89274 16.589 199.29 21.8725 -13 1 1 0 1 -0.686945 -0.168257 -1.12562 0 0 0 
102.063 26.4159 5772.4 7.82579 -4.72355 199.791 22.2498 -13 1 1 0 1 -0.736763 -0.195544 0.32681 0 0 0 
106.871 18.3013 5871.89 9.85554 -27.8696 197.804 22.6271 -13 1 1 0 1 -0.691916 -0.12304 1.73625 0 0 0 
109.531 -0.917804 5969.93 -2.04566 -47.4143 194.288 23.0043 -13 1 1 0 1 -0.490846 -0.00238548 2.85945 0 0 0 
102.516 -26.2138 6066.36 -27.0676 -49.8182 191.796 23.3816 -13 1 1 0 1 -0.138979 0.0256759 3.42899 0 0 0 
83.2908 -46.7628 6162.22 -47.2583 -29.2553 192.122 23.7588 -13 1 1 0 1 0.174496 -0.110727 3.29118 0 0 0 
58.608 -54.0627 6258.76 -48.2209 -0.2973 194.1 24.1361 -13 1 1 0 1 0.284831 -0.276405 2.51151 0 0 0 
37.2709 -48.5747 6356.24 -36.2127 20.1621 195.659 24.5133 -13 1 1 0 1 0.239104 -0.324363 1.31595 0 0 0 
22.1755 -35.8803 6454.25 -25.2425 28.9531 196.277 24.8906 -13 1 1 0 1 0.149802 -0.254096 -0.0611991 0 0 0 
10.5538 -20.9757 6552.45 -22.8542 29.4712 196.493 25.2678 -13 1 1 0 1 0.0602422 -0.133425 -1.41421 0 0 0 
-2.04585 -7.66654 6650.75 -28.4358 22.3762 196.7 25.6451 -13 1 1 0 1 -0.0195966 -0.0312922 -2.53018 0 0 0 
-18.0219 0.019565 6749.13 -34.8029 7.25028 196.816 26.0223 -13 1 1 0 1 -0.0434261 0.00632678 -3.18589 0 0 0 
-35.6208 -0.829463 6847.54 -34.1707 -10.1654 196.797 26.3996 -13 1 1 0 1 0.0481957 0.00813141 -3.21485 0 0 0 
-51.1925 -8.84198 6945.98 -27.8263 -20.0229 197.041 26.7768 -13 1 1 0 1 0.22927 0.0474809 -2.59439 0 0 0 
-63.9215 -18.9054 7044.65 -24.137 -18.4194 197.682 27.1541 -13 1 1 0 1 0.409719 0.128814 -1.47622 0 0 0 
-76.5043 -25.6584 7143.61 -27.1828 -7.11163 198.017 27.5313 -13 1 1 0 1 0.543086 0.189556 -0.0943127 0 0 0 
-91.4766 -24.5319 7242.43 -32.2182 13.095 196.954 27.9086 -13 1 1 0 1 0.613121 0.172928 1.32388 0 0 0 
-107.138 -11.4138 7340.24 -27.7743 39.7799 194.027 28.2858 -13 1 1 0 1 0.549649 0.0694582 2.56118 0 0 0 
-116.062 14.2068 7436.38 -4.91953 59.9404 190.744 28.6631 -13 1 1 0 1 0.269473 -0.0198125 3.36176 0 0 0 
-110.53 44.3913 7531.44 26.4909 56.0829 190.14 29.0403 -13 1 1 0 1 -0.129776 0.0658034 3.48988 0 0 0 
-92.154 66.4896 7627.12 43.0939 30.1845 192.956 29.4176 -13 1 1 0 1 -0.397914 0.299325 2.89927 0 0 0 
-71.2896 74.342 7724.51 37.3457 2.45605 196.468 29.7948 -13 1 1 0 1 -0.450726 0.480471 1.77573 0 0 0 
-56.4959 70.6883 7823.28 21.4211 -15.3654 198.256 30.1721 -13 1 1 0 1 -0.399797 0.510621 0.386204 0 0 0 
-49.3163 60.2122 7922.44 8.58352 -25.7931 198.145 30.5493 -13 1 1 0 1 -0.332784 0.418629 -1.03802 0 0 0 
-46.1576 45.408 8021.29 6.0987 -32.87 197.187 30.9266 -13 1 1 0 1 -0.242436 0.252731 -2.27641 0 0 0 
-41.2306 28.3225 8119.68 15.2149 -33.9489 196.51 31.3038 -13 1 1 0 1 -0.103434 0.0851033 -3.08813 0 0 0 
-30.1781 13.339 8217.9 28.7672 -24.1051 196.448 31.6811 -13 1 1 0 1 0.0307707 -0.00190484 -3.27961 0 0 0 
-13.4941 5.48104 8316.15 36.5121 -6.96053 196.516 32.0583 -13 1 1 0 1 0.0621953 -0.0155927 -2.81407 0 0 0 
2.46036 5.3673 8400.5 37.2045 5.51683 196.432 32.3822 -13 1 1 0 1 -0.00523754 -0.0273855 -1.98938 0 0 0 
2.46054 5.36735 8400.5 37.2045 5.51694 196.432 32.3822 -13 1 1 0 1 -0.00523868 -0.0273859 -1.98937 0 0 0 
20.8748 9.97887 8498.68 36.7434 11.0905 196.283 32.7595 -13 1 1 0 1 -0.137017 -0.0678296 -0.72495 0 0 0 
39.736 14.5409 8596.77 39.1829 5.19677 196.056 33.1367 -13 1 1 0 1 -0.269359 -0.102477 0.661103 0 0 0 
60.0396 13.232 8694.65 41.2558 -12.2083 195.318 33.514 -13 1 1 0 1 -0.346964 -0.0819759 1.96566 0 0 0 
79.2937 1.17225 8791.96 33.2878 -36.1654 193.867 33.8912 -13 1 1 0 1 -0.280504 -0.00989542 2.96582 0 0 0 
90.7895 -21.5855 8888.57 10.8095 -52.0455 192.807 34.2685 -13 1 1 0 1 -0.0256776 0.00216575 3.42362 0 0 0 
89.7829 -47.2949 8985.14 -13.3767 -47.2513 193.878 34.6457 -13 1 1 0 1 0.28173 -0.14943 3.18284 0 0 0 
80.1637 -66.3833 9082.78 -21.7492 -28.0451 196.827 35.023 -13 1 1 0 1 0.459168 -0.37944 2.29371 0 0 0 
70.9978 -75.4226 9181.9 -12.7427 -8.857 199.398 35.4002 -13 1 1 0 1 0.499096 -0.530304 0.991527 0 0 0 
68.6109 -75.9285 9281.81 3.43461 6.52658 199.865 35.7775 -13 1 1 0 1 0.493052 -0.54905 -0.465675 0 0 0 
73.7722 -68.6971 9381.37 15.6521 22.9401 198.063 36.1547 -13 1 1 0 1 0.462156 -0.438045 -1.85054 0 0 0 
81.8699 -52.6538 9479.71 13.722 40.8863 195.295 36.532 -13 1 1 0 1 0.334772 -0.226794 -2.91291 0 0 0 
84.5615 -29.3597 9576.87 -5.1514 49.5288 193.702 36.9092 -13 1 1 0 1 0.0714356 -0.0382576 -3.39489 0 0 0 
76.0306 -6.44623 9673.77 -28.0355 38.9755 194.152 37.2865 -13 1 1 0 1 -0.197381 0.00387009 -3.17786 0 0 0 
58.5453 7.58645 9771.15 -39.4646 16.5269 195.371 37.6637 -13 1 1 0 1 -0.308786 -0.0503144 -2.34937 0 0 0 
38.5465 10.6766 9869.04 -39.3391 -2.70515 196.075 38.041 -13 1 1 0 1 -0.261277 -0.0795621 -1.13458 0 0 0 
19.5621 6.68723 9967.13 -36.8962 -11.3232 196.242 38.4182 -13 1 1 0 1 -0.141969 -0.0533046 0.241681 0 0 0 
1.11056 1.26693 10065.3 -37.3923 -8.4764 196.291 38.7955 -13 1 1 0 1 -0.0136602 -0.0138304 1.57412 0 0 0 
-17.8537 -0.0370952 10163.4 -37.8572 4.72161 196.328 39.1727 -13 1 1 0 1 0.0688397 -0.00618498 2.64857 0 0 0 
-35.5237 6.78114 10261.6 -31.2331 22.4263 196.27 39.55 -13 1 1 0 1 0.0367482 -0.0159296 3.24268 0 0 0 
-47.7629 21.2549 10359.7 -17.111 33.5376 196.425 39.9272 -13 1 1 0 1 -0.111568 0.0383503 3.19356 0 0 0 
-53.0728 38.2131 10458.1 -5.53789 32.4517 197.273 40.3045 -13 1 1 0 1 -0.274003 0.185612 2.49317 0 0 0 
-55.2253 52.4692 10557.1 -5.13904 23.9047 198.501 40.6817 -13 1 1 0 1 -0.376064 0.347438 1.31651 0 0 0 
-59.9889 61.6801 10656.5 -15.2156 12.4475 199.032 41.059 -13 1 1 0 1 -0.436454 0.441536 -0.0926094 0 0 0 
-71.0362 64.0702 10755.8 -28.7055 -4.12805 197.887 41.4362 -13 1 1 0 1 -0.475191 0.423926 -1.50581 0 0 0 
-87.3244 56.217 10854.1 -33.9227 -28.2733 195.064 41.8135 -13 1 1 0 1 -0.428217 0.274087 -2.69185 0 0 0 
-101.648 35.97 10950.9 -19.8903 -50.967 192.372 42.1907 -13 1 1 0 1 -0.194903 0.0713195 -3.38762 0 0 0 
-104.785 8.51514 11046.9 8.04564 -54.6663 192.216 42.568 -13 1 1 0 1 0.167536 -0.00767171 -3.38815 0 0 0 
-94.8122 -14.9044 11143.5 29.1956 -36.3822 194.485 42.9452 -13 1 1 0 1 0.436174 0.0763503 -2.70092 0 0 0 
-78.5412 -26.8378 11241.4 33.3356 -11.7215 196.854 43.3225 -13 1 1 0 1 0.504837 0.180436 -1.53436 0 0 0 
-63.068 -27.7579 11340.2 27.9775 6.5608 197.926 43.6997 -13 1 1 0 1 0.44526 0.203812 -0.143531 0 0 0 
-50.3404 -21.7364 11439.1 23.7338 16.1366 197.931 44.077 -13 1 1 0 1 0.333443 0.152838 1.24986 0 0 0 
-38.3329 -13.0199 11538 25.2377 17.2406 197.652 44.4542 -13 1 1 0 1 0.191675 0.0761146 2.42365 0 0 0 
-24.588 -6.06402 11636.8 29.6586 9.07883 197.581 44.8315 -13 1 1 0 1 0.0535911 0.0261663 3.14273 0 0 0 
-9.35784 -5.02437 11735.6 30.183 -5.35437 197.638 45.2088 -13 1 1 0 1 -0.0115407 0.0068803 3.22875 0 0 0 
4.6117 -11.1005 11834.5 25.1291 -18.0064 197.597 45.586 -13 1 1 0 1 0.0207144 -0.0366254 2.66488 0 0 0 
15.8648 -21.8177 11933.2 20.6084 -23.6047 197.531 45.9633 -13 1 1 0 1 0.101693 -0.128801 1.59873 0 0 0 
26.3473 -33.548 12032 22.643 -22.2163 197.469 46.3405 -13 1 1 0 1 0.1895 -0.230544 0.256818 0 0 0 
39.6864 -42.8169 12130.6 31.5169 -13.4077 197.046 46.7178 -13 1 1 0 1 0.273613 -0.283348 -1.13675 0 0 0 
57.9105 -45.2726 12228.9 40.4405 5.31201 195.798 47.095 -13 1 1 0 1 0.314849 -0.233362 -2.36891 0 0 0 
78.0956 -36.3243 12326.4 37.3996 30.6137 194.073 47.4723 -13 1 1 0 1 0.214628 -0.0879803 -3.20364 0 0 0 
92.3912 -16.078 12423.2 17.6115 47.4718 193.485 47.8495 -13 1 1 0 1 -0.0659984 0.0201992 -3.40961 0 0 0 
95.1355 7.56429 12520.2 -5.50407 43.6252 195.107 48.2268 -13 1 1 0 1 -0.37667 -0.0253861 -2.91111 0 0 0 
90.5389 22.6383 12600.5 -15.1479 29.1226 197.289 48.5355 -13 1 1 0 1 -0.527577 -0.13046 -2.06848 0 0 0 
90.5388 22.6384 12600.5 -15.148 29.1224 197.289 48.5355 -13 1 1 0 1 -0.527578 -0.130461 -2.06847 0 0 0 
82.7849 32.1225 12699.7 -14.0403 9.11115 199.299 48.9127 -13 1 1 0 1 -0.575026 -0.224737 -0.731644 0 0 0 
77.4318 32.3027 12799.5 -7.33232 -7.81628 199.714 49.29 -13 1 1 0 1 -0.536957 -0.228334 0.713494 0 0 0 
74.7205 24.8434 12899.2 -4.87599 -21.3868 198.794 49.6672 -13 1 1 0 1 -0.431109 -0.149983 2.04111 0 0 0 
70.9067 11.9656 12998.3 -11.9677 -28.4938 197.599 50.0445 -13 1 1 0 1 -0.235059 -0.0471832 2.99443 0 0 0 
61.8138 -1.50267 13096.9 -24.3953 -23.014 197.169 50.4217 -13 1 1 0 1 0.00500741 -0.00654249 3.33929 0 0 0 
47.4871 -9.12421 13195.6 -31.2787 -6.37123 197.437 50.799 -13 1 1 0 1 0.164703 -0.0362387 2.9911 0 0 0 
32.129 -7.77375 13294.3 -29.0209 11.0366 197.576 51.1762 -13 1 1 0 1 0.190584 -0.0502015 2.06883 0 0 0 
18.8282 0.767862 13393.1 -24.5746 21.8361 197.281 51.5535 -13 1 1 0 1 0.134688 -0.000584893 0.801331 0 0 0 
6.63309 12.7888 13491.6 -25.4343 24.972 196.799 51.9307 -13 1 1 0 1 0.0490605 0.0821086 -0.585495 0 0 0 
-7.77488 24.3159 13589.9 -33.0326 19.4919 196.289 52.308 -13 1 1 0 1 -0.0448966 0.135564 -1.88197 0 0 0 
-26.498 30.4986 13687.9 -41.0325 3.55845 195.714 52.6852 -13 1 1 0 1 -0.0982447 0.101805 -2.86558 0 0 0 
-47.0873 26.871 13785.6 -39.0326 -18.0165 195.326 53.0625 -13 1 1 0 1 -0.0241162 0.000417286 -3.31733 0 0 0 
-63.4741 13.7909 13883.3 -25.2501 -31.9675 195.808 53.4397 -13 1 1 0 1 0.182773 -0.0524222 -3.09716 0 0 0 
-72.2823 -2.45728 13981.6 -11.0413 -30.6045 197.337 53.817 -13 1 1 0 1 0.397099 0.00339633 -2.25323 0 0 0 
-76.1427 -15.0533 14080.7 -6.15108 -18.6893 199.031 54.1942 -13 1 1 0 1 0.521914 0.096171 -0.99212 0 0 0 
-79.7815 -20.4745 14180.5 -9.12299 -2.53875 199.777 54.5715 -13 1 1 0 1 0.562617 0.139566 0.441874 0 0 0 
-85.1701 -17.2084 14280.2 -11.4847 15.8367 199.042 54.9487 -13 1 1 0 1 0.522787 0.101253 1.81991 0 0 0 
-89.6036 -4.90214 14379.3 -4.15416 32.3283 197.327 55.326 -13 1 1 0 1 0.354273 0.0134455 2.89177 0 0 0 
-87.5225 13.0393 14477.6 13.4222 36.499 196.184 55.7033 -13 1 1 0 1 0.0591985 -0.0173893 3.39354 0 0 0 
-76.6129 28.5453 14575.8 28.4774 23.0101 196.621 56.0805 -13 1 1 0 1 -0.21593 0.0701619 3.1809 0 0 0 
-61.3972 34.7303 14674.4 30.0594 1.65967 197.722 56.4578 -13 1 1 0 1 -0.33809 0.18162 2.33044 0 0 0 
-48.1378 30.969 14773.4 22.3346 -15.5153 198.144 56.835 -13 1 1 0 1 -0.334245 0.208135 1.08272 0 0 0 
-38.8223 20.3652 14872.4 15.888 -25.9089 197.678 57.2123 -13 1 1 0 1 -0.281338 0.14429 -0.317051 0 0 0 
-30.8669 5.96408 14971 17.5326 -30.7134 196.849 57.5895 -13 1 1 0 1 -0.201315 0.0402445 -1.65202 0 0 0 
-19.853 -9.05063 15069.2 27.5078 -27.6748 196.158 57.9668 -13 1 1 0 1 -0.0943646 -0.0331992 -2.70028 0 0 0 
-3.22288 -19.8752 15167.2 38.1824 -13.9633 195.825 58.344 -13 1 1 0 1 -0.0152357 -0.0164807 -3.24133 0 0 0 
16.7537 -22.1183 15265.1 39.8118 4.85207 195.939 58.7213 -13 1 1 0 1 -0.0488059 0.0566714 -3.13551 0 0 0 
35.0548 -16.1693 15363.2 32.585 17.0787 196.588 59.0985 -13 1 1 0 1 -0.185887 0.0878859 -2.40875 0 0 0 
49.3691 -7.07853 15461.8 25.3615 17.3568 197.626 59.4758 -13 1 1 0 1 -0.334879 0.052943 -1.23459 0 0 0 
61.3184 -0.459849 15560.8 23.2368 7.72986 198.496 59.853 -13 1 1 0 1 -0.43889 0.00969594 0.153321 0 0 0 
72.9093 -0.543715 15660.1 22.7451 -9.03481 198.498 60.2303 -13 1 1 0 1 -0.472928 0.0120004 1.53998 0 0 0 
82.8999 -9.98012 15759.1 15.3986 -28.4341 197.37 60.6075 -13 1 1 0 1 -0.38176 0.0571739 2.69176 0 0 0 
86.3972 -27.5777 15857.5 -2.83326 -39.4216 196.057 60.9848 -13 1 1 0 1 -0.133186 0.0557861 3.34747 0 0 0 
79.908 -46.2772 15955.4 -21.8121 -32.3211 196.163 61.362 -13 1 1 0 1 0.159505 -0.0790313 3.3062 0 0 0 
66.9715 -57.8324 16053.9 -27.0855 -13.1185 197.724 61.7393 -13 1 1 0 1 0.331365 -0.274436 2.57595 0 0 0 
55.2275 -59.6947 16153.1 -18.3034 4.71211 199.106 62.1165 -13 1 1 0 1 0.368735 -0.388367 1.37142 0 0 0 
49.2995 -54.0928 16252.8 -5.64078 16.9914 199.198 62.4938 -13 1 1 0 1 0.355338 -0.379632 -0.0394986 0 0 0 
48.6773 -43.0313 16352.1 1.66472 27.1814 198.138 62.871 -13 1 1 0 1 0.324776 -0.27583 -1.43117 0 0 0 
49.0667 -27.1011 16450.9 -2.2324 35.9372 196.733 63.2483 -13 1 1 0 1 0.242147 -0.12244 -2.56913 0 0 0 
44.5604 -8.40485 16549 -17.0368 36.8522 195.837 63.6255 -13 1 1 0 1 0.0912299 -0.00835405 -3.21575 0 0 0 
31.8755 7.52985 16646.8 -32.7308 24.9406 195.722 64.0028 -13 1 1 0 1 -0.0408546 -0.00602095 -3.21566 0 0 0 
13.5025 15.5128 16744.8 -38.8791 7.07178 196.058 64.38 -13 1 1 0 1 -0.0519334 -0.066401 -2.57873 0 0 0 
2.51266 16.3047 16800.5 -38.1233 -1.01907 196.331 64.5944 -13 1 1 0 1 -0.00553627 -0.0906489 -1.99372 0 0 0 
2.51248 16.3047 16800.5 -38.1233 -1.01919 196.331 64.5944 -13 1 1 0 1 -0.00553526 -0.0906491 -1.99371 0 0 0 
-15.6278 13.8266 16898.8 -34.3619 -7.00566 196.903 64.9716 -13 1 1 0 1 0.115735 -0.0944502 -0.725162 0 0 0 
-32.0787 11.141 16997.4 -31.7012 -2.01879 197.462 65.3489 -13 1 1 0 1 0.230491 -0.0786357 0.661673 0 0 0 
-47.2353 13.3088 17096.2 -28.2988 11.8476 197.634 65.7261 -13 1 1 0 1 0.286393 -0.0817753 1.96372 0 0 0 
-59.1764 23.4958 17194.9 -17.8798 28.5138 197.149 66.1034 -13 1 1 0 1 0.221423 -0.0892428 2.94511 0 0 0 
-63.7403 40.3825 17293.3 0.283598 36.6971 196.605 66.4806 -13 1 1 0 1 0.0272073 -0.0165556 3.36336 0 0 0 
-59.4447 57.6367 17391.7 15.1489 30.1276 197.138 66.8579 -13 1 1 0 1 -0.178641 0.176829 3.08194 0 0 0 
-51.002 69.282 17490.7 16.0765 16.2443 198.691 67.2351 -13 1 1 0 1 -0.284022 0.390662 2.16503 0 0 0 
-45.4373 74.3051 17590.3 4.77865 4.49808 199.894 67.6124 -13 1 1 0 1 -0.312063 0.512815 0.854324 0 0 0 
-46.9296 74.1336 17690.3 -10.7901 -5.32565 199.639 67.9896 -13 1 1 0 1 -0.329676 0.518326 -0.590652 0 0 0 
-55.5794 68.3244 17789.7 -22.3963 -18.8908 197.843 68.3669 -13 1 1 0 1 -0.33666 0.406241 -1.94635 0 0 0 
-67.1081 54.4839 17888 -20.846 -36.5406 195.527 68.7441 -13 1 1 0 1 -0.255002 0.195414 -2.9601 0 0 0 
-73.5346 32.9382 17985.4 -2.57936 -47.2272 194.328 69.1214 -13 1 1 0 1 -0.0389643 0.00397204 -3.38961 0 0 0 
-68.8041 10.339 18082.7 20.8281 -40.1234 194.825 69.4986 -13 1 1 0 1 0.196847 -0.0423115 -3.12043 0 0 0 
-54.4873 -5.11696 18180.4 34.1475 -20.9226 195.951 69.8759 -13 1 1 0 1 0.295481 0.0176554 -2.25513 0 0 0 
-36.6276 -10.988 18278.5 35.9648 -3.83658 196.704 70.2531 -13 1 1 0 1 0.246565 0.0670514 -1.01612 0 0 0 
-19.1336 -10.6075 18377 33.9609 3.55547 197.065 70.6304 -13 1 1 0 1 0.130067 0.068385 0.365501 0 0 0 
-2.51889 -9.20418 18475.6 32.5862 0.391068 197.328 71.0076 -13 1 1 0 1 0.00858438 0.0508346 1.68607 0 0 0 
13.1766 -11.6317 18574.3 29.4663 -11.1044 197.507 71.3849 -13 1 1 0 1 -0.0635058 0.0410505 2.72004 0 0 0 
25.892 -20.6189 18673.1 20.2869 -24.3428 197.475 71.7621 -13 1 1 0 1 -0.0358005 0.0126464 3.24337 0 0 0 
32.8231 -34.7724 18771.8 7.54972 -30.6532 197.494 72.1394 -13 1 1 0 1 0.0709637 -0.0931913 3.10507 0 0 0 
34.3921 -49.7847 18870.6 0.340309 -28.3263 197.985 72.5166 -13 1 1 0 1 0.171528 -0.266493 2.32895 0 0 0 
35.0214 -62.547 18969.8 4.01747 -22.5429 198.686 72.8939 -13 1 1 0 1 0.230448 -0.42746 1.108 0 0 0 
39.9779 -72.1362 19069.2 17.0005 -15.3461 198.686 73.2712 -13 1 1 0 1 0.278873 -0.515757 -0.310397 0 0 0 
52.6436 -76.8876 19168.2 33.518 -2.09906 197.161 73.6484 -13 1 1 0 1 0.330496 -0.491932 -1.70841 0 0 0 
72.2437 -72.4476 19266.1 42.389 21.3986 194.283 74.0257 -13 1 1 0 1 0.314433 -0.32057 -2.84955 0 0 0 
91.575 -55.1095 19362.6 31.1179 46.6752 191.973 74.4029 -13 1 1 0 1 0.11657 -0.0706758 -3.47078 0 0 0 
100.453 -28.7592 19458.6 3.14313 54.5912 192.381 74.7802 -13 1 1 0 1 -0.221137 0.066857 -3.38925 0 0 0 
95.4273 -4.47671 19555.4 -20.9828 39.5801 194.92 75.1574 -13 1 1 0 1 -0.480922 0.0282736 -2.63783 0 0 0 
82.1981 9.406 19653.4 -29.4513 15.9537 197.177 75.5347 -13 1 1 0 1 -0.547431 -0.0563373 -1.44098 0 0 0 
67.6069 12.3514 19752.3 -28.2245 -2.80836 197.98 75.9119 -13 1 1 0 1 -0.480019 -0.080865 -0.0547183 0 0 0 
53.8936 8.10142 19851.2 -27.2507 -12.6142 197.734 76.2892 -13 1 1 0 1 -0.348805 -0.044 1.30699 0 0 0 
39.604 1.40611 19950 -30.5043 -12.392 197.273 76.6664 -13 1 1 0 1 -0.183979 0.00437217 2.41495 0 0 0 
23.308 -2.55048 20048.6 -34.1348 -1.94592 197.057 77.0437 -13 1 1 0 1 -0.0385299 0.017072 3.03501 0 0 0 
6.49661 0.315906 20147.1 -31.9009 13.4677 196.981 77.4209 -13 1 1 0 1 0.0123118 0.013471 3.00815 0 0 0 
-7.74039 10.2261 20245.5 -24.8291 24.959 196.878 77.7982 -13 1 1 0 1 -0.0366344 0.0606253 2.33434 0 0 0 
-18.8656 23.9373 20344 -20.8465 28.6097 196.844 78.1754 -13 1 1 0 1 -0.125842 0.170413 1.17358 0 0 0 
-30.0966 37.6458 20442.4 -25.6812 24.9912 196.765 78.5527 -13 1 1 0 1 -0.223054 0.289738 -0.251602 0 0 0 
-45.8467 47.3793 20540.6 -38.0024 11.9453 195.994 78.9299 -13 1 1 0 1 -0.327166 0.349869 -1.73737 0 0 0 
-67.6163 47.2487 20638.1 -47.0999 -14.7909 193.813 79.3072 -13 1 1 0 1 -0.391477 0.285714 -3.07768 0 0 0 
-89.3948 31.2776 20734.3 -35.3215 -48.6098 190.762 79.6844 -13 1 1 0 1 -0.298329 0.114859 -4.04189 0 0 0 
-98.5473 1.5667 20829.1 1.59371 -65.133 189.092 80.0617 -13 1 1 0 1 -0.0324378 0.00720736 -4.428 0 0 0 
-87.6052 -28.065 20923.8 39.7073 -48.2307 189.994 80.4389 -13 1 1 0 1 0.194087 0.0644196 -4.21627 0 0 0 
-62.8312 -43.5114 21019.3 54.9472 -12.6452 191.889 80.8162 -13 1 1 0 1 0.224392 0.154229 -3.62135 0 0 0 
-36.3204 -41.5228 21115.6 48.5939 18.6955 193.105 81.1934 -13 1 1 0 1 0.137437 0.154266 -2.90664 0 0 0 
-15.5777 -26.9774 21212.2 33.9867 37.4333 193.505 81.5707 -13 1 1 0 1 0.0522619 0.0873534 -2.23737 0 0 0 
-9.19474 -18.7571 21252.2 27.9278 41.964 193.545 81.7264 -13 1 1 0 1 0.0287743 0.0556744 -1.99408 0 0 0 

# End of Event 1

