# AllTracks
#x y z Px Py Pz t PDGid EventID TrackID ParentID Weight Bx By Bz Ex Ey Ez
# Event -2 Track 1
-11.2945 14.0917 0 0.731734 -1.1308 199.995 0 -13 -2 1 0 1 0.0742898 -0.0777737 -1.99289 0 0 0 
-11.2894 14.0922 0.4995 0.745065 -1.11857 199.995 0.0018845 -13 -2 1 0 1 0.0743489 -0.0779108 -1.9871 0 0 0 
-11.2894 14.0922 0.5005 0.745092 -1.11854 199.995 0.00188827 -13 -2 1 0 1 0.0743491 -0.077911 -1.98708 0 0 0 
-10.2581 14.2045 100.494 3.39015 1.61062 199.965 0.379139 -13 -2 1 0 1 0.0787037 -0.0972792 -0.690026 0 0 0 
-7.81239 15.5965 200.452 6.55034 3.69793 199.858 0.75639 -13 -2 1 0 1 0.0617075 -0.109349 0.714498 0 0 0 
-3.54731 17.48 300.342 10.5918 3.25741 199.693 1.13364 -13 -2 1 0 1 0.0295032 -0.10461 2.00517 0 0 0 
2.64105 18.1955 400.145 13.7336 -1.0233 199.525 1.51089 -13 -2 1 0 1 0.00199482 -0.0666866 2.93835 0 0 0 
9.48698 16.0795 499.883 12.7991 -7.43756 199.451 1.88814 -13 -2 1 0 1 0.0115314 -0.00671793 3.28406 0 0 0 
14.7163 11.1807 599.622 7.6958 -11.4172 199.526 2.26539 -13 -2 1 0 1 0.059621 0.0308865 2.93964 0 0 0 
17.1665 5.45906 699.425 2.44035 -10.7838 199.694 2.64264 -13 -2 1 0 1 0.106794 0.0255528 2.00733 0 0 0 
17.6612 0.845478 799.315 0.0813072 -7.45261 199.861 3.0199 -13 -2 1 0 1 0.127295 -4.15077e-05 0.716849 0 0 0 
17.6925 -1.92048 899.275 0.343005 -3.61625 199.967 3.39715 -13 -2 1 0 1 0.125502 -0.0204692 -0.691543 0 0 0 
18.1316 -2.79106 999.269 1.37062 0.103731 199.995 3.7744 -13 -2 1 0 1 0.10644 -0.025783 -1.9866 0 0 0 
18.8804 -1.89829 1099.26 1.34711 3.29069 199.968 4.15165 -13 -2 1 0 1 0.0644251 -0.0186243 -2.92664 0 0 0 
19.2144 0.18613 1199.24 -0.179206 4.60921 199.947 4.5289 -13 -2 1 0 1 0.000548179 -0.0133372 -3.27829 0 0 0 
18.709 2.23692 1299.22 -1.66015 3.16425 199.968 4.90615 -13 -2 1 0 1 -0.0629223 -0.0196938 -2.93707 0 0 0 
17.827 3.05049 1399.21 -1.58838 -0.0704931 199.994 5.2834 -13 -2 1 0 1 -0.104131 -0.0272409 -2.00499 0 0 0 
17.3007 2.09973 1499.2 -0.479927 -3.75064 199.964 5.66065 -13 -2 1 0 1 -0.122557 -0.021721 -0.713989 0 0 0 
17.2143 -0.712138 1599.16 -0.167137 -7.49725 199.859 6.0379 -13 -2 1 0 1 -0.124278 -0.000976713 0.694014 0 0 0 
16.6898 -5.32422 1699.05 -2.47069 -10.7375 199.696 6.41515 -13 -2 1 0 1 -0.104418 0.0249102 1.98776 0 0 0 
14.2414 -11.01 1798.85 -7.65907 -11.333 199.532 6.7924 -13 -2 1 0 1 -0.0586357 0.0308124 2.9273 0 0 0 
9.04177 -15.8727 1898.6 -12.7273 -7.38591 199.458 7.16965 -13 -2 1 0 1 -0.0120025 -0.00588634 3.28127 0 0 0 
2.22736 -17.977 1998.34 -13.6878 -1.02691 199.528 7.54691 -13 -2 1 0 1 -0.00349914 -0.0651741 2.94598 0 0 0 
-3.95151 -17.2744 2098.14 -10.6003 3.21086 199.693 7.92416 -13 -2 1 0 1 -0.0317568 -0.103019 2.02035 0 0 0 
-8.23351 -15.4255 2198.03 -6.60667 3.60254 199.858 8.30141 -13 -2 1 0 1 -0.0645642 -0.108086 0.733159 0 0 0 
-10.7142 -14.1 2297.99 -3.46665 1.43415 199.965 8.67866 -13 -2 1 0 1 -0.0819538 -0.0967394 -0.675146 0 0 0 
-11.7757 -14.1019 2397.98 -0.774097 -1.39957 199.994 9.05591 -13 -2 1 0 1 -0.0774708 -0.0784234 -1.97616 0 0 0 
-11.4528 -15.3058 2497.97 2.06918 -3.08548 199.966 9.43316 -13 -2 1 0 1 -0.050007 -0.0467564 -2.92231 0 0 0 
-9.8298 -16.7906 2597.95 4.13751 -2.46967 199.942 9.81041 -13 -2 1 0 1 -0.0122776 0.0054394 -3.28202 0 0 0 
-7.7314 -17.5238 2697.92 3.78034 -0.388176 199.964 10.1877 -13 -2 1 0 1 0.0151338 0.0643647 -2.94959 0 0 0 
-6.46408 -17.2569 2797.91 0.990684 1.29145 199.993 10.5649 -13 -2 1 0 1 0.0294069 0.10513 -2.02373 0 0 0 
-6.9036 -16.3647 2897.91 -2.79298 2.24037 199.968 10.9422 -13 -2 1 0 1 0.0428848 0.119187 -0.735516 0 0 0 
-9.20733 -14.9088 2997.87 -6.276 3.83412 199.865 11.3194 -13 -2 1 0 1 0.061224 0.110682 0.672845 0 0 0 
-12.8984 -12.1877 3097.76 -8.03808 7.41216 199.701 11.6967 -13 -2 1 0 1 0.0737287 0.0805105 1.9729 0 0 0 
-16.6164 -7.27389 3197.57 -6.08108 12.2107 199.534 12.0739 -13 -2 1 0 1 0.0565131 0.0371448 2.91873 0 0 0 
-18.2957 -0.365445 3297.31 -0.190747 14.7097 199.458 12.4512 -13 -2 1 0 1 0.00173434 0.0133763 3.28078 0 0 0 
-16.7808 6.60858 3397.05 5.85079 12.4453 199.527 12.8284 -13 -2 1 0 1 -0.0543747 0.0338945 2.95436 0 0 0 
-13.1061 11.6516 3496.85 8.09422 7.65619 199.69 13.2057 -13 -2 1 0 1 -0.0737525 0.0764372 2.03516 0 0 0 
-9.32944 14.4649 3596.74 6.54391 3.95426 199.854 13.5829 -13 -2 1 0 1 -0.061874 0.107247 0.751095 0 0 0 
-6.85837 15.9592 3696.7 3.18296 2.29554 199.962 13.9602 -13 -2 1 0 1 -0.0429071 0.116881 -0.65718 0 0 0 
-6.20828 16.8941 3796.69 -0.55543 1.43336 199.994 14.3374 -13 -2 1 0 1 -0.0286789 0.104607 -1.96101 0 0 0 
-7.27648 17.2772 3896.68 -3.45096 -0.0629091 199.97 14.7147 -13 -2 1 0 1 -0.0149371 0.0663468 -2.91336 0 0 0 
-9.27323 16.7362 3996.66 -4.07673 -2.0599 199.948 15.0919 -13 -2 1 0 1 0.0104459 0.00867058 -3.28124 0 0 0 
-10.9338 15.4323 4096.64 -2.25859 -2.80162 199.968 15.4692 -13 -2 1 0 1 0.0465256 -0.0445841 -2.95785 0 0 0 
-11.3801 14.3186 4196.63 0.495805 -1.3183 199.995 15.8464 -13 -2 1 0 1 0.0741958 -0.0782069 -2.03852 0 0 0 
-11.3444 14.3188 4200.5 0.601966 -1.22541 199.995 15.861 -13 -2 1 0 1 0.0746894 -0.0792699 -1.99376 0 0 0 
-11.3444 14.3188 4200.5 0.601993 -1.22539 199.995 15.861 -13 -2 1 0 1 0.0746895 -0.0792702 -1.99375 0 0 0 
-10.3678 14.3745 4300.49 3.30963 1.49956 199.967 16.2383 -13 -2 1 0 1 0.0794827 -0.0985025 -0.696204 0 0 0 
-7.9536 15.7178 4400.45 6.49964 3.61763 199.862 16.6155 -13 -2 1 0 1 0.0626877 -0.110219 0.712053 0 0 0 
-3.71133 17.5712 4500.35 10.5493 3.21885 199.696 16.9928 -13 -2 1 0 1 0.030447 -0.105164 2.00295 0 0 0 
2.45707 18.2785 4600.15 13.6976 -1.01893 199.528 17.37 -13 -2 1 0 1 0.00260365 -0.0669874 2.93629 0 0 0 
9.28867 16.1725 4699.89 12.779 -7.40603 199.454 17.7473 -13 -2 1 0 1 0.0115206 -0.00673565 3.28208 0 0 0 
14.5119 11.2902 4799.63 7.68939 -11.3875 199.528 18.1245 -13 -2 1 0 1 0.0589223 0.0312392 2.93771 0 0 0 
16.9585 5.57782 4899.43 2.42867 -10.7793 199.695 18.5018 -13 -2 1 0 1 0.105576 0.026227 2.00548 0 0 0 
17.4422 0.957583 4999.32 0.0476413 -7.48535 199.86 18.879 -13 -2 1 0 1 0.125759 0.000727334 0.715145 0 0 0 
17.4513 -1.83644 5099.28 0.290595 -3.6981 199.966 19.2563 -13 -2 1 0 1 0.12381 -0.0198918 -0.693072 0 0 0 
17.8656 -2.76272 5199.28 1.33147 -0.0376264 199.996 19.6335 -13 -2 1 0 1 0.104865 -0.0256172 -1.99106 0 0 0 
18.6085 -1.9528 5299.27 1.37051 3.10742 199.971 20.0108 -13 -2 1 0 1 0.0634717 -0.0188082 -2.93076 0 0 0 
18.9763 0.0414729 5399.25 -0.0683498 4.44394 199.951 20.388 -13 -2 1 0 1 0.000510861 -0.0133435 -3.28214 0 0 0 
18.5416 2.02706 5499.23 -1.49897 3.07425 199.971 20.7653 -13 -2 1 0 1 -0.0623898 -0.0189982 -2.94071 0 0 0 
17.7392 2.81578 5599.22 -1.4399 -0.0847 199.995 21.1425 -13 -2 1 0 1 -0.103647 -0.0258921 -2.00845 0 0 0 
17.2763 1.86876 5699.21 -0.376648 -3.7287 199.965 21.5198 -13 -2 1 0 1 -0.122408 -0.0201242 -0.717278 0 0 0 
17.2301 -0.930879 5799.17 -0.108463 -7.47451 199.86 21.897 -13 -2 1 0 1 -0.124405 0.000539922 0.690897 0 0 0 
16.725 -5.53462 5899.06 -2.45029 -10.7272 199.697 22.2743 -13 -2 1 0 1 -0.104621 0.0261296 1.98795 0 0 0 
14.2793 -11.2175 5998.87 -7.66621 -11.3296 199.532 22.6515 -13 -2 1 0 1 -0.0587609 0.0315135 2.9275 0 0 0 
9.07298 -16.0776 6098.61 -12.743 -7.37759 199.457 23.0288 -13 -2 1 0 1 -0.0120002 -0.00588355 3.28142 0 0 0 
2.25375 -18.176 6198.35 -13.6876 -1.01228 199.529 23.406 -13 -2 1 0 1 -0.00341053 -0.0658422 2.94603 0 0 0 
-3.91727 -17.4661 6298.15 -10.5674 3.22396 199.695 23.7833 -13 -2 1 0 1 -0.0315613 -0.104128 2.02027 0 0 0 
-8.17315 -15.6114 6398.04 -6.53476 3.614 199.861 24.1605 -13 -2 1 0 1 -0.064148 -0.109376 0.732977 0 0 0 
-10.6082 -14.277 6498 -3.35662 1.46288 199.967 24.5378 -13 -2 1 0 1 -0.0812172 -0.097969 -0.675369 0 0 0 
-11.608 -14.2532 6598 -0.642925 -1.31942 199.995 24.915 -13 -2 1 0 1 -0.0764927 -0.0792997 -1.97635 0 0 0 
-11.2236 -15.3987 6697.99 2.17384 -2.9317 199.967 25.2923 -13 -2 1 0 1 -0.0492169 -0.0470658 -2.92239 0 0 0 
-9.56726 -16.7931 6797.97 4.15943 -2.27139 199.944 25.6696 -13 -2 1 0 1 -0.0122523 0.00544959 -3.28192 0 0 0 
-7.48129 -17.4304 6897.94 3.71379 -0.214129 199.966 26.0468 -13 -2 1 0 1 0.0143128 0.0640638 -2.94934 0 0 0 
-6.25897 -17.0923 6997.93 0.887986 1.4003 199.993 26.4241 -13 -2 1 0 1 0.0282296 0.104186 -2.02342 0 0 0 
-6.74687 -16.1605 7097.92 -2.87691 2.29405 199.966 26.8013 -13 -2 1 0 1 0.0417992 0.117772 -0.73523 0 0 0 
-9.08188 -14.6862 7197.88 -6.31519 3.85752 199.863 27.1786 -13 -2 1 0 1 0.0603497 0.109132 0.673053 0 0 0 
-12.7806 -11.9586 7297.78 -8.03067 7.41462 199.701 27.5558 -13 -2 1 0 1 0.0730359 0.0791707 1.973 0 0 0 
-16.4866 -7.04993 7397.59 -6.04538 12.1864 199.537 27.9331 -13 -2 1 0 1 0.0560561 0.0363711 2.91871 0 0 0 
-18.148 -0.160371 7497.33 -0.161263 14.6608 199.462 28.3103 -13 -2 1 0 1 0.00170806 0.0133565 3.28067 0 0 0 
-16.6263 6.78796 7597.07 5.84629 12.3969 199.53 28.6876 -13 -2 1 0 1 -0.0538784 0.0344845 2.95417 0 0 0 
-12.9635 11.8132 7696.88 8.05222 7.63701 199.692 29.0648 -13 -2 1 0 1 -0.0729402 0.0773667 2.03491 0 0 0 
-9.21583 14.6264 7796.76 6.47011 3.97189 199.856 29.4421 -13 -2 1 0 1 -0.0610898 0.108366 0.750786 0 0 0 
-6.79021 16.1356 7896.72 3.07342 2.33283 199.963 29.8193 -13 -2 1 0 1 -0.0424328 0.118107 -0.657526 0 0 0 
-6.20546 17.0864 7996.71 -0.707047 1.45146 199.994 30.1966 -13 -2 1 0 1 -0.0286602 0.105725 -1.96136 0 0 0 
-7.3567 17.4635 8096.7 -3.62459 -0.111627 199.967 30.5738 -13 -2 1 0 1 -0.01521 0.0669821 -2.91366 0 0 0 
-9.43433 16.8769 8196.68 -4.21607 -2.19094 199.944 30.9511 -13 -2 1 0 1 0.0104342 0.00867475 -3.28141 0 0 0 
-11.1456 15.4951 8296.66 -2.31917 -2.9715 199.965 31.3283 -13 -2 1 0 1 0.0472235 -0.0447998 -2.95784 0 0 0 
-11.6042 14.2997 8396.65 0.50032 -1.46768 199.994 31.7056 -13 -2 1 0 1 0.0754833 -0.0781052 -2.03836 0 0 0 
-11.5684 14.2974 8400.5 0.607588 -1.37368 199.995 31.7201 -13 -2 1 0 1 0.0759878 -0.0791478 -1.9938 0 0 0 
-11.5683 14.2974 8400.5 0.607616 -1.37366 199.995 31.7201 -13 -2 1 0 1 0.0759879 -0.0791481 -1.99379 0 0 0 
-10.5831 14.2902 8500.49 3.33098 1.39733 199.968 32.0974 -13 -2 1 0 1 0.0809766 -0.0979186 -0.696211 0 0 0 
-8.16253 15.5939 8600.45 6.4994 3.56024 199.863 32.4746 -13 -2 1 0 1 0.0641359 -0.109359 0.712055 0 0 0 
-3.92867 17.4296 8700.35 10.5165 3.20641 199.698 32.8519 -13 -2 1 0 1 0.0317019 -0.104344 2.00293 0 0 0 
2.21836 18.1427 8800.15 13.65 -0.983352 199.531 33.2291 -13 -2 1 0 1 0.00340503 -0.0665283 2.9362 0 0 0 
9.02964 16.0639 8899.89 12.7507 -7.33825 199.458 33.6064 -13 -2 1 0 1 0.0115227 -0.00673279 3.28191 0 0 0 
14.2479 11.2153 8999.63 7.69777 -11.3281 199.531 33.9836 -13 -2 1 0 1 0.0580376 0.0309881 2.9375 0 0 0 
16.7056 5.52255 9099.44 2.46145 -10.7639 199.695 34.3609 -13 -2 1 0 1 0.104114 0.0259071 2.0053 0 0 0 
17.2083 0.896251 9199.33 0.0898763 -7.52487 199.859 34.7381 -13 -2 1 0 1 0.124135 0.000301808 0.715026 0 0 0 
17.2419 -1.92986 9299.29 0.349518 -3.78436 199.964 35.1154 -13 -2 1 0 1 0.122353 -0.0205399 -0.693122 0 0 0 
17.6953 -2.90605 9399.28 1.43376 -0.144646 199.995 35.4926 -13 -2 1 0 1 0.103873 -0.0264472 -1.99106 0 0 0 
18.5043 -2.14463 9499.27 1.53227 3.03052 199.971 35.8699 -13 -2 1 0 1 0.0631154 -0.0194566 -2.93074 0 0 0 
18.9625 -0.16978 9599.25 0.122058 4.44884 199.951 36.2471 -13 -2 1 0 1 0.000507268 -0.0133491 -3.28213 0 0 0 
18.6171 1.84023 9699.23 -1.34152 3.16161 199.971 36.6244 -13 -2 1 0 1 -0.0626452 -0.0183751 -2.94072 0 0 0 
17.8778 2.68319 9799.22 -1.34511 0.0351891 199.996 37.0016 -13 -2 1 0 1 -0.10445 -0.0251277 -2.00844 0 0 0 
17.45 1.79369 9899.22 -0.325734 -3.62436 199.967 37.3789 -13 -2 1 0 1 -0.123615 -0.0196041 -0.717225 0 0 0 
17.4251 -0.962904 9999.18 -0.0693934 -7.40894 199.863 37.7561 -13 -2 1 0 1 -0.125761 0.000762552 0.691013 0 0 0 
16.9404 -5.54566 10099.1 -2.40751 -10.7098 199.699 38.1334 -13 -2 1 0 1 -0.105871 0.0261941 1.98812 0 0 0 
14.5156 -11.232 10198.9 -7.62838 -11.3593 199.532 38.5106 -13 -2 1 0 1 -0.0595619 0.0315616 2.92768 0 0 0 
9.32302 -16.1147 10298.6 -12.728 -7.43272 199.456 38.8879 -13 -2 1 0 1 -0.0120103 -0.00588608 3.28155 0 0 0 
2.50517 -18.2393 10398.4 -13.6947 -1.056 199.528 39.2651 -13 -2 1 0 1 -0.00257751 -0.0660569 2.94605 0 0 0 
-3.67048 -17.5424 10498.2 -10.5747 3.21819 199.695 39.6424 -13 -2 1 0 1 -0.0301428 -0.10457 2.0202 0 0 0 
-7.92603 -15.679 10598.1 -6.52495 3.65573 199.86 40.0196 -13 -2 1 0 1 -0.0624371 -0.109844 0.732874 0 0 0 
-10.3527 -14.3107 10698 -3.33641 1.55751 199.966 40.3969 -13 -2 1 0 1 -0.0794412 -0.0982011 -0.675449 0 0 0 
-11.3465 -14.2261 10798 -0.647 -1.17231 199.996 40.7741 -13 -2 1 0 1 -0.0749684 -0.0791374 -1.97636 0 0 0 
-10.9801 -15.2903 10898 2.09971 -2.76247 199.97 41.1514 -13 -2 1 0 1 -0.0483793 -0.0466886 -2.92228 0 0 0 
-9.38179 -16.6079 10998 4.00525 -2.14524 199.949 41.5286 -13 -2 1 0 1 -0.0122352 0.00546881 -3.28171 0 0 0 
-7.38313 -17.2039 11098 3.53043 -0.177308 199.969 41.9059 -13 -2 1 0 1 0.0139909 0.0633198 -2.94909 0 0 0 
-6.24633 -16.8672 11197.9 0.736562 1.36493 199.994 42.2831 -13 -2 1 0 1 0.0281574 0.102893 -2.02318 0 0 0 
-6.79698 -15.9609 11297.9 -2.97688 2.23578 199.966 42.6604 -13 -2 1 0 1 0.0421459 0.116389 -0.735026 0 0 0 
-9.17136 -14.5132 11397.9 -6.37543 3.81333 199.862 43.0376 -13 -2 1 0 1 0.06097 0.107928 0.673215 0 0 0 
-12.8932 -11.8007 11497.8 -8.06438 7.39919 199.701 43.4149 -13 -2 1 0 1 0.0736884 0.0782493 1.97313 0 0 0 
-16.6105 -6.89302 11597.6 -6.05713 12.1959 199.536 43.7921 -13 -2 1 0 1 0.0564762 0.0358305 2.91882 0 0 0 
-18.2733 0.00409937 11697.3 -0.156941 14.6782 199.461 44.1694 -13 -2 1 0 1 0.00171273 0.013341 3.28077 0 0 0 
-16.7488 6.95939 11797.1 5.84911 12.4054 199.529 44.5466 -13 -2 1 0 1 -0.0542869 0.0350484 2.95422 0 0 0 
-13.0896 11.9853 11896.9 8.03186 7.63079 199.693 44.9239 -13 -2 1 0 1 -0.073668 0.0783567 2.03487 0 0 0 
-9.36081 14.791 11996.8 6.41417 3.94719 199.858 45.3011 -13 -2 1 0 1 -0.062095 0.109509 0.750649 0 0 0 
-6.97186 16.2804 12096.7 2.98474 2.27401 199.965 45.6784 -13 -2 1 0 1 -0.0436963 0.119115 -0.657733 0 0 0 
-6.4348 17.1879 12196.7 -0.802234 1.33371 199.994 46.0556 -13 -2 1 0 1 -0.0299987 0.106317 -1.96159 0 0 0 
-7.62442 17.4895 12296.7 -3.67277 -0.292812 199.966 46.4329 -13 -2 1 0 1 -0.0161336 0.0670667 -2.91384 0 0 0 
-9.7038 16.8053 12396.7 -4.17125 -2.38829 199.942 46.8101 -13 -2 1 0 1 0.010407 0.00865863 -3.28148 0 0 0 
-11.3712 15.3358 12496.7 -2.19687 -3.1155 199.964 47.1874 -13 -2 1 0 1 0.0479628 -0.0442867 -2.95776 0 0 0 
-11.7623 14.0881 12596.7 0.637108 -1.53429 199.993 47.5646 -13 -2 1 0 1 0.0763896 -0.0768965 -2.03819 0 0 0 
-11.7242 14.0851 12600.5 0.743408 -1.43794 199.994 47.5791 -13 -2 1 0 1 0.0768896 -0.0779174 -1.99377 0 0 0 
-11.7242 14.0851 12600.5 0.743436 -1.43792 199.994 47.5791 -13 -2 1 0 1 0.0768897 -0.0779177 -1.99376 0 0 0 
-10.6786 14.0597 12700.5 3.43163 1.38219 199.966 47.9564 -13 -2 1 0 1 0.0816383 -0.0963169 -0.696195 0 0 0 
-8.21988 15.3608 12800.5 6.55129 3.56151 199.861 48.3336 -13 -2 1 0 1 0.0645322 -0.10774 0.712018 0 0 0 
-3.97156 17.1983 12900.3 10.524 3.21186 199.697 48.7109 -13 -2 1 0 1 0.031949 -0.103004 2.00282 0 0 0 
2.17119 17.9162 13000.1 13.6291 -0.968004 199.533 49.0881 -13 -2 1 0 1 0.00356339 -0.0657659 2.93603 0 0 0 
8.97059 15.8487 13099.9 12.7292 -7.30863 199.461 49.4654 -13 -2 1 0 1 0.0115224 -0.00673221 3.28174 0 0 0 
14.1838 11.0162 13199.6 7.70232 -11.2966 199.532 49.8426 -13 -2 1 0 1 0.0578211 0.0303203 2.93739 0 0 0 
16.6527 5.33571 13299.4 2.50231 -10.7488 199.696 50.2199 -13 -2 1 0 1 0.103807 0.024828 2.00525 0 0 0 
17.1852 0.711817 13399.3 0.167813 -7.529 199.858 50.5971 -13 -2 1 0 1 0.123974 -0.00097651 0.715013 0 0 0 
17.2674 -2.11753 13499.3 0.466623 -3.78805 199.964 50.9744 -13 -2 1 0 1 0.12253 -0.0218422 -0.693134 0 0 0 
17.7883 -3.0876 13599.3 1.58388 -0.109129 199.994 51.3516 -13 -2 1 0 1 0.104415 -0.0274996 -1.99111 0 0 0 
18.6737 -2.29048 13699.3 1.67839 3.14136 199.969 51.7289 -13 -2 1 0 1 0.0636913 -0.0199504 -2.93086 0 0 0 
19.1913 -0.241935 13799.3 0.204404 4.62588 199.947 52.1061 -13 -2 1 0 1 0.000515161 -0.0133514 -3.28232 0 0 0 
18.8645 1.8609 13899.2 -1.34797 3.34423 199.968 52.4834 -13 -2 1 0 1 -0.0634715 -0.0184445 -2.94092 0 0 0 
18.1066 2.78466 13999.2 -1.40381 0.170871 199.995 52.8606 -13 -2 1 0 1 -0.105772 -0.0257135 -2.0086 0 0 0 
17.648 1.94904 14099.2 -0.382157 -3.54274 199.969 53.2379 -13 -2 1 0 1 -0.12499 -0.0206809 -0.717325 0 0 0 
17.603 -0.777289 14199.2 -0.090323 -7.3674 199.865 53.6151 -13 -2 1 0 1 -0.126998 -0.000525314 0.69097 0 0 0 
17.1185 -5.34793 14299.1 -2.38666 -10.7033 199.699 53.9924 -13 -2 1 0 1 -0.106907 0.0250486 1.98812 0 0 0 
14.7111 -11.0408 14398.9 -7.58529 -11.3922 199.531 54.3696 -13 -2 1 0 1 -0.0602274 0.0309142 2.92767 0 0 0 
9.53806 -15.9482 14498.6 -12.6988 -7.49485 199.456 54.7469 -13 -2 1 0 1 -0.0120222 -0.00589188 3.28152 0 0 0 
2.72584 -18.1042 14598.4 -13.7027 -1.1127 199.527 55.1241 -13 -2 1 0 1 -0.00184757 -0.065606 2.94601 0 0 0 
-3.4625 -17.4269 14698.2 -10.6151 3.20049 199.693 55.5014 -13 -2 1 0 1 -0.0289462 -0.103901 2.0202 0 0 0 
-7.74388 -15.5601 14798 -6.58712 3.68629 199.858 55.8786 -13 -2 1 0 1 -0.0611746 -0.109017 0.732937 0 0 0 
-10.2079 -14.167 14898 -3.42641 1.62268 199.964 56.2559 -13 -2 1 0 1 -0.0784344 -0.0972005 -0.675321 0 0 0 
-11.2575 -14.0478 14998 -0.782196 -1.107 199.996 56.6331 -13 -2 1 0 1 -0.0744495 -0.0780995 -1.97619 0 0 0 
-10.9703 -15.0901 15098 1.92179 -2.74914 199.972 57.0104 -13 -2 1 0 1 -0.0483466 -0.0460055 -2.92211 0 0 0 
-9.46269 -16.4224 15198 3.83102 -2.21904 199.951 57.3876 -13 -2 1 0 1 -0.012243 0.00547842 -3.28161 0 0 0 
-7.53784 -17.0734 15297.9 3.41587 -0.315025 199.971 57.7649 -13 -2 1 0 1 0.0144996 0.0628863 -2.94908 0 0 0 
-6.44053 -16.8094 15397.9 0.68965 1.2213 199.995 58.1421 -13 -2 1 0 1 0.0292727 0.10256 -2.02323 0 0 0 
-7.00482 -15.9676 15497.9 -2.99177 2.125 199.967 58.5194 -13 -2 1 0 1 0.0435851 0.116436 -0.735094 0 0 0 
-9.38699 -14.5649 15597.9 -6.39671 3.74474 199.863 58.8966 -13 -2 1 0 1 0.062465 0.108275 0.669732 0 0 0 
-13.1252 -11.8754 15697.8 -8.10927 7.37673 199.7 59.2739 -13 -2 1 0 1 0.0750344 0.078674 1.96954 0 0 0 
-16.8694 -6.96632 15797.6 -6.11625 12.2239 199.533 59.6512 -13 -2 1 0 1 0.0573581 0.0360753 2.91514 0 0 0 
-18.5598 -0.0445176 15897.3 -0.203758 14.7446 199.456 60.0284 -13 -2 1 0 1 0.0017286 0.0133435 3.27696 0 0 0 
-17.052 6.94643 15997.1 5.82921 12.4747 199.526 60.4057 -13 -2 1 0 1 -0.0552931 0.0350114 2.9502 0 0 0 
-13.3983 11.9997 16096.9 8.02618 7.66629 199.692 60.7829 -13 -2 1 0 1 -0.075449 0.0784526 2.03058 0 0 0 
-9.67305 14.8103 16196.8 6.40351 3.92903 199.859 61.1602 -13 -2 1 0 1 -0.0642637 0.109661 0.746057 0 0 0 
-7.29066 16.2745 16296.7 2.97198 2.19066 199.966 61.5374 -13 -2 1 0 1 -0.045913 0.119079 -0.659198 0 0 0 
-6.75447 17.1243 16396.7 -0.785404 1.1883 199.995 61.9147 -13 -2 1 0 1 -0.0318657 0.105952 -1.96321 0 0 0 
-7.91854 17.3444 16496.7 -3.58121 -0.463301 199.968 62.2919 -13 -2 1 0 1 -0.0171527 0.0665722 -2.9156 0 0 0 
-9.93051 16.5837 16596.7 -3.99788 -2.51094 199.945 62.6692 -13 -2 1 0 1 0.0103766 0.00864051 -3.28337 0 0 0 
-11.5019 15.0767 16696.7 -1.99889 -3.13997 199.966 63.0464 -13 -2 1 0 1 0.0483828 -0.0434347 -2.95983 0 0 0 
-11.8024 13.8387 16796.7 0.79382 -1.47873 199.993 63.4237 -13 -2 1 0 1 0.0766123 -0.0754624 -2.04048 0 0 0 
-11.7618 13.8371 16800.5 0.897993 -1.38016 199.994 63.4382 -13 -2 1 0 1 0.0771019 -0.0764763 -1.99599 0 0 0 
-11.7618 13.8371 16800.5 0.89802 -1.38014 199.994 63.4382 -13 -2 1 0 1 0.077102 -0.0764765 -1.99598 0 0 0 
-10.6542 13.8495 16900.5 3.52639 1.46768 199.964 63.8154 -13 -2 1 0 1 0.0814516 -0.094843 -0.701955 0 0 0 
-8.15974 15.193 17000.5 6.60331 3.6424 199.858 64.1927 -13 -2 1 0 1 0.0641025 -0.106558 0.705812 0 0 0 
-3.89094 17.0675 17100.3 10.5579 3.27886 199.695 64.5699 -13 -2 1 0 1 0.0314793 -0.102224 1.99615 0 0 0 
2.2689 17.8157 17200.1 13.6671 -0.913408 199.531 64.9472 -13 -2 1 0 1 0.00324578 -0.0654024 2.92892 0 0 0 
9.09217 15.7725 17299.9 12.7892 -7.26666 199.459 65.3244 -13 -2 1 0 1 0.0115493 -0.00670964 3.27421 0 0 0 
14.3428 10.9573 17399.6 7.79265 -11.2694 199.53 65.7017 -13 -2 1 0 1 0.0583988 0.0301361 2.92943 0 0 0 
16.8645 5.28822 17499.4 2.62241 -10.7272 199.695 66.0789 -13 -2 1 0 1 0.10509 0.0245534 1.99675 0 0 0 
17.4637 0.679452 17599.3 0.314079 -7.48362 199.86 66.4562 -13 -2 1 0 1 0.125976 -0.00121668 0.705826 0 0 0 
17.6224 -2.11206 17699.3 0.621279 -3.67398 199.966 66.8334 -13 -2 1 0 1 0.125056 -0.0218286 -0.69969 0 0 0 
18.2134 -2.99919 17799.3 1.69755 0.111998 199.993 67.2107 -13 -2 1 0 1 0.106952 -0.0270176 -1.99843 0 0 0 
19.128 -2.06691 17899.3 1.66777 3.44985 199.964 67.5879 -13 -2 1 0 1 0.0653148 -0.0192238 -2.93904 0 0 0 
19.5982 0.136789 17999.2 0.0272656 4.91592 199.94 67.9652 -13 -2 1 0 1 0.000622032 -0.0133633 -3.29137 0 0 0 
19.1544 2.35583 18099.2 -1.6183 3.50827 199.963 68.3424 -13 -2 1 0 1 -0.0643368 -0.0201086 -2.95086 0 0 0 
18.2649 3.32712 18199.2 -1.64078 0.205464 199.994 68.7197 -13 -2 1 0 1 -0.106578 -0.0288506 -2.01952 0 0 0 
17.7132 2.49086 18299.2 -0.511274 -3.56744 199.968 69.0969 -13 -2 1 0 1 -0.125324 -0.0244485 -0.729365 0 0 0 
17.6351 -0.250677 18399.2 -0.0933531 -7.39973 199.863 69.4742 -13 -2 1 0 1 -0.127072 -0.00420797 0.674154 0 0 0 
17.1795 -4.84046 18499 -2.27159 -10.755 199.698 69.8514 -13 -2 1 0 1 -0.107096 0.0220348 1.96959 0 0 0 
14.8508 -10.5767 18598.9 -7.39805 -11.5257 199.531 70.2287 -13 -2 1 0 1 -0.0605403 0.0292026 2.90721 0 0 0 
9.76842 -15.5817 18698.6 -12.5441 -7.75177 199.456 70.6059 -13 -2 1 0 1 -0.0119083 -0.00611998 3.25891 0 0 0 
3.00283 -17.889 18798.3 -13.6814 -1.44661 199.527 70.9832 -13 -2 1 0 1 -0.000874778 -0.0651661 2.92101 0 0 0 
-3.21173 -17.3797 18898.1 -10.7335 2.87338 199.691 71.3604 -13 -2 1 0 1 -0.027536 -0.103943 1.99238 0 0 0 
-7.57231 -15.6678 18998 -6.76972 3.39169 199.857 71.7377 -13 -2 1 0 1 -0.0601066 -0.110101 0.701738 0 0 0 
-10.1229 -14.4199 19098 -3.57326 1.32871 199.964 72.1149 -13 -2 1 0 1 -0.0780322 -0.099315 -0.707162 0 0 0 
-11.2156 -14.4536 19198 -0.791445 -1.42253 199.994 72.4922 -13 -2 1 0 1 -0.0744625 -0.080887 -2.01279 0 0 0 
-10.882 -15.6481 19298 2.12185 -3.02406 199.966 72.8694 -13 -2 1 0 1 -0.0483448 -0.0484598 -2.96446 0 0 0 
-9.22794 -17.0822 19397.9 4.19708 -2.33369 199.943 73.2467 -13 -2 1 0 1 -0.0125261 0.00473037 -3.33079 0 0 0 
-7.11088 -17.7407 19497.9 3.79025 -0.239839 199.964 73.6239 -13 -2 1 0 1 0.0128234 0.0642229 -3.00637 0 0 0 
-5.85191 -17.4152 19597.9 0.9521 1.36352 199.993 74.0012 -13 -2 1 0 1 0.025631 0.105018 -2.09025 0 0 0 
-6.31621 -16.521 19697.9 -2.85027 2.16707 199.968 74.3784 -13 -2 1 0 1 0.0384645 0.119077 -0.814014 0 0 0 
-8.65577 -15.1493 19797.9 -6.37411 3.56359 199.867 74.7557 -13 -2 1 0 1 0.0567493 0.110978 0.576064 0 0 0 
-12.4325 -12.6174 19897.8 -8.31711 6.93135 199.707 75.1329 -13 -2 1 0 1 0.069806 0.0815658 1.85745 0 0 0 
-16.3844 -7.97273 19997.6 -6.77658 11.6578 199.545 75.5102 -13 -2 1 0 1 0.0536451 0.0383439 2.77981 0 0 0 
-18.5466 -1.28764 20097.3 -1.42191 14.4374 199.474 75.8874 -13 -2 1 0 1 -0.00128972 0.0130841 3.11196 0 0 0 
-17.7478 5.69125 20197.1 4.26762 12.762 199.547 76.2647 -13 -2 1 0 1 -0.0613523 0.0319793 2.74679 0 0 0 
-14.896 11.0323 20296.9 6.40914 8.48155 199.718 76.642 -13 -2 1 0 1 -0.0882233 0.0759234 1.77648 0 0 0 
-11.9887 14.2969 20396.8 4.71699 4.83744 199.886 77.0192 -13 -2 1 0 1 -0.0847918 0.111451 0.424334 0 0 0 
-10.5191 16.1064 20496.8 0.969148 2.53504 199.982 77.3965 -13 -2 1 0 1 -0.073741 0.126148 -1.07188 0 0 0 
-11.0705 16.8066 20596.7 -3.06476 0.0874383 199.977 77.7737 -13 -2 1 0 1 -0.0649195 0.115963 -2.49973 0 0 0 
-13.2658 15.9488 20696.7 -5.17715 -3.72577 199.899 78.151 -13 -2 1 0 1 -0.048818 0.0774028 -3.6221 0 0 0 
-15.5598 13.0892 20796.7 -3.28475 -7.40607 199.836 78.5282 -13 -2 1 0 1 -0.0119377 0.0261808 -4.22463 0 0 0 
-16.0377 9.12787 20896.6 1.56914 -7.69327 199.846 78.9055 -13 -2 1 0 1 0.0320096 -0.00656825 -4.2269 0 0 0 
-14.135 6.06762 20996.5 5.64243 -4.07931 199.879 79.2827 -13 -2 1 0 1 0.052332 -0.014935 -3.75364 0 0 0 
-10.8664 5.24648 21096.4 6.99612 0.755341 199.877 79.66 -13 -2 1 0 1 0.0447099 -0.0166665 -3.05335 0 0 0 
-7.45634 6.64599 21196.4 6.45364 4.59701 199.843 80.0372 -13 -2 1 0 1 0.0273356 -0.0206579 -2.34902 0 0 0 
-5.77613 8.23956 21252.2 5.85251 6.08633 199.822 80.2479 -13 -2 1 0 1 0.018789 -0.0233751 -1.99749 0 0 0 

# Event -1 Track 1
-11.2945 14.0917 0 0.731734 -1.1308 199.995 0 -13 -1 1 0 1 0.0742898 -0.0777737 -1.99289 0 0 0 
-11.2894 14.0922 0.4995 0.745065 -1.11857 199.995 0.0018845 -13 -1 1 0 1 0.0743489 -0.0779108 -1.9871 0 0 0 
-11.2894 14.0922 0.5005 0.745092 -1.11854 199.995 0.00188827 -13 -1 1 0 1 0.0743491 -0.077911 -1.98708 0 0 0 
-10.2581 14.2045 100.494 3.39015 1.61062 199.965 0.379139 -13 -1 1 0 1 0.0787037 -0.0972792 -0.690026 0 0 0 
-7.81239 15.5965 200.452 6.55034 3.69793 199.858 0.75639 -13 -1 1 0 1 0.0617075 -0.109349 0.714498 0 0 0 
-3.54731 17.48 300.342 10.5918 3.25741 199.693 1.13364 -13 -1 1 0 1 0.0295032 -0.10461 2.00517 0 0 0 
2.64105 18.1955 400.145 13.7336 -1.0233 199.525 1.51089 -13 -1 1 0 1 0.00199482 -0.0666866 2.93835 0 0 0 
9.48698 16.0795 499.883 12.7991 -7.43756 199.451 1.88814 -13 -1 1 0 1 0.0115314 -0.00671793 3.28406 0 0 0 
14.7163 11.1807 599.622 7.6958 -11.4172 199.526 2.26539 -13 -1 1 0 1 0.059621 0.0308865 2.93964 0 0 0 
17.1665 5.45906 699.425 2.44035 -10.7838 199.694 2.64264 -13 -1 1 0 1 0.106794 0.0255528 2.00733 0 0 0 
17.6612 0.845478 799.315 0.0813072 -7.45261 199.861 3.0199 -13 -1 1 0 1 0.127295 -4.15077e-05 0.716849 0 0 0 
17.6925 -1.92048 899.275 0.343005 -3.61625 199.967 3.39715 -13 -1 1 0 1 0.125502 -0.0204692 -0.691543 0 0 0 
18.1316 -2.79106 999.269 1.37062 0.103731 199.995 3.7744 -13 -1 1 0 1 0.10644 -0.025783 -1.9866 0 0 0 
18.8804 -1.89829 1099.26 1.34711 3.29069 199.968 4.15165 -13 -1 1 0 1 0.0644251 -0.0186243 -2.92664 0 0 0 
19.2144 0.18613 1199.24 -0.179206 4.60921 199.947 4.5289 -13 -1 1 0 1 0.000548179 -0.0133372 -3.27829 0 0 0 
18.709 2.23692 1299.22 -1.66015 3.16425 199.968 4.90615 -13 -1 1 0 1 -0.0629223 -0.0196938 -2.93707 0 0 0 
17.827 3.05049 1399.21 -1.58838 -0.0704931 199.994 5.2834 -13 -1 1 0 1 -0.104131 -0.0272409 -2.00499 0 0 0 
17.3007 2.09973 1499.2 -0.479927 -3.75064 199.964 5.66065 -13 -1 1 0 1 -0.122557 -0.021721 -0.713989 0 0 0 
17.2143 -0.712138 1599.16 -0.167137 -7.49725 199.859 6.0379 -13 -1 1 0 1 -0.124278 -0.000976713 0.694014 0 0 0 
16.6898 -5.32422 1699.05 -2.47069 -10.7375 199.696 6.41515 -13 -1 1 0 1 -0.104418 0.0249102 1.98776 0 0 0 
14.2414 -11.01 1798.85 -7.65907 -11.333 199.532 6.7924 -13 -1 1 0 1 -0.0586357 0.0308124 2.9273 0 0 0 
9.04177 -15.8727 1898.6 -12.7273 -7.38591 199.458 7.16965 -13 -1 1 0 1 -0.0120025 -0.00588634 3.28127 0 0 0 
2.22736 -17.977 1998.34 -13.6878 -1.02691 199.528 7.54691 -13 -1 1 0 1 -0.00349914 -0.0651741 2.94598 0 0 0 
-3.95151 -17.2744 2098.14 -10.6003 3.21086 199.693 7.92416 -13 -1 1 0 1 -0.0317568 -0.103019 2.02035 0 0 0 
-8.23351 -15.4255 2198.03 -6.60667 3.60254 199.858 8.30141 -13 -1 1 0 1 -0.0645642 -0.108086 0.733159 0 0 0 
-10.7142 -14.1 2297.99 -3.46665 1.43415 199.965 8.67866 -13 -1 1 0 1 -0.0819538 -0.0967394 -0.675146 0 0 0 
-11.7757 -14.1019 2397.98 -0.774097 -1.39957 199.994 9.05591 -13 -1 1 0 1 -0.0774708 -0.0784234 -1.97616 0 0 0 
-11.4528 -15.3058 2497.97 2.06918 -3.08548 199.966 9.43316 -13 -1 1 0 1 -0.050007 -0.0467564 -2.92231 0 0 0 
-9.8298 -16.7906 2597.95 4.13751 -2.46967 199.942 9.81041 -13 -1 1 0 1 -0.0122776 0.0054394 -3.28202 0 0 0 
-7.7314 -17.5238 2697.92 3.78034 -0.388176 199.964 10.1877 -13 -1 1 0 1 0.0151338 0.0643647 -2.94959 0 0 0 
-6.46408 -17.2569 2797.91 0.990684 1.29145 199.993 10.5649 -13 -1 1 0 1 0.0294069 0.10513 -2.02373 0 0 0 
-6.9036 -16.3647 2897.91 -2.79298 2.24037 199.968 10.9422 -13 -1 1 0 1 0.0428848 0.119187 -0.735516 0 0 0 
-9.20733 -14.9088 2997.87 -6.276 3.83412 199.865 11.3194 -13 -1 1 0 1 0.061224 0.110682 0.672845 0 0 0 
-12.8984 -12.1877 3097.76 -8.03808 7.41216 199.701 11.6967 -13 -1 1 0 1 0.0737287 0.0805105 1.9729 0 0 0 
-16.6164 -7.27389 3197.57 -6.08108 12.2107 199.534 12.0739 -13 -1 1 0 1 0.0565131 0.0371448 2.91873 0 0 0 
-18.2957 -0.365445 3297.31 -0.190747 14.7097 199.458 12.4512 -13 -1 1 0 1 0.00173434 0.0133763 3.28078 0 0 0 
-16.7808 6.60858 3397.05 5.85079 12.4453 199.527 12.8284 -13 -1 1 0 1 -0.0543747 0.0338945 2.95436 0 0 0 
-13.1061 11.6516 3496.85 8.09422 7.65619 199.69 13.2057 -13 -1 1 0 1 -0.0737525 0.0764372 2.03516 0 0 0 
-9.32944 14.4649 3596.74 6.54391 3.95426 199.854 13.5829 -13 -1 1 0 1 -0.061874 0.107247 0.751095 0 0 0 
-6.85837 15.9592 3696.7 3.18296 2.29554 199.962 13.9602 -13 -1 1 0 1 -0.0429071 0.116881 -0.65718 0 0 0 
-6.20828 16.8941 3796.69 -0.55543 1.43336 199.994 14.3374 -13 -1 1 0 1 -0.0286789 0.104607 -1.96101 0 0 0 
-7.27648 17.2772 3896.68 -3.45096 -0.0629091 199.97 14.7147 -13 -1 1 0 1 -0.0149371 0.0663468 -2.91336 0 0 0 
-9.27323 16.7362 3996.66 -4.07673 -2.0599 199.948 15.0919 -13 -1 1 0 1 0.0104459 0.00867058 -3.28124 0 0 0 
-10.9338 15.4323 4096.64 -2.25859 -2.80162 199.968 15.4692 -13 -1 1 0 1 0.0465256 -0.0445841 -2.95785 0 0 0 
-11.3801 14.3186 4196.63 0.495805 -1.3183 199.995 15.8464 -13 -1 1 0 1 0.0741958 -0.0782069 -2.03852 0 0 0 
-11.3444 14.3188 4200.5 0.601966 -1.22541 199.995 15.861 -13 -1 1 0 1 0.0746894 -0.0792699 -1.99376 0 0 0 
-11.3444 14.3188 4200.5 0.601993 -1.22539 199.995 15.861 -13 -1 1 0 1 0.0746895 -0.0792702 -1.99375 0 0 0 
-10.3678 14.3745 4300.49 3.30963 1.49956 199.967 16.2383 -13 -1 1 0 1 0.0794827 -0.0985025 -0.696204 0 0 0 
-7.9536 15.7178 4400.45 6.49964 3.61763 199.862 16.6155 -13 -1 1 0 1 0.0626877 -0.110219 0.712053 0 0 0 
-3.71133 17.5712 4500.35 10.5493 3.21885 199.696 16.9928 -13 -1 1 0 1 0.030447 -0.105164 2.00295 0 0 0 
2.45707 18.2785 4600.15 13.6976 -1.01893 199.528 17.37 -13 -1 1 0 1 0.00260365 -0.0669874 2.93629 0 0 0 
9.28867 16.1725 4699.89 12.779 -7.40603 199.454 17.7473 -13 -1 1 0 1 0.0115206 -0.00673565 3.28208 0 0 0 
14.5119 11.2902 4799.63 7.68939 -11.3875 199.528 18.1245 -13 -1 1 0 1 0.0589223 0.0312392 2.93771 0 0 0 
16.9585 5.57782 4899.43 2.42867 -10.7793 199.695 18.5018 -13 -1 1 0 1 0.105576 0.026227 2.00548 0 0 0 
17.4422 0.957583 4999.32 0.0476413 -7.48535 199.86 18.879 -13 -1 1 0 1 0.125759 0.000727334 0.715145 0 0 0 
17.4513 -1.83644 5099.28 0.290595 -3.6981 199.966 19.2563 -13 -1 1 0 1 0.12381 -0.0198918 -0.693072 0 0 0 
17.8656 -2.76272 5199.28 1.33147 -0.0376264 199.996 19.6335 -13 -1 1 0 1 0.104865 -0.0256172 -1.99106 0 0 0 
18.6085 -1.9528 5299.27 1.37051 3.10742 199.971 20.0108 -13 -1 1 0 1 0.0634717 -0.0188082 -2.93076 0 0 0 
18.9763 0.0414729 5399.25 -0.0683498 4.44394 199.951 20.388 -13 -1 1 0 1 0.000510861 -0.0133435 -3.28214 0 0 0 
18.5416 2.02706 5499.23 -1.49897 3.07425 199.971 20.7653 -13 -1 1 0 1 -0.0623898 -0.0189982 -2.94071 0 0 0 
17.7392 2.81578 5599.22 -1.4399 -0.0847 199.995 21.1425 -13 -1 1 0 1 -0.103647 -0.0258921 -2.00845 0 0 0 
17.2763 1.86876 5699.21 -0.376648 -3.7287 199.965 21.5198 -13 -1 1 0 1 -0.122408 -0.0201242 -0.717278 0 0 0 
17.2301 -0.930879 5799.17 -0.108463 -7.47451 199.86 21.897 -13 -1 1 0 1 -0.124405 0.000539922 0.690897 0 0 0 
16.725 -5.53462 5899.06 -2.45029 -10.7272 199.697 22.2743 -13 -1 1 0 1 -0.104621 0.0261296 1.98795 0 0 0 
14.2793 -11.2175 5998.87 -7.66621 -11.3296 199.532 22.6515 -13 -1 1 0 1 -0.0587609 0.0315135 2.9275 0 0 0 
9.07298 -16.0776 6098.61 -12.743 -7.37759 199.457 23.0288 -13 -1 1 0 1 -0.0120002 -0.00588355 3.28142 0 0 0 
2.25375 -18.176 6198.35 -13.6876 -1.01228 199.529 23.406 -13 -1 1 0 1 -0.00341053 -0.0658422 2.94603 0 0 0 
-3.91727 -17.4661 6298.15 -10.5674 3.22396 199.695 23.7833 -13 -1 1 0 1 -0.0315613 -0.104128 2.02027 0 0 0 
-8.17315 -15.6114 6398.04 -6.53476 3.614 199.861 24.1605 -13 -1 1 0 1 -0.064148 -0.109376 0.732977 0 0 0 
-10.6082 -14.277 6498 -3.35662 1.46288 199.967 24.5378 -13 -1 1 0 1 -0.0812172 -0.097969 -0.675369 0 0 0 
-11.608 -14.2532 6598 -0.642925 -1.31942 199.995 24.915 -13 -1 1 0 1 -0.0764927 -0.0792997 -1.97635 0 0 0 
-11.2236 -15.3987 6697.99 2.17384 -2.9317 199.967 25.2923 -13 -1 1 0 1 -0.0492169 -0.0470658 -2.92239 0 0 0 
-9.56726 -16.7931 6797.97 4.15943 -2.27139 199.944 25.6696 -13 -1 1 0 1 -0.0122523 0.00544959 -3.28192 0 0 0 
-7.48129 -17.4304 6897.94 3.71379 -0.214129 199.966 26.0468 -13 -1 1 0 1 0.0143128 0.0640638 -2.94934 0 0 0 
-6.25897 -17.0923 6997.93 0.887986 1.4003 199.993 26.4241 -13 -1 1 0 1 0.0282296 0.104186 -2.02342 0 0 0 
-6.74687 -16.1605 7097.92 -2.87691 2.29405 199.966 26.8013 -13 -1 1 0 1 0.0417992 0.117772 -0.73523 0 0 0 
-9.08188 -14.6862 7197.88 -6.31519 3.85752 199.863 27.1786 -13 -1 1 0 1 0.0603497 0.109132 0.673053 0 0 0 
-12.7806 -11.9586 7297.78 -8.03067 7.41462 199.701 27.5558 -13 -1 1 0 1 0.0730359 0.0791707 1.973 0 0 0 
-16.4866 -7.04993 7397.59 -6.04538 12.1864 199.537 27.9331 -13 -1 1 0 1 0.0560561 0.0363711 2.91871 0 0 0 
-18.148 -0.160371 7497.33 -0.161263 14.6608 199.462 28.3103 -13 -1 1 0 1 0.00170806 0.0133565 3.28067 0 0 0 
-16.6263 6.78796 7597.07 5.84629 12.3969 199.53 28.6876 -13 -1 1 0 1 -0.0538784 0.0344845 2.95417 0 0 0 
-12.9635 11.8132 7696.88 8.05222 7.63701 199.692 29.0648 -13 -1 1 0 1 -0.0729402 0.0773667 2.03491 0 0 0 
-9.21583 14.6264 7796.76 6.47011 3.97189 199.856 29.4421 -13 -1 1 0 1 -0.0610898 0.108366 0.750786 0 0 0 
-6.79021 16.1356 7896.72 3.07342 2.33283 199.963 29.8193 -13 -1 1 0 1 -0.0424328 0.118107 -0.657526 0 0 0 
-6.20546 17.0864 7996.71 -0.707047 1.45146 199.994 30.1966 -13 -1 1 0 1 -0.0286602 0.105725 -1.96136 0 0 0 
-7.3567 17.4635 8096.7 -3.62459 -0.111627 199.967 30.5738 -13 -1 1 0 1 -0.01521 0.0669821 -2.91366 0 0 0 
-9.43433 16.8769 8196.68 -4.21607 -2.19094 199.944 30.9511 -13 -1 1 0 1 0.0104342 0.00867475 -3.28141 0 0 0 
-11.1456 15.4951 8296.66 -2.31917 -2.9715 199.965 31.3283 -13 -1 1 0 1 0.0472235 -0.0447998 -2.95784 0 0 0 
-11.6042 14.2997 8396.65 0.50032 -1.46768 199.994 31.7056 -13 -1 1 0 1 0.0754833 -0.0781052 -2.03836 0 0 0 
-11.5684 14.2974 8400.5 0.607588 -1.37368 199.995 31.7201 -13 -1 1 0 1 0.0759878 -0.0791478 -1.9938 0 0 0 
-11.5683 14.2974 8400.5 0.607616 -1.37366 199.995 31.7201 -13 -1 1 0 1 0.0759879 -0.0791481 -1.99379 0 0 0 
-10.5831 14.2902 8500.49 3.33098 1.39733 199.968 32.0974 -13 -1 1 0 1 0.0809766 -0.0979186 -0.696211 0 0 0 
-8.16253 15.5939 8600.45 6.4994 3.56024 199.863 32.4746 -13 -1 1 0 1 0.0641359 -0.109359 0.712055 0 0 0 
-3.92867 17.4296 8700.35 10.5165 3.20641 199.698 32.8519 -13 -1 1 0 1 0.0317019 -0.104344 2.00293 0 0 0 
2.21836 18.1427 8800.15 13.65 -0.983352 199.531 33.2291 -13 -1 1 0 1 0.00340503 -0.0665283 2.9362 0 0 0 
9.02964 16.0639 8899.89 12.7507 -7.33825 199.458 33.6064 -13 -1 1 0 1 0.0115227 -0.00673279 3.28191 0 0 0 
14.2479 11.2153 8999.63 7.69777 -11.3281 199.531 33.9836 -13 -1 1 0 1 0.0580376 0.0309881 2.9375 0 0 0 
16.7056 5.52255 9099.44 2.46145 -10.7639 199.695 34.3609 -13 -1 1 0 1 0.104114 0.0259071 2.0053 0 0 0 
17.2083 0.896251 9199.33 0.0898763 -7.52487 199.859 34.7381 -13 -1 1 0 1 0.124135 0.000301808 0.715026 0 0 0 
17.2419 -1.92986 9299.29 0.349518 -3.78436 199.964 35.1154 -13 -1 1 0 1 0.122353 -0.0205399 -0.693122 0 0 0 
17.6953 -2.90605 9399.28 1.43376 -0.144646 199.995 35.4926 -13 -1 1 0 1 0.103873 -0.0264472 -1.99106 0 0 0 
18.5043 -2.14463 9499.27 1.53227 3.03052 199.971 35.8699 -13 -1 1 0 1 0.0631154 -0.0194566 -2.93074 0 0 0 
18.9625 -0.16978 9599.25 0.122058 4.44884 199.951 36.2471 -13 -1 1 0 1 0.000507268 -0.0133491 -3.28213 0 0 0 
18.6171 1.84023 9699.23 -1.34152 3.16161 199.971 36.6244 -13 -1 1 0 1 -0.0626452 -0.0183751 -2.94072 0 0 0 
17.8778 2.68319 9799.22 -1.34511 0.0351891 199.996 37.0016 -13 -1 1 0 1 -0.10445 -0.0251277 -2.00844 0 0 0 
17.45 1.79369 9899.22 -0.325734 -3.62436 199.967 37.3789 -13 -1 1 0 1 -0.123615 -0.0196041 -0.717225 0 0 0 
17.4251 -0.962904 9999.18 -0.0693934 -7.40894 199.863 37.7561 -13 -1 1 0 1 -0.125761 0.000762552 0.691013 0 0 0 
16.9404 -5.54566 10099.1 -2.40751 -10.7098 199.699 38.1334 -13 -1 1 0 1 -0.105871 0.0261941 1.98812 0 0 0 
14.5156 -11.232 10198.9 -7.62838 -11.3593 199.532 38.5106 -13 -1 1 0 1 -0.0595619 0.0315616 2.92768 0 0 0 
9.32302 -16.1147 10298.6 -12.728 -7.43272 199.456 38.8879 -13 -1 1 0 1 -0.0120103 -0.00588608 3.28155 0 0 0 
2.50517 -18.2393 10398.4 -13.6947 -1.056 199.528 39.2651 -13 -1 1 0 1 -0.00257751 -0.0660569 2.94605 0 0 0 
-3.67048 -17.5424 10498.2 -10.5747 3.21819 199.695 39.6424 -13 -1 1 0 1 -0.0301428 -0.10457 2.0202 0 0 0 
-7.92603 -15.679 10598.1 -6.52495 3.65573 199.86 40.0196 -13 -1 1 0 1 -0.0624371 -0.109844 0.732874 0 0 0 
-10.3527 -14.3107 10698 -3.33641 1.55751 199.966 40.3969 -13 -1 1 0 1 -0.0794412 -0.0982011 -0.675449 0 0 0 
-11.3465 -14.2261 10798 -0.647 -1.17231 199.996 40.7741 -13 -1 1 0 1 -0.0749684 -0.0791374 -1.97636 0 0 0 
-10.9801 -15.2903 10898 2.09971 -2.76247 199.97 41.1514 -13 -1 1 0 1 -0.0483793 -0.0466886 -2.92228 0 0 0 
-9.38179 -16.6079 10998 4.00525 -2.14524 199.949 41.5286 -13 -1 1 0 1 -0.0122352 0.00546881 -3.28171 0 0 0 
-7.38313 -17.2039 11098 3.53043 -0.177308 199.969 41.9059 -13 -1 1 0 1 0.0139909 0.0633198 -2.94909 0 0 0 
-6.24633 -16.8672 11197.9 0.736562 1.36493 199.994 42.2831 -13 -1 1 0 1 0.0281574 0.102893 -2.02318 0 0 0 
-6.79698 -15.9609 11297.9 -2.97688 2.23578 199.966 42.6604 -13 -1 1 0 1 0.0421459 0.116389 -0.735026 0 0 0 
-9.17136 -14.5132 11397.9 -6.37543 3.81333 199.862 43.0376 -13 -1 1 0 1 0.06097 0.107928 0.673215 0 0 0 
-12.8932 -11.8007 11497.8 -8.06438 7.39919 199.701 43.4149 -13 -1 1 0 1 0.0736884 0.0782493 1.97313 0 0 0 
-16.6105 -6.89302 11597.6 -6.05713 12.1959 199.536 43.7921 -13 -1 1 0 1 0.0564762 0.0358305 2.91882 0 0 0 
-18.2733 0.00409937 11697.3 -0.156941 14.6782 199.461 44.1694 -13 -1 1 0 1 0.00171273 0.013341 3.28077 0 0 0 
-16.7488 6.95939 11797.1 5.84911 12.4054 199.529 44.5466 -13 -1 1 0 1 -0.0542869 0.0350484 2.95422 0 0 0 
-13.0896 11.9853 11896.9 8.03186 7.63079 199.693 44.9239 -13 -1 1 0 1 -0.073668 0.0783567 2.03487 0 0 0 
-9.36081 14.791 11996.8 6.41417 3.94719 199.858 45.3011 -13 -1 1 0 1 -0.062095 0.109509 0.750649 0 0 0 
-6.97186 16.2804 12096.7 2.98474 2.27401 199.965 45.6784 -13 -1 1 0 1 -0.0436963 0.119115 -0.657733 0 0 0 
-6.4348 17.1879 12196.7 -0.802234 1.33371 199.994 46.0556 -13 -1 1 0 1 -0.0299987 0.106317 -1.96159 0 0 0 
-7.62442 17.4895 12296.7 -3.67277 -0.292812 199.966 46.4329 -13 -1 1 0 1 -0.0161336 0.0670667 -2.91384 0 0 0 
-9.7038 16.8053 12396.7 -4.17125 -2.38829 199.942 46.8101 -13 -1 1 0 1 0.010407 0.00865863 -3.28148 0 0 0 
-11.3712 15.3358 12496.7 -2.19687 -3.1155 199.964 47.1874 -13 -1 1 0 1 0.0479628 -0.0442867 -2.95776 0 0 0 
-11.7623 14.0881 12596.7 0.637108 -1.53429 199.993 47.5646 -13 -1 1 0 1 0.0763896 -0.0768965 -2.03819 0 0 0 
-11.7242 14.0851 12600.5 0.743408 -1.43794 199.994 47.5791 -13 -1 1 0 1 0.0768896 -0.0779174 -1.99377 0 0 0 
-11.7242 14.0851 12600.5 0.743436 -1.43792 199.994 47.5791 -13 -1 1 0 1 0.0768897 -0.0779177 -1.99376 0 0 0 
-10.6786 14.0597 12700.5 3.43163 1.38219 199.966 47.9564 -13 -1 1 0 1 0.0816383 -0.0963169 -0.696195 0 0 0 
-8.21988 15.3608 12800.5 6.55129 3.56151 199.861 48.3336 -13 -1 1 0 1 0.0645322 -0.10774 0.712018 0 0 0 
-3.97156 17.1983 12900.3 10.524 3.21186 199.697 48.7109 -13 -1 1 0 1 0.031949 -0.103004 2.00282 0 0 0 
2.17119 17.9162 13000.1 13.6291 -0.968004 199.533 49.0881 -13 -1 1 0 1 0.00356339 -0.0657659 2.93603 0 0 0 
8.97059 15.8487 13099.9 12.7292 -7.30863 199.461 49.4654 -13 -1 1 0 1 0.0115224 -0.00673221 3.28174 0 0 0 
14.1838 11.0162 13199.6 7.70232 -11.2966 199.532 49.8426 -13 -1 1 0 1 0.0578211 0.0303203 2.93739 0 0 0 
16.6527 5.33571 13299.4 2.50231 -10.7488 199.696 50.2199 -13 -1 1 0 1 0.103807 0.024828 2.00525 0 0 0 
17.1852 0.711817 13399.3 0.167813 -7.529 199.858 50.5971 -13 -1 1 0 1 0.123974 -0.00097651 0.715013 0 0 0 
17.2674 -2.11753 13499.3 0.466623 -3.78805 199.964 50.9744 -13 -1 1 0 1 0.12253 -0.0218422 -0.693134 0 0 0 
17.7883 -3.0876 13599.3 1.58388 -0.109129 199.994 51.3516 -13 -1 1 0 1 0.104415 -0.0274996 -1.99111 0 0 0 
18.6737 -2.29048 13699.3 1.67839 3.14136 199.969 51.7289 -13 -1 1 0 1 0.0636913 -0.0199504 -2.93086 0 0 0 
19.1913 -0.241935 13799.3 0.204404 4.62588 199.947 52.1061 -13 -1 1 0 1 0.000515161 -0.0133514 -3.28232 0 0 0 
18.8645 1.8609 13899.2 -1.34797 3.34423 199.968 52.4834 -13 -1 1 0 1 -0.0634715 -0.0184445 -2.94092 0 0 0 
18.1066 2.78466 13999.2 -1.40381 0.170871 199.995 52.8606 -13 -1 1 0 1 -0.105772 -0.0257135 -2.0086 0 0 0 
17.648 1.94904 14099.2 -0.382157 -3.54274 199.969 53.2379 -13 -1 1 0 1 -0.12499 -0.0206809 -0.717325 0 0 0 
17.603 -0.777289 14199.2 -0.090323 -7.3674 199.865 53.6151 -13 -1 1 0 1 -0.126998 -0.000525314 0.69097 0 0 0 
17.1185 -5.34793 14299.1 -2.38666 -10.7033 199.699 53.9924 -13 -1 1 0 1 -0.106907 0.0250486 1.98812 0 0 0 
14.7111 -11.0408 14398.9 -7.58529 -11.3922 199.531 54.3696 -13 -1 1 0 1 -0.0602274 0.0309142 2.92767 0 0 0 
9.53806 -15.9482 14498.6 -12.6988 -7.49485 199.456 54.7469 -13 -1 1 0 1 -0.0120222 -0.00589188 3.28152 0 0 0 
2.72584 -18.1042 14598.4 -13.7027 -1.1127 199.527 55.1241 -13 -1 1 0 1 -0.00184757 -0.065606 2.94601 0 0 0 
-3.4625 -17.4269 14698.2 -10.6151 3.20049 199.693 55.5014 -13 -1 1 0 1 -0.0289462 -0.103901 2.0202 0 0 0 
-7.74388 -15.5601 14798 -6.58712 3.68629 199.858 55.8786 -13 -1 1 0 1 -0.0611746 -0.109017 0.732937 0 0 0 
-10.2079 -14.167 14898 -3.42641 1.62268 199.964 56.2559 -13 -1 1 0 1 -0.0784344 -0.0972005 -0.675321 0 0 0 
-11.2575 -14.0478 14998 -0.782196 -1.107 199.996 56.6331 -13 -1 1 0 1 -0.0744495 -0.0780995 -1.97619 0 0 0 
-10.9703 -15.0901 15098 1.92179 -2.74914 199.972 57.0104 -13 -1 1 0 1 -0.0483466 -0.0460055 -2.92211 0 0 0 
-9.46269 -16.4224 15198 3.83102 -2.21904 199.951 57.3876 -13 -1 1 0 1 -0.012243 0.00547842 -3.28161 0 0 0 
-7.53784 -17.0734 15297.9 3.41587 -0.315025 199.971 57.7649 -13 -1 1 0 1 0.0144996 0.0628863 -2.94908 0 0 0 
-6.44053 -16.8094 15397.9 0.68965 1.2213 199.995 58.1421 -13 -1 1 0 1 0.0292727 0.10256 -2.02323 0 0 0 
-7.00482 -15.9676 15497.9 -2.99177 2.125 199.967 58.5194 -13 -1 1 0 1 0.0435851 0.116436 -0.735094 0 0 0 
-9.38699 -14.5649 15597.9 -6.39671 3.74474 199.863 58.8966 -13 -1 1 0 1 0.062465 0.108275 0.669732 0 0 0 
-13.1252 -11.8754 15697.8 -8.10927 7.37673 199.7 59.2739 -13 -1 1 0 1 0.0750344 0.078674 1.96954 0 0 0 
-16.8694 -6.96632 15797.6 -6.11625 12.2239 199.533 59.6512 -13 -1 1 0 1 0.0573581 0.0360753 2.91514 0 0 0 
-18.5598 -0.0445176 15897.3 -0.203758 14.7446 199.456 60.0284 -13 -1 1 0 1 0.0017286 0.0133435 3.27696 0 0 0 
-17.052 6.94643 15997.1 5.82921 12.4747 199.526 60.4057 -13 -1 1 0 1 -0.0552931 0.0350114 2.9502 0 0 0 
-13.3983 11.9997 16096.9 8.02618 7.66629 199.692 60.7829 -13 -1 1 0 1 -0.075449 0.0784526 2.03058 0 0 0 
-9.67305 14.8103 16196.8 6.40351 3.92903 199.859 61.1602 -13 -1 1 0 1 -0.0642637 0.109661 0.746057 0 0 0 
-7.29066 16.2745 16296.7 2.97198 2.19066 199.966 61.5374 -13 -1 1 0 1 -0.045913 0.119079 -0.659198 0 0 0 
-6.75447 17.1243 16396.7 -0.785404 1.1883 199.995 61.9147 -13 -1 1 0 1 -0.0318657 0.105952 -1.96321 0 0 0 
-7.91854 17.3444 16496.7 -3.58121 -0.463301 199.968 62.2919 -13 -1 1 0 1 -0.0171527 0.0665722 -2.9156 0 0 0 
-9.93051 16.5837 16596.7 -3.99788 -2.51094 199.945 62.6692 -13 -1 1 0 1 0.0103766 0.00864051 -3.28337 0 0 0 
-11.5019 15.0767 16696.7 -1.99889 -3.13997 199.966 63.0464 -13 -1 1 0 1 0.0483828 -0.0434347 -2.95983 0 0 0 
-11.8024 13.8387 16796.7 0.79382 -1.47873 199.993 63.4237 -13 -1 1 0 1 0.0766123 -0.0754624 -2.04048 0 0 0 
-11.7618 13.8371 16800.5 0.897993 -1.38016 199.994 63.4382 -13 -1 1 0 1 0.0771019 -0.0764763 -1.99599 0 0 0 
-11.7618 13.8371 16800.5 0.89802 -1.38014 199.994 63.4382 -13 -1 1 0 1 0.077102 -0.0764765 -1.99598 0 0 0 
-10.6542 13.8495 16900.5 3.52639 1.46768 199.964 63.8154 -13 -1 1 0 1 0.0814516 -0.094843 -0.701955 0 0 0 
-8.15974 15.193 17000.5 6.60331 3.6424 199.858 64.1927 -13 -1 1 0 1 0.0641025 -0.106558 0.705812 0 0 0 
-3.89094 17.0675 17100.3 10.5579 3.27886 199.695 64.5699 -13 -1 1 0 1 0.0314793 -0.102224 1.99615 0 0 0 
2.2689 17.8157 17200.1 13.6671 -0.913408 199.531 64.9472 -13 -1 1 0 1 0.00324578 -0.0654024 2.92892 0 0 0 
9.09217 15.7725 17299.9 12.7892 -7.26666 199.459 65.3244 -13 -1 1 0 1 0.0115493 -0.00670964 3.27421 0 0 0 
14.3428 10.9573 17399.6 7.79265 -11.2694 199.53 65.7017 -13 -1 1 0 1 0.0583988 0.0301361 2.92943 0 0 0 
16.8645 5.28822 17499.4 2.62241 -10.7272 199.695 66.0789 -13 -1 1 0 1 0.10509 0.0245534 1.99675 0 0 0 
17.4637 0.679452 17599.3 0.314079 -7.48362 199.86 66.4562 -13 -1 1 0 1 0.125976 -0.00121668 0.705826 0 0 0 
17.6224 -2.11206 17699.3 0.621279 -3.67398 199.966 66.8334 -13 -1 1 0 1 0.125056 -0.0218286 -0.69969 0 0 0 
18.2134 -2.99919 17799.3 1.69755 0.111998 199.993 67.2107 -13 -1 1 0 1 0.106952 -0.0270176 -1.99843 0 0 0 
19.128 -2.06691 17899.3 1.66777 3.44985 199.964 67.5879 -13 -1 1 0 1 0.0653148 -0.0192238 -2.93904 0 0 0 
19.5982 0.136789 17999.2 0.0272656 4.91592 199.94 67.9652 -13 -1 1 0 1 0.000622032 -0.0133633 -3.29137 0 0 0 
19.1544 2.35583 18099.2 -1.6183 3.50827 199.963 68.3424 -13 -1 1 0 1 -0.0643368 -0.0201086 -2.95086 0 0 0 
18.2649 3.32712 18199.2 -1.64078 0.205464 199.994 68.7197 -13 -1 1 0 1 -0.106578 -0.0288506 -2.01952 0 0 0 
17.7132 2.49086 18299.2 -0.511274 -3.56744 199.968 69.0969 -13 -1 1 0 1 -0.125324 -0.0244485 -0.729365 0 0 0 
17.6351 -0.250677 18399.2 -0.0933531 -7.39973 199.863 69.4742 -13 -1 1 0 1 -0.127072 -0.00420797 0.674154 0 0 0 
17.1795 -4.84046 18499 -2.27159 -10.755 199.698 69.8514 -13 -1 1 0 1 -0.107096 0.0220348 1.96959 0 0 0 
14.8508 -10.5767 18598.9 -7.39805 -11.5257 199.531 70.2287 -13 -1 1 0 1 -0.0605403 0.0292026 2.90721 0 0 0 
9.76842 -15.5817 18698.6 -12.5441 -7.75177 199.456 70.6059 -13 -1 1 0 1 -0.0119083 -0.00611998 3.25891 0 0 0 
3.00283 -17.889 18798.3 -13.6814 -1.44661 199.527 70.9832 -13 -1 1 0 1 -0.000874778 -0.0651661 2.92101 0 0 0 
-3.21173 -17.3797 18898.1 -10.7335 2.87338 199.691 71.3604 -13 -1 1 0 1 -0.027536 -0.103943 1.99238 0 0 0 
-7.57231 -15.6678 18998 -6.76972 3.39169 199.857 71.7377 -13 -1 1 0 1 -0.0601066 -0.110101 0.701738 0 0 0 
-10.1229 -14.4199 19098 -3.57326 1.32871 199.964 72.1149 -13 -1 1 0 1 -0.0780322 -0.099315 -0.707162 0 0 0 
-11.2156 -14.4536 19198 -0.791445 -1.42253 199.994 72.4922 -13 -1 1 0 1 -0.0744625 -0.080887 -2.01279 0 0 0 
-10.882 -15.6481 19298 2.12185 -3.02406 199.966 72.8694 -13 -1 1 0 1 -0.0483448 -0.0484598 -2.96446 0 0 0 
-9.22794 -17.0822 19397.9 4.19708 -2.33369 199.943 73.2467 -13 -1 1 0 1 -0.0125261 0.00473037 -3.33079 0 0 0 
-7.11088 -17.7407 19497.9 3.79025 -0.239839 199.964 73.6239 -13 -1 1 0 1 0.0128234 0.0642229 -3.00637 0 0 0 
-5.85191 -17.4152 19597.9 0.9521 1.36352 199.993 74.0012 -13 -1 1 0 1 0.025631 0.105018 -2.09025 0 0 0 
-6.31621 -16.521 19697.9 -2.85027 2.16707 199.968 74.3784 -13 -1 1 0 1 0.0384645 0.119077 -0.814014 0 0 0 
-8.65577 -15.1493 19797.9 -6.37411 3.56359 199.867 74.7557 -13 -1 1 0 1 0.0567493 0.110978 0.576064 0 0 0 
-12.4325 -12.6174 19897.8 -8.31711 6.93135 199.707 75.1329 -13 -1 1 0 1 0.069806 0.0815658 1.85745 0 0 0 
-16.3844 -7.97273 19997.6 -6.77658 11.6578 199.545 75.5102 -13 -1 1 0 1 0.0536451 0.0383439 2.77981 0 0 0 
-18.5466 -1.28764 20097.3 -1.42191 14.4374 199.474 75.8874 -13 -1 1 0 1 -0.00128972 0.0130841 3.11196 0 0 0 
-17.7478 5.69125 20197.1 4.26762 12.762 199.547 76.2647 -13 -1 1 0 1 -0.0613523 0.0319793 2.74679 0 0 0 
-14.896 11.0323 20296.9 6.40914 8.48155 199.718 76.642 -13 -1 1 0 1 -0.0882233 0.0759234 1.77648 0 0 0 
-11.9887 14.2969 20396.8 4.71699 4.83744 199.886 77.0192 -13 -1 1 0 1 -0.0847918 0.111451 0.424334 0 0 0 
-10.5191 16.1064 20496.8 0.969148 2.53504 199.982 77.3965 -13 -1 1 0 1 -0.073741 0.126148 -1.07188 0 0 0 
-11.0705 16.8066 20596.7 -3.06476 0.0874383 199.977 77.7737 -13 -1 1 0 1 -0.0649195 0.115963 -2.49973 0 0 0 
-13.2658 15.9488 20696.7 -5.17715 -3.72577 199.899 78.151 -13 -1 1 0 1 -0.048818 0.0774028 -3.6221 0 0 0 
-15.5598 13.0892 20796.7 -3.28475 -7.40607 199.836 78.5282 -13 -1 1 0 1 -0.0119377 0.0261808 -4.22463 0 0 0 
-16.0377 9.12787 20896.6 1.56914 -7.69327 199.846 78.9055 -13 -1 1 0 1 0.0320096 -0.00656825 -4.2269 0 0 0 
-14.135 6.06762 20996.5 5.64243 -4.07931 199.879 79.2827 -13 -1 1 0 1 0.052332 -0.014935 -3.75364 0 0 0 
-10.8664 5.24648 21096.4 6.99612 0.755341 199.877 79.66 -13 -1 1 0 1 0.0447099 -0.0166665 -3.05335 0 0 0 
-7.45634 6.64599 21196.4 6.45364 4.59701 199.843 80.0372 -13 -1 1 0 1 0.0273356 -0.0206579 -2.34902 0 0 0 
-5.77613 8.23956 21252.2 5.85251 6.08633 199.822 80.2479 -13 -1 1 0 1 0.018789 -0.0233751 -1.99749 0 0 0 

# Event 1 Track 1
-21.4115 13.9846 0 -35.4223 -9.56677 196.606 0.0870076 -13 1 1 0 1 0.132879 -0.0772288 -1.99584 0 0 0 
-21.4954 13.9568 0.4995 -35.3963 -9.60051 196.609 0.0889213 -13 1 1 0 1 0.133542 -0.0772011 -1.99006 0 0 0 
-21.4955 13.9567 0.5005 -35.3962 -9.60058 196.609 0.0889251 -13 1 1 0 1 0.133544 -0.077201 -1.99005 0 0 0 
-38.0149 8.46707 98.9713 -31.0909 -10.4664 197.291 0.466176 -13 1 1 0 1 0.271502 -0.05751 -0.717648 0 0 0 
-53.0977 5.24532 197.765 -29.5595 -0.826415 197.802 0.843427 -13 1 1 0 1 0.378104 -0.0377919 0.683733 0 0 0 
-67.3349 9.00038 296.64 -26.4405 16.8248 197.529 1.22068 -13 1 1 0 1 0.406918 -0.0567926 1.99868 0 0 0 
-77.9256 22.2782 395.133 -13.9259 35.4368 196.342 1.59793 -13 1 1 0 1 0.290809 -0.0856707 2.99639 0 0 0 
-79.6474 42.3821 493.02 7.67171 41.961 195.398 1.97518 -13 1 1 0 1 0.032503 -0.0177784 3.4204 0 0 0 
-71.1131 61.1331 590.829 24.2163 30.55 196.164 2.35243 -13 1 1 0 1 -0.215464 0.187736 3.13171 0 0 0 
-58.3177 71.708 689.403 24.1004 11.793 198.192 2.72968 -13 1 1 0 1 -0.325739 0.404425 2.20328 0 0 0 
-49.1527 73.7103 788.922 11.3215 -2.74657 199.66 3.10693 -13 1 1 0 1 -0.337865 0.508559 0.88696 0 0 0 
-47.3829 69.6815 888.789 -3.88291 -13.1491 199.53 3.48418 -13 1 1 0 1 -0.333031 0.487088 -0.560135 0 0 0 
-52.0224 60.3169 988.218 -13.0172 -24.8039 198.029 3.86143 -13 1 1 0 1 -0.315264 0.357897 -1.90648 0 0 0 
-58.1827 44.6446 1086.77 -9.05263 -37.4723 196.25 4.23868 -13 1 1 0 1 -0.221483 0.158395 -2.90991 0 0 0 
-58.7517 24.2472 1184.63 8.34414 -41.7983 195.405 4.61594 -13 1 1 0 1 -0.0323752 -3.15113e-05 -3.33515 0 0 0 
-49.5501 5.45891 1282.36 27.4708 -31.0531 195.656 4.99319 -13 1 1 0 1 0.140186 -0.0280995 -3.07442 0 0 0 
-33.0219 -5.52393 1380.33 36.6941 -12.7769 196.19 5.37044 -13 1 1 0 1 0.177882 0.019767 -2.22464 0 0 0 
-14.3584 -8.19004 1478.52 37.1015 0.570058 196.528 5.74769 -13 1 1 0 1 0.0951233 0.0479828 -0.997936 0 0 0 
3.80423 -6.76147 1576.84 35.6492 3.25442 196.77 6.12494 -13 1 1 0 1 -0.0310208 0.0414485 0.382145 0 0 0 
21.3705 -6.75931 1675.28 34.4179 -4.91575 196.955 6.50219 -13 1 1 0 1 -0.139224 0.0359787 1.70411 0 0 0 
37.4912 -12.9599 1773.75 28.7876 -20.5494 196.848 6.87944 -13 1 1 0 1 -0.164647 0.0471314 2.75464 0 0 0 
48.6481 -27.0192 1872.08 14.5109 -34.3715 196.489 7.25669 -13 1 1 0 1 -0.0600472 0.0201946 3.30188 0 0 0 
51.5164 -45.293 1970.32 -2.41273 -36.426 196.64 7.63394 -13 1 1 0 1 0.115815 -0.117919 3.17994 0 0 0 
47.877 -61.6282 2068.9 -9.84342 -27.8897 197.801 8.01119 -13 1 1 0 1 0.242187 -0.328516 2.40393 0 0 0 
43.9994 -72.9365 2168.17 -3.63851 -17.6056 199.191 8.38844 -13 1 1 0 1 0.291739 -0.49853 1.17166 0 0 0 
45.739 -79.4709 2267.9 11.527 -8.43164 199.49 8.76569 -13 1 1 0 1 0.320545 -0.569001 -0.262761 0 0 0 
55.7964 -80.6773 2367.34 28.1823 4.86758 197.945 9.14295 -13 1 1 0 1 0.351358 -0.51713 -1.66988 0 0 0 
72.3681 -73.1526 2465.61 35.4541 26.3887 195.056 9.5202 -13 1 1 0 1 0.31439 -0.323114 -2.80917 0 0 0 
87.8581 -54.2729 2562.52 22.9783 47.5908 192.892 9.89745 -13 1 1 0 1 0.108446 -0.0676639 -3.41417 0 0 0 
92.8508 -28.5716 2658.95 -3.85698 51.3254 193.264 10.2747 -13 1 1 0 1 -0.20933 0.0677748 -3.3133 0 0 0 
84.9306 -6.46308 2756.07 -25.5807 34.6779 195.303 10.6519 -13 1 1 0 1 -0.432363 0.0384344 -2.54941 0 0 0 
69.778 5.15394 2854.17 -32.8763 12.149 196.905 11.0292 -13 1 1 0 1 -0.468797 -0.0284368 -1.34994 0 0 0 
53.3715 6.82343 2952.77 -32.2911 -3.89284 197.338 11.4065 -13 1 1 0 1 -0.382848 -0.0421441 0.0406682 0 0 0 
37.3283 2.97434 3051.39 -32.3974 -9.71571 197.119 11.7837 -13 1 1 0 1 -0.245023 -0.0110625 1.4068 0 0 0 
20.5322 -1.06727 3149.89 -34.8881 -4.64634 196.879 12.161 -13 1 1 0 1 -0.0980681 0.0160602 2.52901 0 0 0 
2.93035 -0.139202 3248.3 -34.4476 9.36786 196.788 12.5382 -13 1 1 0 1 -0.00554523 0.0132688 3.18078 0 0 0 
-12.6028 8.47161 3346.68 -26.5149 24.3691 196.731 12.9155 -13 1 1 0 1 -0.0203725 0.0269315 3.2019 0 0 0 
-23.0826 22.9285 3445.05 -15.7445 31.9058 196.81 13.2927 -13 1 1 0 1 -0.105691 0.116961 2.58275 0 0 0 
-29.442 39.029 3543.54 -11.3222 31.4945 197.18 13.67 -13 1 1 0 1 -0.188641 0.260907 1.47649 0 0 0 
-36.1948 53.6838 3642.22 -17.4255 26.4502 197.476 14.0472 -13 1 1 0 1 -0.254262 0.388641 0.110215 0 0 0 
-48.2599 64.5335 3740.86 -31.6732 15.5681 196.862 14.4245 -13 1 1 0 1 -0.317707 0.43847 -1.29444 0 0 0 
-67.7634 67.4583 3838.83 -45.0387 -5.8144 194.776 14.8017 -13 1 1 0 1 -0.339026 0.352501 -2.52281 0 0 0 
-90.699 57.3846 3935.55 -43.0967 -34.5724 192.217 15.179 -13 1 1 0 1 -0.200288 0.140669 -3.32514 0 0 0 
-107.293 34.6277 4031.41 -20.6663 -52.9847 191.744 15.5562 -13 1 1 0 1 0.137388 -0.033843 -3.46785 0 0 0 
-110.655 8.60898 4127.82 5.97223 -47.0815 194.288 15.9335 -13 1 1 0 1 0.490608 -0.0320568 -2.88783 0 0 0 
-106.071 -6.09663 4200.5 17.0962 -31.1575 196.817 16.2139 -13 1 1 0 1 0.642344 0.0401065 -2.08822 0 0 0 
-106.071 -6.09673 4200.5 17.0963 -31.1573 196.817 16.2139 -13 1 1 0 1 0.642346 0.0401071 -2.08821 0 0 0 
-96.5461 -15.5534 4299.53 19.1346 -6.97803 198.961 16.5911 -13 1 1 0 1 0.688956 0.111064 -0.736613 0 0 0 
-87.764 -13.8273 4399.09 16.1826 12.9255 198.925 16.9684 -13 1 1 0 1 0.625522 0.0961603 0.70992 0 0 0 
-79.3881 -3.7421 4498.21 18.8267 26.0146 197.405 17.3456 -13 1 1 0 1 0.478281 0.0184768 2.02984 0 0 0 
-67.4354 10.2778 4596.48 30.0483 27.6242 195.791 17.7229 -13 1 1 0 1 0.248605 -0.0418813 2.97533 0 0 0 
-49.2708 21.2498 4694.17 41.542 13.895 195.144 18.1001 -13 1 1 0 1 0.0220935 -0.011195 3.32497 0 0 0 
-27.7729 22.7643 4791.76 42.2745 -8.02861 195.316 18.4774 -13 1 1 0 1 -0.0761601 0.0644206 3.00474 0 0 0 
-8.64823 14.1107 4889.5 33.4579 -24.9748 195.594 18.8546 -13 1 1 0 1 -0.0403246 0.072794 2.11894 0 0 0 
5.91016 -0.460669 4987.34 25.8243 -31.6827 195.779 19.2319 -13 1 1 0 1 0.0456849 -0.00901851 0.879852 0 0 0 
18.6592 -16.1496 5085.27 26.8035 -29.7561 195.95 19.6091 -13 1 1 0 1 0.133737 -0.120072 -0.498087 0 0 0 
34.0859 -28.7759 5183.25 35.7347 -19.0915 195.854 19.9864 -13 1 1 0 1 0.208987 -0.184319 -1.81319 0 0 0 
54.2927 -33.478 5281.02 43.8927 1.85792 195.116 20.3636 -13 1 1 0 1 0.216058 -0.144683 -2.84967 0 0 0 
75.8086 -26.1948 5378.33 39.4523 26.7234 194.241 20.7409 -13 1 1 0 1 0.0597572 -0.0340808 -3.37288 0 0 0 
91.4619 -8.74209 5475.49 21.9599 39.9866 194.728 21.1181 -13 1 1 0 1 -0.245369 0.0105359 -3.21555 0 0 0 
98.0642 10.5007 5573.37 6.04736 34.1294 196.974 21.4954 -13 1 1 0 1 -0.532092 -0.0672694 -2.39564 0 0 0 
99.6555 23.4441 5672.48 2.43981 16.5669 199.298 21.8726 -13 1 1 0 1 -0.688511 -0.169064 -1.12756 0 0 0 
101.971 26.4785 5772.35 7.39713 -4.79817 199.806 22.2499 -13 1 1 0 1 -0.736828 -0.196187 0.326467 0 0 0 
106.567 18.3422 5871.86 9.43564 -27.8604 197.825 22.6271 -13 1 1 0 1 -0.690582 -0.123413 1.73707 0 0 0 
109.025 -0.828101 5969.92 -2.42404 -47.2168 194.332 23.0044 -13 1 1 0 1 -0.488954 -0.00278293 2.86056 0 0 0 
101.854 -25.9743 6066.37 -27.2961 -49.4288 191.864 23.3816 -13 1 1 0 1 -0.138157 0.0253724 3.42955 0 0 0 
82.5672 -46.3067 6162.26 -47.2736 -28.8078 192.186 23.7589 -13 1 1 0 1 0.173053 -0.109812 3.29139 0 0 0 
57.9145 -53.4018 6258.83 -48.1105 0.0570291 194.128 24.1361 -13 1 1 0 1 0.281556 -0.273287 2.51149 0 0 0 
36.6297 -47.772 6356.31 -36.1392 20.3757 195.65 24.5134 -13 1 1 0 1 0.235018 -0.319268 1.31557 0 0 0 
21.5362 -35.0036 6454.32 -25.3213 29.0358 196.255 24.8906 -13 1 1 0 1 0.145397 -0.2481 -0.0621013 0 0 0 
9.82911 -20.0952 6552.5 -23.1125 29.3927 196.474 25.2679 -13 1 1 0 1 0.0555866 -0.127819 -1.41596 0 0 0 
-2.92841 -6.88184 6650.79 -28.7825 22.0596 196.685 25.6451 -13 1 1 0 1 -0.0237671 -0.0276221 -2.53298 0 0 0 
-19.0576 0.581858 6749.17 -35.0296 6.69104 196.795 26.0224 -13 1 1 0 1 -0.0452987 0.00733379 -3.18999 0 0 0 
-36.6992 -0.573761 6847.56 -34.0999 -10.79 196.776 26.3996 -13 1 1 0 1 0.0500924 0.00771431 -3.21936 0 0 0 
-52.1637 -8.8622 6946 -27.4918 -20.4697 197.042 26.7769 -13 1 1 0 1 0.234131 0.0476401 -2.59809 0 0 0 
-64.6964 -19.0811 7044.68 -23.7165 -18.5955 197.717 27.1541 -13 1 1 0 1 0.415305 0.130123 -1.478 0 0 0 
-77.0755 -25.8663 7143.66 -26.7979 -7.08154 198.07 27.5314 -13 1 1 0 1 0.547824 0.191267 -0.0937187 0 0 0 
-91.8664 -24.6956 7242.51 -31.8696 13.2242 197.002 27.9086 -13 1 1 0 1 0.616408 0.174217 1.32666 0 0 0 
-107.35 -11.5115 7340.34 -27.4001 39.894 194.056 28.2859 -13 1 1 0 1 0.551139 0.070017 2.56532 0 0 0 
-116.074 14.1341 7436.49 -4.50204 59.9039 190.765 28.6631 -13 1 1 0 1 0.269333 -0.019608 3.36567 0 0 0 
-110.341 44.2439 7531.57 26.8536 55.8207 190.166 29.0404 -13 1 1 0 1 -0.130145 0.0658782 3.49204 0 0 0 
-91.8203 66.169 7627.25 43.3063 29.7776 192.972 29.4176 -13 1 1 0 1 -0.397054 0.298367 2.89954 0 0 0 
-70.8785 73.8114 7724.64 37.4643 2.04122 196.45 29.7949 -13 1 1 0 1 -0.448567 0.477582 1.77486 0 0 0 
-56.0182 69.9646 7823.4 21.5949 -15.7144 198.209 30.1721 -13 1 1 0 1 -0.396695 0.505857 0.384652 0 0 0 
-48.7103 59.3423 7922.54 8.93745 -26.0146 198.1 30.5494 -13 1 1 0 1 -0.328778 0.412866 -1.0396 0 0 0 
-45.3229 44.4834 8021.36 6.64834 -32.8425 197.173 30.9266 -13 1 1 0 1 -0.237925 0.247748 -2.27773 0 0 0 
-40.1029 27.5001 8119.76 15.7944 -33.5599 196.531 31.3039 -13 1 1 0 1 -0.100244 0.0827915 -3.08926 0 0 0 
-28.8097 12.7897 8218 29.112 -23.4374 196.477 31.6811 -13 1 1 0 1 0.0300089 -0.00159571 -3.28077 0 0 0 
-12.0395 5.27766 8316.25 36.5177 -6.29648 196.538 32.0584 -13 1 1 0 1 0.0567215 -0.0148473 -2.81578 0 0 0 
3.85005 5.4068 8400.5 37.0229 5.96786 196.453 32.3819 -13 1 1 0 1 -0.0132852 -0.0276412 -1.99149 0 0 0 
3.85024 5.40685 8400.5 37.0229 5.96797 196.453 32.3819 -13 1 1 0 1 -0.0132863 -0.0276416 -1.99148 0 0 0 
22.1565 10.171 8498.69 36.5186 11.2492 196.316 32.7591 -13 1 1 0 1 -0.146055 -0.0692364 -0.725661 0 0 0 
40.9153 14.744 8596.81 39.0004 5.08956 196.095 33.1364 -13 1 1 0 1 -0.277884 -0.104007 0.662428 0 0 0 
61.1291 13.3258 8694.7 41.0591 -12.5264 195.339 33.5136 -13 1 1 0 1 -0.353894 -0.0826419 1.96946 0 0 0 
80.2516 1.0776 8792.01 32.9341 -36.5698 193.851 33.8909 -13 1 1 0 1 -0.284366 -0.00956089 2.97151 0 0 0 
91.5136 -21.8554 8888.61 10.2346 -52.298 192.77 34.2681 -13 1 1 0 1 -0.0259008 0.00225352 3.42979 0 0 0 
90.1919 -47.6082 8985.16 -14.0237 -47.1576 193.855 34.6454 -13 1 1 0 1 0.283402 -0.150608 3.18749 0 0 0 
80.2755 -66.5672 9082.79 -22.2698 -27.6463 196.825 35.0226 -13 1 1 0 1 0.460324 -0.380911 2.29623 0 0 0 
70.8879 -75.3671 9181.91 -13.1237 -8.32716 199.396 35.3999 -13 1 1 0 1 0.498814 -0.530431 0.992237 0 0 0 
68.3167 -75.6068 9281.82 3.0486 7.04098 199.853 35.7771 -13 1 1 0 1 0.491366 -0.547216 -0.466143 0 0 0 
73.2502 -68.1496 9381.38 15.1093 23.3019 198.063 36.1544 -13 1 1 0 1 0.459179 -0.434897 -1.85133 0 0 0 
81.031 -52.0003 9479.73 13.0146 40.9203 195.337 36.5316 -13 1 1 0 1 0.33139 -0.224161 -2.91299 0 0 0 
83.368 -28.794 9576.92 -5.81497 49.1493 193.78 36.9089 -13 1 1 0 1 0.0703031 -0.0377441 -3.39443 0 0 0 
74.5684 -6.14175 9673.85 -28.4229 38.3597 194.219 37.2861 -13 1 1 0 1 -0.193786 0.00309151 -3.17678 0 0 0 
56.9634 7.58938 9771.26 -39.5777 15.9838 195.393 37.6634 -13 1 1 0 1 -0.300778 -0.050377 -2.34877 0 0 0 
36.94 10.4704 9869.15 -39.356 -2.97958 196.068 38.0406 -13 1 1 0 1 -0.250712 -0.0782475 -1.13364 0 0 0 
17.9404 6.42557 9967.24 -36.9507 -11.2658 196.235 38.4179 -13 1 1 0 1 -0.130644 -0.0515026 0.243382 0 0 0 
-0.545599 1.12088 10065.4 -37.4556 -8.072 196.296 38.7951 -13 1 1 0 1 -0.00321109 -0.0129199 1.57698 0 0 0 
-19.5067 0.0959777 10163.5 -37.7423 5.40952 196.333 39.1724 -13 1 1 0 1 0.076133 -0.00677588 2.65318 0 0 0 
-37.0321 7.28097 10261.7 -30.7526 23.1476 196.262 39.5496 -13 1 1 0 1 0.0387082 -0.0166013 3.24828 0 0 0 
-48.9462 22.0484 10359.8 -16.3289 33.9412 196.422 39.9269 -13 1 1 0 1 -0.114397 0.040158 3.19884 0 0 0 
-53.8517 39.0923 10458.2 -4.75556 32.3952 197.302 40.3041 -13 1 1 0 1 -0.278433 0.190381 2.49639 0 0 0 
-55.6635 53.2308 10557.2 -4.57481 23.5254 198.56 40.6814 -13 1 1 0 1 -0.379565 0.353067 1.31676 0 0 0 
-60.1997 62.2123 10656.7 -14.8504 11.9348 199.091 41.0586 -13 1 1 0 1 -0.438451 0.445849 -0.0951018 0 0 0 
-71.0815 64.3383 10756 -28.3774 -4.65588 197.923 41.4359 -13 1 1 0 1 -0.47586 0.426022 -1.51006 0 0 0 
-87.1777 56.2405 10854.3 -33.4604 -28.6987 195.082 41.8131 -13 1 1 0 1 -0.427467 0.274169 -2.69624 0 0 0 
-101.224 35.8428 10951.1 -19.2605 -51.1154 192.397 42.1904 -13 1 1 0 1 -0.193499 0.0708661 -3.39004 0 0 0 
-104.038 8.4041 11047.1 8.67203 -54.4609 192.247 42.5676 -13 1 1 0 1 0.167157 -0.00755058 -3.38792 0 0 0 
-93.7897 -14.8544 11143.8 29.6626 -35.9858 194.488 42.9449 -13 1 1 0 1 0.43206 0.076229 -2.69878 0 0 0 
-77.3188 -26.5948 11241.6 33.6906 -11.3815 196.814 43.3221 -13 1 1 0 1 0.497336 0.179019 -1.53159 0 0 0 
-61.6664 -27.3966 11340.4 28.3587 6.67147 197.868 43.6994 -13 1 1 0 1 0.435569 0.20138 -0.140641 0 0 0 
-48.7293 -21.4039 11439.3 24.1823 15.8915 197.896 44.0766 -13 1 1 0 1 0.322827 0.150689 1.25264 0 0 0 
-36.5086 -12.9172 11538.2 25.6001 16.5653 197.663 44.4539 -13 1 1 0 1 0.182477 0.0756023 2.42628 0 0 0 
-22.663 -6.38571 11637 29.6557 8.10269 197.624 44.8311 -13 1 1 0 1 0.0492724 0.0268573 3.14539 0 0 0 
-7.5562 -5.83239 11735.8 29.7045 -6.25194 197.684 45.2084 -13 1 1 0 1 -0.00934639 0.00583127 3.23118 0 0 0 
6.1001 -12.2627 11834.7 24.416 -18.494 197.641 45.5856 -13 1 1 0 1 0.0272205 -0.0417761 2.66597 0 0 0 
17.0135 -23.1104 11933.5 20.0108 -23.6578 197.586 45.9629 -13 1 1 0 1 0.109114 -0.137187 1.59771 0 0 0 
27.2664 -34.7888 12032.3 22.3302 -21.9798 197.531 46.3401 -13 1 1 0 1 0.196241 -0.239617 0.253211 0 0 0 
40.5145 -43.888 12131 31.4434 -12.9708 197.087 46.7174 -13 1 1 0 1 0.279442 -0.29082 -1.14281 0 0 0 
58.7223 -46.078 12229.2 40.4046 5.93303 195.787 47.0946 -13 1 1 0 1 0.319199 -0.237643 -2.37643 0 0 0 
78.841 -36.7914 12326.7 37.1289 31.3102 194.014 47.4719 -13 1 1 0 1 0.216103 -0.0889613 -3.21072 0 0 0 
92.9128 -16.2352 12423.4 16.9945 47.9649 193.419 47.8491 -13 1 1 0 1 -0.0674324 0.0205142 -3.41447 0 0 0 
95.2945 7.5563 12520.5 -6.29478 43.7207 195.062 48.2264 -13 1 1 0 1 -0.37837 -0.0254363 -2.91238 0 0 0 
90.3921 22.5783 12600.5 -15.9133 29.0009 197.246 48.5343 -13 1 1 0 1 -0.527181 -0.130222 -2.07027 0 0 0 
90.392 22.5784 12600.5 -15.9133 29.0007 197.246 48.5343 -13 1 1 0 1 -0.527182 -0.130223 -2.07025 0 0 0 
82.2614 31.9649 12699.7 -14.7871 8.88286 199.256 48.9115 -13 1 1 0 1 -0.57181 -0.223812 -0.732427 0 0 0 
76.5278 32.0558 12799.5 -8.11678 -7.90334 199.68 49.2888 -13 1 1 0 1 -0.530983 -0.226763 0.71321 0 0 0 
73.4146 24.6384 12899.1 -5.68029 -21.0976 198.804 49.666 -13 1 1 0 1 -0.42361 -0.148845 2.04064 0 0 0 
69.2358 12.0268 12998.2 -12.5726 -27.7237 197.671 50.0433 -13 1 1 0 1 -0.229384 -0.0474201 2.99386 0 0 0 
59.9505 -0.972304 13096.9 -24.53 -21.9695 197.271 50.4205 -13 1 1 0 1 0.00524715 -0.00660277 3.33808 0 0 0 
45.6777 -8.08943 13195.6 -30.9658 -5.46311 197.514 50.7978 -13 1 1 0 1 0.158923 -0.0328984 2.99052 0 0 0 
30.5212 -6.37586 13294.4 -28.5915 11.5663 197.609 51.175 -13 1 1 0 1 0.181576 -0.0422843 2.0686 0 0 0 
17.3939 2.33703 13393.2 -24.3486 22.0055 197.29 51.5523 -13 1 1 0 1 0.124925 0.0102288 0.800622 0 0 0 
5.23032 14.367 13491.7 -25.5379 24.8411 196.802 51.9295 -13 1 1 0 1 0.0393258 0.0932028 -0.587534 0 0 0 
-9.29909 25.7463 13590 -33.3826 19.0175 196.276 52.3068 -13 1 1 0 1 -0.0540277 0.144208 -1.88575 0 0 0 
-28.2011 31.5924 13687.9 -41.3335 2.69162 195.665 52.684 -13 1 1 0 1 -0.104676 0.105956 -2.87118 0 0 0 
-48.8481 27.4657 13785.7 -38.9122 -19.0875 195.248 53.0613 -13 1 1 0 1 -0.0249688 0.000674297 -3.32404 0 0 0 
-65.0387 13.8876 13883.3 -24.6041 -32.817 195.75 53.4385 -13 1 1 0 1 0.187671 -0.0527997 -3.10346 0 0 0 
-73.4427 -2.66453 13981.6 -10.127 -30.9561 197.331 53.8158 -13 1 1 0 1 0.404062 0.00454831 -2.25705 0 0 0 
-76.8395 -15.3229 14080.7 -5.23959 -18.6221 199.063 54.193 -13 1 1 0 1 0.527393 0.0981576 -0.993432 0 0 0 
-80.0388 -20.6586 14180.5 -8.26973 -2.31102 199.817 54.5703 -13 1 1 0 1 0.565052 0.141027 0.442796 0 0 0 
-85.0024 -17.2962 14280.3 -10.6295 15.95 199.08 54.9475 -13 1 1 0 1 0.522171 0.101882 1.82212 0 0 0 
-89.01 -5.0129 14379.4 -3.32629 32.0926 197.381 55.3248 -13 1 1 0 1 0.351933 0.0138939 2.89386 0 0 0 
-86.561 12.7049 14477.7 14.0269 35.8543 196.26 55.702 -13 1 1 0 1 0.0581222 -0.0170804 3.3941 0 0 0 
-75.4409 27.8278 14575.9 28.7116 22.1755 196.683 56.0793 -13 1 1 0 1 -0.213163 0.0683766 3.17957 0 0 0 
-60.1772 33.6114 14674.5 30.0623 0.924187 197.727 56.4565 -13 1 1 0 1 -0.331887 0.175811 2.32873 0 0 0 
-46.9115 29.536 14773.5 22.4058 -16.0293 198.095 56.8338 -13 1 1 0 1 -0.326197 0.198582 1.08098 0 0 0 
-37.4925 18.7373 14872.5 16.2565 -26.1648 197.615 57.211 -13 1 1 0 1 -0.27216 0.132903 -0.318879 0 0 0 
-29.2636 4.29542 14971.1 18.2462 -30.5899 196.804 57.5883 -13 1 1 0 1 -0.191397 0.0298364 -1.65403 0 0 0 
-17.846 -10.5238 15069.3 28.3469 -26.9944 196.133 57.9655 -13 1 1 0 1 -0.0859073 -0.0394453 -2.70294 0 0 0 
-0.857465 -20.8692 15167.3 38.6992 -12.7683 195.805 58.3428 -13 1 1 0 1 -0.0125171 -0.0176025 -3.24533 0 0 0 
19.2238 -22.4701 15265.2 39.6983 6.13265 195.926 58.72 -13 1 1 0 1 -0.0544817 0.0575715 -3.13972 0 0 0 
37.332 -15.9667 15363.3 31.984 17.9558 196.609 59.0973 -13 1 1 0 1 -0.197717 0.0870017 -2.41228 0 0 0 
51.3027 -6.57936 15461.9 24.6444 17.6701 197.689 59.4745 -13 1 1 0 1 -0.348306 0.0496882 -1.23576 0 0 0 
62.9144 0.0775372 15561 22.616 7.59943 198.573 59.8518 -13 1 1 0 1 -0.450868 0.00588213 0.155189 0 0 0 
74.2149 -0.143984 15660.3 22.182 -9.42202 198.544 60.229 -13 1 1 0 1 -0.481875 0.00942881 1.54448 0 0 0 
83.9043 -9.79311 15759.3 14.7308 -28.8528 197.36 60.6063 -13 1 1 0 1 -0.386641 0.0563627 2.69797 0 0 0 
87.0243 -27.5461 15857.6 -3.66401 -39.5758 196.012 60.9835 -13 1 1 0 1 -0.133937 0.0556878 3.35317 0 0 0 
80.1122 -46.2122 15955.6 -22.6311 -32.0262 196.119 61.3608 -13 1 1 0 1 0.160406 -0.0791738 3.30953 0 0 0 
66.8121 -57.5243 16054 -27.7085 -12.4766 197.679 61.738 -13 1 1 0 1 0.331001 -0.273269 2.57695 0 0 0 
54.7979 -59.0269 16153.2 -18.7918 5.47331 199.041 62.1153 -13 1 1 0 1 0.366176 -0.384236 1.3712 0 0 0 
48.6114 -53.0532 16252.8 -6.2289 17.6901 199.12 62.4925 -13 1 1 0 1 0.350686 -0.372481 -0.0399204 0 0 0 
47.6239 -41.6973 16352.1 0.769568 27.6187 198.083 62.8698 -13 1 1 0 1 0.31802 -0.267205 -1.43122 0 0 0 
47.4859 -25.6724 16450.8 -3.41406 35.832 196.735 63.247 -13 1 1 0 1 0.23475 -0.115705 -2.56886 0 0 0 
42.3875 -7.20467 16549 -18.1415 36.0472 195.888 63.6243 -13 1 1 0 1 0.0873662 -0.00619934 -3.21567 0 0 0 
29.2657 8.19929 16646.8 -33.322 23.7049 195.776 64.0015 -13 1 1 0 1 -0.036587 -0.00712264 -3.21574 0 0 0 
10.7472 15.5709 16744.8 -38.9015 5.94963 196.091 64.3788 -13 1 1 0 1 -0.0393187 -0.0667323 -2.57993 0 0 0 
-0.209409 16.078 16800.5 -37.9569 -1.8847 196.357 64.593 -13 1 1 0 1 0.0102149 -0.0894185 -1.99548 0 0 0 
-0.209592 16.078 16800.5 -37.9569 -1.88481 196.357 64.593 -13 1 1 0 1 0.0102159 -0.0894186 -1.99547 0 0 0 
-18.2395 13.3017 16898.8 -34.1357 -7.32437 196.93 64.9702 -13 1 1 0 1 0.133965 -0.0909215 -0.725905 0 0 0 
-34.6022 10.5941 16997.4 -31.5781 -1.79348 197.484 65.3475 -13 1 1 0 1 0.248361 -0.0749361 0.663125 0 0 0 
-49.7026 12.9997 17096.2 -28.1542 12.5566 197.611 65.7247 -13 1 1 0 1 0.301377 -0.0800906 1.96807 0 0 0 
-61.5012 23.6225 17194.9 -17.4003 29.4894 197.048 66.102 -13 1 1 0 1 0.230201 -0.0898907 2.95246 0 0 0 
-65.6981 40.9673 17293.3 1.26587 37.4625 196.457 66.4792 -13 1 1 0 1 0.0279134 -0.0168399 3.37255 0 0 0 
-60.8318 58.4543 17391.6 16.3765 30.2529 197.02 66.8565 -13 1 1 0 1 -0.183154 0.179533 3.09003 0 0 0 
-51.8031 69.9943 17490.5 17.1426 15.7348 198.643 67.2337 -13 1 1 0 1 -0.288843 0.39507 2.17096 0 0 0 
-45.7754 74.6644 17590.2 5.57897 3.64905 199.89 67.611 -13 1 1 0 1 -0.314723 0.515824 0.85812 0 0 0 
-46.895 74.0437 17690.1 -10.0529 -6.23185 199.651 67.9882 -13 1 1 0 1 -0.329785 0.518255 -0.588512 0 0 0 
-55.1357 67.8193 17789.5 -21.4629 -19.5996 197.878 68.3655 -13 1 1 0 1 -0.334352 0.40365 -1.94517 0 0 0 
-66.13 53.7357 17887.9 -19.6611 -36.756 195.609 68.7427 -13 1 1 0 1 -0.251639 0.192856 -2.95892 0 0 0 
-71.9538 32.2464 17985.3 -1.4202 -46.7892 194.446 69.12 -13 1 1 0 1 -0.0383679 0.00370952 -3.38778 0 0 0 
-66.7263 9.98862 18082.6 21.6221 -39.2655 194.913 69.4972 -13 1 1 0 1 0.190788 -0.0412988 -3.11926 0 0 0 
-52.1139 -5.02973 18180.3 34.5661 -20.1019 195.963 69.8745 -13 1 1 0 1 0.282622 0.0171765 -2.25506 0 0 0 
-34.0863 -10.5721 18278.5 36.2646 -3.37829 196.657 70.2517 -13 1 1 0 1 0.229423 0.0642543 -1.01678 0 0 0 
-16.4259 -10.0877 18376.9 34.342 3.49282 197 70.629 -13 1 1 0 1 0.111143 0.0647831 0.364851 0 0 0 
0.393722 -8.86758 18475.5 32.9889 -0.28897 197.262 71.0062 -13 1 1 0 1 -0.00937234 0.0488214 1.68651 0 0 0 
16.2288 -11.7842 18574.2 29.5505 -12.3456 197.421 71.3835 -13 1 1 0 1 -0.0761322 0.0417801 2.72313 0 0 0 
28.8273 -21.4529 18672.9 19.701 -25.7272 197.359 71.7607 -13 1 1 0 1 -0.0388183 0.0135986 3.24997 0 0 0 
35.304 -36.2016 18771.6 6.3799 -31.5582 197.393 72.138 -13 1 1 0 1 0.0770793 -0.0967042 3.11401 0 0 0 
36.2462 -51.475 18870.4 -0.904032 -28.4643 197.963 72.5152 -13 1 1 0 1 0.181492 -0.275713 2.33771 0 0 0 
36.3266 -64.1472 18969.6 3.10159 -22.0969 198.753 72.8925 -13 1 1 0 1 0.239605 -0.43886 1.1138 0 0 0 
40.9196 -73.4301 19069 16.4398 -14.6064 198.789 73.2697 -13 1 1 0 1 0.286055 -0.525818 -0.308001 0 0 0 
53.3497 -77.777 19168.1 33.0891 -1.2424 197.241 73.647 -13 1 1 0 1 0.335697 -0.498618 -1.70952 0 0 0 
72.7069 -72.9092 19266 41.8014 22.22 194.318 74.0242 -13 1 1 0 1 0.317228 -0.323365 -2.8529 0 0 0 
91.6667 -55.2211 19362.5 30.218 47.2055 191.987 74.4015 -13 1 1 0 1 0.117233 -0.0711549 -3.47443 0 0 0 
100.042 -28.7276 19458.5 2.07502 54.6202 192.387 74.7787 -13 1 1 0 1 -0.220021 0.0667203 -3.39172 0 0 0 
94.4928 -4.54247 19555.2 -21.9804 39.2046 194.886 75.156 -13 1 1 0 1 -0.476205 0.028601 -2.63956 0 0 0 
80.7933 9.11577 19653.3 -30.3504 15.4868 197.078 75.5332 -13 1 1 0 1 -0.538278 -0.0544264 -1.44328 0 0 0 
65.7491 11.8715 19752.1 -29.1606 -3.05163 197.841 75.9105 -13 1 1 0 1 -0.467175 -0.0775172 -0.0579537 0 0 0 
51.5427 7.61536 19851 -28.277 -12.3517 197.607 76.2877 -13 1 1 0 1 -0.333988 -0.0409132 1.30306 0 0 0 
36.7563 1.22102 19949.6 -31.4045 -11.4401 197.189 76.665 -13 1 1 0 1 -0.171161 0.00521651 2.41142 0 0 0 
20.1275 -2.10897 20048.2 -34.5018 -0.455023 197.002 77.0422 -13 1 1 0 1 -0.0335624 0.0163774 3.03424 0 0 0 
3.31236 1.52838 20146.7 -31.5632 14.9563 196.928 77.4195 -13 1 1 0 1 0.00641364 0.0156997 3.01189 0 0 0 
-10.64 12.069 20245.1 -24.1141 25.9367 196.841 77.7967 -13 1 1 0 1 -0.0506786 0.0695461 2.3418 0 0 0 
-21.4232 26.1086 20343.5 -20.2696 28.9545 196.854 78.174 -13 1 1 0 1 -0.143314 0.185307 1.1821 0 0 0 
-32.4693 39.851 20442 -25.5405 24.7965 196.808 78.5512 -13 1 1 0 1 -0.241303 0.306806 -0.245272 0 0 0 
-48.2569 49.356 20540.2 -38.2561 11.211 195.988 78.9285 -13 1 1 0 1 -0.345479 0.365041 -1.73504 0 0 0 
-70.1725 48.7034 20637.7 -47.3286 -16.1487 193.649 79.3057 -13 1 1 0 1 -0.408167 0.295408 -3.08045 0 0 0 
-91.9137 31.9349 20733.7 -34.8287 -50.349 190.401 79.683 -13 1 1 0 1 -0.309303 0.117933 -4.04959 0 0 0 
-100.548 1.42762 20828.3 3.16168 -66.4096 188.628 80.0602 -13 1 1 0 1 -0.0355918 0.00719434 -4.43758 0 0 0 
-88.6492 -28.5459 20922.8 41.8172 -48.2443 189.537 80.4375 -13 1 1 0 1 0.194967 0.0650174 -4.22753 0 0 0 
-62.8733 -43.6635 21018 56.7203 -11.3803 191.452 80.8147 -13 1 1 0 1 0.224188 0.154507 -3.63384 0 0 0 
-35.6673 -40.8309 21114.1 49.5717 20.7076 192.651 81.192 -13 1 1 0 1 0.135288 0.151986 -2.92044 0 0 0 
-14.6367 -25.2041 21210.5 34.1885 39.6804 193.021 81.5692 -13 1 1 0 1 0.0494886 0.0820515 -2.2508 0 0 0 
-7.98143 -16.1072 21252.2 27.599 44.3807 193.052 81.732 -13 1 1 0 1 0.0252482 0.0479642 -1.99659 0 0 0 

# End of Event 1

