# AllTracks
#x y z Px Py Pz t PDGid EventID TrackID ParentID Weight Bx By Bz Ex Ey Ez
# Event -2 Track 1
-11.2945 14.0917 0 0.731734 -1.1308 199.995 0 -13 -2 1 0 1 0.0742344 -0.0777157 -1.99141 0 0 0 
-11.2894 14.0922 0.4995 0.745055 -1.11858 199.995 0.0018845 -13 -2 1 0 1 0.0742935 -0.0778527 -1.98561 0 0 0 
-11.2894 14.0922 0.5005 0.745082 -1.11855 199.995 0.00188827 -13 -2 1 0 1 0.0742937 -0.077853 -1.9856 0 0 0 
-10.2586 14.2039 100.494 3.38832 1.60845 199.965 0.379139 -13 -2 1 0 1 0.0786482 -0.097203 -0.689511 0 0 0 
-7.81436 15.5945 200.453 6.54587 3.69449 199.859 0.75639 -13 -2 1 0 1 0.0616752 -0.109254 0.713966 0 0 0 
-3.55252 17.4766 300.342 10.5833 3.25635 199.693 1.13364 -13 -2 1 0 1 0.0295113 -0.104513 2.00367 0 0 0 
2.63091 18.1934 400.145 13.7233 -1.0164 199.526 1.51089 -13 -2 1 0 1 0.0020274 -0.0666295 2.93616 0 0 0 
9.47289 16.0833 499.884 12.7951 -7.42155 199.452 1.88814 -13 -2 1 0 1 0.0115231 -0.00671241 3.28161 0 0 0 
14.7031 11.1932 599.623 7.70345 -11.3997 199.526 2.26539 -13 -2 1 0 1 0.0595329 0.0309059 2.93744 0 0 0 
17.1592 5.47896 699.426 2.45519 -10.7725 199.695 2.64264 -13 -2 1 0 1 0.106673 0.0256487 2.00581 0 0 0 
17.6615 0.869285 799.317 0.0953681 -7.44763 199.861 3.0199 -13 -2 1 0 1 0.127202 0.000123423 0.71629 0 0 0 
17.6986 -1.89491 899.277 0.351722 -3.61353 199.967 3.39715 -13 -2 1 0 1 0.125451 -0.0202765 -0.691055 0 0 0 
18.1404 -2.76419 999.271 1.37298 0.10618 199.995 3.7744 -13 -2 1 0 1 0.106411 -0.0256081 -1.98514 0 0 0 
18.8891 -1.87044 1099.26 1.34492 3.29188 199.968 4.15165 -13 -2 1 0 1 0.0644056 -0.0185162 -2.92447 0 0 0 
19.2218 0.214062 1199.24 -0.181816 4.60851 199.947 4.5289 -13 -2 1 0 1 0.000546688 -0.0133265 -3.27585 0 0 0 
18.7157 2.2644 1299.22 -1.65982 3.1636 199.968 4.90615 -13 -2 1 0 1 -0.0628989 -0.0197708 -2.93488 0 0 0 
17.8348 3.07815 1399.21 -1.58437 -0.0689717 199.994 5.2834 -13 -2 1 0 1 -0.104099 -0.0273801 -2.00348 0 0 0 
17.3114 2.12872 1499.2 -0.471807 -3.74699 199.964 5.66065 -13 -2 1 0 1 -0.122541 -0.0219056 -0.713433 0 0 0 
17.2305 -0.681199 1599.16 -0.152975 -7.49369 199.86 6.0379 -13 -2 1 0 1 -0.124298 -0.00119047 0.693525 0 0 0 
16.7151 -5.29254 1699.05 -2.44853 -10.7392 199.696 6.41515 -13 -2 1 0 1 -0.104487 0.024708 1.98631 0 0 0 
14.2793 -10.9822 1798.86 -7.63188 -11.3482 199.532 6.7924 -13 -2 1 0 1 -0.0587199 0.0306946 2.92514 0 0 0 
9.0923 -15.8568 1898.6 -12.7064 -7.41812 199.458 7.16965 -13 -2 1 0 1 -0.0119954 -0.00588391 3.27883 0 0 0 
2.28427 -17.9799 1998.34 -13.6841 -1.0672 199.529 7.54691 -13 -2 1 0 1 -0.00330812 -0.0651364 2.94378 0 0 0 
-3.89686 -17.2963 2098.14 -10.6115 3.17672 199.693 7.92416 -13 -2 1 0 1 -0.0314193 -0.103069 2.01883 0 0 0 
-8.18578 -15.4615 2198.03 -6.62118 3.58079 199.858 8.30141 -13 -2 1 0 1 -0.0641861 -0.108254 0.732583 0 0 0 
-10.6725 -14.1439 2297.99 -3.47526 1.42349 199.965 8.67866 -13 -2 1 0 1 -0.0816033 -0.0969726 -0.674675 0 0 0 
-11.7362 -14.1489 2397.98 -0.774767 -1.40108 199.994 9.05591 -13 -2 1 0 1 -0.0771835 -0.0786376 -1.97472 0 0 0 
-11.4125 -15.3515 2497.97 2.07198 -3.07945 199.966 9.43316 -13 -2 1 0 1 -0.0498315 -0.0468769 -2.92016 0 0 0 
-9.78867 -16.8324 2597.95 4.13738 -2.46107 199.942 9.81041 -13 -2 1 0 1 -0.0122646 0.00543369 -3.27958 0 0 0 
-7.69161 -17.5622 2697.93 3.77525 -0.384363 199.964 10.1877 -13 -2 1 0 1 0.0149921 0.0644447 -2.94739 0 0 0 
-6.4277 -17.2956 2797.92 0.982449 1.28621 199.994 10.5649 -13 -2 1 0 1 0.0291766 0.105275 -2.0222 0 0 0 
-6.87203 -16.4084 2897.91 -2.80435 2.22591 199.968 10.9422 -13 -2 1 0 1 0.0426347 0.119401 -0.73494 0 0 0 
-9.18306 -14.9616 2997.87 -6.2949 3.81262 199.865 11.3194 -13 -2 1 0 1 0.0610101 0.110967 0.672377 0 0 0 
-12.887 -12.2519 3097.76 -8.07153 7.38981 199.7 11.6967 -13 -2 1 0 1 0.0736071 0.0808236 1.97146 0 0 0 
-16.6261 -7.34685 3197.57 -6.13206 12.2005 199.533 12.0739 -13 -2 1 0 1 0.0565041 0.0373673 2.91659 0 0 0 
-18.3335 -0.43746 3297.31 -0.249033 14.7251 199.457 12.4512 -13 -2 1 0 1 0.00173598 0.0133733 3.27837 0 0 0 
-16.8455 6.55091 3397.05 5.80469 12.4852 199.526 12.8284 -13 -2 1 0 1 -0.0545462 0.033681 2.95218 0 0 0 
-13.1884 11.6165 3496.85 8.06981 7.703 199.689 13.2057 -13 -2 1 0 1 -0.074169 0.0761799 2.03366 0 0 0 
-9.41972 14.4511 3596.74 6.53441 3.9907 199.853 13.5829 -13 -2 1 0 1 -0.0624521 0.107073 0.750542 0 0 0 
-6.95199 15.9593 3696.7 3.17774 2.31395 199.961 13.9602 -13 -2 1 0 1 -0.0435258 0.116795 -0.656693 0 0 0 
-6.30438 16.8987 3796.69 -0.55993 1.43296 199.994 14.3374 -13 -2 1 0 1 -0.0292186 0.104556 -1.95956 0 0 0 
-7.37388 17.2778 3896.68 -3.45069 -0.0769032 199.97 14.7147 -13 -2 1 0 1 -0.015263 0.0662999 -2.91122 0 0 0 
-9.36844 16.7287 3996.66 -4.0683 -2.07566 199.948 15.0919 -13 -2 1 0 1 0.0104268 0.00866341 -3.27883 0 0 0 
-11.0235 15.4191 4096.64 -2.24658 -2.80725 199.968 15.4692 -13 -2 1 0 1 0.0467835 -0.0445083 -2.95567 0 0 0 
-11.4647 14.3063 4196.63 0.503469 -1.30909 199.995 15.8464 -13 -2 1 0 1 0.0746246 -0.0780786 -2.03702 0 0 0 
-11.4289 14.3068 4200.5 0.609367 -1.21562 199.995 15.861 -13 -2 1 0 1 0.0751231 -0.0791419 -1.99229 0 0 0 
-11.4289 14.3068 4200.5 0.609395 -1.21559 199.995 15.861 -13 -2 1 0 1 0.0751232 -0.0791422 -1.99228 0 0 0 
-10.4504 14.3711 4300.49 3.31015 1.52436 199.967 16.2383 -13 -2 1 0 1 0.0799964 -0.0984063 -0.695691 0 0 0 
-8.03662 15.7308 4400.45 6.49898 3.65829 199.861 16.6155 -13 -2 1 0 1 0.0632165 -0.110227 0.711523 0 0 0 
-3.79237 17.6085 4500.34 10.5605 3.27475 199.694 16.9928 -13 -2 1 0 1 0.0308923 -0.105302 2.00147 0 0 0 
2.38795 18.3456 4600.15 13.7361 -0.958478 199.526 17.37 -13 -2 1 0 1 0.00283325 -0.0671643 2.93413 0 0 0 
9.24665 16.2663 4699.89 12.8474 -7.36358 199.451 17.7473 -13 -2 1 0 1 0.0115112 -0.00673288 3.27968 0 0 0 
14.5079 11.397 4799.62 7.76866 -11.3792 199.525 18.1245 -13 -2 1 0 1 0.0588639 0.031572 2.93559 0 0 0 
16.9916 5.68138 4899.43 2.49487 -10.7972 199.693 18.5018 -13 -2 1 0 1 0.105688 0.0268046 2.00408 0 0 0 
17.503 1.05004 4999.32 0.09204 -7.50825 199.859 18.879 -13 -2 1 0 1 0.126087 0.00136727 0.714705 0 0 0 
17.5294 -1.753 5099.28 0.316102 -3.70941 199.965 19.2563 -13 -2 1 0 1 0.124261 -0.0192983 -0.692478 0 0 0 
17.9524 -2.68072 5199.27 1.3406 -0.0322493 199.996 19.6335 -13 -2 1 0 1 0.105292 -0.0251236 -1.98954 0 0 0 
18.6957 -1.86507 5299.26 1.36339 3.12304 199.971 20.0108 -13 -2 1 0 1 0.0637238 -0.0184981 -2.92859 0 0 0 
19.0568 0.136845 5399.24 -0.0863987 4.45677 199.95 20.388 -13 -2 1 0 1 0.000517113 -0.0133311 -3.27976 0 0 0 
18.613 2.12617 5499.22 -1.5146 3.07582 199.971 20.7653 -13 -2 1 0 1 -0.0625787 -0.0193144 -2.93862 0 0 0 
17.8062 2.91287 5599.21 -1.44047 -0.0938029 199.995 21.1425 -13 -2 1 0 1 -0.103955 -0.0264325 -2.00706 0 0 0 
17.348 1.95911 5699.2 -0.357157 -3.74673 199.965 21.5198 -13 -2 1 0 1 -0.122814 -0.020735 -0.716851 0 0 0 
17.3161 -0.852652 5799.16 -0.0714344 -7.50647 199.859 21.897 -13 -2 1 0 1 -0.12491 -2.80613e-06 0.69029 0 0 0 
16.8318 -5.4781 5899.05 -2.40736 -10.7839 199.695 22.2743 -13 -2 1 0 1 -0.105165 0.025784 1.98641 0 0 0 
14.4044 -11.1969 5998.86 -7.64077 -11.4157 199.528 22.6515 -13 -2 1 0 1 -0.0591464 0.0314242 2.9253 0 0 0 
9.20113 -16.1043 6098.6 -12.7587 -7.47623 199.453 23.0288 -13 -2 1 0 1 -0.0120016 -0.00587096 3.27904 0 0 0 
2.3633 -18.2485 6198.34 -13.7435 -1.09215 199.524 23.406 -13 -2 1 0 1 -0.00304678 -0.0660267 2.94399 0 0 0 
-3.84046 -17.57 6298.14 -10.6373 3.17867 199.692 23.7833 -13 -2 1 0 1 -0.031096 -0.104644 2.01899 0 0 0 
-8.12909 -15.731 6398.03 -6.59275 3.59409 199.859 24.1605 -13 -2 1 0 1 -0.0637952 -0.110121 0.732678 0 0 0 
-10.5874 -14.4037 6497.99 -3.39108 1.45196 199.966 24.5378 -13 -2 1 0 1 -0.0810144 -0.098778 -0.674634 0 0 0 
-11.5981 -14.3851 6597.98 -0.652117 -1.32946 199.995 24.915 -13 -2 1 0 1 -0.0763826 -0.080013 -1.97472 0 0 0 
-11.2129 -15.535 6697.97 2.18498 -2.9385 199.967 25.2923 -13 -2 1 0 1 -0.0491502 -0.0475063 -2.92016 0 0 0 
-9.54839 -16.9308 6797.95 4.1782 -2.27042 199.944 25.6696 -13 -2 1 0 1 -0.0122481 0.00542476 -3.27955 0 0 0 
-7.45446 -17.5662 6897.92 3.72455 -0.208374 199.965 26.0468 -13 -2 1 0 1 0.0142097 0.0644555 -2.94734 0 0 0 
-6.23102 -17.2258 6997.91 0.880655 1.402 199.993 26.4241 -13 -2 1 0 1 0.0280462 0.104872 -2.02217 0 0 0 
-6.72808 -16.2955 7097.91 -2.90685 2.28688 199.966 26.8013 -13 -2 1 0 1 0.0416377 0.118617 -0.734955 0 0 0 
-9.08452 -14.826 7197.87 -6.37159 3.84734 199.862 27.1786 -13 -2 1 0 1 0.0603247 0.110023 0.672303 0 0 0 
-12.8184 -12.1006 7297.76 -8.11416 7.41982 199.698 27.5558 -13 -2 1 0 1 0.0732073 0.0799429 1.97134 0 0 0 
-16.5703 -7.18041 7397.56 -6.14118 12.2307 199.531 27.9331 -13 -2 1 0 1 0.0563144 0.0367969 2.91646 0 0 0 
-18.2758 -0.256872 7497.3 -0.235709 14.7507 199.455 28.3103 -13 -2 1 0 1 0.00173549 0.013356 3.27832 0 0 0 
-16.7798 6.74288 7597.04 5.81971 12.5063 199.524 28.6876 -13 -2 1 0 1 -0.0543274 0.0343069 2.95224 0 0 0 
-13.1191 11.8201 7696.84 8.06654 7.73051 199.688 29.0648 -13 -2 1 0 1 -0.0737715 0.077344 2.0338 0 0 0 
-9.35983 14.6723 7796.73 6.49771 4.03413 199.854 29.4421 -13 -2 1 0 1 -0.0620392 0.108602 0.750698 0 0 0 
-6.922 16.2053 7896.69 3.09215 2.36666 199.962 29.8193 -13 -2 1 0 1 -0.0433195 0.118507 -0.656589 0 0 0 
-6.33192 17.1671 7996.68 -0.704437 1.46259 199.994 30.1966 -13 -2 1 0 1 -0.0293822 0.10613 -1.95956 0 0 0 
-7.48487 17.545 8096.67 -3.63223 -0.118915 199.967 30.5738 -13 -2 1 0 1 -0.0156508 0.0672332 -2.91135 0 0 0 
-9.56637 16.9518 8196.65 -4.22201 -2.20775 199.943 30.9511 -13 -2 1 0 1 0.0103994 0.00869769 -3.27906 0 0 0 
-11.2785 15.5623 8296.62 -2.31632 -2.98261 199.965 31.3283 -13 -2 1 0 1 0.0476112 -0.0449703 -2.95595 0 0 0 
-11.7336 14.3658 8396.61 0.511022 -1.45954 199.994 31.7056 -13 -2 1 0 1 0.0761622 -0.0784174 -2.03729 0 0 0 
-11.6972 14.3639 8400.5 0.619493 -1.36378 199.995 31.7202 -13 -2 1 0 1 0.076678 -0.0794752 -1.99237 0 0 0 
-11.6972 14.3639 8400.5 0.619521 -1.36375 199.995 31.7202 -13 -2 1 0 1 0.0766781 -0.0794754 -1.99236 0 0 0 
-10.7042 14.3679 8500.49 3.35052 1.43249 199.967 32.0975 -13 -2 1 0 1 0.081757 -0.0983859 -0.695712 0 0 0 
-8.27027 15.695 8600.45 6.53567 3.61771 199.861 32.4747 -13 -2 1 0 1 0.0648354 -0.10998 0.711526 0 0 0 
-4.01076 17.5624 8700.34 10.5854 3.2717 199.693 32.852 -13 -2 1 0 1 0.0321528 -0.105036 2.00146 0 0 0 
2.1808 18.3041 8800.15 13.7584 -0.940135 199.524 33.2292 -13 -2 1 0 1 0.00352779 -0.0670251 2.93407 0 0 0 
9.05231 16.2347 8899.88 12.8771 -7.34679 199.45 33.6065 -13 -2 1 0 1 0.0115111 -0.006734 3.27958 0 0 0 
14.33 11.3683 8999.62 7.80297 -11.3873 199.523 33.9837 -13 -2 1 0 1 0.0582654 0.0314737 2.93551 0 0 0 
16.83 5.63984 9099.42 2.52484 -10.8413 199.69 34.361 -13 -2 1 0 1 0.104752 0.0265635 2.00406 0 0 0 
17.3555 0.977388 9199.31 0.120564 -7.58813 199.856 34.7382 -13 -2 1 0 1 0.125062 0.000863782 0.714767 0 0 0 
17.4 -1.87335 9299.27 0.364969 -3.81841 199.963 35.1155 -13 -2 1 0 1 0.123362 -0.0201327 -0.692364 0 0 0 
17.8592 -2.85869 9399.26 1.44174 -0.147745 199.995 35.4927 -13 -2 1 0 1 0.104754 -0.0261541 -1.98942 0 0 0 
18.6698 -2.09267 9499.25 1.52969 3.04962 199.971 35.87 -13 -2 1 0 1 0.0636407 -0.0192677 -2.92853 0 0 0 
19.1234 -0.106481 9599.23 0.106842 4.47153 199.95 36.2472 -13 -2 1 0 1 0.000524513 -0.0133377 -3.27981 0 0 0 
18.7689 1.91168 9699.21 -1.36003 3.16912 199.97 36.6245 -13 -2 1 0 1 -0.0630956 -0.0185993 -2.93876 0 0 0 
18.0227 2.75264 9799.2 -1.35252 0.0191936 199.996 37.0017 -13 -2 1 0 1 -0.105204 -0.0255093 -2.00724 0 0 0 
17.5954 1.84892 9899.2 -0.316117 -3.66556 199.966 37.379 -13 -2 1 0 1 -0.12453 -0.0199722 -0.716992 0 0 0 
17.5782 -0.935242 9999.16 -0.0511593 -7.47881 199.86 37.7562 -13 -2 1 0 1 -0.126732 0.000570412 0.690222 0 0 0 
17.1002 -5.56072 10099 -2.40354 -10.8103 199.693 38.1335 -13 -2 1 0 1 -0.106727 0.0262652 1.98643 0 0 0 
14.6677 -11.3024 10198.8 -7.66762 -11.4755 199.523 38.5107 -13 -2 1 0 1 -0.0600464 0.0317874 2.92543 0 0 0 
9.44188 -16.2397 10298.6 -12.8202 -7.52802 199.447 38.888 -13 -2 1 0 1 -0.0120176 -0.00585803 3.27922 0 0 0 
2.56965 -18.3997 10398.3 -13.8133 -1.10005 199.52 39.2652 -13 -2 1 0 1 -0.00236534 -0.0665218 2.94419 0 0 0 
-3.66343 -17.7125 10498.1 -10.6805 3.21987 199.689 39.6425 -13 -2 1 0 1 -0.0300787 -0.105461 2.01921 0 0 0 
-7.96425 -15.8428 10598 -6.59906 3.67391 199.858 40.0197 -13 -2 1 0 1 -0.0626544 -0.110895 0.732912 0 0 0 
-10.4198 -14.4669 10698 -3.37879 1.56708 199.966 40.397 -13 -2 1 0 1 -0.0798515 -0.0992178 -0.674392 0 0 0 
-11.4277 -14.3819 10798 -0.660788 -1.18049 199.996 40.7742 -13 -2 1 0 1 -0.0753937 -0.0799977 -1.97448 0 0 0 
-11.0614 -15.4534 10898 2.11237 -2.78128 199.97 41.1515 -13 -2 1 0 1 -0.048636 -0.0472336 -2.91995 0 0 0 
-9.45192 -16.7797 10997.9 4.03434 -2.15855 199.948 41.5288 -13 -2 1 0 1 -0.0122456 0.0054271 -3.2794 0 0 0 
-7.43891 -17.3786 11097.9 3.55486 -0.17563 199.969 41.906 -13 -2 1 0 1 0.0141546 0.0638288 -2.9473 0 0 0 
-6.29538 -17.038 11197.9 0.736625 1.37786 199.994 42.2833 -13 -2 1 0 1 0.0284132 0.103787 -2.02224 0 0 0 
-6.85406 -16.1236 11297.9 -3.0095 2.25502 199.965 42.6605 -13 -2 1 0 1 0.0425076 0.117426 -0.735102 0 0 0 
-9.2527 -14.6637 11397.9 -6.43875 3.84557 199.86 43.0378 -13 -2 1 0 1 0.061492 0.108897 0.672125 0 0 0 
-13.0113 -11.9281 11497.7 -8.14454 7.46252 199.695 43.415 -13 -2 1 0 1 0.074333 0.0789423 1.97119 0 0 0 
-16.7667 -6.97783 11597.5 -6.12286 12.3032 199.528 43.7923 -13 -2 1 0 1 0.0569973 0.0361053 2.91643 0 0 0 
-18.4509 -0.0186536 11697.3 -0.172018 14.8134 199.451 44.1695 -13 -2 1 0 1 0.00176341 0.0133335 3.27845 0 0 0 
-16.9188 7.00276 11797 5.89226 12.5277 199.521 44.5468 -13 -2 1 0 1 -0.0547748 0.0351539 2.95251 0 0 0 
-13.2291 12.0801 11896.8 8.10424 7.71247 199.687 44.924 -13 -2 1 0 1 -0.0743999 0.0788314 2.03414 0 0 0 
-9.46437 14.9169 11996.7 6.48086 3.99236 199.855 45.3013 -13 -2 1 0 1 -0.0627633 0.110294 0.751009 0 0 0 
-7.04786 16.4234 12096.7 3.02646 2.30022 199.964 45.6785 -13 -2 1 0 1 -0.0441967 0.120028 -0.656353 0 0 0 
-6.49754 17.3418 12196.7 -0.791037 1.35174 199.994 46.0558 -13 -2 1 0 1 -0.0303529 0.107159 -1.95943 0 0 0 
-7.68851 17.6504 12296.7 -3.68773 -0.283992 199.966 46.433 -13 -2 1 0 1 -0.0163608 0.0676101 -2.91134 0 0 0 
-9.7789 16.9673 12396.6 -4.19696 -2.39263 199.942 46.8103 -13 -2 1 0 1 0.0103673 0.00871158 -3.27915 0 0 0 
-11.4575 15.4933 12496.6 -2.21307 -3.12686 199.964 47.1875 -13 -2 1 0 1 0.0481877 -0.0447363 -2.95612 0 0 0 
-11.8515 14.2414 12596.6 0.643031 -1.53759 199.993 47.5648 -13 -2 1 0 1 0.0768321 -0.0776998 -2.03752 0 0 0 
-11.8124 14.2384 12600.5 0.752148 -1.43897 199.994 47.5795 -13 -2 1 0 1 0.0773445 -0.0787488 -1.99236 0 0 0 
-11.8124 14.2384 12600.5 0.752176 -1.43894 199.994 47.5795 -13 -2 1 0 1 0.0773446 -0.078749 -1.99235 0 0 0 
-10.7559 14.2169 12700.5 3.46706 1.39936 199.965 47.9568 -13 -2 1 0 1 0.0821148 -0.0973377 -0.695705 0 0 0 
-8.27168 15.5302 12800.5 6.61892 3.59033 199.858 48.334 -13 -2 1 0 1 0.0648443 -0.108836 0.71149 0 0 0 
-3.98045 17.3804 12900.3 10.6278 3.2289 199.692 48.7113 -13 -2 1 0 1 0.0319773 -0.103983 2.00136 0 0 0 
2.22088 18.0971 13000.1 13.7549 -0.994622 199.524 49.0885 -13 -2 1 0 1 0.00339339 -0.0663298 2.93392 0 0 0 
9.08081 16.002 13099.9 12.8382 -7.39178 199.451 49.4658 -13 -2 1 0 1 0.01151 -0.00673438 3.27944 0 0 0 
14.3366 11.1185 13199.6 7.76052 -11.4106 199.524 49.843 -13 -2 1 0 1 0.0582847 0.0306358 2.93542 0 0 0 
16.8216 5.38187 13299.4 2.51176 -10.8535 199.69 50.2203 -13 -2 1 0 1 0.104701 0.0250748 2.00405 0 0 0 
17.352 0.712915 13399.3 0.155277 -7.60314 199.856 50.5975 -13 -2 1 0 1 0.125038 -0.000967883 0.714806 0 0 0 
17.4278 -2.14542 13499.3 0.456038 -3.83047 199.963 50.9748 -13 -2 1 0 1 0.123556 -0.0220193 -0.692323 0 0 0 
17.9462 -3.12968 13599.3 1.58471 -0.124202 199.994 51.352 -13 -2 1 0 1 0.105261 -0.0277238 -1.98942 0 0 0 
18.8341 -2.33424 13699.2 1.68637 3.14856 199.968 51.7293 -13 -2 1 0 1 0.0642016 -0.020085 -2.92863 0 0 0 
19.3553 -0.278646 13799.2 0.208943 4.64429 199.946 52.1065 -13 -2 1 0 1 0.000535325 -0.0133428 -3.28 0 0 0 
19.0286 1.83247 13899.2 -1.35187 3.35579 199.968 52.4838 -13 -2 1 0 1 -0.0639598 -0.0183355 -2.93899 0 0 0 
18.2674 2.75686 13999.2 -1.41228 0.159866 199.995 52.861 -13 -2 1 0 1 -0.106615 -0.025534 -2.00745 0 0 0 
17.8041 1.90843 14099.2 -0.392885 -3.58348 199.968 53.2383 -13 -2 1 0 1 -0.125977 -0.0203846 -0.717144 0 0 0 
17.7515 -0.845756 14199.1 -0.112618 -7.43728 199.862 53.6155 -13 -2 1 0 1 -0.127937 -4.98917e-05 0.690128 0 0 0 
17.2489 -5.45648 14299 -2.44038 -10.7903 199.694 53.9928 -13 -2 1 0 1 -0.107593 0.0256625 1.98639 0 0 0 
14.8034 -11.1912 14398.8 -7.68419 -11.4662 199.523 54.37 -13 -2 1 0 1 -0.0605105 0.0314129 2.9254 0 0 0 
9.57215 -16.1247 14498.6 -12.8274 -7.52075 199.447 54.7473 -13 -2 1 0 1 -0.0120266 -0.00585951 3.27919 0 0 0 
2.69648 -18.2792 14598.3 -13.8213 -1.08321 199.519 55.1245 -13 -2 1 0 1 -0.00194679 -0.0661179 2.94418 0 0 0 
-3.54231 -17.5786 14698.1 -10.6964 3.25812 199.687 55.5018 -13 -2 1 0 1 -0.0293819 -0.104687 2.01924 0 0 0 
-7.85495 -15.6831 14798 -6.63285 3.73927 199.855 55.879 -13 -2 1 0 1 -0.0618967 -0.109786 0.733017 0 0 0 
-10.3358 -14.2687 14898 -3.45014 1.65283 199.964 56.2563 -13 -2 1 0 1 -0.0792669 -0.0978407 -0.674222 0 0 0 
-11.3936 -14.1413 14998 -0.791712 -1.10364 199.996 56.6335 -13 -2 1 0 1 -0.075195 -0.0785989 -1.97426 0 0 0 
-11.1076 -15.1873 15097.9 1.92705 -2.76507 199.972 57.0108 -13 -2 1 0 1 -0.0487957 -0.0463265 -2.91974 0 0 0 
-9.59368 -16.5289 15197.9 3.84981 -2.23714 199.951 57.388 -13 -2 1 0 1 -0.0122589 0.00544006 -3.27928 0 0 0 
-7.6584 -17.1859 15297.9 3.43596 -0.318735 199.971 57.7653 -13 -2 1 0 1 0.0148754 0.0631886 -2.94729 0 0 0 
-6.55425 -16.9187 15397.9 0.694607 1.23782 199.995 58.1425 -13 -2 1 0 1 0.0298983 0.1031 -2.02231 0 0 0 
-7.12164 -16.0636 15497.9 -3.00917 2.16173 199.966 58.5198 -13 -2 1 0 1 0.0443585 0.117011 -0.735203 0 0 0 
-9.51697 -14.6367 15597.8 -6.42954 3.80575 199.861 58.897 -13 -2 1 0 1 0.0633231 0.108697 0.668605 0 0 0 
-13.2713 -11.9093 15697.7 -8.13637 7.46774 199.695 59.2743 -13 -2 1 0 1 0.0758406 0.0788229 1.96757 0 0 0 
-17.0215 -6.94845 15797.5 -6.10849 12.3367 199.526 59.6515 -13 -2 1 0 1 0.0578646 0.0359977 2.91272 0 0 0 
-18.6955 0.0291064 15897.3 -0.14609 14.8487 199.448 60.0288 -13 -2 1 0 1 0.00177575 0.0133267 3.2746 0 0 0 
-17.1495 7.06312 15997 5.91914 12.5397 199.519 60.406 -13 -2 1 0 1 -0.0555428 0.0353566 2.94847 0 0 0 
-13.4499 12.1381 16096.8 8.11476 7.69008 199.688 60.7833 -13 -2 1 0 1 -0.0756761 0.0791764 2.02982 0 0 0 
-9.68547 14.9544 16196.7 6.46964 3.93217 199.857 61.1605 -13 -2 1 0 1 -0.0643002 0.110572 0.746383 0 0 0 
-7.27686 16.4196 16296.7 3.01061 2.19397 199.966 61.5378 -13 -2 1 0 1 -0.0457876 0.120005 -0.657848 0 0 0 
-6.72825 17.2731 16396.7 -0.774377 1.20059 199.995 61.915 -13 -2 1 0 1 -0.031699 0.106763 -1.96107 0 0 0 
-7.8935 17.5008 16496.6 -3.59621 -0.447392 199.967 62.2923 -13 -2 1 0 1 -0.0170706 0.0670985 -2.91309 0 0 0 
-9.91752 16.7463 16596.6 -4.0282 -2.50432 199.944 62.6695 -13 -2 1 0 1 0.0103479 0.00869152 -3.28101 0 0 0 
-11.5035 15.2388 16696.6 -2.0234 -3.14779 199.965 63.0468 -13 -2 1 0 1 0.048332 -0.0439011 -2.95813 0 0 0 
-11.8109 13.9949 16796.6 0.793159 -1.49289 199.993 63.424 -13 -2 1 0 1 0.076593 -0.0762835 -2.03975 0 0 0 
-11.7693 13.993 16800.5 0.900186 -1.3927 199.993 63.4388 -13 -2 1 0 1 0.0770892 -0.0773227 -1.99456 0 0 0 
-11.7693 13.993 16800.5 0.900214 -1.39267 199.993 63.4388 -13 -2 1 0 1 0.0770894 -0.077323 -1.99455 0 0 0 
-10.6531 13.9995 16900.5 3.5587 1.45693 199.963 63.816 -13 -2 1 0 1 0.0813847 -0.0958135 -0.701453 0 0 0 
-8.13518 15.3371 17000.5 6.66423 3.6271 199.856 64.1933 -13 -2 1 0 1 0.0638855 -0.107477 0.705289 0 0 0 
-3.8306 17.1991 17100.3 10.6373 3.24088 199.691 64.5706 -13 -2 1 0 1 0.0311082 -0.10291 1.99468 0 0 0 
2.36854 17.9192 17200.1 13.7394 -0.988683 199.525 64.9478 -13 -2 1 0 1 0.00290902 -0.0657043 2.92679 0 0 0 
9.21956 15.8305 17299.9 12.8237 -7.36916 199.453 65.3251 -13 -2 1 0 1 0.0115384 -0.00670868 3.27186 0 0 0 
14.4756 10.9637 17399.6 7.78086 -11.3676 199.525 65.7023 -13 -2 1 0 1 0.058797 0.0301329 2.92738 0 0 0 
16.9836 5.25186 17499.4 2.58434 -10.7984 199.692 66.0796 -13 -2 1 0 1 0.105697 0.0243247 1.99544 0 0 0 
17.5627 0.614491 17599.3 0.275384 -7.52816 199.858 66.4568 -13 -2 1 0 1 0.126569 -0.00166573 0.705494 0 0 0 
17.7054 -2.19475 17699.3 0.597567 -3.70204 199.965 66.8341 -13 -2 1 0 1 0.125542 -0.022386 -0.69899 0 0 0 
18.2897 -3.09328 17799.3 1.6947 0.094093 199.993 67.2113 -13 -2 1 0 1 0.107321 -0.0275433 -1.99682 0 0 0 
19.2078 -2.16726 17899.3 1.68326 3.44333 199.964 67.5886 -13 -2 1 0 1 0.0655453 -0.0195499 -2.93681 0 0 0 
19.6879 0.036532 17999.2 0.0491351 4.92249 199.94 67.9658 -13 -2 1 0 1 0.000634274 -0.0133566 -3.28899 0 0 0 
19.2534 2.26073 18099.2 -1.60511 3.52012 199.963 68.3431 -13 -2 1 0 1 -0.0646114 -0.0197766 -2.94882 0 0 0 
18.3666 3.2362 18199.2 -1.64378 0.208008 199.993 68.7203 -13 -2 1 0 1 -0.107081 -0.0283054 -2.01821 0 0 0 
17.8091 2.39674 18299.2 -0.531753 -3.58341 199.968 69.0976 -13 -2 1 0 1 -0.125893 -0.0237792 -0.729032 0 0 0 
17.7157 -0.357091 18399.1 -0.135084 -7.43134 199.862 69.4748 -13 -2 1 0 1 -0.127537 -0.00346766 0.673459 0 0 0 
17.2326 -4.96346 18499 -2.34029 -10.786 199.696 69.8521 -13 -2 1 0 1 -0.107329 0.0227318 1.96798 0 0 0 
14.8635 -10.7098 18598.8 -7.4881 -11.5311 199.527 70.2293 -13 -2 1 0 1 -0.0605467 0.0296373 2.90499 0 0 0 
9.73575 -15.7076 18698.6 -12.6306 -7.71733 199.452 70.6066 -13 -2 1 0 1 -0.0119047 -0.00610032 3.25654 0 0 0 
2.93359 -17.9899 18798.3 -13.7384 -1.38508 199.523 70.9838 -13 -2 1 0 1 -0.00110607 -0.0654429 2.91902 0 0 0 
-3.30083 -17.4485 18898.1 -10.7574 2.93607 199.689 71.3611 -13 -2 1 0 1 -0.0280282 -0.104257 1.99119 0 0 0 
-7.66783 -15.7087 18998 -6.77438 3.43936 199.856 71.7383 -13 -2 1 0 1 -0.060724 -0.110302 0.701544 0 0 0 
-10.2192 -14.4416 19098 -3.57339 1.35796 199.964 72.1156 -13 -2 1 0 1 -0.0786456 -0.0993952 -0.706321 0 0 0 
-11.3125 -14.465 19198 -0.794355 -1.41032 199.994 72.4928 -13 -2 1 0 1 -0.0749775 -0.0809006 -2.01105 0 0 0 
-10.9811 -15.6572 19297.9 2.11681 -3.02644 199.966 72.8701 -13 -2 1 0 1 -0.0486583 -0.0484672 -2.96214 0 0 0 
-9.32897 -17.0949 19397.9 4.19495 -2.34421 199.943 73.2473 -13 -2 1 0 1 -0.0125357 0.00471118 -3.32834 0 0 0 
-7.21172 -17.7584 19497.9 3.79284 -0.246993 199.964 73.6246 -13 -2 1 0 1 0.0131363 0.0642208 -3.00432 0 0 0 
-5.95113 -17.4334 19597.9 0.955038 1.3701 199.993 74.0018 -13 -2 1 0 1 0.0261734 0.105036 -2.08898 0 0 0 
-6.41473 -16.5313 19697.9 -2.85045 2.19216 199.968 74.3791 -13 -2 1 0 1 0.0391096 0.119057 -0.813739 0 0 0 
-8.75436 -15.1422 19797.8 -6.37259 3.60789 199.866 74.7563 -13 -2 1 0 1 0.0573842 0.110848 0.575315 0 0 0 
-12.5273 -12.5842 19897.7 -8.30089 6.98987 199.706 75.1336 -13 -2 1 0 1 0.0703011 0.0813206 1.85581 0 0 0 
-16.4648 -7.90979 19997.5 -6.73449 11.7147 199.543 75.5108 -13 -2 1 0 1 0.0538834 0.0381135 2.77761 0 0 0 
-18.6002 -1.20112 20097.3 -1.35934 14.472 199.471 75.8881 -13 -2 1 0 1 -0.00127559 0.013082 3.10968 0 0 0 
-17.7692 5.78767 20197 4.33013 12.7677 199.545 76.2653 -13 -2 1 0 1 -0.0613674 0.032288 2.74496 0 0 0 
-14.8898 11.1266 20296.9 6.45551 8.47047 199.717 76.6426 -13 -2 1 0 1 -0.0881138 0.0764301 1.77551 0 0 0 
-11.9641 14.3849 20396.8 4.74456 4.82569 199.886 77.0198 -13 -2 1 0 1 -0.0845477 0.112009 0.424436 0 0 0 
-10.4848 16.1906 20496.7 0.980722 2.53219 199.982 77.3971 -13 -2 1 0 1 -0.073432 0.126686 -1.07067 0 0 0 
-11.0343 16.892 20596.7 -3.06908 0.0947395 199.977 77.7743 -13 -2 1 0 1 -0.0646399 0.116445 -2.49752 0 0 0 
-13.2362 16.0389 20696.7 -5.19938 -3.71641 199.898 78.1516 -13 -2 1 0 1 -0.0486611 0.0777593 -3.61919 0 0 0 
-15.545 13.1814 20796.6 -3.31949 -7.40973 199.836 78.5288 -13 -2 1 0 1 -0.0119202 0.0263114 -4.22143 0 0 0 
-16.0399 9.21285 20896.5 1.5397 -7.71863 199.845 78.9061 -13 -2 1 0 1 0.0319786 -0.0066713 -4.22385 0 0 0 
-14.1467 6.13587 20996.5 5.63543 -4.11852 199.879 79.2833 -13 -2 1 0 1 0.0523271 -0.0151366 -3.75104 0 0 0 
-10.8751 5.29475 21096.4 7.01462 0.716748 199.876 79.6606 -13 -2 1 0 1 0.044709 -0.01683 -3.0513 0 0 0 
-7.45076 6.67704 21196.3 6.49061 4.5674 199.843 80.0378 -13 -2 1 0 1 0.0272987 -0.0207457 -2.34747 0 0 0 
-5.75789 8.26426 21252.2 5.89579 6.06309 199.822 80.2487 -13 -2 1 0 1 0.0187216 -0.02343 -1.996 0 0 0 

# Event -1 Track 1
-11.2945 14.0917 0 0.731734 -1.1308 199.995 0 -13 -1 1 0 1 0.0742344 -0.0777157 -1.99141 0 0 0 
-11.2894 14.0922 0.4995 0.745055 -1.11858 199.995 0.0018845 -13 -1 1 0 1 0.0742935 -0.0778527 -1.98561 0 0 0 
-11.2894 14.0922 0.5005 0.745082 -1.11855 199.995 0.00188827 -13 -1 1 0 1 0.0742937 -0.077853 -1.9856 0 0 0 
-10.2586 14.2039 100.494 3.38832 1.60845 199.965 0.379139 -13 -1 1 0 1 0.0786482 -0.097203 -0.689511 0 0 0 
-7.81436 15.5945 200.453 6.54587 3.69449 199.859 0.75639 -13 -1 1 0 1 0.0616752 -0.109254 0.713966 0 0 0 
-3.55252 17.4766 300.342 10.5833 3.25635 199.693 1.13364 -13 -1 1 0 1 0.0295113 -0.104513 2.00367 0 0 0 
2.63091 18.1934 400.145 13.7233 -1.0164 199.526 1.51089 -13 -1 1 0 1 0.0020274 -0.0666295 2.93616 0 0 0 
9.47289 16.0833 499.884 12.7951 -7.42155 199.452 1.88814 -13 -1 1 0 1 0.0115231 -0.00671241 3.28161 0 0 0 
14.7031 11.1932 599.623 7.70345 -11.3997 199.526 2.26539 -13 -1 1 0 1 0.0595329 0.0309059 2.93744 0 0 0 
17.1592 5.47896 699.426 2.45519 -10.7725 199.695 2.64264 -13 -1 1 0 1 0.106673 0.0256487 2.00581 0 0 0 
17.6615 0.869285 799.317 0.0953681 -7.44763 199.861 3.0199 -13 -1 1 0 1 0.127202 0.000123423 0.71629 0 0 0 
17.6986 -1.89491 899.277 0.351722 -3.61353 199.967 3.39715 -13 -1 1 0 1 0.125451 -0.0202765 -0.691055 0 0 0 
18.1404 -2.76419 999.271 1.37298 0.10618 199.995 3.7744 -13 -1 1 0 1 0.106411 -0.0256081 -1.98514 0 0 0 
18.8891 -1.87044 1099.26 1.34492 3.29188 199.968 4.15165 -13 -1 1 0 1 0.0644056 -0.0185162 -2.92447 0 0 0 
19.2218 0.214062 1199.24 -0.181816 4.60851 199.947 4.5289 -13 -1 1 0 1 0.000546688 -0.0133265 -3.27585 0 0 0 
18.7157 2.2644 1299.22 -1.65982 3.1636 199.968 4.90615 -13 -1 1 0 1 -0.0628989 -0.0197708 -2.93488 0 0 0 
17.8348 3.07815 1399.21 -1.58437 -0.0689717 199.994 5.2834 -13 -1 1 0 1 -0.104099 -0.0273801 -2.00348 0 0 0 
17.3114 2.12872 1499.2 -0.471807 -3.74699 199.964 5.66065 -13 -1 1 0 1 -0.122541 -0.0219056 -0.713433 0 0 0 
17.2305 -0.681199 1599.16 -0.152975 -7.49369 199.86 6.0379 -13 -1 1 0 1 -0.124298 -0.00119047 0.693525 0 0 0 
16.7151 -5.29254 1699.05 -2.44853 -10.7392 199.696 6.41515 -13 -1 1 0 1 -0.104487 0.024708 1.98631 0 0 0 
14.2793 -10.9822 1798.86 -7.63188 -11.3482 199.532 6.7924 -13 -1 1 0 1 -0.0587199 0.0306946 2.92514 0 0 0 
9.0923 -15.8568 1898.6 -12.7064 -7.41812 199.458 7.16965 -13 -1 1 0 1 -0.0119954 -0.00588391 3.27883 0 0 0 
2.28427 -17.9799 1998.34 -13.6841 -1.0672 199.529 7.54691 -13 -1 1 0 1 -0.00330812 -0.0651364 2.94378 0 0 0 
-3.89686 -17.2963 2098.14 -10.6115 3.17672 199.693 7.92416 -13 -1 1 0 1 -0.0314193 -0.103069 2.01883 0 0 0 
-8.18578 -15.4615 2198.03 -6.62118 3.58079 199.858 8.30141 -13 -1 1 0 1 -0.0641861 -0.108254 0.732583 0 0 0 
-10.6725 -14.1439 2297.99 -3.47526 1.42349 199.965 8.67866 -13 -1 1 0 1 -0.0816033 -0.0969726 -0.674675 0 0 0 
-11.7362 -14.1489 2397.98 -0.774767 -1.40108 199.994 9.05591 -13 -1 1 0 1 -0.0771835 -0.0786376 -1.97472 0 0 0 
-11.4125 -15.3515 2497.97 2.07198 -3.07945 199.966 9.43316 -13 -1 1 0 1 -0.0498315 -0.0468769 -2.92016 0 0 0 
-9.78867 -16.8324 2597.95 4.13738 -2.46107 199.942 9.81041 -13 -1 1 0 1 -0.0122646 0.00543369 -3.27958 0 0 0 
-7.69161 -17.5622 2697.93 3.77525 -0.384363 199.964 10.1877 -13 -1 1 0 1 0.0149921 0.0644447 -2.94739 0 0 0 
-6.4277 -17.2956 2797.92 0.982449 1.28621 199.994 10.5649 -13 -1 1 0 1 0.0291766 0.105275 -2.0222 0 0 0 
-6.87203 -16.4084 2897.91 -2.80435 2.22591 199.968 10.9422 -13 -1 1 0 1 0.0426347 0.119401 -0.73494 0 0 0 
-9.18306 -14.9616 2997.87 -6.2949 3.81262 199.865 11.3194 -13 -1 1 0 1 0.0610101 0.110967 0.672377 0 0 0 
-12.887 -12.2519 3097.76 -8.07153 7.38981 199.7 11.6967 -13 -1 1 0 1 0.0736071 0.0808236 1.97146 0 0 0 
-16.6261 -7.34685 3197.57 -6.13206 12.2005 199.533 12.0739 -13 -1 1 0 1 0.0565041 0.0373673 2.91659 0 0 0 
-18.3335 -0.43746 3297.31 -0.249033 14.7251 199.457 12.4512 -13 -1 1 0 1 0.00173598 0.0133733 3.27837 0 0 0 
-16.8455 6.55091 3397.05 5.80469 12.4852 199.526 12.8284 -13 -1 1 0 1 -0.0545462 0.033681 2.95218 0 0 0 
-13.1884 11.6165 3496.85 8.06981 7.703 199.689 13.2057 -13 -1 1 0 1 -0.074169 0.0761799 2.03366 0 0 0 
-9.41972 14.4511 3596.74 6.53441 3.9907 199.853 13.5829 -13 -1 1 0 1 -0.0624521 0.107073 0.750542 0 0 0 
-6.95199 15.9593 3696.7 3.17774 2.31395 199.961 13.9602 -13 -1 1 0 1 -0.0435258 0.116795 -0.656693 0 0 0 
-6.30438 16.8987 3796.69 -0.55993 1.43296 199.994 14.3374 -13 -1 1 0 1 -0.0292186 0.104556 -1.95956 0 0 0 
-7.37388 17.2778 3896.68 -3.45069 -0.0769032 199.97 14.7147 -13 -1 1 0 1 -0.015263 0.0662999 -2.91122 0 0 0 
-9.36844 16.7287 3996.66 -4.0683 -2.07566 199.948 15.0919 -13 -1 1 0 1 0.0104268 0.00866341 -3.27883 0 0 0 
-11.0235 15.4191 4096.64 -2.24658 -2.80725 199.968 15.4692 -13 -1 1 0 1 0.0467835 -0.0445083 -2.95567 0 0 0 
-11.4647 14.3063 4196.63 0.503469 -1.30909 199.995 15.8464 -13 -1 1 0 1 0.0746246 -0.0780786 -2.03702 0 0 0 
-11.4289 14.3068 4200.5 0.609367 -1.21562 199.995 15.861 -13 -1 1 0 1 0.0751231 -0.0791419 -1.99229 0 0 0 
-11.4289 14.3068 4200.5 0.609395 -1.21559 199.995 15.861 -13 -1 1 0 1 0.0751232 -0.0791422 -1.99228 0 0 0 
-10.4504 14.3711 4300.49 3.31015 1.52436 199.967 16.2383 -13 -1 1 0 1 0.0799964 -0.0984063 -0.695691 0 0 0 
-8.03662 15.7308 4400.45 6.49898 3.65829 199.861 16.6155 -13 -1 1 0 1 0.0632165 -0.110227 0.711523 0 0 0 
-3.79237 17.6085 4500.34 10.5605 3.27475 199.694 16.9928 -13 -1 1 0 1 0.0308923 -0.105302 2.00147 0 0 0 
2.38795 18.3456 4600.15 13.7361 -0.958478 199.526 17.37 -13 -1 1 0 1 0.00283325 -0.0671643 2.93413 0 0 0 
9.24665 16.2663 4699.89 12.8474 -7.36358 199.451 17.7473 -13 -1 1 0 1 0.0115112 -0.00673288 3.27968 0 0 0 
14.5079 11.397 4799.62 7.76866 -11.3792 199.525 18.1245 -13 -1 1 0 1 0.0588639 0.031572 2.93559 0 0 0 
16.9916 5.68138 4899.43 2.49487 -10.7972 199.693 18.5018 -13 -1 1 0 1 0.105688 0.0268046 2.00408 0 0 0 
17.503 1.05004 4999.32 0.09204 -7.50825 199.859 18.879 -13 -1 1 0 1 0.126087 0.00136727 0.714705 0 0 0 
17.5294 -1.753 5099.28 0.316102 -3.70941 199.965 19.2563 -13 -1 1 0 1 0.124261 -0.0192983 -0.692478 0 0 0 
17.9524 -2.68072 5199.27 1.3406 -0.0322493 199.996 19.6335 -13 -1 1 0 1 0.105292 -0.0251236 -1.98954 0 0 0 
18.6957 -1.86507 5299.26 1.36339 3.12304 199.971 20.0108 -13 -1 1 0 1 0.0637238 -0.0184981 -2.92859 0 0 0 
19.0568 0.136845 5399.24 -0.0863987 4.45677 199.95 20.388 -13 -1 1 0 1 0.000517113 -0.0133311 -3.27976 0 0 0 
18.613 2.12617 5499.22 -1.5146 3.07582 199.971 20.7653 -13 -1 1 0 1 -0.0625787 -0.0193144 -2.93862 0 0 0 
17.8062 2.91287 5599.21 -1.44047 -0.0938029 199.995 21.1425 -13 -1 1 0 1 -0.103955 -0.0264325 -2.00706 0 0 0 
17.348 1.95911 5699.2 -0.357157 -3.74673 199.965 21.5198 -13 -1 1 0 1 -0.122814 -0.020735 -0.716851 0 0 0 
17.3161 -0.852652 5799.16 -0.0714344 -7.50647 199.859 21.897 -13 -1 1 0 1 -0.12491 -2.80613e-06 0.69029 0 0 0 
16.8318 -5.4781 5899.05 -2.40736 -10.7839 199.695 22.2743 -13 -1 1 0 1 -0.105165 0.025784 1.98641 0 0 0 
14.4044 -11.1969 5998.86 -7.64077 -11.4157 199.528 22.6515 -13 -1 1 0 1 -0.0591464 0.0314242 2.9253 0 0 0 
9.20113 -16.1043 6098.6 -12.7587 -7.47623 199.453 23.0288 -13 -1 1 0 1 -0.0120016 -0.00587096 3.27904 0 0 0 
2.3633 -18.2485 6198.34 -13.7435 -1.09215 199.524 23.406 -13 -1 1 0 1 -0.00304678 -0.0660267 2.94399 0 0 0 
-3.84046 -17.57 6298.14 -10.6373 3.17867 199.692 23.7833 -13 -1 1 0 1 -0.031096 -0.104644 2.01899 0 0 0 
-8.12909 -15.731 6398.03 -6.59275 3.59409 199.859 24.1605 -13 -1 1 0 1 -0.0637952 -0.110121 0.732678 0 0 0 
-10.5874 -14.4037 6497.99 -3.39108 1.45196 199.966 24.5378 -13 -1 1 0 1 -0.0810144 -0.098778 -0.674634 0 0 0 
-11.5981 -14.3851 6597.98 -0.652117 -1.32946 199.995 24.915 -13 -1 1 0 1 -0.0763826 -0.080013 -1.97472 0 0 0 
-11.2129 -15.535 6697.97 2.18498 -2.9385 199.967 25.2923 -13 -1 1 0 1 -0.0491502 -0.0475063 -2.92016 0 0 0 
-9.54839 -16.9308 6797.95 4.1782 -2.27042 199.944 25.6696 -13 -1 1 0 1 -0.0122481 0.00542476 -3.27955 0 0 0 
-7.45446 -17.5662 6897.92 3.72455 -0.208374 199.965 26.0468 -13 -1 1 0 1 0.0142097 0.0644555 -2.94734 0 0 0 
-6.23102 -17.2258 6997.91 0.880655 1.402 199.993 26.4241 -13 -1 1 0 1 0.0280462 0.104872 -2.02217 0 0 0 
-6.72808 -16.2955 7097.91 -2.90685 2.28688 199.966 26.8013 -13 -1 1 0 1 0.0416377 0.118617 -0.734955 0 0 0 
-9.08452 -14.826 7197.87 -6.37159 3.84734 199.862 27.1786 -13 -1 1 0 1 0.0603247 0.110023 0.672303 0 0 0 
-12.8184 -12.1006 7297.76 -8.11416 7.41982 199.698 27.5558 -13 -1 1 0 1 0.0732073 0.0799429 1.97134 0 0 0 
-16.5703 -7.18041 7397.56 -6.14118 12.2307 199.531 27.9331 -13 -1 1 0 1 0.0563144 0.0367969 2.91646 0 0 0 
-18.2758 -0.256872 7497.3 -0.235709 14.7507 199.455 28.3103 -13 -1 1 0 1 0.00173549 0.013356 3.27832 0 0 0 
-16.7798 6.74288 7597.04 5.81971 12.5063 199.524 28.6876 -13 -1 1 0 1 -0.0543274 0.0343069 2.95224 0 0 0 
-13.1191 11.8201 7696.84 8.06654 7.73051 199.688 29.0648 -13 -1 1 0 1 -0.0737715 0.077344 2.0338 0 0 0 
-9.35983 14.6723 7796.73 6.49771 4.03413 199.854 29.4421 -13 -1 1 0 1 -0.0620392 0.108602 0.750698 0 0 0 
-6.922 16.2053 7896.69 3.09215 2.36666 199.962 29.8193 -13 -1 1 0 1 -0.0433195 0.118507 -0.656589 0 0 0 
-6.33192 17.1671 7996.68 -0.704437 1.46259 199.994 30.1966 -13 -1 1 0 1 -0.0293822 0.10613 -1.95956 0 0 0 
-7.48487 17.545 8096.67 -3.63223 -0.118915 199.967 30.5738 -13 -1 1 0 1 -0.0156508 0.0672332 -2.91135 0 0 0 
-9.56637 16.9518 8196.65 -4.22201 -2.20775 199.943 30.9511 -13 -1 1 0 1 0.0103994 0.00869769 -3.27906 0 0 0 
-11.2785 15.5623 8296.62 -2.31632 -2.98261 199.965 31.3283 -13 -1 1 0 1 0.0476112 -0.0449703 -2.95595 0 0 0 
-11.7336 14.3658 8396.61 0.511022 -1.45954 199.994 31.7056 -13 -1 1 0 1 0.0761622 -0.0784174 -2.03729 0 0 0 
-11.6972 14.3639 8400.5 0.619493 -1.36378 199.995 31.7202 -13 -1 1 0 1 0.076678 -0.0794752 -1.99237 0 0 0 
-11.6972 14.3639 8400.5 0.619521 -1.36375 199.995 31.7202 -13 -1 1 0 1 0.0766781 -0.0794754 -1.99236 0 0 0 
-10.7042 14.3679 8500.49 3.35052 1.43249 199.967 32.0975 -13 -1 1 0 1 0.081757 -0.0983859 -0.695712 0 0 0 
-8.27027 15.695 8600.45 6.53567 3.61771 199.861 32.4747 -13 -1 1 0 1 0.0648354 -0.10998 0.711526 0 0 0 
-4.01076 17.5624 8700.34 10.5854 3.2717 199.693 32.852 -13 -1 1 0 1 0.0321528 -0.105036 2.00146 0 0 0 
2.1808 18.3041 8800.15 13.7584 -0.940135 199.524 33.2292 -13 -1 1 0 1 0.00352779 -0.0670251 2.93407 0 0 0 
9.05231 16.2347 8899.88 12.8771 -7.34679 199.45 33.6065 -13 -1 1 0 1 0.0115111 -0.006734 3.27958 0 0 0 
14.33 11.3683 8999.62 7.80297 -11.3873 199.523 33.9837 -13 -1 1 0 1 0.0582654 0.0314737 2.93551 0 0 0 
16.83 5.63984 9099.42 2.52484 -10.8413 199.69 34.361 -13 -1 1 0 1 0.104752 0.0265635 2.00406 0 0 0 
17.3555 0.977388 9199.31 0.120564 -7.58813 199.856 34.7382 -13 -1 1 0 1 0.125062 0.000863782 0.714767 0 0 0 
17.4 -1.87335 9299.27 0.364969 -3.81841 199.963 35.1155 -13 -1 1 0 1 0.123362 -0.0201327 -0.692364 0 0 0 
17.8592 -2.85869 9399.26 1.44174 -0.147745 199.995 35.4927 -13 -1 1 0 1 0.104754 -0.0261541 -1.98942 0 0 0 
18.6698 -2.09267 9499.25 1.52969 3.04962 199.971 35.87 -13 -1 1 0 1 0.0636407 -0.0192677 -2.92853 0 0 0 
19.1234 -0.106481 9599.23 0.106842 4.47153 199.95 36.2472 -13 -1 1 0 1 0.000524513 -0.0133377 -3.27981 0 0 0 
18.7689 1.91168 9699.21 -1.36003 3.16912 199.97 36.6245 -13 -1 1 0 1 -0.0630956 -0.0185993 -2.93876 0 0 0 
18.0227 2.75264 9799.2 -1.35252 0.0191936 199.996 37.0017 -13 -1 1 0 1 -0.105204 -0.0255093 -2.00724 0 0 0 
17.5954 1.84892 9899.2 -0.316117 -3.66556 199.966 37.379 -13 -1 1 0 1 -0.12453 -0.0199722 -0.716992 0 0 0 
17.5782 -0.935242 9999.16 -0.0511593 -7.47881 199.86 37.7562 -13 -1 1 0 1 -0.126732 0.000570412 0.690222 0 0 0 
17.1002 -5.56072 10099 -2.40354 -10.8103 199.693 38.1335 -13 -1 1 0 1 -0.106727 0.0262652 1.98643 0 0 0 
14.6677 -11.3024 10198.8 -7.66762 -11.4755 199.523 38.5107 -13 -1 1 0 1 -0.0600464 0.0317874 2.92543 0 0 0 
9.44188 -16.2397 10298.6 -12.8202 -7.52802 199.447 38.888 -13 -1 1 0 1 -0.0120176 -0.00585803 3.27922 0 0 0 
2.56965 -18.3997 10398.3 -13.8133 -1.10005 199.52 39.2652 -13 -1 1 0 1 -0.00236534 -0.0665218 2.94419 0 0 0 
-3.66343 -17.7125 10498.1 -10.6805 3.21987 199.689 39.6425 -13 -1 1 0 1 -0.0300787 -0.105461 2.01921 0 0 0 
-7.96425 -15.8428 10598 -6.59906 3.67391 199.858 40.0197 -13 -1 1 0 1 -0.0626544 -0.110895 0.732912 0 0 0 
-10.4198 -14.4669 10698 -3.37879 1.56708 199.966 40.397 -13 -1 1 0 1 -0.0798515 -0.0992178 -0.674392 0 0 0 
-11.4277 -14.3819 10798 -0.660788 -1.18049 199.996 40.7742 -13 -1 1 0 1 -0.0753937 -0.0799977 -1.97448 0 0 0 
-11.0614 -15.4534 10898 2.11237 -2.78128 199.97 41.1515 -13 -1 1 0 1 -0.048636 -0.0472336 -2.91995 0 0 0 
-9.45192 -16.7797 10997.9 4.03434 -2.15855 199.948 41.5288 -13 -1 1 0 1 -0.0122456 0.0054271 -3.2794 0 0 0 
-7.43891 -17.3786 11097.9 3.55486 -0.17563 199.969 41.906 -13 -1 1 0 1 0.0141546 0.0638288 -2.9473 0 0 0 
-6.29538 -17.038 11197.9 0.736625 1.37786 199.994 42.2833 -13 -1 1 0 1 0.0284132 0.103787 -2.02224 0 0 0 
-6.85406 -16.1236 11297.9 -3.0095 2.25502 199.965 42.6605 -13 -1 1 0 1 0.0425076 0.117426 -0.735102 0 0 0 
-9.2527 -14.6637 11397.9 -6.43875 3.84557 199.86 43.0378 -13 -1 1 0 1 0.061492 0.108897 0.672125 0 0 0 
-13.0113 -11.9281 11497.7 -8.14454 7.46252 199.695 43.415 -13 -1 1 0 1 0.074333 0.0789423 1.97119 0 0 0 
-16.7667 -6.97783 11597.5 -6.12286 12.3032 199.528 43.7923 -13 -1 1 0 1 0.0569973 0.0361053 2.91643 0 0 0 
-18.4509 -0.0186536 11697.3 -0.172018 14.8134 199.451 44.1695 -13 -1 1 0 1 0.00176341 0.0133335 3.27845 0 0 0 
-16.9188 7.00276 11797 5.89226 12.5277 199.521 44.5468 -13 -1 1 0 1 -0.0547748 0.0351539 2.95251 0 0 0 
-13.2291 12.0801 11896.8 8.10424 7.71247 199.687 44.924 -13 -1 1 0 1 -0.0743999 0.0788314 2.03414 0 0 0 
-9.46437 14.9169 11996.7 6.48086 3.99236 199.855 45.3013 -13 -1 1 0 1 -0.0627633 0.110294 0.751009 0 0 0 
-7.04786 16.4234 12096.7 3.02646 2.30022 199.964 45.6785 -13 -1 1 0 1 -0.0441967 0.120028 -0.656353 0 0 0 
-6.49754 17.3418 12196.7 -0.791037 1.35174 199.994 46.0558 -13 -1 1 0 1 -0.0303529 0.107159 -1.95943 0 0 0 
-7.68851 17.6504 12296.7 -3.68773 -0.283992 199.966 46.433 -13 -1 1 0 1 -0.0163608 0.0676101 -2.91134 0 0 0 
-9.7789 16.9673 12396.6 -4.19696 -2.39263 199.942 46.8103 -13 -1 1 0 1 0.0103673 0.00871158 -3.27915 0 0 0 
-11.4575 15.4933 12496.6 -2.21307 -3.12686 199.964 47.1875 -13 -1 1 0 1 0.0481877 -0.0447363 -2.95612 0 0 0 
-11.8515 14.2414 12596.6 0.643031 -1.53759 199.993 47.5648 -13 -1 1 0 1 0.0768321 -0.0776998 -2.03752 0 0 0 
-11.8124 14.2384 12600.5 0.752148 -1.43897 199.994 47.5795 -13 -1 1 0 1 0.0773445 -0.0787488 -1.99236 0 0 0 
-11.8124 14.2384 12600.5 0.752176 -1.43894 199.994 47.5795 -13 -1 1 0 1 0.0773446 -0.078749 -1.99235 0 0 0 
-10.7559 14.2169 12700.5 3.46706 1.39936 199.965 47.9568 -13 -1 1 0 1 0.0821148 -0.0973377 -0.695705 0 0 0 
-8.27168 15.5302 12800.5 6.61892 3.59033 199.858 48.334 -13 -1 1 0 1 0.0648443 -0.108836 0.71149 0 0 0 
-3.98045 17.3804 12900.3 10.6278 3.2289 199.692 48.7113 -13 -1 1 0 1 0.0319773 -0.103983 2.00136 0 0 0 
2.22088 18.0971 13000.1 13.7549 -0.994622 199.524 49.0885 -13 -1 1 0 1 0.00339339 -0.0663298 2.93392 0 0 0 
9.08081 16.002 13099.9 12.8382 -7.39178 199.451 49.4658 -13 -1 1 0 1 0.01151 -0.00673438 3.27944 0 0 0 
14.3366 11.1185 13199.6 7.76052 -11.4106 199.524 49.843 -13 -1 1 0 1 0.0582847 0.0306358 2.93542 0 0 0 
16.8216 5.38187 13299.4 2.51176 -10.8535 199.69 50.2203 -13 -1 1 0 1 0.104701 0.0250748 2.00405 0 0 0 
17.352 0.712915 13399.3 0.155277 -7.60314 199.856 50.5975 -13 -1 1 0 1 0.125038 -0.000967883 0.714806 0 0 0 
17.4278 -2.14542 13499.3 0.456038 -3.83047 199.963 50.9748 -13 -1 1 0 1 0.123556 -0.0220193 -0.692323 0 0 0 
17.9462 -3.12968 13599.3 1.58471 -0.124202 199.994 51.352 -13 -1 1 0 1 0.105261 -0.0277238 -1.98942 0 0 0 
18.8341 -2.33424 13699.2 1.68637 3.14856 199.968 51.7293 -13 -1 1 0 1 0.0642016 -0.020085 -2.92863 0 0 0 
19.3553 -0.278646 13799.2 0.208943 4.64429 199.946 52.1065 -13 -1 1 0 1 0.000535325 -0.0133428 -3.28 0 0 0 
19.0286 1.83247 13899.2 -1.35187 3.35579 199.968 52.4838 -13 -1 1 0 1 -0.0639598 -0.0183355 -2.93899 0 0 0 
18.2674 2.75686 13999.2 -1.41228 0.159866 199.995 52.861 -13 -1 1 0 1 -0.106615 -0.025534 -2.00745 0 0 0 
17.8041 1.90843 14099.2 -0.392885 -3.58348 199.968 53.2383 -13 -1 1 0 1 -0.125977 -0.0203846 -0.717144 0 0 0 
17.7515 -0.845756 14199.1 -0.112618 -7.43728 199.862 53.6155 -13 -1 1 0 1 -0.127937 -4.98917e-05 0.690128 0 0 0 
17.2489 -5.45648 14299 -2.44038 -10.7903 199.694 53.9928 -13 -1 1 0 1 -0.107593 0.0256625 1.98639 0 0 0 
14.8034 -11.1912 14398.8 -7.68419 -11.4662 199.523 54.37 -13 -1 1 0 1 -0.0605105 0.0314129 2.9254 0 0 0 
9.57215 -16.1247 14498.6 -12.8274 -7.52075 199.447 54.7473 -13 -1 1 0 1 -0.0120266 -0.00585951 3.27919 0 0 0 
2.69648 -18.2792 14598.3 -13.8213 -1.08321 199.519 55.1245 -13 -1 1 0 1 -0.00194679 -0.0661179 2.94418 0 0 0 
-3.54231 -17.5786 14698.1 -10.6964 3.25812 199.687 55.5018 -13 -1 1 0 1 -0.0293819 -0.104687 2.01924 0 0 0 
-7.85495 -15.6831 14798 -6.63285 3.73927 199.855 55.879 -13 -1 1 0 1 -0.0618967 -0.109786 0.733017 0 0 0 
-10.3358 -14.2687 14898 -3.45014 1.65283 199.964 56.2563 -13 -1 1 0 1 -0.0792669 -0.0978407 -0.674222 0 0 0 
-11.3936 -14.1413 14998 -0.791712 -1.10364 199.996 56.6335 -13 -1 1 0 1 -0.075195 -0.0785989 -1.97426 0 0 0 
-11.1076 -15.1873 15097.9 1.92705 -2.76507 199.972 57.0108 -13 -1 1 0 1 -0.0487957 -0.0463265 -2.91974 0 0 0 
-9.59368 -16.5289 15197.9 3.84981 -2.23714 199.951 57.388 -13 -1 1 0 1 -0.0122589 0.00544006 -3.27928 0 0 0 
-7.6584 -17.1859 15297.9 3.43596 -0.318735 199.971 57.7653 -13 -1 1 0 1 0.0148754 0.0631886 -2.94729 0 0 0 
-6.55425 -16.9187 15397.9 0.694607 1.23782 199.995 58.1425 -13 -1 1 0 1 0.0298983 0.1031 -2.02231 0 0 0 
-7.12164 -16.0636 15497.9 -3.00917 2.16173 199.966 58.5198 -13 -1 1 0 1 0.0443585 0.117011 -0.735203 0 0 0 
-9.51697 -14.6367 15597.8 -6.42954 3.80575 199.861 58.897 -13 -1 1 0 1 0.0633231 0.108697 0.668605 0 0 0 
-13.2713 -11.9093 15697.7 -8.13637 7.46774 199.695 59.2743 -13 -1 1 0 1 0.0758406 0.0788229 1.96757 0 0 0 
-17.0215 -6.94845 15797.5 -6.10849 12.3367 199.526 59.6515 -13 -1 1 0 1 0.0578646 0.0359977 2.91272 0 0 0 
-18.6955 0.0291064 15897.3 -0.14609 14.8487 199.448 60.0288 -13 -1 1 0 1 0.00177575 0.0133267 3.2746 0 0 0 
-17.1495 7.06312 15997 5.91914 12.5397 199.519 60.406 -13 -1 1 0 1 -0.0555428 0.0353566 2.94847 0 0 0 
-13.4499 12.1381 16096.8 8.11476 7.69008 199.688 60.7833 -13 -1 1 0 1 -0.0756761 0.0791764 2.02982 0 0 0 
-9.68547 14.9544 16196.7 6.46964 3.93217 199.857 61.1605 -13 -1 1 0 1 -0.0643002 0.110572 0.746383 0 0 0 
-7.27686 16.4196 16296.7 3.01061 2.19397 199.966 61.5378 -13 -1 1 0 1 -0.0457876 0.120005 -0.657848 0 0 0 
-6.72825 17.2731 16396.7 -0.774377 1.20059 199.995 61.915 -13 -1 1 0 1 -0.031699 0.106763 -1.96107 0 0 0 
-7.8935 17.5008 16496.6 -3.59621 -0.447392 199.967 62.2923 -13 -1 1 0 1 -0.0170706 0.0670985 -2.91309 0 0 0 
-9.91752 16.7463 16596.6 -4.0282 -2.50432 199.944 62.6695 -13 -1 1 0 1 0.0103479 0.00869152 -3.28101 0 0 0 
-11.5035 15.2388 16696.6 -2.0234 -3.14779 199.965 63.0468 -13 -1 1 0 1 0.048332 -0.0439011 -2.95813 0 0 0 
-11.8109 13.9949 16796.6 0.793159 -1.49289 199.993 63.424 -13 -1 1 0 1 0.076593 -0.0762835 -2.03975 0 0 0 
-11.7693 13.993 16800.5 0.900186 -1.3927 199.993 63.4388 -13 -1 1 0 1 0.0770892 -0.0773227 -1.99456 0 0 0 
-11.7693 13.993 16800.5 0.900214 -1.39267 199.993 63.4388 -13 -1 1 0 1 0.0770894 -0.077323 -1.99455 0 0 0 
-10.6531 13.9995 16900.5 3.5587 1.45693 199.963 63.816 -13 -1 1 0 1 0.0813847 -0.0958135 -0.701453 0 0 0 
-8.13518 15.3371 17000.5 6.66423 3.6271 199.856 64.1933 -13 -1 1 0 1 0.0638855 -0.107477 0.705289 0 0 0 
-3.8306 17.1991 17100.3 10.6373 3.24088 199.691 64.5706 -13 -1 1 0 1 0.0311082 -0.10291 1.99468 0 0 0 
2.36854 17.9192 17200.1 13.7394 -0.988683 199.525 64.9478 -13 -1 1 0 1 0.00290902 -0.0657043 2.92679 0 0 0 
9.21956 15.8305 17299.9 12.8237 -7.36916 199.453 65.3251 -13 -1 1 0 1 0.0115384 -0.00670868 3.27186 0 0 0 
14.4756 10.9637 17399.6 7.78086 -11.3676 199.525 65.7023 -13 -1 1 0 1 0.058797 0.0301329 2.92738 0 0 0 
16.9836 5.25186 17499.4 2.58434 -10.7984 199.692 66.0796 -13 -1 1 0 1 0.105697 0.0243247 1.99544 0 0 0 
17.5627 0.614491 17599.3 0.275384 -7.52816 199.858 66.4568 -13 -1 1 0 1 0.126569 -0.00166573 0.705494 0 0 0 
17.7054 -2.19475 17699.3 0.597567 -3.70204 199.965 66.8341 -13 -1 1 0 1 0.125542 -0.022386 -0.69899 0 0 0 
18.2897 -3.09328 17799.3 1.6947 0.094093 199.993 67.2113 -13 -1 1 0 1 0.107321 -0.0275433 -1.99682 0 0 0 
19.2078 -2.16726 17899.3 1.68326 3.44333 199.964 67.5886 -13 -1 1 0 1 0.0655453 -0.0195499 -2.93681 0 0 0 
19.6879 0.036532 17999.2 0.0491351 4.92249 199.94 67.9658 -13 -1 1 0 1 0.000634274 -0.0133566 -3.28899 0 0 0 
19.2534 2.26073 18099.2 -1.60511 3.52012 199.963 68.3431 -13 -1 1 0 1 -0.0646114 -0.0197766 -2.94882 0 0 0 
18.3666 3.2362 18199.2 -1.64378 0.208008 199.993 68.7203 -13 -1 1 0 1 -0.107081 -0.0283054 -2.01821 0 0 0 
17.8091 2.39674 18299.2 -0.531753 -3.58341 199.968 69.0976 -13 -1 1 0 1 -0.125893 -0.0237792 -0.729032 0 0 0 
17.7157 -0.357091 18399.1 -0.135084 -7.43134 199.862 69.4748 -13 -1 1 0 1 -0.127537 -0.00346766 0.673459 0 0 0 
17.2326 -4.96346 18499 -2.34029 -10.786 199.696 69.8521 -13 -1 1 0 1 -0.107329 0.0227318 1.96798 0 0 0 
14.8635 -10.7098 18598.8 -7.4881 -11.5311 199.527 70.2293 -13 -1 1 0 1 -0.0605467 0.0296373 2.90499 0 0 0 
9.73575 -15.7076 18698.6 -12.6306 -7.71733 199.452 70.6066 -13 -1 1 0 1 -0.0119047 -0.00610032 3.25654 0 0 0 
2.93359 -17.9899 18798.3 -13.7384 -1.38508 199.523 70.9838 -13 -1 1 0 1 -0.00110607 -0.0654429 2.91902 0 0 0 
-3.30083 -17.4485 18898.1 -10.7574 2.93607 199.689 71.3611 -13 -1 1 0 1 -0.0280282 -0.104257 1.99119 0 0 0 
-7.66783 -15.7087 18998 -6.77438 3.43936 199.856 71.7383 -13 -1 1 0 1 -0.060724 -0.110302 0.701544 0 0 0 
-10.2192 -14.4416 19098 -3.57339 1.35796 199.964 72.1156 -13 -1 1 0 1 -0.0786456 -0.0993952 -0.706321 0 0 0 
-11.3125 -14.465 19198 -0.794355 -1.41032 199.994 72.4928 -13 -1 1 0 1 -0.0749775 -0.0809006 -2.01105 0 0 0 
-10.9811 -15.6572 19297.9 2.11681 -3.02644 199.966 72.8701 -13 -1 1 0 1 -0.0486583 -0.0484672 -2.96214 0 0 0 
-9.32897 -17.0949 19397.9 4.19495 -2.34421 199.943 73.2473 -13 -1 1 0 1 -0.0125357 0.00471118 -3.32834 0 0 0 
-7.21172 -17.7584 19497.9 3.79284 -0.246993 199.964 73.6246 -13 -1 1 0 1 0.0131363 0.0642208 -3.00432 0 0 0 
-5.95113 -17.4334 19597.9 0.955038 1.3701 199.993 74.0018 -13 -1 1 0 1 0.0261734 0.105036 -2.08898 0 0 0 
-6.41473 -16.5313 19697.9 -2.85045 2.19216 199.968 74.3791 -13 -1 1 0 1 0.0391096 0.119057 -0.813739 0 0 0 
-8.75436 -15.1422 19797.8 -6.37259 3.60789 199.866 74.7563 -13 -1 1 0 1 0.0573842 0.110848 0.575315 0 0 0 
-12.5273 -12.5842 19897.7 -8.30089 6.98987 199.706 75.1336 -13 -1 1 0 1 0.0703011 0.0813206 1.85581 0 0 0 
-16.4648 -7.90979 19997.5 -6.73449 11.7147 199.543 75.5108 -13 -1 1 0 1 0.0538834 0.0381135 2.77761 0 0 0 
-18.6002 -1.20112 20097.3 -1.35934 14.472 199.471 75.8881 -13 -1 1 0 1 -0.00127559 0.013082 3.10968 0 0 0 
-17.7692 5.78767 20197 4.33013 12.7677 199.545 76.2653 -13 -1 1 0 1 -0.0613674 0.032288 2.74496 0 0 0 
-14.8898 11.1266 20296.9 6.45551 8.47047 199.717 76.6426 -13 -1 1 0 1 -0.0881138 0.0764301 1.77551 0 0 0 
-11.9641 14.3849 20396.8 4.74456 4.82569 199.886 77.0198 -13 -1 1 0 1 -0.0845477 0.112009 0.424436 0 0 0 
-10.4848 16.1906 20496.7 0.980722 2.53219 199.982 77.3971 -13 -1 1 0 1 -0.073432 0.126686 -1.07067 0 0 0 
-11.0343 16.892 20596.7 -3.06908 0.0947395 199.977 77.7743 -13 -1 1 0 1 -0.0646399 0.116445 -2.49752 0 0 0 
-13.2362 16.0389 20696.7 -5.19938 -3.71641 199.898 78.1516 -13 -1 1 0 1 -0.0486611 0.0777593 -3.61919 0 0 0 
-15.545 13.1814 20796.6 -3.31949 -7.40973 199.836 78.5288 -13 -1 1 0 1 -0.0119202 0.0263114 -4.22143 0 0 0 
-16.0399 9.21285 20896.5 1.5397 -7.71863 199.845 78.9061 -13 -1 1 0 1 0.0319786 -0.0066713 -4.22385 0 0 0 
-14.1467 6.13587 20996.5 5.63543 -4.11852 199.879 79.2833 -13 -1 1 0 1 0.0523271 -0.0151366 -3.75104 0 0 0 
-10.8751 5.29475 21096.4 7.01462 0.716748 199.876 79.6606 -13 -1 1 0 1 0.044709 -0.01683 -3.0513 0 0 0 
-7.45076 6.67704 21196.3 6.49061 4.5674 199.843 80.0378 -13 -1 1 0 1 0.0272987 -0.0207457 -2.34747 0 0 0 
-5.75789 8.26426 21252.2 5.89579 6.06309 199.822 80.2487 -13 -1 1 0 1 0.0187216 -0.02343 -1.996 0 0 0 

# Event 1 Track 1
-21.4115 13.9846 0 -35.4223 -9.56677 196.606 0.0870076 -13 1 1 0 1 0.13278 -0.0771713 -1.99435 0 0 0 
-21.4954 13.9568 0.4995 -35.3963 -9.60048 196.609 0.0889213 -13 1 1 0 1 0.133443 -0.0771436 -1.98857 0 0 0 
-21.4956 13.9567 0.5005 -35.3962 -9.60055 196.609 0.0889251 -13 1 1 0 1 0.133444 -0.0771435 -1.98856 0 0 0 
-38.0159 8.46754 98.9712 -31.0942 -10.466 197.291 0.466176 -13 1 1 0 1 0.271306 -0.0574704 -0.717115 0 0 0 
-53.1007 5.24452 197.764 -29.5642 -0.832841 197.801 0.843427 -13 1 1 0 1 0.377843 -0.0377583 0.683218 0 0 0 
-67.3411 8.9937 296.64 -26.4506 16.8075 197.529 1.22068 -13 1 1 0 1 0.406653 -0.056711 1.99719 0 0 0 
-77.941 22.2609 395.133 -13.955 35.4144 196.344 1.59793 -13 1 1 0 1 0.29065 -0.0855457 2.99418 0 0 0 
-79.6839 42.3568 493.021 7.61781 41.9557 195.401 1.97518 -13 1 1 0 1 0.0324855 -0.0177572 3.41792 0 0 0 
-71.179 61.1137 590.832 24.1571 30.5796 196.167 2.35243 -13 1 1 0 1 -0.215526 0.187546 3.12947 0 0 0 
-58.4091 71.7102 689.407 24.0595 11.8459 198.194 2.72968 -13 1 1 0 1 -0.326037 0.404157 2.20171 0 0 0 
-49.2596 73.7395 788.927 11.2989 -2.69525 199.662 3.10693 -13 1 1 0 1 -0.338368 0.508399 0.88628 0 0 0 
-47.4995 69.7327 888.795 -3.902 -13.1138 199.531 3.48418 -13 1 1 0 1 -0.333619 0.487103 -0.559836 0 0 0 
-52.1505 60.3808 988.225 -13.0455 -24.7893 198.029 3.86143 -13 1 1 0 1 -0.315823 0.358036 -1.90531 0 0 0 
-58.3282 44.7098 1086.78 -9.09313 -37.4823 196.246 4.23868 -13 1 1 0 1 -0.221878 0.158529 -2.90808 0 0 0 
-58.9189 24.3006 1184.63 8.30047 -41.8358 195.399 4.61594 -13 1 1 0 1 -0.0324407 -3.84613e-06 -3.33308 0 0 0 
-49.7364 5.48798 1282.36 27.4398 -31.1101 195.651 4.99319 -13 1 1 0 1 0.140622 -0.0281627 -3.07244 0 0 0 
-33.2188 -5.52367 1380.33 36.682 -12.831 196.188 5.37044 -13 1 1 0 1 0.178825 0.0197522 -2.22314 0 0 0 
-14.5587 -8.21129 1478.52 37.0979 0.541162 196.529 5.74769 -13 1 1 0 1 0.0964135 0.0480927 -0.997242 0 0 0 
3.6016 -6.78776 1576.84 35.6425 3.26497 196.771 6.12494 -13 1 1 0 1 -0.0295744 0.0416023 0.381849 0 0 0 
21.1645 -6.76859 1675.28 34.4144 -4.85753 196.957 6.50219 -13 1 1 0 1 -0.137843 0.0360084 1.70277 0 0 0 
37.2902 -12.929 1773.75 28.8175 -20.4508 196.854 6.87944 -13 1 1 0 1 -0.163685 0.0469659 2.7524 0 0 0 
48.4773 -26.9371 1872.09 14.6041 -34.275 196.499 7.25669 -13 1 1 0 1 -0.0598183 0.0200905 3.29908 0 0 0 
51.4059 -45.1757 1970.33 -2.27215 -36.3893 196.649 7.63394 -13 1 1 0 1 0.115465 -0.117549 3.17716 0 0 0 
47.8374 -61.5119 2068.91 -9.70941 -27.9282 197.802 8.01119 -13 1 1 0 1 0.241795 -0.327655 2.40179 0 0 0 
44.0174 -72.8517 2168.18 -3.54346 -17.6856 199.185 8.38844 -13 1 1 0 1 0.291643 -0.497579 1.17058 0 0 0 
45.7959 -79.4285 2267.91 11.5912 -8.51649 199.482 8.76569 -13 1 1 0 1 0.320712 -0.56827 -0.262685 0 0 0 
55.8828 -80.6744 2367.35 28.2403 4.79609 197.938 9.14295 -13 1 1 0 1 0.351657 -0.516732 -1.66876 0 0 0 
72.4869 -73.18 2465.62 35.5284 26.341 195.049 9.5202 -13 1 1 0 1 0.314705 -0.323013 -2.80736 0 0 0 
88.0202 -54.3151 2562.51 23.0766 47.5826 192.882 9.89745 -13 1 1 0 1 0.108607 -0.0676836 -3.41217 0 0 0 
93.0647 -28.6054 2658.94 -3.75261 51.3662 193.255 10.2747 -13 1 1 0 1 -0.209641 0.0678002 -3.31158 0 0 0 
85.1931 -6.46808 2756.06 -25.4925 34.7466 195.302 10.6519 -13 1 1 0 1 -0.433386 0.0384335 -2.54812 0 0 0 
70.0806 5.18184 2854.16 -32.8019 12.2052 196.914 11.0292 -13 1 1 0 1 -0.470487 -0.0286037 -1.34924 0 0 0 
53.7115 6.86857 2952.77 -32.2133 -3.88545 197.351 11.4065 -13 1 1 0 1 -0.385001 -0.042437 0.0406262 0 0 0 
37.7088 3.00454 3051.4 -32.3158 -9.78698 197.129 11.7837 -13 1 1 0 1 -0.24733 -0.0112521 1.40598 0 0 0 
20.9475 -1.09562 3149.9 -34.8402 -4.8081 196.884 12.161 -13 1 1 0 1 -0.0999617 0.0161828 2.52744 0 0 0 
3.34869 -0.264516 3248.31 -34.4914 9.1534 196.791 12.5382 -13 1 1 0 1 -0.00629427 0.0134851 3.17855 0 0 0 
-12.2339 8.24389 3346.69 -26.6642 24.1897 196.733 12.9155 -13 1 1 0 1 -0.019758 0.0265413 3.19927 0 0 0 
-22.8027 22.6352 3445.06 -15.9359 31.8279 196.807 13.2927 -13 1 1 0 1 -0.104312 0.115513 2.58036 0 0 0 
-29.2512 38.7219 3543.55 -11.4772 31.5108 197.169 13.67 -13 1 1 0 1 -0.187248 0.258704 1.47508 0 0 0 
-36.0642 53.3995 3642.22 -17.5101 26.5187 197.459 14.0472 -13 1 1 0 1 -0.253122 0.386297 0.110138 0 0 0 
-48.1555 64.2913 3740.86 -31.698 15.667 196.85 14.4245 -13 1 1 0 1 -0.316742 0.436483 -1.29314 0 0 0 
-67.6649 67.2738 3838.82 -45.0476 -5.68102 194.778 14.8017 -13 1 1 0 1 -0.338242 0.351265 -2.52035 0 0 0 
-90.6152 57.2739 3935.54 -43.1575 -34.4168 192.232 15.179 -13 1 1 0 1 -0.199938 0.140302 -3.32211 0 0 0 
-107.263 34.5884 4031.41 -20.8184 -52.8674 191.76 15.5562 -13 1 1 0 1 0.13725 -0.033772 -3.46509 0 0 0 
-110.717 8.60646 4127.83 5.76302 -47.0548 194.301 15.9335 -13 1 1 0 1 0.490562 -0.032026 -2.8858 0 0 0 
-106.214 -6.09865 4200.5 16.8787 -31.1915 196.831 16.2138 -13 1 1 0 1 0.642784 0.0400925 -2.08695 0 0 0 
-106.214 -6.09875 4200.5 16.8788 -31.1912 196.831 16.2138 -13 1 1 0 1 0.642786 0.0400932 -2.08693 0 0 0 
-96.7961 -15.5808 4299.54 18.9234 -7.03324 198.979 16.5911 -13 1 1 0 1 0.690275 0.111185 -0.736077 0 0 0 
-88.1205 -13.8721 4399.11 15.966 12.9234 198.943 16.9683 -13 1 1 0 1 0.627618 0.0964116 0.709793 0 0 0 
-79.8532 -3.76092 4498.23 18.6155 26.1291 197.41 17.3456 -13 1 1 0 1 0.480749 0.018577 2.02928 0 0 0 
-67.9919 10.3515 4596.5 29.9081 27.8761 195.777 17.7228 -13 1 1 0 1 0.250404 -0.0421142 2.97439 0 0 0 
-49.863 21.4712 4694.18 41.5468 14.2157 195.12 18.1001 -13 1 1 0 1 0.0221893 -0.0112282 3.32368 0 0 0 
-28.3266 23.1378 4791.76 42.4117 -7.75964 195.298 18.4773 -13 1 1 0 1 -0.077845 0.0655499 3.00328 0 0 0 
-9.1206 14.5895 4889.49 33.6269 -24.826 195.584 18.8546 -13 1 1 0 1 -0.0429361 0.0754209 2.11773 0 0 0 
5.50873 0.0638625 4987.33 25.9268 -31.6433 195.772 19.2318 -13 1 1 0 1 0.042902 -0.00542001 0.879347 0 0 0 
18.2823 -15.627 5085.26 26.7971 -29.8015 195.944 19.6091 -13 1 1 0 1 0.130994 -0.116318 -0.497447 0 0 0 
33.6813 -28.2989 5183.23 35.6391 -19.2336 195.857 19.9863 -13 1 1 0 1 0.206361 -0.181272 -1.81129 0 0 0 
53.8353 -33.1026 5281.01 43.7977 1.59225 195.139 20.3636 -13 1 1 0 1 0.21403 -0.143052 -2.84634 0 0 0 
75.3318 -25.9762 5378.34 39.4898 26.3791 194.28 20.7408 -13 1 1 0 1 0.0592963 -0.0338665 -3.36881 0 0 0 
91.0515 -8.68689 5475.52 22.1845 39.7028 194.761 21.1181 -13 1 1 0 1 -0.244081 0.0103821 -3.21167 0 0 0 
97.7979 10.4533 5573.4 6.3793 34.0092 196.984 21.4953 -13 1 1 0 1 -0.530247 -0.0669606 -2.39288 0 0 0 
99.5599 23.3741 5672.51 2.7797 16.5837 199.292 21.8726 -13 1 1 0 1 -0.687342 -0.168456 -1.12611 0 0 0 
102.041 26.4312 5772.39 7.71874 -4.74219 199.795 22.2498 -13 1 1 0 1 -0.736785 -0.195702 0.326729 0 0 0 
106.795 18.3111 5871.89 9.75058 -27.8675 197.809 22.6271 -13 1 1 0 1 -0.691588 -0.12313 1.73646 0 0 0 
109.405 -0.895882 5969.93 -2.14044 -47.3653 194.299 23.0043 -13 1 1 0 1 -0.490376 -0.00248259 2.85973 0 0 0 
102.351 -26.1546 6066.36 -27.1251 -49.7211 191.813 23.3816 -13 1 1 0 1 -0.138774 0.0256005 3.42914 0 0 0 
83.1103 -46.6495 6162.23 -47.2626 -29.1434 192.138 23.7588 -13 1 1 0 1 0.174138 -0.1105 3.29124 0 0 0 
58.4349 -53.8981 6258.78 -48.1936 -0.20849 194.107 24.1361 -13 1 1 0 1 0.284014 -0.27563 2.5115 0 0 0 
37.1107 -48.3745 6356.26 -36.1944 20.2159 195.656 24.5133 -13 1 1 0 1 0.238085 -0.323093 1.31585 0 0 0 
22.0158 -35.6614 6454.27 -25.2621 28.9741 196.271 24.8906 -13 1 1 0 1 0.148702 -0.2526 -0.0614288 0 0 0 
10.3728 -20.7557 6552.46 -22.9188 29.452 196.488 25.2678 -13 1 1 0 1 0.05908 -0.132025 -1.41465 0 0 0 
-2.26637 -7.47024 6650.76 -28.5226 22.2975 196.696 25.6451 -13 1 1 0 1 -0.0206381 -0.0303746 -2.53088 0 0 0 
-18.2808 0.16047 6749.14 -34.86 7.11084 196.811 26.0223 -13 1 1 0 1 -0.0438939 0.00657901 -3.18692 0 0 0 
-35.8906 -0.76507 6847.54 -34.1536 -10.3214 196.792 26.3996 -13 1 1 0 1 0.0486703 0.00802651 -3.21598 0 0 0 
-51.4359 -8.84655 6945.98 -27.7433 -20.1347 197.041 26.7768 -13 1 1 0 1 0.230488 0.0475185 -2.59531 0 0 0 
-64.1161 -18.9489 7044.66 -24.0324 -18.4636 197.691 27.1541 -13 1 1 0 1 0.41112 0.129139 -1.47666 0 0 0 
-76.6482 -25.71 7143.62 -27.087 -7.10417 198.03 27.5313 -13 1 1 0 1 0.544277 0.189981 -0.0941582 0 0 0 
-91.5754 -24.5725 7242.45 -32.1314 13.1276 196.966 27.9086 -13 1 1 0 1 0.613951 0.173248 1.32458 0 0 0 
-107.193 -11.4376 7340.26 -27.6808 39.8091 194.034 28.2858 -13 1 1 0 1 0.550028 0.0695947 2.56222 0 0 0 
-116.066 14.1896 7436.41 -4.81482 59.932 190.749 28.6631 -13 1 1 0 1 0.269441 -0.0197635 3.36275 0 0 0 
-110.484 44.3557 7531.48 26.5824 56.0179 190.146 29.0403 -13 1 1 0 1 -0.129872 0.0658245 3.49042 0 0 0 
-92.0713 66.4108 7627.15 43.1478 30.0828 192.96 29.4176 -13 1 1 0 1 -0.397703 0.299093 2.89934 0 0 0 
-71.1872 74.2107 7724.55 37.3758 2.35196 196.463 29.7948 -13 1 1 0 1 -0.450189 0.479757 1.77551 0 0 0 
-56.3767 70.5084 7823.31 21.4647 -15.4532 198.244 30.1721 -13 1 1 0 1 -0.399023 0.509437 0.385807 0 0 0 
-49.1651 59.9956 7922.47 8.67193 -25.849 198.133 30.5493 -13 1 1 0 1 -0.331785 0.417194 -1.03841 0 0 0 
-45.9492 45.1774 8021.3 6.23612 -32.8637 197.183 30.9266 -13 1 1 0 1 -0.24131 0.251489 -2.27675 0 0 0 
-40.9489 28.1171 8119.7 15.36 -33.8523 196.515 31.3038 -13 1 1 0 1 -0.102637 0.0845258 -3.08841 0 0 0 
-29.836 13.2016 8217.93 28.8539 -23.9386 196.455 31.6811 -13 1 1 0 1 0.0305818 -0.00182814 -3.2799 0 0 0 
-13.1302 5.42995 8316.18 36.5142 -6.79469 196.522 32.0583 -13 1 1 0 1 0.0608277 -0.0154057 -2.81449 0 0 0 
2.80827 5.37695 8400.5 37.1598 5.6295 196.438 32.3821 -13 1 1 0 1 -0.00725079 -0.027448 -1.98991 0 0 0 
2.80846 5.37699 8400.5 37.1597 5.62961 196.438 32.3821 -13 1 1 0 1 -0.00725194 -0.0274484 -1.9899 0 0 0 
21.196 10.0267 8498.68 36.6879 11.1301 196.292 32.7594 -13 1 1 0 1 -0.139281 -0.0681794 -0.725128 0 0 0 
40.0319 14.5913 8596.78 39.1379 5.16981 196.066 33.1366 -13 1 1 0 1 -0.271497 -0.102857 0.661433 0 0 0 
60.3134 13.255 8694.66 41.2071 -12.2883 195.323 33.5139 -13 1 1 0 1 -0.348704 -0.0821398 1.96661 0 0 0 
79.5347 1.14783 8791.98 33.1996 -36.2673 193.863 33.8911 -13 1 1 0 1 -0.281475 -0.00980912 2.96725 0 0 0 
90.9721 -21.6542 8888.58 10.6655 -52.1096 192.798 34.2684 -13 1 1 0 1 -0.0257348 0.00218838 3.42517 0 0 0 
89.8865 -47.3749 8985.14 -13.5392 -47.2287 193.872 34.6456 -13 1 1 0 1 0.282151 -0.14973 3.18401 0 0 0 
80.1925 -66.4312 9082.78 -21.8802 -27.9458 196.826 35.0229 -13 1 1 0 1 0.459462 -0.379819 2.29435 0 0 0 
70.9708 -75.4108 9181.9 -12.8385 -8.72459 199.397 35.4001 -13 1 1 0 1 0.49903 -0.53035 0.991708 0 0 0 
68.5378 -75.8501 9281.82 3.33808 6.65528 199.862 35.7774 -13 1 1 0 1 0.492634 -0.548607 -0.465792 0 0 0 
73.6422 -68.5621 9381.38 15.5168 23.0308 198.063 36.1546 -13 1 1 0 1 0.461416 -0.437272 -1.85074 0 0 0 
81.6609 -52.4922 9479.71 13.5457 40.8954 195.306 36.5319 -13 1 1 0 1 0.33393 -0.226143 -2.91293 0 0 0 
84.2641 -29.2197 9576.88 -5.31697 49.4348 193.722 36.9091 -13 1 1 0 1 0.0711528 -0.0381302 -3.39478 0 0 0 
75.6661 -6.37103 9673.79 -28.1325 38.8224 194.169 37.2864 -13 1 1 0 1 -0.196484 0.00367791 -3.17758 0 0 0 
58.1507 7.5866 9771.18 -39.4934 16.3917 195.376 37.6636 -13 1 1 0 1 -0.30679 -0.0503271 -2.34922 0 0 0 
38.1454 10.6247 9869.07 -39.344 -2.7735 196.073 38.0409 -13 1 1 0 1 -0.258642 -0.0792312 -1.13434 0 0 0 
19.1569 6.62151 9967.16 -36.9106 -11.3088 196.24 38.4181 -13 1 1 0 1 -0.139141 -0.0528523 0.242108 0 0 0 
0.6963 1.23018 10065.3 -37.4089 -8.3751 196.292 38.7954 -13 1 1 0 1 -0.011048 -0.0136014 1.57481 0 0 0 
-18.2676 -0.00389993 10163.5 -37.8293 4.89406 196.33 39.1726 -13 1 1 0 1 0.0706653 -0.0063323 2.64972 0 0 0 
-35.9018 6.90636 10261.6 -31.1135 22.6075 196.268 39.5499 -13 1 1 0 1 0.0372401 -0.0160981 3.24408 0 0 0 
-48.0598 21.454 10359.8 -16.9156 33.6397 196.424 39.9271 -13 1 1 0 1 -0.112276 0.0388032 3.19488 0 0 0 
-53.2686 38.4343 10458.1 -5.34207 32.4387 197.28 40.3044 -13 1 1 0 1 -0.275116 0.18681 2.49398 0 0 0 
-55.3358 52.6615 10557.1 -4.99768 23.8108 198.515 40.6816 -13 1 1 0 1 -0.376945 0.348856 1.31656 0 0 0 
-60.0425 61.8155 10656.5 -15.1244 12.32 199.047 41.0589 -13 1 1 0 1 -0.436959 0.442631 -0.0932377 0 0 0 
-71.0486 64.1398 10755.9 -28.6242 -4.25962 197.896 41.4361 -13 1 1 0 1 -0.475366 0.424467 -1.50688 0 0 0 
-87.2893 56.2255 10854.1 -33.8083 -28.3799 195.069 41.8134 -13 1 1 0 1 -0.428037 0.27412 -2.69296 0 0 0 
-101.544 35.9405 10950.9 -19.7339 -51.0052 192.378 42.1907 -13 1 1 0 1 -0.194555 0.0712099 -3.38824 0 0 0 
-104.601 8.48901 11047 8.20192 -54.6164 192.224 42.5679 -13 1 1 0 1 0.167441 -0.00764405 -3.38804 0 0 0 
-94.559 -14.8909 11143.6 29.3128 -36.2842 194.485 42.9452 -13 1 1 0 1 0.43516 0.0763157 -2.70039 0 0 0 
-78.2378 -26.7765 11241.5 33.4251 -11.6368 196.844 43.3224 -13 1 1 0 1 0.502979 0.180079 -1.53367 0 0 0 
-62.7194 -27.667 11340.2 28.0736 6.58867 197.911 43.6997 -13 1 1 0 1 0.442852 0.2032 -0.142806 0 0 0 
-49.939 -21.6525 11439.2 23.8469 16.0758 197.922 44.0769 -13 1 1 0 1 0.330799 0.152296 1.25056 0 0 0 
-37.8776 -12.9932 11538.1 25.3297 17.0722 197.654 44.4542 -13 1 1 0 1 0.18938 0.0759814 2.42431 0 0 0 
-24.1068 -6.1433 11636.9 29.6594 8.83474 197.592 44.8314 -13 1 1 0 1 0.0525098 0.0263369 3.14339 0 0 0 
-8.90667 -5.22546 11735.7 30.0648 -5.57957 197.649 45.2087 -13 1 1 0 1 -0.0109941 0.00662037 3.22935 0 0 0 
4.98512 -11.3907 11834.5 24.9517 -18.1296 197.608 45.5859 -13 1 1 0 1 0.0223438 -0.0379093 2.66515 0 0 0 
16.1536 -22.1412 11933.3 20.4593 -23.6193 197.545 45.9632 -13 1 1 0 1 0.103556 -0.130897 1.59847 0 0 0 
26.5788 -33.8591 12032.1 22.5651 -22.1582 197.485 46.3404 -13 1 1 0 1 0.191197 -0.232817 0.255911 0 0 0 
39.8954 -43.086 12130.7 31.499 -13.2991 197.057 46.7177 -13 1 1 0 1 0.275082 -0.285223 -1.13825 0 0 0 
58.1157 -45.4755 12229 40.4325 5.46722 195.795 47.0949 -13 1 1 0 1 0.31595 -0.234441 -2.37079 0 0 0 
78.2848 -36.4424 12326.4 37.333 30.7886 194.058 47.4722 -13 1 1 0 1 0.215005 -0.0882294 -3.20542 0 0 0 
92.5249 -16.1181 12423.2 17.4579 47.5965 193.469 47.8494 -13 1 1 0 1 -0.0663599 0.0202785 -3.41084 0 0 0 
95.1786 7.5623 12520.3 -5.70191 43.6504 195.096 48.2267 -13 1 1 0 1 -0.37711 -0.0253988 -2.91144 0 0 0 
90.5053 22.6237 12600.5 -15.3397 29.0929 197.278 48.5352 -13 1 1 0 1 -0.527498 -0.130403 -2.06893 0 0 0 
90.5052 22.6238 12600.5 -15.3398 29.0927 197.278 48.5352 -13 1 1 0 1 -0.527499 -0.130404 -2.06892 0 0 0 
82.6569 32.0837 12699.7 -14.2275 9.05415 199.289 48.9124 -13 1 1 0 1 -0.574244 -0.22451 -0.731839 0 0 0 
77.2085 32.2414 12799.5 -7.52878 -7.83861 199.705 49.2897 -13 1 1 0 1 -0.535484 -0.227945 0.713427 0 0 0 
74.3965 24.7922 12899.2 -5.07752 -21.3155 198.797 49.6669 -13 1 1 0 1 -0.429251 -0.149699 2.041 0 0 0 
70.4912 11.9804 12998.3 -12.1198 -28.3024 197.617 50.0442 -13 1 1 0 1 -0.233649 -0.0472406 2.99429 0 0 0 
61.3496 -1.37108 13096.9 -24.4304 -22.7535 197.195 50.4214 -13 1 1 0 1 0.00506877 -0.00655755 3.33899 0 0 0 
47.0356 -8.86665 13195.6 -31.2019 -6.14406 197.456 50.7987 -13 1 1 0 1 0.163263 -0.0354081 2.99095 0 0 0 
31.7273 -7.42517 13294.4 -28.9147 11.1698 197.584 51.1759 -13 1 1 0 1 0.188336 -0.0482287 2.06877 0 0 0 
18.4694 1.15969 13393.1 -24.5188 21.8794 197.283 51.5532 -13 1 1 0 1 0.132248 0.00211346 0.801141 0 0 0 
6.28184 13.1833 13491.6 -25.4609 24.9402 196.8 51.9304 -13 1 1 0 1 0.0466246 0.0848792 -0.586001 0 0 0 
-8.15684 24.6739 13589.9 -33.1209 19.374 196.286 52.3077 -13 1 1 0 1 -0.0471834 0.137726 -1.88292 0 0 0 
-26.9251 30.7727 13687.9 -41.1088 3.34213 195.702 52.6849 -13 1 1 0 1 -0.0998565 0.102844 -2.86699 0 0 0 
-47.5294 27.0205 13785.6 -39.0038 -18.2844 195.307 53.0622 -13 1 1 0 1 -0.0243296 0.000481399 -3.31901 0 0 0 
-63.8678 13.8156 13883.3 -25.0899 -32.1806 195.794 53.4394 -13 1 1 0 1 0.184006 -0.0525188 -3.09873 0 0 0 
-72.5756 -2.50893 13981.6 -10.8137 -30.6933 197.336 53.8167 -13 1 1 0 1 0.398857 0.00368321 -2.25418 0 0 0 
-76.3205 -15.1209 14080.7 -5.92409 -18.673 199.039 54.1939 -13 1 1 0 1 0.523309 0.096669 -0.992433 0 0 0 
-79.8499 -20.5208 14180.5 -8.91062 -2.48152 199.787 54.5712 -13 1 1 0 1 0.563255 0.139933 0.442125 0 0 0 
-85.1328 -17.2302 14280.2 -11.2717 15.8664 199.052 54.9484 -13 1 1 0 1 0.52266 0.101409 1.82049 0 0 0 
-89.4599 -4.92871 14379.3 -3.94709 32.2717 197.341 55.3257 -13 1 1 0 1 0.353704 0.0135529 2.89231 0 0 0 
-87.2865 12.958 14477.7 13.5748 36.34 196.203 55.7029 -13 1 1 0 1 0.058928 -0.0173131 3.39369 0 0 0 
-76.3233 28.369 14575.8 28.538 22.8023 196.637 56.0802 -13 1 1 0 1 -0.215254 0.0697262 3.18057 0 0 0 
-61.0946 34.4538 14674.4 30.0619 1.47561 197.723 56.4574 -13 1 1 0 1 -0.336557 0.180188 2.33 0 0 0 
-47.8329 30.6137 14773.4 22.3536 -15.6446 198.131 56.8347 -13 1 1 0 1 -0.332247 0.205769 1.08227 0 0 0 
-38.4912 19.9607 14872.4 15.9807 -25.9739 197.662 57.2119 -13 1 1 0 1 -0.279054 0.141462 -0.317526 0 0 0 
-30.4672 5.54874 14971 17.7114 -30.6838 196.838 57.5892 -13 1 1 0 1 -0.198834 0.0376531 -1.65248 0 0 0 
-19.3521 -9.41774 15069.3 27.7182 -27.506 196.152 57.9664 -13 1 1 0 1 -0.0922537 -0.0347549 -2.70094 0 0 0 
-2.63197 -20.1231 15167.2 38.3127 -13.6656 195.821 58.3437 -13 1 1 0 1 -0.014556 -0.0167594 -3.24231 0 0 0 
17.3715 -22.2061 15265.2 39.7851 5.17167 195.936 58.7209 -13 1 1 0 1 -0.0502245 0.0568973 -3.13655 0 0 0 
35.6253 -16.1187 15363.3 32.4367 17.298 196.594 59.0982 -13 1 1 0 1 -0.188849 0.0876663 -2.40961 0 0 0 
49.8546 -6.95366 15461.8 25.1842 17.4354 197.642 59.4754 -13 1 1 0 1 -0.338248 0.0521301 -1.23486 0 0 0 
61.7205 -0.325378 15560.9 23.0836 7.6971 198.515 59.8527 -13 1 1 0 1 -0.441904 0.00874265 0.153814 0 0 0 
73.2398 -0.443976 15660.2 22.6062 -9.13283 198.509 60.2299 -13 1 1 0 1 -0.475188 0.0113593 1.54113 0 0 0 
83.1559 -9.9345 15759.2 15.2328 -28.5413 197.367 60.6072 -13 1 1 0 1 -0.382999 0.0569762 2.69334 0 0 0 
86.5591 -27.5724 15857.5 -3.04136 -39.4634 196.045 60.9844 -13 1 1 0 1 -0.133377 0.055764 3.34892 0 0 0 
79.9635 -46.265 15955.5 -22.0188 -32.2498 196.152 61.3617 -13 1 1 0 1 0.159745 -0.0790785 3.30705 0 0 0 
66.9351 -57.7603 16053.9 -27.2434 -12.959 197.713 61.7389 -13 1 1 0 1 0.331295 -0.274172 2.5762 0 0 0 
55.1226 -59.5329 16153.2 -18.4268 4.90254 199.09 62.1162 -13 1 1 0 1 0.368114 -0.387372 1.37135 0 0 0 
49.1296 -53.8378 16252.8 -5.788 17.1668 199.179 62.4934 -13 1 1 0 1 0.354192 -0.377881 -0.0396287 0 0 0 
48.4163 -42.7022 16352.1 1.44154 27.292 198.125 62.8707 -13 1 1 0 1 0.323103 -0.273704 -1.43122 0 0 0 
48.6741 -26.7476 16450.8 -2.52712 35.9127 196.734 63.248 -13 1 1 0 1 0.24031 -0.120773 -2.56909 0 0 0 
44.02 -8.10746 16549 -17.3129 36.6532 195.85 63.6252 -13 1 1 0 1 0.0902637 -0.00781939 -3.21563 0 0 0 
31.2257 7.69563 16646.8 -32.8795 24.6336 195.736 64.0025 -13 1 1 0 1 -0.039796 -0.00629458 -3.21567 0 0 0 
12.8157 15.5266 16744.8 -38.8864 6.79252 196.067 64.3797 -13 1 1 0 1 -0.0487921 -0.0664816 -2.57899 0 0 0 
1.83418 16.2475 16800.5 -38.0837 -1.23422 196.338 64.594 -13 1 1 0 1 -0.00161281 -0.0903381 -1.99415 0 0 0 
1.83399 16.2475 16800.5 -38.0837 -1.23434 196.338 64.594 -13 1 1 0 1 -0.0016118 -0.0903383 -1.99413 0 0 0 
-16.2798 13.6953 16898.8 -34.3076 -7.08488 196.909 64.9713 -13 1 1 0 1 0.120282 -0.0935684 -0.725347 0 0 0 
-32.7098 11.0043 16997.4 -31.6727 -1.96232 197.468 65.3485 -13 1 1 0 1 0.234956 -0.0777125 0.662031 0 0 0 
-47.8535 13.2318 17096.2 -28.2649 12.0252 197.628 65.7258 -13 1 1 0 1 0.290144 -0.0813564 1.9648 0 0 0 
-59.76 23.5281 17194.9 -17.762 28.7591 197.124 66.103 -13 1 1 0 1 0.223625 -0.0894078 2.94695 0 0 0 
-64.233 40.5303 17293.3 0.527782 36.891 196.569 66.4803 -13 1 1 0 1 0.0273868 -0.0166288 3.36564 0 0 0 
-59.7952 57.8441 17391.7 15.4556 30.1619 197.109 66.8575 -13 1 1 0 1 -0.179782 0.177516 3.08397 0 0 0 
-51.2058 69.4645 17490.6 16.3435 16.1195 198.679 67.2348 -13 1 1 0 1 -0.285248 0.39179 2.16652 0 0 0 
-45.5252 74.4005 17590.3 4.97878 4.28773 199.893 67.612 -13 1 1 0 1 -0.312752 0.513607 0.855271 0 0 0 
-46.9246 74.1175 17690.2 -10.607 -5.55104 199.643 67.9893 -13 1 1 0 1 -0.32973 0.518355 -0.590135 0 0 0 
-55.4731 68.2048 17789.7 -22.1655 -19.0681 197.852 68.3665 -13 1 1 0 1 -0.336112 0.405635 -1.94608 0 0 0 
-66.8697 54.303 17888 -20.5529 -36.5965 195.547 68.7438 -13 1 1 0 1 -0.254185 0.194798 -2.95983 0 0 0 
-73.1467 32.7699 17985.4 -2.29133 -47.1215 194.357 69.121 -13 1 1 0 1 -0.0388181 0.00390835 -3.38918 0 0 0 
-68.2924 10.254 18082.7 21.0269 -39.9127 194.847 69.4983 -13 1 1 0 1 0.195358 -0.0420664 -3.12015 0 0 0 
-53.9011 -5.0941 18180.4 34.254 -20.7199 195.954 69.8755 -13 1 1 0 1 0.292309 0.0175303 -2.25511 0 0 0 
-35.9984 -10.8838 18278.5 36.042 -3.72279 196.692 70.2528 -13 1 1 0 1 0.242324 0.0663512 -1.01627 0 0 0 
-18.4616 -10.4773 18377 34.0585 3.54023 197.048 70.63 -13 1 1 0 1 0.125374 0.0674841 0.365345 0 0 0 
-1.79446 -9.11946 18475.6 32.6895 0.222018 197.312 71.0073 -13 1 1 0 1 0.00412222 0.0503282 1.68618 0 0 0 
13.9373 -11.6688 18574.3 29.4904 -11.4139 197.486 71.3845 -13 1 1 0 1 -0.0666476 0.0412286 2.72081 0 0 0 
26.6252 -20.8262 18673 20.1442 -24.6891 197.447 71.7618 -13 1 1 0 1 -0.0365494 0.0128817 3.24502 0 0 0 
33.4446 -35.1291 18771.7 7.26095 -30.8816 197.469 72.139 -13 1 1 0 1 0.0724993 -0.0940712 3.1073 0 0 0 
34.8585 -50.2081 18870.6 0.0319812 -28.3642 197.98 72.5163 -13 1 1 0 1 0.174035 -0.268804 2.33113 0 0 0 
35.3518 -62.9497 18969.8 3.79067 -22.435 198.703 72.8935 -13 1 1 0 1 0.232764 -0.430327 1.10943 0 0 0 
40.2185 -72.464 19069.2 16.8627 -15.1642 198.711 73.2708 -13 1 1 0 1 0.280704 -0.518303 -0.309819 0 0 0 
52.8268 -77.1155 19168.2 33.4145 -1.88621 197.181 73.648 -13 1 1 0 1 0.331839 -0.493638 -1.70872 0 0 0 
72.3683 -72.5685 19266.1 42.2466 21.6056 194.291 74.0253 -13 1 1 0 1 0.31517 -0.321292 -2.85043 0 0 0 
91.6087 -55.1412 19362.6 30.8961 46.8124 191.975 74.4025 -13 1 1 0 1 0.11675 -0.0708005 -3.47174 0 0 0 
100.362 -28.7525 19458.5 2.87613 54.604 192.382 74.7798 -13 1 1 0 1 -0.220884 0.0668259 -3.38991 0 0 0 
95.2046 -4.49195 19555.3 -21.2346 39.49 194.911 75.157 -13 1 1 0 1 -0.4798 0.0283497 -2.63829 0 0 0 
81.8564 9.33586 19653.4 -29.6791 15.8381 197.152 75.5343 -13 1 1 0 1 -0.545208 -0.0558759 -1.44157 0 0 0 
67.1506 12.2339 19752.2 -28.4611 -2.87016 197.945 75.9115 -13 1 1 0 1 -0.476869 -0.0800459 -0.0555333 0 0 0 
53.3129 7.98148 19851.2 -27.5096 -12.5508 197.702 76.2888 -13 1 1 0 1 -0.345151 -0.0432394 1.306 0 0 0 
38.8978 1.36015 19949.9 -30.7321 -12.1566 197.252 76.666 -13 1 1 0 1 -0.180808 0.00458139 2.41407 0 0 0 
22.517 -2.44096 20048.5 -34.2303 -1.5751 197.044 77.0433 -13 1 1 0 1 -0.0373034 0.0169009 3.03482 0 0 0 
5.70259 0.61759 20147 -31.8208 13.8396 196.968 77.4205 -13 1 1 0 1 0.010834 0.0140282 3.00907 0 0 0 
-8.46549 10.6857 20245.4 -24.6548 25.2048 196.869 77.7978 -13 1 1 0 1 -0.0401472 0.0628491 2.33611 0 0 0 
-19.5073 24.48 20343.8 -20.7064 28.6983 196.846 78.175 -13 1 1 0 1 -0.130224 0.174135 1.17571 0 0 0 
-30.694 38.198 20442.3 -25.6499 24.9446 196.775 78.5523 -13 1 1 0 1 -0.227645 0.29401 -0.250017 0 0 0 
-46.4556 47.8752 20540.5 -38.0699 11.7623 195.992 78.9295 -13 1 1 0 1 -0.331786 0.353672 -1.73678 0 0 0 
-68.2638 47.6137 20638 -47.1611 -15.1324 193.772 79.3068 -13 1 1 0 1 -0.395694 0.288144 -3.07838 0 0 0 
-90.0346 31.4416 20734.1 -35.2007 -49.0492 190.672 79.684 -13 1 1 0 1 -0.3011 0.115625 -4.04384 0 0 0 
-99.0579 1.52887 20828.9 1.98668 -65.458 188.976 80.0613 -13 1 1 0 1 -0.0332218 0.00720335 -4.43042 0 0 0 
-87.8753 -28.1909 20923.5 40.239 -48.2382 189.88 80.4385 -13 1 1 0 1 0.194333 0.0645834 -4.21911 0 0 0 
-62.8483 -43.5564 21019 55.3959 -12.3299 191.781 80.8158 -13 1 1 0 1 0.224366 0.154324 -3.62448 0 0 0 
-36.161 -41.3565 21115.2 48.8435 19.2003 192.993 81.193 -13 1 1 0 1 0.136923 0.15373 -2.91007 0 0 0 
-15.344 -26.5395 21211.8 34.0418 37.9984 193.385 81.5703 -13 1 1 0 1 0.0515754 0.0860487 -2.24074 0 0 0 
-8.89195 -18.1037 21252.2 27.852 42.5724 193.423 81.7278 -13 1 1 0 1 0.027895 0.0537748 -1.99471 0 0 0 

# End of Event 1

