# ReferenceParticle
#x y z Px Py Pz t PDGid EventID TrackID ParentID Weight Bx By Bz Ex Ey Ez
# Event -1 Track 1
-0.000811901 0.00143502 0 -3.82564 -2.37079 221.754 0 -13 -1 1 0 1 0.0142086 -0.0081883 4.0305 0 0 0 
-1.85099 -0.49391 99.9811 -4.14156 0.115519 221.761 0.369478 -13 -1 1 0 1 0.00504662 -0.010104 3.60606 0 0 0 
-3.58193 -0.0561326 199.965 -3.47168 1.57292 221.767 0.738956 -13 -1 1 0 1 -0.0160114 -0.00773 2.45825 0 0 0 
-5.0098 0.690759 299.952 -2.95552 1.50229 221.775 1.10843 -13 -1 1 0 1 -0.0367391 -0.0013785 0.870405 0 0 0 
-6.32823 1.10986 399.942 -2.93874 0.172434 221.78 1.47791 -13 -1 1 0 1 -0.0506427 0.000662717 -0.860643 0 0 0 
-7.61788 0.707552 499.933 -2.62722 -2.05813 221.775 1.84739 -13 -1 1 0 1 -0.0525156 -0.00680558 -2.44964 0 0 0 
-8.47503 -0.736202 599.918 -0.886183 -4.18364 221.759 2.21687 -13 -1 1 0 1 -0.0343647 -0.0180577 -3.59943 0 0 0 
-8.22481 -2.77227 699.896 2.05181 -4.41044 221.747 2.58635 -13 -1 1 0 1 -4.37597e-05 -0.0164157 -4.02568 0 0 0 
-6.76137 -4.34143 799.872 4.11932 -2.26138 221.75 2.95582 -13 -1 1 0 1 0.0272224 0.00287358 -3.60168 0 0 0 
-4.83568 -4.72713 899.852 4.11497 0.465795 221.761 3.3253 -13 -1 1 0 1 0.0327124 0.0217292 -2.4538 0 0 0 
-3.20883 -4.08326 999.837 3.06607 2.17628 221.768 3.69478 -13 -1 1 0 1 0.0240414 0.0259962 -0.866103 0 0 0 
-2.00821 -2.94093 1099.82 2.39915 2.72148 221.77 4.06426 -13 -1 1 0 1 0.0111614 0.017799 0.864475 0 0 0 
-0.904858 -1.77444 1199.81 2.63385 2.28411 221.773 4.43374 -13 -1 1 0 1 -0.00299429 0.00527843 2.45271 0 0 0 
0.432019 -1.04664 1299.8 3.2778 0.763516 221.774 4.80321 -13 -1 1 0 1 -0.0144606 -0.00374515 3.60186 0 0 0 
1.94857 -1.19919 1399.79 3.27147 -1.47134 221.771 5.17269 -13 -1 1 0 1 -0.0142192 -0.00818918 4.02867 0 0 0 
3.23592 -2.29627 1499.77 2.34998 -3.21425 221.764 5.54217 -13 -1 1 0 1 -7.44557e-06 -0.0164077 3.60613 0 0 0 
4.09191 -3.90809 1599.75 1.58304 -3.74109 221.763 5.91165 -13 -1 1 0 1 0.017978 -0.0322613 2.45939 0 0 0 
4.84337 -5.53379 1699.74 1.97659 -3.3542 221.766 6.28113 -13 -1 1 0 1 0.031997 -0.0487096 0.871977 0 0 0 
6.05824 -6.82204 1799.72 3.56347 -2.20225 221.76 6.6506 -13 -1 1 0 1 0.0423818 -0.0566597 -0.859218 0 0 0 
8.09818 -7.32619 1899.7 5.38838 0.219986 221.734 7.02008 -13 -1 1 0 1 0.0465332 -0.0476162 -2.45286 0 0 0 
10.6664 -6.43332 1999.66 5.56005 3.82317 221.697 7.38956 -13 -1 1 0 1 0.0308284 -0.0196943 -3.60403 0 0 0 
12.6632 -4.02238 2099.61 2.8729 6.45121 221.688 7.75904 -13 -1 1 0 1 -0.0140037 0.00813539 -4.03207 0 0 0 
13.0916 -1.13888 2199.57 -0.871477 5.73439 221.724 8.12851 -13 -1 1 0 1 -0.0665346 0.0127625 -3.60986 0 0 0 
12.1548 0.743981 2299.54 -2.88666 2.38473 221.768 8.49799 -13 -1 1 0 1 -0.0957147 0.00206207 -2.46296 0 0 0 
10.7779 0.974823 2399.53 -3.04734 -1.26631 221.775 8.86747 -13 -1 1 0 1 -0.0978371 -0.00103487 -0.875402 0 0 0 
9.4035 -0.259705 2499.52 -3.21523 -4.01795 221.74 9.23695 -13 -1 1 0 1 -0.0835382 0.0110156 0.855649 0 0 0 
7.63646 -2.42055 2599.48 -4.93114 -5.22221 221.684 9.60643 -13 -1 1 0 1 -0.0559998 0.0290526 2.44883 0 0 0 
4.7587 -4.55067 2699.41 -7.87414 -3.67494 221.63 9.9759 -13 -1 1 0 1 -0.0204074 0.0338909 3.59996 0 0 0 
0.738191 -5.27795 2799.33 -9.49541 0.782233 221.595 10.3454 -13 -1 1 0 1 -2.61882e-05 0.0165568 4.02935 0 0 0 
-3.31401 -3.82138 2899.23 -8.01563 5.39702 221.589 10.7149 -13 -1 1 0 1 -0.0129378 -0.000625676 3.6108 0 0 0 
-6.29718 -0.828028 2999.14 -5.28494 7.36522 221.615 11.0843 -13 -1 1 0 1 -0.0430071 0.00600187 2.46816 0 0 0 
-8.32938 2.42608 3099.07 -4.12984 6.73808 221.659 11.4538 -13 -1 1 0 1 -0.0676616 0.029498 0.883412 0 0 0 
-10.3802 5.00586 3199.01 -5.29362 4.45129 221.692 11.8233 -13 -1 1 0 1 -0.082632 0.0500007 -0.847358 0 0 0 
-13.2507 6.17591 3298.96 -7.38792 0.415996 221.677 12.1928 -13 -1 1 0 1 -0.0850603 0.0513597 -2.44304 0 0 0 
-16.7591 5.14883 3398.89 -7.62443 -5.05446 221.611 12.5623 -13 -1 1 0 1 -0.0572559 0.029551 -3.60055 0 0 0 
-19.5586 1.83569 3498.8 -4.26052 -9.05176 221.574 12.9317 -13 -1 1 0 1 0.0132052 0.00830649 -4.03687 0 0 0 
-20.4161 -2.28745 3598.71 0.272693 -8.39641 221.641 13.3012 -13 -1 1 0 1 0.0967919 0.0163218 -3.62185 0 0 0 
-19.7374 -5.15919 3698.66 2.13749 -3.97835 221.754 13.6707 -13 -1 1 0 1 0.150933 0.0410912 -2.47851 0 0 0 
-18.9404 -5.75344 3798.65 1.09845 1.33625 221.793 14.0402 -13 -1 1 0 1 0.170676 0.050595 -0.891469 0 0 0 
-18.7755 -3.98014 3898.63 -0.125288 6.5078 221.705 14.4096 -13 -1 1 0 1 0.1696 0.0324966 0.841192 0 0 0 
-18.6118 0.0522308 3998.55 1.53664 11.174 221.513 14.7791 -13 -1 1 0 1 0.143974 -0.00483498 2.43801 0 0 0 
-16.7437 5.65507 4098.37 7.32435 12.8634 221.306 15.1486 -13 -1 1 0 1 0.0835105 -0.0306264 3.59554 0 0 0 
-11.8685 10.7219 4198.12 13.9273 8.57773 221.196 15.5181 -13 -1 1 0 1 0.0152017 -0.00908635 4.03289 0 0 0 
-4.91976 12.7849 4297.85 15.8663 0.43228 221.231 15.8876 -13 -1 1 0 1 -0.00717429 0.0436603 3.62428 0 0 0 
1.66582 11.4511 4397.62 12.8461 -5.61458 221.357 16.257 -13 -1 1 0 1 0.021275 0.0734355 2.49056 0 0 0 
6.57915 8.44901 4497.45 9.17693 -6.96314 221.501 16.6265 -13 -1 1 0 1 0.0620195 0.0646165 0.911087 0 0 0 
10.2624 5.71149 4597.35 7.522 -4.71162 221.622 16.996 -13 -1 1 0 1 0.0910463 0.0400432 -0.818983 0 0 0 
13.5611 4.54304 4697.28 7.13113 -0.179439 221.685 17.3655 -13 -1 1 0 1 0.0988328 0.0207998 -2.41897 0 0 0 
16.5101 5.67937 4797.23 5.57403 5.14553 221.67 17.7349 -13 -1 1 0 1 0.0705789 0.00909188 -3.58657 0 0 0 
18.2451 8.85476 4897.16 1.89332 8.31124 221.636 18.1044 -13 -1 1 0 1 0.002265 -0.0153196 -4.03672 0 0 0 
18.2977 12.5182 4997.1 -1.2407 7.27289 221.677 18.4739 -13 -1 1 0 1 -0.0743211 -0.065519 -3.63644 0 0 0 
17.6796 15.0161 5097.06 -0.837462 3.60996 221.769 18.8434 -13 -1 1 0 1 -0.12628 -0.117839 -2.503 0 0 0 
18.0263 15.7159 5197.06 2.7164 -0.546474 221.783 19.2129 -13 -1 1 0 1 -0.156685 -0.14264 -0.919899 0 0 0 
20.2161 14.3873 5297.02 6.82446 -5.64141 221.623 19.5823 -13 -1 1 0 1 -0.178789 -0.130348 0.81399 0 0 0 
23.7319 10.2916 5396.87 7.92742 -12.8539 221.285 19.9518 -13 -1 1 0 1 -0.179842 -0.0812617 2.41711 0 0 0 
26.3507 2.79383 5496.55 2.45079 -19.9042 220.892 20.3213 -13 -1 1 0 1 -0.125059 -0.0199816 3.58743 0 0 0 
25.0951 -6.67549 5596.08 -8.3637 -20.582 220.685 20.6908 -13 -1 1 0 1 -0.0185421 -0.00707602 4.04149 0 0 0 
19.2171 -14.4519 5695.59 -16.5833 -12.8886 220.803 21.0602 -13 -1 1 0 1 0.0629003 -0.0644372 3.65039 0 0 0 
11.3531 -18.0269 5795.21 -17.0831 -3.35282 221.116 21.4297 -13 -1 1 0 1 0.0684163 -0.131031 2.52847 0 0 0 
4.5289 -18.1634 5894.97 -12.8419 1.8405 221.42 21.7992 -13 -1 1 0 1 0.0291324 -0.155955 0.954326 0 0 0 
-0.19417 -17.0909 5994.85 -8.25271 2.2971 221.635 22.1687 -13 -1 1 0 1 -0.0109007 -0.144938 -0.776892 0 0 0 
-3.0607 -16.4643 6094.81 -4.58943 0.271032 221.752 22.5382 -13 -1 1 0 1 -0.0330531 -0.114526 -2.38448 0 0 0 
-4.40261 -16.8713 6194.8 -1.4302 -1.93795 221.787 22.9076 -13 -1 1 0 1 -0.0322832 -0.0661194 -3.56622 0 0 0 
-4.47543 -17.9906 6294.79 0.850725 -2.74319 221.782 23.2771 -13 -1 1 0 1 -0.0152375 0.00409046 -4.03377 0 0 0 
-3.97788 -19.1548 6394.78 0.896758 -2.3343 221.786 23.6466 -13 -1 1 0 1 0.00284752 0.0835669 -3.65297 0 0 0 
-4.07375 -20.1256 6494.78 -1.71944 -2.07118 221.784 24.0161 -13 -1 1 0 1 0.0188928 0.14825 -2.53433 0 0 0 
-5.82206 -21.0656 6594.76 -6.29984 -2.01957 221.701 24.3855 -13 -1 1 0 1 0.0433172 0.186154 -0.959235 0 0 0 
-9.93342 -21.682 6694.67 -12.0327 -0.1774 221.473 24.755 -13 -1 1 0 1 0.0816755 0.194432 0.773436 0 0 0 
-16.5451 -20.5416 6794.44 -16.8019 6.12387 221.078 25.1245 -13 -1 1 0 1 0.11805 0.160327 2.38234 0 0 0 
-24.2084 -15.4962 6894 -15.7811 16.5779 220.616 25.494 -13 -1 1 0 1 0.104892 0.0824682 3.56745 0 0 0 
-29.4074 -5.97703 6993.4 -6.03635 24.4324 220.368 25.8635 -13 -1 1 0 1 0.00845145 0.0181451 4.04401 0 0 0 
-29.2324 5.02424 7092.78 6.36607 22.6559 220.548 26.2329 -13 -1 1 0 1 -0.112529 0.0346649 3.67729 0 0 0 
-24.6779 13.3877 7192.31 12.3904 13.974 221.013 26.6024 -13 -1 1 0 1 -0.169904 0.10511 2.57164 0 0 0 
-19.2235 17.7544 7292.06 10.8559 5.93757 221.455 26.9719 -13 -1 1 0 1 -0.159786 0.159471 1.00427 0 0 0 
-15.3906 19.2885 7391.98 5.92854 1.38135 221.717 27.3414 -13 -1 1 0 1 -0.126388 0.172889 -0.728914 0 0 0 
-13.8598 19.2863 7491.96 1.07774 -1.26438 221.794 27.7108 -13 -1 1 0 1 -0.0918773 0.147865 -2.3464 0 0 0 
-14.0748 18.172 7591.95 -1.50526 -3.65475 221.765 28.0803 -13 -1 1 0 1 -0.0498779 0.0885333 -3.54514 0 0 0 
-14.69 16.1385 7691.93 -0.678266 -5.01086 221.743 28.4498 -13 -1 1 0 1 0.00902025 0.0139134 -4.03521 0 0 0 
-14.3606 14.1092 7791.91 2.26897 -3.43442 221.762 28.8193 -13 -1 1 0 1 0.0685207 -0.0469658 -3.67633 0 0 0 
-12.6886 13.4419 7891.89 5.01868 0.731408 221.742 29.1888 -13 -1 1 0 1 0.0991762 -0.0884022 -2.57334 0 0 0 
-9.88133 14.8086 7991.84 7.53356 5.17926 221.612 29.5582 -13 -1 1 0 1 0.0930348 -0.1236 -1.00774 0 0 0 
-5.64956 17.8097 8091.7 11.6394 7.60035 221.364 29.9277 -13 -1 1 0 1 0.0576839 -0.1541 0.72229 0 0 0 
0.951782 20.9609 8191.43 17.8321 5.3553 221.017 30.2972 -13 -1 1 0 1 0.00392541 -0.157249 2.33642 0 0 0 
10.1943 21.6111 8290.99 22.3338 -3.51876 220.645 30.6667 -13 -1 1 0 1 -0.0323517 -0.103276 3.53662 0 0 0 
19.8816 17.3119 8390.42 19.0537 -15.3194 220.449 31.0361 -13 -1 1 0 1 0.00594388 -0.0153751 4.03835 0 0 0 
26.2454 8.72444 8489.83 8.59635 -21.1972 220.618 31.4056 -13 -1 1 0 1 0.111615 0.0246523 3.69859 0 0 0 
27.8524 -0.395849 8589.39 -0.564953 -18.0518 221.064 31.7751 -13 -1 1 0 1 0.201354 -0.0101242 2.61181 0 0 0 
26.7595 -6.95585 8689.17 -3.18676 -10.8638 221.511 32.1446 -13 -1 1 0 1 0.232501 -0.0659993 1.05356 0 0 0 
25.7138 -10.2413 8789.1 -0.98213 -3.84655 221.765 32.5141 -13 -1 1 0 1 0.224709 -0.0966308 -0.679646 0 0 0 
25.9726 -10.5022 8889.1 1.89092 2.64951 221.776 32.8835 -13 -1 1 0 1 0.192703 -0.0886681 -2.30602 0 0 0 
26.9415 -7.95312 8989.06 1.67935 8.35327 221.637 33.253 -13 -1 1 0 1 0.122938 -0.050816 -3.52273 0 0 0 
26.866 -3.53143 9088.96 -2.46839 10.342 221.545 33.6225 -13 -1 1 0 1 0.0130059 -0.0181051 -4.03839 0 0 0 
24.6957 0.467442 9188.85 -6.75399 6.51814 221.602 33.992 -13 -1 1 0 1 -0.0923913 -0.01705 -3.7039 0 0 0 
21.3343 1.86947 9288.78 -7.53231 -0.449192 221.672 34.3614 -13 -1 1 0 1 -0.147786 -0.0250454 -2.6179 0 0 0 
18.2494 0.164543 9388.71 -6.08802 -6.85459 221.611 34.7309 -13 -1 1 0 1 -0.157151 -0.0104748 -1.06058 0 0 0 
15.6114 -4.04793 9488.59 -6.14656 -11.5123 221.416 35.1004 -13 -1 1 0 1 -0.139801 0.0274314 0.668506 0 0 0 
12.0868 -9.8238 9588.36 -10.2107 -13.4714 221.155 35.4699 -13 -1 1 0 1 -0.0979064 0.0649755 2.289 0 0 0 
5.9495 -15.3728 9688.01 -17.1084 -10.0126 220.913 35.8394 -13 -1 1 0 1 -0.0395151 0.0621692 3.50384 0 0 0 
-2.88432 -17.8935 9787.58 -21.007 -0.458663 220.803 36.2088 -13 -1 1 0 1 -0.0125953 0.00140762 4.02824 0 0 0 
-11.8261 -15.7593 9887.14 -17.4898 9.24553 220.916 36.5783 -13 -1 1 0 1 -0.0567272 -0.0647054 3.71109 0 0 0 
-18.0812 -10.5655 9986.81 -10.2338 12.5324 221.209 36.9478 -13 -1 1 0 1 -0.134514 -0.0768202 2.64357 0 0 0 
-21.4408 -5.41054 10086.6 -5.34201 9.58232 221.529 37.3173 -13 -1 1 0 1 -0.190144 -0.0475423 1.09598 0 0 0 
-23.461 -2.36108 10186.5 -4.05552 3.65467 221.733 37.6867 -13 -1 1 0 1 -0.211208 -0.0192126 -0.63428 0 0 0 
-25.2173 -2.27574 10286.5 -3.54221 -3.3359 221.747 38.0562 -13 -1 1 0 1 -0.197346 -0.0127184 -2.26605 0 0 0 
-26.2422 -5.22808 10386.5 -0.401648 -9.30106 221.605 38.4257 -13 -1 1 0 1 -0.134501 -0.0175117 -3.49755 0 0 0 
-25.1568 -9.93668 10486.4 5.35152 -10.5246 221.486 38.7952 -13 -1 1 0 1 -0.0292465 0.00220031 -4.0361 0 0 0 
-21.7287 -13.7956 10586.2 9.09186 -5.83291 221.537 39.1647 -13 -1 1 0 1 0.0655046 0.0580304 -3.7239 0 0 0 
-17.7662 -14.9097 10686.1 7.68273 0.800634 221.666 39.5341 -13 -1 1 0 1 0.110789 0.108743 -2.65533 0 0 0 
-15.2475 -13.3355 10786.1 3.34177 5.8532 221.698 39.9036 -13 -1 1 0 1 0.122025 0.119528 -1.1056 0 0 0 
-14.6104 -9.82452 10886 -0.0988494 9.64489 221.591 40.2731 -13 -1 1 0 1 0.122184 0.0930852 0.624032 0 0 0 
-14.7795 -4.65571 10985.9 0.125071 13.2141 221.406 40.6426 -13 -1 1 0 1 0.107575 0.0458225 2.25227 0 0 0 
-13.7631 1.81833 11085.7 5.09444 14.8885 221.241 41.012 -13 -1 1 0 1 0.0631635 0.00618855 3.48073 0 0 0 
-9.87573 7.96872 11185.4 11.99 11.4017 221.182 41.3815 -13 -1 1 0 1 0.00618669 0.0113096 4.02247 0 0 0 
-3.54036 11.434 11285.1 15.1434 3.69136 221.252 41.751 -13 -1 1 0 1 -0.0120812 0.0561545 3.7207 0 0 0 
2.95744 11.5263 11384.9 13.0383 -2.6119 221.401 42.1205 -13 -1 1 0 1 0.0214376 0.0902424 2.666 0 0 0 
7.97795 9.81263 11484.8 9.28712 -4.19282 221.566 42.49 -13 -1 1 0 1 0.0700668 0.0916776 1.12598 0 0 0 
11.5049 8.33724 11584.7 6.55976 -1.85598 221.696 42.8594 -13 -1 1 0 1 0.104601 0.0792133 -0.601063 0 0 0 
13.9566 8.44359 11684.7 4.21017 2.49392 221.746 43.2289 -13 -1 1 0 1 0.112522 0.0699544 -2.23426 0 0 0 
15.0684 10.5308 11784.6 0.395063 6.43585 221.707 43.5984 -13 -1 1 0 1 0.0828762 0.0573216 -3.47378 0 0 0 
14.1348 13.7204 11884.6 -4.47081 6.96637 221.646 43.9679 -13 -1 1 0 1 0.0236605 0.0175131 -4.02677 0 0 0 
11.403 16.2062 11984.5 -6.96811 3.62174 221.661 44.3373 -13 -1 1 0 1 -0.0268059 -0.0502036 -3.73084 0 0 0 
8.51135 16.8942 12084.5 -5.23025 -0.384265 221.738 44.7068 -13 -1 1 0 1 -0.046022 -0.109126 -2.6758 0 0 0 
7.04745 16.1255 12184.4 -1.09841 -2.74968 221.781 45.0763 -13 -1 1 0 1 -0.0497878 -0.133567 -1.13273 0 0 0 
7.50508 14.5324 12284.4 2.96279 -4.35998 221.738 45.4458 -13 -1 1 0 1 -0.0555242 -0.126293 0.596586 0 0 0 
9.44544 12.0311 12384.4 5.18955 -6.98523 221.63 45.8153 -13 -1 1 0 1 -0.0594702 -0.0934594 2.23011 0 0 0 
11.6337 8.08838 12484.3 3.79763 -10.4587 221.521 46.1847 -13 -1 1 0 1 -0.0415777 -0.0445905 3.46809 0 0 0 
12.2785 2.93138 12584.1 -1.36756 -11.7491 221.485 46.5542 -13 -1 1 0 1 0.00575107 -0.0101228 4.02062 0 0 0 
10.3736 -1.81136 12684 -6.70949 -8.61693 221.531 46.9237 -13 -1 1 0 1 0.0496128 -0.0145471 3.7281 0 0 0 
6.76872 -4.52535 12783.9 -8.63682 -3.44098 221.606 47.2932 -13 -1 1 0 1 0.0555831 -0.0379138 2.67904 0 0 0 
3.02282 -5.17634 12883.8 -7.70856 0.103277 221.666 47.6626 -13 -1 1 0 1 0.0318732 -0.0506602 1.14142 0 0 0 
-0.0993811 -4.85272 12983.8 -6.16413 0.906377 221.713 48.0321 -13 -1 1 0 1 0.00282289 -0.0502642 -0.585087 0 0 0 
-2.56632 -4.67381 13083.7 -4.7716 -0.371447 221.749 48.4016 -13 -1 1 0 1 -0.0172435 -0.0460708 -2.21902 0 0 0 
-4.32605 -5.31482 13183.7 -2.8882 -2.47176 221.768 48.7711 -13 -1 1 0 1 -0.01961 -0.0396294 -3.46086 0 0 0 
-5.05032 -6.76201 13283.7 -0.273742 -3.66123 221.77 49.1406 -13 -1 1 0 1 -0.003484 -0.0211576 -4.01851 0 0 0 
-4.6663 -8.32723 13383.7 1.71973 -3.01094 221.773 49.51 -13 -1 1 0 1 0.0158426 0.0138077 -3.73028 0 0 0 
-3.80466 -9.35277 13483.7 1.75453 -1.53904 221.788 49.8795 -13 -1 1 0 1 0.0241551 0.0505163 -2.68273 0 0 0 
-3.33648 -9.78817 13583.7 0.130599 -0.495128 221.8 50.249 -13 -1 1 0 1 0.0250322 0.0729615 -1.1443 0 0 0 
-3.78432 -9.84329 13683.7 -2.1489 0.285589 221.79 50.6185 -13 -1 1 0 1 0.0271444 0.0774259 0.583836 0 0 0 
-5.22658 -9.41646 13783.7 -4.09188 1.80304 221.755 50.9879 -13 -1 1 0 1 0.030055 0.0628387 2.21913 0 0 0 
-7.2125 -8.05119 13883.6 -4.30015 4.34932 221.716 51.3574 -13 -1 1 0 1 0.0217802 0.0300029 3.46151 0 0 0 
-8.68585 -5.58416 13983.6 -1.82635 6.27191 221.704 51.7269 -13 -1 1 0 1 -0.00792872 -0.00428544 4.01905 0 0 0 
-8.67452 -2.82224 14083.6 1.82973 5.4699 221.725 52.0964 -13 -1 1 0 1 -0.0440214 -0.0171394 3.73081 0 0 0 
-7.25778 -0.99021 14183.5 4.10857 2.48197 221.749 52.4659 -13 -1 1 0 1 -0.0602635 -0.0116152 2.68386 0 0 0 
-5.23812 -0.565797 14283.5 4.66434 -0.432478 221.751 52.8353 -13 -1 1 0 1 -0.0534488 -0.00678281 1.14663 0 0 0 
-3.10115 -1.16731 14383.5 4.86725 -1.96349 221.738 53.2048 -13 -1 1 0 1 -0.0358801 -0.00903393 -0.580167 0 0 0 
-0.766399 -2.07185 14483.5 5.56701 -1.73705 221.724 53.5743 -13 -1 1 0 1 -0.0164055 -0.0114003 -2.21444 0 0 0 
1.90508 -2.45455 14583.4 6.14102 0.307099 221.715 53.9438 -13 -1 1 0 1 -0.00400835 -0.00499112 -3.4573 0 0 0 
4.53395 -1.66964 14683.4 5.19379 3.13265 221.718 54.3132 -13 -1 1 0 1 -0.0109391 0.0068857 -4.01686 0 0 0 
6.35454 0.161272 14783.3 2.77103 4.6226 221.735 54.6827 -13 -1 1 0 1 -0.0353076 0.00760621 -3.73152 0 0 0 
7.10176 2.16284 14883.3 0.772392 3.95554 221.764 55.0522 -13 -1 1 0 1 -0.0577479 -0.007081 -2.6867 0 0 0 
7.30379 3.56231 14983.3 0.388755 2.16923 221.79 55.4217 -13 -1 1 0 1 -0.0678035 -0.0227053 -1.15001 0 0 0 
7.61742 4.0834 15083.3 1.08129 0.111786 221.798 55.7912 -13 -1 1 0 1 -0.0693371 -0.0267615 0.573397 0 0 0 
8.24079 3.62629 15183.3 1.51839 -2.17433 221.785 56.1606 -13 -1 1 0 1 -0.0632407 -0.0157398 2.20907 0 0 0 
8.74519 2.15158 15283.3 0.392195 -4.21939 221.76 56.5301 -13 -1 1 0 1 -0.0421215 0.00439211 3.45306 0 0 0 
8.34501 0.0925355 15383.3 -2.30906 -4.48846 221.743 56.8996 -13 -1 1 0 1 -0.00615828 0.0162891 4.01291 0 0 0 
6.72203 -1.50586 15483.2 -4.63724 -2.26452 221.74 57.2691 -13 -1 1 0 1 0.0240185 0.0101601 3.72739 0 0 0 
4.45614 -1.81797 15583.2 -5.11803 0.83212 221.74 57.6385 -13 -1 1 0 1 0.0313753 0.000202246 2.68246 0 0 0 
2.25691 -0.912211 15683.2 -4.62081 2.94526 221.733 58.008 -13 -1 1 0 1 0.0219202 0.00157573 1.14617 0 0 0 
0.196321 0.611815 15783.2 -4.70199 3.56243 221.722 58.3775 -13 -1 1 0 1 0.00715462 0.0126811 -0.576321 0 0 0 
-2.15051 2.05481 15883.1 -5.84253 2.53656 221.709 58.747 -13 -1 1 0 1 -0.0071977 0.0225564 -2.21163 0 0 0 
-5.07454 2.61492 15983.1 -6.96462 -0.332797 221.691 59.1165 -13 -1 1 0 1 -0.0118171 0.0203387 -3.45696 0 0 0 
-8.14611 1.63061 16083 -6.26399 -3.96042 221.677 59.4859 -13 -1 1 0 1 0.00810103 0.00946225 -4.01978 0 0 0 
-10.4378 -0.684229 16183 -3.76639 -5.83972 221.692 59.8554 -13 -1 1 0 1 0.049968 0.00962887 -3.73793 0 0 0 
-11.6292 -3.1989 16282.9 -1.80389 -4.90743 221.739 60.2249 -13 -1 1 0 1 0.089497 0.0264213 -2.69562 0 0 0 
-12.3791 -4.85637 16382.9 -1.84845 -2.26936 221.781 60.5944 -13 -1 1 0 1 0.113318 0.0427703 -1.16015 0 0 0 
-13.4826 -5.11762 16482.9 -3.09383 1.25766 221.775 60.9639 -13 -1 1 0 1 0.125351 0.0430817 0.563117 0 0 0 
-15.0293 -3.57997 16582.9 -3.39813 5.68681 221.702 61.3333 -13 -1 1 0 1 0.122744 0.022661 2.19966 0 0 0 
-16.0539 -0.0234779 16682.8 -0.509678 9.79722 221.583 61.7028 -13 -1 1 0 1 0.0891817 -0.00650021 3.44643 0 0 0 
-15.0319 4.70963 16782.7 5.25222 10.3516 221.497 62.0723 -13 -1 1 0 1 0.0255235 -0.0116481 4.01041 0 0 0 
-11.5175 8.55818 16882.5 9.73552 6.10435 221.503 62.4418 -13 -1 1 0 1 -0.0268201 0.0214814 3.72999 0 0 0 
-6.92061 10.0203 16982.4 9.97536 0.558523 221.575 62.8112 -13 -1 1 0 1 -0.0362989 0.059665 2.68965 0 0 0 
-2.91299 9.43023 17082.3 7.64262 -2.67066 221.653 63.1807 -13 -1 1 0 1 -0.0178835 0.0718843 1.15546 0 0 0 
0.0107426 8.02758 17182.3 5.49841 -3.1743 221.71 63.5502 -13 -1 1 0 1 0.00381109 0.0608235 -0.567923 0 0 0 
2.21913 6.83258 17282.3 4.45939 -1.9032 221.747 63.9197 -13 -1 1 0 1 0.0184668 0.0398045 -2.20641 0 0 0 
4.10598 6.45882 17382.2 3.90586 0.339024 221.766 64.2892 -13 -1 1 0 1 0.0203871 0.0162495 -3.45716 0 0 0 
5.68457 7.13581 17482.2 3.02197 2.55375 221.765 64.6586 -13 -1 1 0 1 0.00453551 -0.0108301 -4.0268 0 0 0 
6.82358 8.58474 17582.2 2.12607 3.63254 221.761 65.0281 -13 -1 1 0 1 -0.0240326 -0.0450652 -3.75242 0 0 0 
7.7844 10.2118 17682.2 2.41651 3.40732 221.761 65.3976 -13 -1 1 0 1 -0.0534509 -0.0807486 -2.71595 0 0 0 
9.27091 11.5219 17782.2 4.45404 2.24406 221.744 65.7671 -13 -1 1 0 1 -0.0805694 -0.105773 -1.18422 0 0 0 
11.983 12.0199 17882.1 7.66284 -0.386444 221.668 66.1365 -13 -1 1 0 1 -0.10866 -0.111019 0.537111 0 0 0 
16.0744 10.7571 17982 10.098 -5.72796 221.496 66.506 -13 -1 1 0 1 -0.128834 -0.0876182 2.1743 0 0 0 
20.4454 6.51678 18081.8 8.30098 -13.1455 221.255 66.8755 -13 -1 1 0 1 -0.109808 -0.0391124 3.4255 0 0 0 
22.6462 -0.687005 18181.6 0.69298 -17.8294 221.082 67.245 -13 -1 1 0 1 -0.0320071 -0.00777608 3.99701 0 0 0 
20.9056 -8.43676 18281.2 -7.94224 -15.3456 221.126 67.6145 -13 -1 1 0 1 0.0581849 -0.0363289 3.72541 0 0 0 
16.3166 -13.8386 18381 -11.309 -8.40903 221.352 67.9839 -13 -1 1 0 1 0.0976527 -0.0976581 2.68997 0 0 0 
11.5514 -16.2354 18480.8 -9.18678 -2.73403 221.593 68.3534 -13 -1 1 0 1 0.0875189 -0.138505 1.15552 0 0 0 
8.33907 -16.7794 18580.8 -4.96626 -0.108097 221.745 68.7229 -13 -1 1 0 1 0.0631272 -0.14443 -0.573311 0 0 0 
7.02496 -16.5642 18680.8 -1.03111 0.975449 221.796 69.0924 -13 -1 1 0 1 0.0423245 -0.120894 -2.22223 0 0 0 
7.16709 -15.8821 18780.8 1.2919 2.1081 221.787 69.4618 -13 -1 1 0 1 0.0218974 -0.0706617 -3.48838 0 0 0 
7.79469 -14.6797 18880.7 1.04045 3.07428 221.777 69.8313 -13 -1 1 0 1 -0.00731155 -0.00491561 -4.0756 0 0 0 
7.7832 -13.3719 18980.7 -1.30018 2.35329 221.784 70.2008 -13 -1 1 0 1 -0.0391197 0.0528088 -3.82034 0 0 0 
6.56725 -12.858 19080.7 -4.0621 -0.292087 221.763 70.5703 -13 -1 1 0 1 -0.0533519 0.0921337 -2.80261 0 0 0 
4.13231 -13.6804 19180.7 -6.80373 -3.23352 221.673 70.9398 -13 -1 1 0 1 -0.0407642 0.120448 -1.28856 0 0 0 
0.280275 -15.5106 19280.6 -10.5258 -4.41733 221.507 71.3092 -13 -1 1 0 1 -0.00604724 0.140576 0.415239 0 0 0 
-5.53583 -17.0689 19380.4 -15.3027 -1.66186 221.266 71.6787 -13 -1 1 0 1 0.0390964 0.137088 2.03428 0 0 0 
-13.2194 -16.214 19480.1 -18.0108 6.20951 220.981 72.0482 -13 -1 1 0 1 0.0613456 0.0903914 3.26808 0 0 0 
-20.7624 -11.203 19579.7 -14.1969 15.682 220.79 72.4177 -13 -1 1 0 1 0.014239 0.0238327 3.82104 0 0 0 
-25.1988 -2.93888 19679.2 -5.17452 19.6181 220.871 72.7871 -13 -1 1 0 1 -0.0901463 0.00471904 3.52536 0 0 0 
-25.773 5.32738 19778.9 1.7111 16.1012 221.209 73.1566 -13 -1 1 0 1 -0.177888 0.0494143 2.44815 0 0 0 
-24.6253 11.1384 19878.7 2.37387 9.55867 221.582 73.5261 -13 -1 1 0 1 -0.213937 0.107227 0.845633 0 0 0 
-24.292 13.9593 19978.7 -1.2913 2.94994 221.777 73.8956 -13 -1 1 0 1 -0.219433 0.136407 -0.985194 0 0 0 
-25.7962 13.6766 20078.7 -4.96532 -4.43822 221.701 74.2651 -13 -1 1 0 1 -0.207523 0.121616 -2.78012 0 0 0 
-28.0058 9.8432 20178.5 -3.63958 -12.3706 221.425 74.6345 -13 -1 1 0 1 -0.157477 0.0672688 -4.25112 0 0 0 
-27.9827 3.23196 20278.3 4.63432 -15.5543 221.206 75.004 -13 -1 1 0 1 -0.0571626 0.0162861 -5.12141 0 0 0 
-23.7096 -2.65552 20378 13.6015 -8.97628 221.201 75.3735 -13 -1 1 0 1 0.0389166 0.0102076 -5.25349 0 0 0 
-16.8769 -4.00428 20477.8 15.2292 3.1645 221.255 75.743 -13 -1 1 0 1 0.0708151 0.0198922 -4.75645 0 0 0 
-11.0416 -0.217971 20577.5 9.94294 12.7863 221.208 76.1124 -13 -1 1 0 1 0.0562306 0.00443829 -3.92498 0 0 0 
-8.13484 6.73093 20677.2 3.06062 17.2741 221.106 76.4819 -13 -1 1 0 1 0.0378974 -0.0263993 -3.04631 0 0 0 
-7.83789 12.7985 20752.2 -1.10352 18.2977 221.042 76.7597 -13 -1 1 0 1 0.0305361 -0.0451766 -2.45624 0 0 0 

