# ReferenceParticle
#x y z Px Py Pz t PDGid EventID TrackID ParentID Weight Bx By Bz Ex Ey Ez
# Event -1 Track 1
-0.000811901 0.00143502 0 -3.82564 -2.37079 221.754 0 -13 -1 1 0 1 0.0133905 -0.00771685 3.79844 0 0 0 
-1.84931 -0.527688 99.981 -4.15879 -0.0294602 221.761 0.369478 -13 -1 1 0 1 0.0047626 -0.00965371 3.39844 0 0 0 
-3.6101 -0.173191 199.965 -3.58682 1.36705 221.767 0.738956 -13 -1 1 0 1 -0.0152781 -0.00806893 2.31672 0 0 0 
-5.10191 0.483819 299.951 -3.10678 1.31697 221.774 1.10843 -13 -1 1 0 1 -0.0353639 -0.00296199 0.820306 0 0 0 
-6.47808 0.829297 399.941 -3.03197 0.0347774 221.779 1.47791 -13 -1 1 0 1 -0.0489313 -0.00163032 -0.811069 0 0 0 
-7.79183 0.381747 499.931 -2.64972 -2.11443 221.774 1.84739 -13 -1 1 0 1 -0.0506578 -0.00859668 -2.30859 0 0 0 
-8.66298 -1.06675 599.916 -0.952059 -4.15927 221.759 2.21687 -13 -1 1 0 1 -0.0331188 -0.0183055 -3.39222 0 0 0 
-8.47603 -3.09939 699.895 1.83298 -4.45533 221.748 2.58635 -13 -1 1 0 1 -4.33127e-05 -0.0154728 -3.794 0 0 0 
-7.13233 -4.73901 799.872 3.83594 -2.54143 221.752 2.95582 -13 -1 1 0 1 0.0270958 0.0042521 -3.39445 0 0 0 
-5.32057 -5.29859 899.853 3.90215 -0.000545711 221.766 3.3253 -13 -1 1 0 1 0.0340747 0.0243031 -2.31262 0 0 0 
-3.7811 -4.87568 999.84 2.86487 1.68868 221.775 3.69478 -13 -1 1 0 1 0.0272545 0.0308654 -0.816229 0 0 0 
-2.7041 -3.93066 1099.83 2.02 2.35888 221.778 4.06426 -13 -1 1 0 1 0.0161109 0.024728 0.814874 0 0 0 
-1.83724 -2.8644 1199.82 1.96324 2.24349 221.78 4.43374 -13 -1 1 0 1 0.00342525 0.012278 2.31186 0 0 0 
-0.842302 -2.03501 1299.81 2.49252 1.28514 221.782 4.80321 -13 -1 1 0 1 -0.00866274 0.00032119 3.39488 0 0 0 
0.380936 -1.82193 1399.8 2.83707 -0.417424 221.781 5.17269 -13 -1 1 0 1 -0.0133863 -0.00771342 3.7966 0 0 0 
1.61424 -2.4074 1499.79 2.54729 -2.09471 221.775 5.54217 -13 -1 1 0 1 -0.00630066 -0.0158957 3.39803 0 0 0 
2.66503 -3.59086 1599.78 2.18053 -3.00386 221.769 5.91165 -13 -1 1 0 1 0.00739557 -0.0282817 2.31724 0 0 0 
3.69727 -4.9879 1699.77 2.56704 -3.06078 221.764 6.28113 -13 -1 1 0 1 0.0209485 -0.0415197 0.821292 0 0 0 
5.13042 -6.2203 1799.75 3.92565 -2.23048 221.754 6.6506 -13 -1 1 0 1 0.0324829 -0.0485592 -0.810077 0 0 0 
7.28374 -6.80032 1899.72 5.55703 -0.0914172 221.73 7.02008 -13 -1 1 0 1 0.0383907 -0.0413461 -2.31176 0 0 0 
9.93539 -6.11097 1999.68 5.82698 3.25119 221.7 7.38956 -13 -1 1 0 1 0.0261937 -0.0172978 -3.39649 0 0 0 
12.1428 -3.96654 2099.64 3.57311 5.92002 221.692 7.75904 -13 -1 1 0 1 -0.0132169 0.00767172 -3.79978 0 0 0 
12.9815 -1.22199 2199.59 0.19611 5.70892 221.726 8.12851 -13 -1 1 0 1 -0.0622882 0.0123508 -3.4018 0 0 0 
12.5389 0.790559 2299.57 -1.81433 2.95717 221.773 8.49799 -13 -1 1 0 1 -0.092779 0.00163118 -2.32084 0 0 0 
11.6186 1.35957 2399.56 -2.0755 -0.403298 221.79 8.86747 -13 -1 1 0 1 -0.0989583 -0.0040658 -0.8245 0 0 0 
10.7032 0.506096 2499.56 -2.09535 -3.25801 221.766 9.23695 -13 -1 1 0 1 -0.0891729 0.00422617 0.807162 0 0 0 
9.52775 -1.42038 2599.53 -3.40933 -5.03285 221.717 9.60643 -13 -1 1 0 1 -0.0654507 0.0206711 2.3089 0 0 0 
7.39953 -3.69737 2699.48 -6.16627 -4.58928 221.667 9.9759 -13 -1 1 0 1 -0.029542 0.0285952 3.39375 0 0 0 
4.04225 -5.11328 2799.41 -8.41502 -1.28747 221.637 10.3454 -13 -1 1 0 1 -0.000102306 0.0155813 3.79778 0 0 0 
0.209741 -4.70165 2899.34 -8.13617 3.02113 221.63 10.7149 -13 -1 1 0 1 0.00142183 -0.00401 3.40203 0 0 0 
-3.03217 -2.65662 2999.26 -6.16961 5.64194 221.642 11.0843 -13 -1 1 0 1 -0.0187264 -0.0065691 2.3242 0 0 0 
-5.46503 0.0283983 3099.2 -4.88847 5.92761 221.667 11.4538 -13 -1 1 0 1 -0.040771 0.0085469 0.830455 0 0 0 
-7.71747 2.42793 3199.14 -5.38809 4.45247 221.69 11.8233 -13 -1 1 0 1 -0.0564523 0.026389 -0.800363 0 0 0 
-10.4838 3.79293 3299.09 -6.9039 1.31275 221.689 12.1928 -13 -1 1 0 1 -0.0615417 0.032384 -2.30353 0 0 0 
-13.7786 3.39524 3399.04 -7.3368 -3.18954 221.656 12.5623 -13 -1 1 0 1 -0.0421329 0.0209285 -3.3922 0 0 0 
-16.6833 1.03292 3498.97 -5.12524 -6.88952 221.634 12.9317 -13 -1 1 0 1 0.0126963 0.0077792 -3.80177 0 0 0 
-18.2179 -2.28243 3598.9 -1.76339 -7.15234 221.678 13.3012 -13 -1 1 0 1 0.0828388 0.0153692 -3.41015 0 0 0 
-18.5601 -4.9148 3698.86 -0.205417 -4.14352 221.761 13.6707 -13 -1 1 0 1 0.134432 0.0371022 -2.33257 0 0 0 
-18.7737 -5.82227 3798.86 -1.02384 0.229374 221.798 14.0402 -13 -1 1 0 1 0.159534 0.0482364 -0.836846 0 0 0 
-19.55 -4.62584 3898.84 -2.26136 5.17248 221.728 14.4096 -13 -1 1 0 1 0.166062 0.0358143 0.796261 0 0 0 
-20.4529 -1.10835 3998.77 -1.13014 10.3678 221.555 14.7791 -13 -1 1 0 1 0.148029 0.00324652 2.30153 0 0 0 
-19.9325 4.42721 4098.62 4.08714 13.5304 221.349 15.1486 -13 -1 1 0 1 0.0911846 -0.0239897 3.39256 0 0 0 
-16.478 10.2524 4198.38 11.0917 11.2688 221.236 15.5181 -13 -1 1 0 1 0.0145188 -0.00842212 3.80396 0 0 0 
-10.483 13.858 4298.13 14.5807 4.33646 221.278 15.8876 -13 -1 1 0 1 -0.0281162 0.0454107 3.41601 0 0 0 
-4.13185 14.2583 4397.93 12.9318 -2.05858 221.413 16.257 -13 -1 1 0 1 -0.0185348 0.0879664 2.34397 0 0 0 
0.893358 12.5941 4497.78 9.35632 -4.65781 221.554 16.6265 -13 -1 1 0 1 0.0128563 0.0941573 0.853527 0 0 0 
4.46209 10.5601 4597.7 6.72621 -3.93792 221.663 16.996 -13 -1 1 0 1 0.0390901 0.0767471 -0.777419 0 0 0 
7.15017 9.32541 4697.65 5.32302 -1.32926 221.732 17.3655 -13 -1 1 0 1 0.0497974 0.0518114 -2.28432 0 0 0 
9.27564 9.45184 4797.63 4.03234 1.86297 221.756 17.7349 -13 -1 1 0 1 0.0374877 0.0234544 -3.38097 0 0 0 
10.7121 10.8523 4897.61 2.31897 4.05436 221.751 18.1044 -13 -1 1 0 1 0.0010596 -0.0143984 -3.79989 0 0 0 
11.473 12.7971 4997.59 1.32216 4.24512 221.755 18.4739 -13 -1 1 0 1 -0.0442979 -0.062961 -3.41925 0 0 0 
12.2302 14.4595 5097.57 2.4335 2.96775 221.767 18.8434 -13 -1 1 0 1 -0.082879 -0.107434 -2.34993 0 0 0 
13.9833 15.3474 5197.55 5.60771 0.793445 221.728 19.2129 -13 -1 1 0 1 -0.115262 -0.131483 -0.858371 0 0 0 
17.4004 14.9109 5297.49 9.49296 -3.15764 221.574 19.5823 -13 -1 1 0 1 -0.145746 -0.127006 0.774496 0 0 0 
22.2456 12.0361 5397.32 11.3437 -10.0934 221.28 19.9518 -13 -1 1 0 1 -0.159225 -0.0882837 2.28386 0 0 0 
26.7475 5.59612 5497.01 7.44182 -18.2664 220.921 20.3213 -13 -1 1 0 1 -0.119041 -0.0300158 3.38513 0 0 0 
28.0175 -3.71817 5596.56 -2.41388 -21.7481 220.718 20.6908 -13 -1 1 0 1 -0.0174124 -0.00722197 3.81112 0 0 0 
24.6697 -12.7304 5696.08 -11.6345 -17.0289 220.839 21.0602 -13 -1 1 0 1 0.0801508 -0.0545137 3.43948 0 0 0 
18.5833 -18.511 5795.72 -14.1253 -8.60957 221.182 21.4297 -13 -1 1 0 1 0.112523 -0.126932 2.37841 0 0 0 
12.8088 -20.8755 5895.52 -10.8726 -2.52524 221.519 21.7992 -13 -1 1 0 1 0.0938487 -0.168843 0.891276 0 0 0 
9.04903 -21.3368 5995.45 -5.75021 0.0150317 221.726 22.1687 -13 -1 1 0 1 0.0643208 -0.170875 -0.742837 0 0 0 
7.54127 -21.0987 6095.44 -1.14446 0.966817 221.795 22.5382 -13 -1 1 0 1 0.0409307 -0.139304 -2.25865 0 0 0 
7.73355 -20.4299 6195.43 1.57258 2.07487 221.785 22.9076 -13 -1 1 0 1 0.018877 -0.0764108 -3.36976 0 0 0 
8.50954 -19.2386 6295.42 1.35644 3.05358 221.775 23.2771 -13 -1 1 0 1 -0.0118116 0.00410679 -3.80421 0 0 0 
8.58087 -17.9483 6395.41 -1.30755 2.28315 221.785 23.6466 -13 -1 1 0 1 -0.0441216 0.0746838 -3.43786 0 0 0 
7.22067 -17.4886 6495.4 -4.75654 -0.463592 221.749 24.0161 -13 -1 1 0 1 -0.0567661 0.122516 -2.37894 0 0 0 
4.25122 -18.3964 6595.35 -8.52918 -3.39608 221.61 24.3855 -13 -1 1 0 1 -0.039797 0.154106 -0.893628 0 0 0 
-0.645301 -20.2075 6695.21 -13.4201 -4.03543 221.357 24.755 -13 -1 1 0 1 0.00198621 0.171228 0.737492 0 0 0 
-7.95134 -21.2937 6794.94 -18.8462 0.211183 220.998 25.1245 -13 -1 1 0 1 0.0525359 0.155971 2.25053 0 0 0 
-17.1085 -19.144 6894.48 -20.6971 10.0422 220.604 25.494 -13 -1 1 0 1 0.069374 0.0923912 3.36376 0 0 0 
-25.3685 -12.14 6993.88 -14.5563 20.3897 220.381 25.8635 -13 -1 1 0 1 0.00637458 0.0185389 3.80952 0 0 0 
-29.4416 -1.8959 7093.26 -3.37681 23.4699 220.529 26.2329 -13 -1 1 0 1 -0.107298 0.00738837 3.46194 0 0 0 
-28.956 7.78441 7192.78 4.41145 18.5595 220.978 26.6024 -13 -1 1 0 1 -0.188463 0.0624486 2.41866 0 0 0 
-26.5615 14.5008 7292.52 5.11923 11.276 221.454 26.9719 -13 -1 1 0 1 -0.209348 0.124371 0.939875 0 0 0 
-25.055 18.1282 7392.44 1.10107 5.00667 221.741 27.3414 -13 -1 1 0 1 -0.197323 0.153573 -0.695486 0 0 0 
-25.6869 19.0719 7492.43 -3.70273 -0.882321 221.768 27.7108 -13 -1 1 0 1 -0.16776 0.137838 -2.22227 0 0 0 
-27.9249 17.2769 7592.39 -5.43782 -7.00167 221.623 28.0803 -13 -1 1 0 1 -0.104603 0.0795781 -3.35399 0 0 0 
-29.8145 13.1238 7692.28 -2.20452 -10.6504 221.533 28.4498 -13 -1 1 0 1 0.00394991 0.0119294 -3.81462 0 0 0 
-29.5847 8.57436 7792.17 3.14682 -8.49915 221.615 28.8193 -13 -1 1 0 1 0.120025 -0.0244038 -3.47134 0 0 0 
-27.3334 6.16933 7892.11 6.31083 -1.72535 221.704 29.1888 -13 -1 1 0 1 0.18942 -0.0359055 -2.42661 0 0 0 
-24.2445 7.12521 7992.06 7.26609 5.8345 221.604 29.5582 -13 -1 1 0 1 0.202443 -0.0552313 -0.947233 0 0 0 
-20.6018 11.1711 8091.9 9.3852 11.6811 221.293 29.9277 -13 -1 1 0 1 0.175313 -0.0915712 0.684545 0 0 0 
-15.1933 17.0791 8191.58 15.2675 13.6126 220.855 30.2972 -13 -1 1 0 1 0.114729 -0.121469 2.20451 0 0 0 
-6.50365 22.365 8291.05 23.1448 8.46111 220.427 30.6667 -13 -1 1 0 1 0.03977 -0.100461 3.33275 0 0 0 
4.95708 23.642 8390.37 26.3217 -3.47468 220.205 31.0361 -13 -1 1 0 1 0.0114525 -0.0170396 3.80379 0 0 0 
15.8672 19.3528 8489.67 20.8145 -14.6258 220.337 31.4056 -13 -1 1 0 1 0.0683023 0.060738 3.48487 0 0 0 
23.1881 11.6793 8589.1 11.7853 -17.9583 220.758 31.7751 -13 -1 1 0 1 0.159366 0.0686247 2.46447 0 0 0 
27.0651 4.22384 8688.74 6.31462 -14.296 221.249 32.1446 -13 -1 1 0 1 0.221481 0.0268481 0.999533 0 0 0 
29.6458 -0.740204 8788.58 5.77108 -7.3949 221.602 32.5141 -13 -1 1 0 1 0.243764 -0.0140448 -0.632471 0 0 0 
32.5328 -2.21628 8888.52 6.93973 1.02945 221.689 32.8835 -13 -1 1 0 1 0.227591 -0.0261759 -2.16804 0 0 0 
35.4866 0.192064 8988.44 5.43122 9.35995 221.536 33.253 -13 -1 1 0 1 0.153415 -0.0130606 -3.32308 0 0 0 
36.7801 5.57602 9088.28 -0.164139 13.4107 221.394 33.6225 -13 -1 1 0 1 0.0178088 -0.0127915 -3.81913 0 0 0 
35.3729 11.1539 9188.11 -5.51317 10.1867 221.498 33.992 -13 -1 1 0 1 -0.123906 -0.0533687 -3.50935 0 0 0 
32.5918 14.0782 9288.03 -5.89246 2.45931 221.708 34.3614 -13 -1 1 0 1 -0.21195 -0.102496 -2.4855 0 0 0 
30.6799 13.3452 9388 -2.25935 -5.59746 221.718 34.7309 -13 -1 1 0 1 -0.247192 -0.114836 -1.0139 0 0 0 
30.4797 9.10167 9487.9 0.885784 -13.2183 221.404 35.1004 -13 -1 1 0 1 -0.252612 -0.080788 0.620355 0 0 0 
30.7168 1.45481 9587.61 -0.972616 -20.5042 220.848 35.4699 -13 -1 1 0 1 -0.22218 -0.0169637 2.1526 0 0 0 
28.5037 -8.83572 9687.04 -9.90113 -24.0176 220.274 35.8394 -13 -1 1 0 1 -0.135434 0.0308439 3.30311 0 0 0 
21.368 -18.8125 9786.27 -21.4162 -18.5598 219.982 36.2088 -13 -1 1 0 1 -0.0254193 0.00283616 3.80453 0 0 0 
10.1975 -24.4444 9885.47 -26.5205 -5.91887 220.13 36.5783 -13 -1 1 0 1 0.0216564 -0.0894455 3.51432 0 0 0 
-1.16857 -24.4676 9984.81 -22.794 4.78528 220.574 36.9478 -13 -1 1 0 1 -0.0182235 -0.160648 2.51878 0 0 0 
-9.91131 -21.2817 10084.4 -16.0314 8.08297 221.073 37.3173 -13 -1 1 0 1 -0.0874764 -0.170588 1.06845 0 0 0 
-15.907 -18.115 10184.1 -10.9574 5.19025 221.469 37.6867 -13 -1 1 0 1 -0.137905 -0.146249 -0.559119 0 0 0 
-20.0226 -17.0737 10284 -7.34344 -0.847011 221.677 38.0562 -13 -1 1 0 1 -0.150615 -0.116014 -2.10178 0 0 0 
-22.3825 -18.8701 10384 -2.84301 -6.79011 221.678 38.4257 -13 -1 1 0 1 -0.111739 -0.0776039 -3.27683 0 0 0 
-22.4214 -22.6164 10483.9 2.59461 -8.96407 221.604 38.7952 -13 -1 1 0 1 -0.0282728 -0.00732735 -3.80627 0 0 0 
-20.4538 -26.1987 10583.8 5.34273 -6.29656 221.647 39.1647 -13 -1 1 0 1 0.0556621 0.094824 -3.533 0 0 0 
-18.4245 -28.0339 10683.8 2.80247 -1.8605 221.775 39.5341 -13 -1 1 0 1 0.107769 0.18536 -2.53871 0 0 0 
-18.4975 -27.9947 10783.8 -3.49569 1.94223 221.764 39.9036 -13 -1 1 0 1 0.140583 0.228765 -1.08142 0 0 0 
-21.6714 -26.1742 10883.7 -10.4187 6.51153 221.46 40.2731 -13 -1 1 0 1 0.172916 0.220951 0.552125 0 0 0 
-27.4432 -21.599 10983.4 -14.2941 14.4382 220.868 40.6426 -13 -1 1 0 1 0.191475 0.16269 2.09706 0 0 0 
-33.3857 -12.79 11082.9 -10.4598 24.5383 220.191 41.012 -13 -1 1 0 1 0.1492 0.0711778 3.27378 0 0 0 
-35.5171 -0.247126 11182 2.0309 29.5201 219.818 41.3815 -13 -1 1 0 1 0.0261754 0.015634 3.80852 0 0 0 
-31.4524 12.1444 11281.2 15.1558 23.7466 220.004 41.751 -13 -1 1 0 1 -0.101077 0.0538204 3.55056 0 0 0 
-23.1547 20.2722 11380.5 20.0051 12.1568 220.562 42.1205 -13 -1 1 0 1 -0.14414 0.139141 2.57759 0 0 0 
-14.6325 23.5629 11480 16.9024 3.34479 221.13 42.49 -13 -1 1 0 1 -0.11271 0.194672 1.13802 0 0 0 
-8.32413 24.1348 11579.8 10.9599 -0.000277799 221.529 42.8594 -13 -1 1 0 1 -0.0627562 0.203579 -0.489515 0 0 0 
-4.71155 24.0703 11679.8 5.1954 0.0169212 221.74 43.2289 -13 -1 1 0 1 -0.0252202 0.177563 -2.04102 0 0 0 
-3.47481 24.2178 11779.8 0.545516 0.535357 221.799 43.5984 -13 -1 1 0 1 -0.00449284 0.118462 -3.23556 0 0 0 
-3.89007 24.4043 11879.8 -1.90729 0.155032 221.792 43.9679 -13 -1 1 0 1 0.0100595 0.0280922 -3.79156 0 0 0 
-4.70958 24.3575 11979.8 -1.20168 -0.203365 221.797 44.3373 -13 -1 1 0 1 0.0278301 -0.0703067 -3.55099 0 0 0 
-4.58587 24.4564 12079.8 2.06699 0.924419 221.789 44.7068 -13 -1 1 0 1 0.0395978 -0.148331 -2.58465 0 0 0 
-2.62566 25.3526 12179.7 6.84826 3.06156 221.674 45.0763 -13 -1 1 0 1 0.0296748 -0.197893 -1.14416 0 0 0 
1.80414 27.0115 12279.6 13.0427 3.80106 221.384 45.4458 -13 -1 1 0 1 -0.00611288 -0.220924 0.484649 0 0 0 
9.24844 28.0768 12379.3 19.8567 -0.0996926 220.91 45.8153 -13 -1 1 0 1 -0.0557292 -0.203195 2.03596 0 0 0 
19.1794 25.9494 12478.8 23.0643 -10.2337 220.36 46.1847 -13 -1 1 0 1 -0.0764141 -0.126013 3.23316 0 0 0 
28.6502 18.5845 12578.1 17.2765 -21.9179 220.038 46.5542 -13 -1 1 0 1 -0.0123839 -0.0243431 3.79953 0 0 0 
33.6669 7.35645 12677.3 4.55076 -26.1005 220.212 46.9237 -13 -1 1 0 1 0.116442 0.0149744 3.57643 0 0 0 
33.1616 -3.4468 12776.7 -5.6646 -20.6186 220.767 47.2932 -13 -1 1 0 1 0.215069 -0.0284085 2.62679 0 0 0 
29.7529 -10.7346 12876.4 -8.22635 -11.7129 221.338 47.6626 -13 -1 1 0 1 0.240135 -0.0910904 1.19696 0 0 0 
26.5525 -14.2651 12976.2 -5.44949 -4.32995 221.691 48.0321 -13 -1 1 0 1 0.220279 -0.124192 -0.431154 0 0 0 
24.9961 -14.9186 13076.2 -1.58977 1.22001 221.791 48.4016 -13 -1 1 0 1 0.180822 -0.117217 -1.99182 0 0 0 
24.7763 -13.3254 13176.2 0.0507287 5.61231 221.729 48.7711 -13 -1 1 0 1 0.117153 -0.0761246 -3.20433 0 0 0 
24.5033 -10.2332 13276.2 -1.75862 7.48094 221.667 49.1406 -13 -1 1 0 1 0.0240966 -0.0254031 -3.78664 0 0 0 
22.984 -7.24735 13376.1 -4.90564 5.03745 221.689 49.51 -13 -1 1 0 1 -0.0701992 0.00729515 -3.57383 0 0 0 
20.3348 -6.16807 13476.1 -6.49218 -0.519784 221.705 49.8795 -13 -1 1 0 1 -0.126645 0.0260934 -2.62832 0 0 0 
17.3346 -7.74542 13576 -6.80305 -6.33243 221.606 50.249 -13 -1 1 0 1 -0.138672 0.0518861 -1.20104 0 0 0 
13.9867 -11.6484 13675.9 -8.50577 -10.6212 221.383 50.6185 -13 -1 1 0 1 -0.118996 0.0879418 0.423342 0 0 0 
9.15009 -16.849 13775.6 -13.5121 -11.7028 221.079 50.9879 -13 -1 1 0 1 -0.0736273 0.113936 1.97905 0 0 0 
1.52194 -21.3127 13875.2 -20.2115 -6.95589 220.768 51.3574 -13 -1 1 0 1 -0.0184893 0.0932249 3.19022 0 0 0 
-8.45149 -22.2218 13974.7 -22.8231 3.50289 220.595 51.7269 -13 -1 1 0 1 -0.00450177 0.0151874 3.78122 0 0 0 
-17.8297 -18.2714 14074.2 -17.6094 13.1755 220.707 52.0964 -13 -1 1 0 1 -0.0658397 -0.061157 3.58594 0 0 0 
-23.8041 -11.4754 14173.8 -8.96366 15.6116 221.069 52.4659 -13 -1 1 0 1 -0.156522 -0.0750665 2.65822 0 0 0 
-26.4022 -5.18378 14273.5 -3.35166 11.5625 221.474 52.8353 -13 -1 1 0 1 -0.215703 -0.0427768 1.24069 0 0 0 
-27.4844 -1.42613 14373.4 -1.97945 4.91477 221.737 53.2048 -13 -1 1 0 1 -0.23303 -0.0109692 -0.384549 0 0 0 
-28.388 -0.820815 14473.4 -1.92975 -2.2085 221.781 53.5743 -13 -1 1 0 1 -0.214461 -0.00239071 -1.9507 0 0 0 
-28.8931 -3.25385 14573.4 0.226521 -8.16767 221.65 53.9438 -13 -1 1 0 1 -0.150337 -0.00954617 -3.17768 0 0 0 
-27.7589 -7.54346 14673.3 5.0302 -9.9032 221.522 54.3132 -13 -1 1 0 1 -0.0438148 -0.000707428 -3.783 0 0 0 
-24.5258 -11.3004 14773.2 8.73003 -5.9586 221.549 54.6827 -13 -1 1 0 1 0.059154 0.0407978 -3.59381 0 0 0 
-20.5745 -12.5276 14873.1 8.05494 0.565294 221.654 55.0522 -13 -1 1 0 1 0.115569 0.0834265 -2.66653 0 0 0 
-17.7087 -10.9593 14973 4.47622 6.10619 221.671 55.4217 -13 -1 1 0 1 0.132014 0.0924358 -1.24817 0 0 0 
-16.4264 -7.22997 15072.9 1.60221 10.2928 221.556 55.7912 -13 -1 1 0 1 0.130386 0.06676 0.371398 0 0 0 
-15.7329 -1.77918 15172.8 2.21086 13.7184 221.365 56.1606 -13 -1 1 0 1 0.111488 0.0231131 1.93285 0 0 0 
-13.7544 4.80148 15272.5 7.19986 14.8251 221.187 56.5301 -13 -1 1 0 1 0.0651887 -0.00961502 3.15562 0 0 0 
-8.98982 10.8002 15372.2 13.7371 10.8374 221.109 56.8996 -13 -1 1 0 1 0.0100263 0.00312022 3.76334 0 0 0 
-1.96529 13.9499 15471.9 16.4587 2.88982 221.17 57.2691 -13 -1 1 0 1 -0.00521802 0.054852 3.58461 0 0 0 
5.02994 13.6551 15571.7 13.922 -3.50654 221.335 57.6385 -13 -1 1 0 1 0.0316746 0.0947078 2.67201 0 0 0 
10.3439 11.5462 15671.5 9.70767 -5.02186 221.531 58.008 -13 -1 1 0 1 0.083274 0.0990571 1.26408 0 0 0 
13.972 9.73771 15771.4 6.61976 -2.49419 221.688 58.3775 -13 -1 1 0 1 0.118927 0.0866153 -0.352736 0 0 0 
16.4143 9.60382 15871.4 4.15604 2.06908 221.752 58.747 -13 -1 1 0 1 0.126653 0.0762377 -1.91985 0 0 0 
17.5235 11.5615 15971.4 0.458385 6.31632 221.71 59.1165 -13 -1 1 0 1 0.0960862 0.0634209 -3.15463 0 0 0 
16.6346 14.801 16071.3 -4.39073 7.31927 221.636 59.4859 -13 -1 1 0 1 0.0327919 0.0252197 -3.77515 0 0 0 
13.87 17.5244 16171.3 -7.24294 4.24255 221.642 59.8554 -13 -1 1 0 1 -0.0264787 -0.04289 -3.60293 0 0 0 
10.7616 18.4485 16271.2 -5.8725 -0.0390748 221.723 60.2249 -13 -1 1 0 1 -0.0539504 -0.106526 -2.69046 0 0 0 
8.99275 17.719 16371.2 -1.74806 -2.91838 221.775 60.5944 -13 -1 1 0 1 -0.061042 -0.135951 -1.27962 0 0 0 
9.20519 15.9619 16471.2 2.54294 -4.87437 221.732 60.9638 -13 -1 1 0 1 -0.0666302 -0.131001 0.339164 0 0 0 
11.0198 13.198 16571.1 5.05744 -7.60843 221.612 61.3333 -13 -1 1 0 1 -0.0698829 -0.0989493 1.90582 0 0 0 
13.2214 8.95668 16671 3.98837 -11.19 221.482 61.7028 -13 -1 1 0 1 -0.0520759 -0.0494045 3.13803 0 0 0 
13.9985 3.39472 16770.8 -1.03887 -12.86 221.425 62.0723 -13 -1 1 0 1 -0.00326203 -0.0115799 3.75668 0 0 0 
12.1751 -1.94795 16870.7 -6.76244 -10.1154 221.467 62.4418 -13 -1 1 0 1 0.0470189 -0.0132789 3.58696 0 0 0 
8.40801 -5.33277 16970.5 -9.27905 -4.82192 221.554 62.8112 -13 -1 1 0 1 0.0605459 -0.0392608 2.68051 0 0 0 
4.30653 -6.49975 17070.4 -8.55646 -0.780646 221.634 63.1807 -13 -1 1 0 1 0.0401007 -0.057409 1.2753 0 0 0 
0.843004 -6.46201 17170.4 -6.77932 0.500394 221.696 63.5502 -13 -1 1 0 1 0.0106599 -0.0605245 -0.34071 0 0 0 
-1.81827 -6.38165 17270.3 -5.02673 -0.418804 221.743 63.9197 -13 -1 1 0 1 -0.0112444 -0.0564982 -1.90846 0 0 0 
-3.64187 -6.98102 17370.3 -2.96239 -2.26287 221.769 64.2891 -13 -1 1 0 1 -0.0169018 -0.0474138 -3.14584 0 0 0 
-4.40751 -8.31521 17470.3 -0.40964 -3.41711 221.774 64.6586 -13 -1 1 0 1 -0.00519511 -0.0254941 -3.77241 0 0 0 
-4.10707 -9.8127 17570.3 1.50036 -2.98261 221.776 65.0281 -13 -1 1 0 1 0.0111056 0.0126863 -3.60885 0 0 0 
-3.34485 -10.8868 17670.3 1.5395 -1.77415 221.788 65.3976 -13 -1 1 0 1 0.0188927 0.0532702 -2.70607 0 0 0 
-2.97946 -11.475 17770.3 -0.133569 -0.928804 221.799 65.7671 -13 -1 1 0 1 0.0206211 0.0802039 -1.30218 0 0 0 
-3.59256 -11.7633 17870.3 -2.65918 -0.308987 221.784 66.1365 -13 -1 1 0 1 0.0245401 0.08884 0.313161 0 0 0 
-5.37293 -11.6234 17970.3 -5.13231 1.16463 221.738 66.506 -13 -1 1 0 1 0.0310069 0.0772933 1.87975 0 0 0 
-7.99342 -10.482 18070.2 -6.08246 4.09956 221.679 66.8755 -13 -1 1 0 1 0.027716 0.0435021 3.11489 0 0 0 
-10.3931 -7.91271 18170.2 -4.03547 7.06782 221.651 67.245 -13 -1 1 0 1 -0.000654988 0.00168286 3.73829 0 0 0 
-11.305 -4.51754 18270.1 0.100152 7.4127 221.677 67.6144 -13 -1 1 0 1 -0.0448518 -0.0198096 3.57118 0 0 0 
-10.4424 -1.69218 18370.1 3.38375 4.77702 221.723 67.9839 -13 -1 1 0 1 -0.0740297 -0.0152585 2.66485 0 0 0 
-8.58601 -0.320173 18470 4.54805 1.37855 221.75 68.3534 -13 -1 1 0 1 -0.0761008 -0.00485139 1.25707 0 0 0 
-6.49699 -0.287689 18570 4.67553 -0.993638 221.749 68.7229 -13 -1 1 0 1 -0.0617455 -0.001833 -0.363043 0 0 0 
-4.33193 -0.977402 18670 5.01216 -1.78322 221.737 69.0924 -13 -1 1 0 1 -0.0413007 -0.00374641 -1.93586 0 0 0 
-1.93104 -1.63157 18769.9 5.6142 -0.832777 221.728 69.4618 -13 -1 1 0 1 -0.0214353 -0.00214307 -3.17921 0 0 0 
0.611946 -1.52687 18869.9 5.44288 1.41 221.729 69.8313 -13 -1 1 0 1 -0.0125373 0.00550338 -3.81375 0 0 0 
2.7627 -0.39802 18969.9 3.91678 3.41079 221.74 70.2008 -13 -1 1 0 1 -0.0201367 0.0087633 -3.661 0 0 0 
4.09804 1.31498 19069.9 2.09386 3.92148 221.756 70.5703 -13 -1 1 0 1 -0.0342047 -0.000798386 -2.77129 0 0 0 
4.81323 2.95159 19169.8 1.30405 3.20317 221.774 70.9397 -13 -1 1 0 1 -0.0435923 -0.0161205 -1.38173 0 0 0 
5.46059 4.12422 19269.8 1.72659 1.93046 221.786 71.3092 -13 -1 1 0 1 -0.0478048 -0.025748 0.217794 0 0 0 
6.44193 4.61961 19369.8 2.61089 0.169797 221.785 71.6787 -13 -1 1 0 1 -0.047825 -0.0229157 1.76629 0 0 0 
7.70156 4.20111 19469.8 2.74819 -2.05801 221.774 72.0482 -13 -1 1 0 1 -0.0372455 -0.00672639 2.97986 0 0 0 
8.66861 2.84051 19569.8 1.27683 -3.75353 221.765 72.4177 -13 -1 1 0 1 -0.00913417 0.0121719 3.57604 0 0 0 
8.71796 1.1136 19669.8 -1.05238 -3.53704 221.77 72.7871 -13 -1 1 0 1 0.026966 0.0179692 3.37273 0 0 0 
7.8485 -0.0782391 19769.8 -2.58231 -1.56911 221.78 73.1566 -13 -1 1 0 1 0.0509534 0.0114118 2.41709 0 0 0 
6.56985 -0.255016 19869.8 -2.96358 0.732291 221.78 73.5261 -13 -1 1 0 1 0.0566068 0.00670455 0.941553 0 0 0 
5.19426 0.482762 19969.8 -3.2194 2.39053 221.764 73.8956 -13 -1 1 0 1 0.0503113 0.0110513 -0.771121 0 0 0 
3.53567 1.7264 20069.7 -4.30775 2.87392 221.74 74.265 -13 -1 1 0 1 0.0363954 0.0203287 -2.47085 0 0 0 
1.21108 2.78149 20169.7 -5.99021 1.42673 221.715 74.6345 -13 -1 1 0 1 0.0184391 0.0236634 -3.89034 0 0 0 
-1.68135 2.69954 20269.7 -6.44939 -2.01472 221.698 75.004 -13 -1 1 0 1 0.00856954 0.0149047 -4.76982 0 0 0 
-4.17822 0.975902 20369.6 -4.19126 -5.36572 221.696 75.3735 -13 -1 1 0 1 0.0157307 0.00627047 -4.95722 0 0 0 
-5.24024 -1.75162 20469.6 -0.506964 -6.25266 221.712 75.743 -13 -1 1 0 1 0.0269229 0.0110428 -4.53535 0 0 0 
-4.79149 -4.31472 20569.5 2.21396 -4.87878 221.736 76.1124 -13 -1 1 0 1 0.0267695 0.0215728 -3.76651 0 0 0 
-3.50304 -6.06778 20669.5 3.25685 -2.91872 221.758 76.4819 -13 -1 1 0 1 0.0177689 0.026028 -2.93258 0 0 0 
-2.2701 -6.85957 20752.2 3.2848 -1.61166 221.77 76.7874 -13 -1 1 0 1 0.00986943 0.0241865 -2.31519 0 0 0 

