# AllTracks
#x y z Px Py Pz t PDGid EventID TrackID ParentID Weight Bx By Bz Ex Ey Ez
# Event -2 Track 1
-11.2945 14.0917 0 0.833811 -1.28855 227.895 0 -13 -2 1 0 1 0.0844236 -0.0883828 -2.26474 0 0 0 
-11.2894 14.0922 0.4995 0.848961 -1.27465 227.895 0.00183663 -13 -2 1 0 1 0.0844909 -0.0885385 -2.25815 0 0 0 
-11.2894 14.0922 0.5005 0.848991 -1.27462 227.895 0.00184031 -13 -2 1 0 1 0.0844911 -0.0885388 -2.25814 0 0 0 
-10.2598 14.2025 100.494 3.85547 1.8263 227.86 0.369509 -13 -2 1 0 1 0.089453 -0.110534 -0.784151 0 0 0 
-7.81958 15.5892 200.453 7.44556 4.19952 227.74 0.737178 -13 -2 1 0 1 0.0701817 -0.124208 0.811966 0 0 0 
-3.56625 17.4677 300.343 12.034 3.7074 227.552 1.10485 -13 -2 1 0 1 0.033652 -0.118799 2.2787 0 0 0 
2.60414 18.1878 400.147 15.6068 -1.13751 227.362 1.47252 -13 -2 1 0 1 0.00240789 -0.0757525 3.33918 0 0 0 
9.43569 16.0931 499.887 14.5678 -8.40879 227.278 1.84018 -13 -2 1 0 1 0.0131058 -0.0076322 3.73203 0 0 0 
14.6682 11.2263 599.626 8.8009 -12.9374 227.362 2.20785 -13 -2 1 0 1 0.067573 0.0352751 3.34059 0 0 0 
17.14 5.53142 699.431 2.84213 -12.2415 227.553 2.57552 -13 -2 1 0 1 0.12119 0.0295138 2.28107 0 0 0 
17.662 0.932102 799.322 0.150819 -8.47148 227.742 2.94319 -13 -2 1 0 1 0.144666 0.000635198 0.814532 0 0 0 
17.7143 -1.82737 899.282 0.426907 -4.10938 227.863 3.31086 -13 -2 1 0 1 0.142794 -0.0225271 -0.785986 0 0 0 
18.1634 -2.69326 999.276 1.57154 0.128311 227.895 3.67853 -13 -2 1 0 1 0.121167 -0.0286557 -2.25769 0 0 0 
18.9118 -1.79697 1099.27 1.52594 3.75457 227.864 4.0462 -13 -2 1 0 1 0.0733301 -0.0207751 -3.32593 0 0 0 
19.2408 0.287723 1199.24 -0.21495 5.24917 227.839 4.41387 -13 -2 1 0 1 0.00061847 -0.0151534 -3.72551 0 0 0 
18.7331 2.33684 1299.22 -1.89028 3.60296 227.864 4.78154 -13 -2 1 0 1 -0.0716018 -0.0227594 -3.33769 0 0 0 
17.8551 3.15105 1399.21 -1.79329 -0.0739869 227.893 5.1492 -13 -2 1 0 1 -0.118523 -0.0316162 -2.27842 0 0 0 
17.3396 2.20518 1499.21 -0.513225 -4.25864 227.86 5.51687 -13 -2 1 0 1 -0.139584 -0.0255143 -0.811284 0 0 0 
17.2731 -0.599556 1599.17 -0.131804 -8.52821 227.74 5.88454 -13 -2 1 0 1 -0.141695 -0.00199758 0.788802 0 0 0 
16.7815 -5.20884 1699.06 -2.72353 -12.2424 227.555 6.25221 -13 -2 1 0 1 -0.119265 0.0275475 2.25903 0 0 0 
14.3791 -10.9087 1798.86 -8.61466 -12.9764 227.367 6.61988 -13 -2 1 0 1 -0.0671625 0.0346221 3.32671 0 0 0 
9.22547 -15.8145 1898.6 -14.4157 -8.54932 227.283 6.98755 -13 -2 1 0 1 -0.0136474 -0.00669744 3.72891 0 0 0 
2.43454 -17.9869 1998.35 -15.5812 -1.33698 227.363 7.35522 -13 -2 1 0 1 -0.00319641 -0.0741069 3.34781 0 0 0 
-3.75223 -17.3536 2098.15 -12.1248 3.51713 227.55 7.72289 -13 -2 1 0 1 -0.0347873 -0.117593 2.29586 0 0 0 
-8.05914 -15.5559 2198.04 -7.5879 4.01469 227.738 8.09056 -13 -2 1 0 1 -0.0720004 -0.123857 0.833046 0 0 0 
-10.5616 -14.2595 2298 -3.98559 1.58994 227.86 8.45822 -13 -2 1 0 1 -0.0919283 -0.111195 -0.767377 0 0 0 
-11.6311 -14.2723 2397.99 -0.884695 -1.60094 227.893 8.82589 -13 -2 1 0 1 -0.0870818 -0.0902459 -2.24586 0 0 0 
-11.3053 -15.4716 2497.98 2.36938 -3.49065 227.861 9.19356 -13 -2 1 0 1 -0.0562522 -0.0537752 -3.32105 0 0 0 
-9.67913 -16.9419 2597.96 4.71394 -2.7783 227.834 9.56123 -13 -2 1 0 1 -0.0139367 0.00617462 -3.72977 0 0 0 
-7.5857 -17.6627 2697.93 4.28639 -0.426411 227.859 9.9289 -13 -2 1 0 1 0.0166549 0.0736713 -3.35194 0 0 0 
-6.33083 -17.3968 2797.92 1.09471 1.44985 227.893 10.2966 -13 -2 1 0 1 0.0325503 0.120389 -2.29971 0 0 0 
-6.78783 -16.5228 2897.92 -3.22957 2.49281 227.864 10.6642 -13 -2 1 0 1 0.0478253 0.136691 -0.83573 0 0 0 
-9.11799 -15.1002 2997.88 -7.22942 4.27954 227.745 11.0319 -13 -2 1 0 1 0.0688712 0.127292 0.764769 0 0 0 
-12.8554 -12.4206 3097.77 -9.29748 8.35278 227.557 11.3996 -13 -2 1 0 1 0.0835018 0.0930339 2.24217 0 0 0 
-16.6503 -7.53929 3197.57 -7.14035 13.8704 227.365 11.7672 -13 -2 1 0 1 0.0643532 0.043247 3.31701 0 0 0 
-18.4316 -0.628074 3297.32 -0.459276 16.8242 227.278 12.1349 -13 -2 1 0 1 0.00198287 0.0152296 3.72844 0 0 0 
-17.0148 6.39746 3397.05 6.47475 14.3457 227.356 12.5026 -13 -2 1 0 1 -0.0626647 0.0377346 3.35746 0 0 0 
-13.4048 11.5221 3496.85 9.12071 8.91753 227.543 12.8703 -13 -2 1 0 1 -0.0857594 0.0860233 2.31284 0 0 0 
-9.65784 14.4128 3596.74 7.41613 4.65669 227.732 13.2379 -13 -2 1 0 1 -0.0728965 0.121469 0.853581 0 0 0 
-7.19937 15.9574 3696.7 3.60456 2.69194 227.856 13.6056 -13 -2 1 0 1 -0.0514554 0.132813 -0.746836 0 0 0 
-6.55852 16.9084 3796.69 -0.651829 1.63148 227.893 13.9733 -13 -2 1 0 1 -0.0349165 0.118974 -2.22857 0 0 0 
-7.63146 17.277 3896.68 -3.93107 -0.129902 227.866 14.3409 -13 -2 1 0 1 -0.0183718 0.0753987 -3.31088 0 0 0 
-9.62013 16.7067 3996.66 -4.61016 -2.41268 227.841 14.7086 -13 -2 1 0 1 0.0118239 0.00985006 -3.72897 0 0 0 
-11.2608 15.382 4096.64 -2.52374 -3.21579 227.863 15.0763 -13 -2 1 0 1 0.0540841 -0.0504808 -3.36145 0 0 0 
-11.6882 14.2714 4196.63 0.596568 -1.46412 227.895 15.4439 -13 -2 1 0 1 0.0863224 -0.0885701 -2.31668 0 0 0 
-11.6522 14.2727 4200.5 0.716435 -1.35583 227.895 15.4582 -13 -2 1 0 1 0.0869055 -0.0897825 -2.26579 0 0 0 
-11.6522 14.2727 4200.5 0.716466 -1.3558 227.895 15.4582 -13 -2 1 0 1 0.0869056 -0.0897828 -2.26578 0 0 0 
-10.6689 14.3598 4300.49 3.77283 1.81136 227.862 15.8258 -13 -2 1 0 1 0.0927003 -0.111826 -0.791198 0 0 0 
-8.25667 15.7624 4400.45 7.40233 4.29072 227.739 16.1935 -13 -2 1 0 1 0.0736279 -0.125608 0.809188 0 0 0 
-4.00789 17.7043 4500.34 12.0657 3.89998 227.547 16.5612 -13 -2 1 0 1 0.0365479 -0.120388 2.27621 0 0 0 
2.20298 18.5205 4600.14 15.7658 -0.908975 227.352 16.9288 -13 -2 1 0 1 0.0039269 -0.0770556 3.33693 0 0 0 
9.13233 16.5127 4699.88 14.8439 -8.26044 227.266 17.2965 -13 -2 1 0 1 0.0130889 -0.00766389 3.72998 0 0 0 
14.4936 11.6787 4799.61 9.09059 -12.9382 227.351 17.6642 -13 -2 1 0 1 0.0668854 0.0369745 3.33874 0 0 0 
17.0754 5.9561 4899.41 3.04296 -12.3548 227.545 18.0319 -13 -2 1 0 1 0.120744 0.0322853 2.27942 0 0 0 
17.6604 1.29642 4999.3 0.239613 -8.62284 227.737 18.3995 -13 -2 1 0 1 0.144635 0.00349588 0.813081 0 0 0 
17.7329 -1.52986 5099.26 0.437642 -4.26 227.86 18.7672 -13 -2 1 0 1 0.142926 -0.0201873 -0.787292 0 0 0 
18.1788 -2.46115 5199.25 1.55516 -0.0203458 227.895 19.1349 -13 -2 1 0 1 0.121246 -0.0271269 -2.26249 0 0 0 
18.9232 -1.63042 5299.24 1.53188 3.60536 227.866 19.5025 -13 -2 1 0 1 0.0733595 -0.0201362 -3.3306 0 0 0 
19.2665 0.391473 5399.22 -0.152864 5.11651 227.843 19.8702 -13 -2 1 0 1 0.000608106 -0.0151531 -3.73012 0 0 0 
18.7989 2.39046 5499.2 -1.77264 3.50933 227.866 20.2379 -13 -2 1 0 1 -0.0718646 -0.022967 -3.34226 0 0 0 
17.9806 3.17186 5599.19 -1.6426 -0.133898 227.894 20.6055 -13 -2 1 0 1 -0.119364 -0.0317583 -2.28288 0 0 0 
17.535 2.20061 5699.19 -0.347512 -4.32253 227.859 20.9732 -13 -2 1 0 1 -0.141145 -0.0254833 -0.815567 0 0 0 
17.5416 -0.642524 5799.14 0.0314819 -8.64804 227.736 21.3409 -13 -2 1 0 1 -0.143839 -0.00166003 0.784757 0 0 0 
17.1129 -5.32449 5899.03 -2.61131 -12.4571 227.544 21.7085 -13 -2 1 0 1 -0.121464 0.0283147 2.25886 0 0 0 
14.7352 -11.1374 5998.83 -8.62597 -13.2665 227.35 22.0762 -13 -2 1 0 1 -0.0685568 0.0355203 3.32679 0 0 0 
9.54211 -16.17 6098.57 -14.5808 -8.81729 227.262 22.4439 -13 -2 1 0 1 -0.0136808 -0.00665234 3.7293 0 0 0 
2.65707 -18.4363 6198.3 -15.8254 -1.48816 227.345 22.8115 -13 -2 1 0 1 -0.00236379 -0.075776 3.34853 0 0 0 
-3.63195 -17.8422 6298.09 -12.3296 3.48194 227.54 23.1792 -13 -2 1 0 1 -0.0340006 -0.120777 2.29677 0 0 0 
-8.00657 -16.0459 6397.98 -7.68628 4.03257 227.735 23.5469 -13 -2 1 0 1 -0.0715873 -0.127715 0.83399 0 0 0 
-10.5264 -14.7385 6497.94 -3.96749 1.62011 227.86 23.9146 -13 -2 1 0 1 -0.0916568 -0.114987 -0.766538 0 0 0 
-11.5655 -14.7338 6597.93 -0.770366 -1.54514 227.894 24.2822 -13 -2 1 0 1 -0.0866642 -0.0933198 -2.24527 0 0 0 
-11.1779 -15.8952 6697.92 2.52339 -3.36776 227.861 24.6499 -13 -2 1 0 1 -0.0557805 -0.0554574 -3.32083 0 0 0 
-9.49204 -17.2945 6797.9 4.81694 -2.58288 227.835 25.0176 -13 -2 1 0 1 -0.0139433 0.00610599 -3.72995 0 0 0 
-7.37745 -17.9241 6897.87 4.27556 -0.219564 227.86 25.3852 -13 -2 1 0 1 0.0158596 0.0746188 -3.35248 0 0 0 
-6.15141 -17.5779 6997.86 0.980789 1.60204 227.892 25.7529 -13 -2 1 0 1 0.0313705 0.121554 -2.3005 0 0 0 
-6.67285 -16.6517 7097.86 -3.40254 2.58236 227.86 26.1206 -13 -2 1 0 1 0.0469169 0.1377 -0.836651 0 0 0 
-9.08585 -15.1962 7197.82 -7.43011 4.35013 227.737 26.4882 -13 -2 1 0 1 0.06862 0.128055 0.763829 0 0 0 
-12.9127 -12.4784 7297.7 -9.49833 8.46593 227.545 26.8559 -13 -2 1 0 1 0.0838978 0.0934313 2.24136 0 0 0 
-16.7868 -7.52995 7397.5 -7.28957 14.0652 227.349 27.2236 -13 -2 1 0 1 0.0649282 0.0432282 3.31656 0 0 0 
-18.6109 -0.518603 7497.24 -0.498624 17.0756 227.259 27.5912 -13 -2 1 0 1 0.00206101 0.0152196 3.72856 0 0 0 
-17.1858 6.61614 7596.97 6.5447 14.5801 227.339 27.9589 -13 -2 1 0 1 -0.0632535 0.0385314 3.35828 0 0 0 
-13.5335 11.8309 7696.76 9.22933 9.09235 227.532 28.3266 -13 -2 1 0 1 -0.0865774 0.088018 2.31419 0 0 0 
-9.74538 14.7873 7796.64 7.48354 4.78659 227.727 28.6943 -13 -2 1 0 1 -0.0735838 0.12441 0.855152 0 0 0 
-7.27658 16.3839 7896.6 3.57774 2.79985 227.855 29.0619 -13 -2 1 0 1 -0.0520755 0.136198 -0.745362 0 0 0 
-6.67308 17.3751 7996.59 -0.795753 1.69971 227.892 29.4296 -13 -2 1 0 1 -0.0356966 0.122113 -2.2275 0 0 0 
-7.83065 17.7544 8096.58 -4.16147 -0.158979 227.862 29.7973 -13 -2 1 0 1 -0.0191872 0.0773445 -3.31053 0 0 0 
-9.9219 17.1433 8196.56 -4.82733 -2.56778 227.835 30.1649 -13 -2 1 0 1 0.0117428 0.00998017 -3.72942 0 0 0 
-11.6356 15.7331 8296.53 -2.62934 -3.43253 227.859 30.5326 -13 -2 1 0 1 0.0554374 -0.0517289 -3.36263 0 0 0 
-12.0811 14.5336 8396.52 0.614847 -1.63796 227.893 30.9003 -13 -2 1 0 1 0.08886 -0.0902489 -2.31828 0 0 0 
-12.043 14.5327 8400.5 0.74204 -1.52342 227.894 30.9149 -13 -2 1 0 1 0.0894831 -0.0915005 -2.266 0 0 0 
-12.043 14.5327 8400.5 0.742072 -1.52339 227.894 30.9149 -13 -2 1 0 1 0.0894832 -0.0915008 -2.26599 0 0 0 
-11.0299 14.567 8500.49 3.87528 1.7399 227.861 31.2826 -13 -2 1 0 1 0.0955507 -0.113465 -0.791266 0 0 0 
-8.56169 15.9571 8600.45 7.55362 4.29846 227.734 31.6502 -13 -2 1 0 1 0.0760334 -0.127147 0.809194 0 0 0 
-4.23585 17.9098 8700.34 12.2662 3.92997 227.536 32.0179 -13 -2 1 0 1 0.0380457 -0.121744 2.27625 0 0 0 
2.07226 18.73 8800.13 16.0025 -0.933335 227.336 32.3856 -13 -2 1 0 1 0.00442419 -0.077865 3.33699 0 0 0 
9.10306 16.6893 8899.86 15.0567 -8.38879 227.247 32.7532 -13 -2 1 0 1 0.0130821 -0.00767787 3.73009 0 0 0 
14.5396 11.7792 8999.59 9.21419 -13.1475 227.334 33.1209 -13 -2 1 0 1 0.067049 0.0373467 3.33901 0 0 0 
17.1543 5.95848 9099.38 3.07486 -12.5834 227.532 33.4886 -13 -2 1 0 1 0.121252 0.0322972 2.27989 0 0 0 
17.7428 1.20136 9199.26 0.235357 -8.8361 227.729 33.8562 -13 -2 1 0 1 0.145282 0.00274721 0.813698 0 0 0 
17.8182 -1.71414 9299.22 0.465748 -4.45298 227.856 34.2239 -13 -2 1 0 1 0.143606 -0.0216403 -0.786659 0 0 0 
18.2937 -2.7233 9399.21 1.66789 -0.176685 227.894 34.5916 -13 -2 1 0 1 0.122021 -0.0288547 -2.262 0 0 0 
19.1084 -1.94465 9499.2 1.73433 3.5336 227.866 34.9592 -13 -2 1 0 1 0.0741029 -0.0213467 -3.33044 0 0 0 
19.5493 0.0718257 9599.18 0.074027 5.16399 227.842 35.3269 -13 -2 1 0 1 0.000651208 -0.0151634 -3.73036 0 0 0 
19.1702 2.11152 9699.16 -1.60674 3.63357 227.866 35.6946 -13 -2 1 0 1 -0.0732482 -0.0219083 -3.34286 0 0 0 
18.4053 2.94709 9799.15 -1.56299 -0.0264938 227.895 36.0623 -13 -2 1 0 1 -0.122139 -0.030285 -2.28364 0 0 0 
17.9803 2.0058 9899.14 -0.328497 -4.30065 227.859 36.4299 -13 -2 1 0 1 -0.144653 -0.0239499 -0.816321 0 0 0 
17.9849 -0.851043 9999.1 0.00196884 -8.73223 227.733 36.7976 -13 -2 1 0 1 -0.147347 -1.46703e-05 0.784122 0 0 0 
17.5278 -5.58964 10099 -2.71907 -12.6225 227.534 37.1653 -13 -2 1 0 1 -0.124222 0.0300709 2.25845 0 0 0 
15.0784 -11.4791 10198.8 -8.84689 -13.4322 227.332 37.5329 -13 -2 1 0 1 -0.0699138 0.0368647 3.32674 0 0 0 
9.76799 -16.5643 10298.5 -14.8808 -8.87524 227.241 37.9006 -13 -2 1 0 1 -0.0137185 -0.00658904 3.72967 0 0 0 
2.75336 -18.8227 10398.2 -16.0968 -1.39736 227.327 38.2683 -13 -2 1 0 1 -0.00200891 -0.0771913 3.34934 0 0 0 
-3.63232 -18.1654 10498 -12.4927 3.66531 227.528 38.6359 -13 -2 1 0 1 -0.0340003 -0.12287 2.29791 0 0 0 
-8.05455 -16.2824 10597.9 -7.74698 4.23574 227.729 39.0036 -13 -2 1 0 1 -0.0719628 -0.129572 0.835293 0 0 0 
-10.5882 -14.8879 10697.9 -3.98044 1.81168 227.858 39.3713 -13 -2 1 0 1 -0.0921507 -0.116179 -0.765267 0 0 0 
-11.6337 -14.8027 10797.8 -0.795049 -1.37086 227.895 39.7389 -13 -2 1 0 1 -0.0871331 -0.0938038 -2.24423 0 0 0 
-11.2675 -15.8938 10897.8 2.44603 -3.22542 227.864 40.1066 -13 -2 1 0 1 -0.0561601 -0.055499 -3.32025 0 0 0 
-9.62825 -17.2426 10997.8 4.68563 -2.49836 227.838 40.4743 -13 -2 1 0 1 -0.0139862 0.00605407 -3.72993 0 0 0 
-7.57709 -17.8489 11097.8 4.12433 -0.194127 227.863 40.8419 -13 -2 1 0 1 0.0165851 0.0742891 -3.35308 0 0 0 
-6.41603 -17.4977 11197.8 0.838455 1.60823 227.893 41.2096 -13 -2 1 0 1 0.0330857 0.121004 -2.30154 0 0 0 
-6.99668 -16.5628 11297.8 -3.52992 2.62441 227.858 41.5773 -13 -2 1 0 1 0.0494587 0.136992 -0.837905 0 0 0 
-9.46091 -15.0722 11397.7 -7.53216 4.47404 227.732 41.945 -13 -2 1 0 1 0.0715846 0.127083 0.762575 0 0 0 
-13.3195 -12.2781 11497.6 -9.53035 8.68893 227.535 42.3126 -13 -2 1 0 1 0.0866131 0.0921258 2.24033 0 0 0 
-17.1801 -7.21707 11597.4 -7.1872 14.3406 227.335 42.6803 -13 -2 1 0 1 0.0665193 0.0420281 3.31607 0 0 0 
-18.9265 -0.0935309 11697.1 -0.254681 17.2914 227.243 43.048 -13 -2 1 0 1 0.00216805 0.0151728 3.72879 0 0 0 
-17.3795 7.10574 11796.9 6.83454 14.653 227.326 43.4156 -13 -2 1 0 1 -0.0639187 0.0403301 3.3593 0 0 0 
-13.6123 12.3235 11896.7 9.44844 9.04472 227.525 43.7833 -13 -2 1 0 1 -0.0870688 0.091206 2.31575 0 0 0 
-9.75359 15.2465 11996.5 7.58482 4.69314 227.726 44.151 -13 -2 1 0 1 -0.0736474 0.128016 0.856907 0 0 0 
-7.26441 16.801 12096.5 3.57412 2.70417 227.856 44.5186 -13 -2 1 0 1 -0.0519897 0.13951 -0.743716 0 0 0 
-6.67918 17.7492 12196.5 -0.868058 1.59519 227.893 44.8863 -13 -2 1 0 1 -0.0357574 0.12464 -2.22624 0 0 0 
-7.87386 18.0756 12296.5 -4.24725 -0.299119 227.861 45.254 -13 -2 1 0 1 -0.0193909 0.0786803 -3.30995 0 0 0 
-9.9931 17.3945 12396.4 -4.85873 -2.74224 227.832 45.6216 -13 -2 1 0 1 0.0116888 0.0100924 -3.7296 0 0 0 
-11.7007 15.9078 12496.4 -2.56876 -3.59853 227.857 45.9893 -13 -2 1 0 1 0.0556377 -0.0523151 -3.36359 0 0 0 
-12.1016 14.6444 12596.4 0.751809 -1.76056 227.892 46.357 -13 -2 1 0 1 0.0889704 -0.090936 -2.31978 0 0 0 
-12.0596 14.6417 12600.5 0.884883 -1.64096 227.893 46.372 -13 -2 1 0 1 0.0895935 -0.092219 -2.26605 0 0 0 
-12.0596 14.6417 12600.5 0.884916 -1.64093 227.893 46.372 -13 -2 1 0 1 0.0895936 -0.0922193 -2.26604 0 0 0 
-10.974 14.6322 12700.5 4.05777 1.65123 227.858 46.7397 -13 -2 1 0 1 0.0951098 -0.113979 -0.791283 0 0 0 
-8.42232 15.9804 12800.4 7.74632 4.18612 227.73 47.1073 -13 -2 1 0 1 0.0749352 -0.12733 0.809153 0 0 0 
-4.01699 17.8685 12900.3 12.4261 3.74155 227.531 47.475 -13 -2 1 0 1 0.0366089 -0.121473 2.27615 0 0 0 
2.34162 18.587 13000.1 16.061 -1.20256 227.33 47.8427 -13 -2 1 0 1 0.00339627 -0.077322 3.33686 0 0 0 
9.36652 16.4226 13099.8 14.971 -8.66684 227.243 48.2104 -13 -2 1 0 1 0.0130772 -0.00768189 3.73 0 0 0 
14.7412 11.4057 13199.6 9.03306 -13.346 227.33 48.578 -13 -2 1 0 1 0.0678095 0.0359208 3.33903 0 0 0 
17.2745 5.5196 13299.4 2.902 -12.6876 227.528 48.9457 -13 -2 1 0 1 0.122036 0.0294169 2.28004 0 0 0 
17.8037 0.729217 13399.2 0.146383 -8.89223 227.727 49.3134 -13 -2 1 0 1 0.14576 -0.000971437 0.813926 0 0 0 
17.8647 -2.20748 13499.2 0.491873 -4.49518 227.855 49.681 -13 -2 1 0 1 0.143976 -0.025531 -0.786431 0 0 0 
18.3777 -3.22965 13599.2 1.80988 -0.186128 227.893 50.0487 -13 -2 1 0 1 0.122584 -0.032191 -2.26186 0 0 0 
19.2727 -2.43774 13699.2 1.94454 3.61255 227.863 50.4164 -13 -2 1 0 1 0.0747492 -0.0232448 -3.33048 0 0 0 
19.8022 -0.362116 13799.2 0.248453 5.35041 227.837 50.784 -13 -2 1 0 1 0.000674458 -0.0151784 -3.73059 0 0 0 
19.4743 1.77167 13899.1 -1.55548 3.85934 227.862 51.1517 -13 -2 1 0 1 -0.0743913 -0.0206203 -3.34323 0 0 0 
18.7033 2.69741 13999.1 -1.63558 0.147197 227.894 51.5194 -13 -2 1 0 1 -0.12409 -0.0286488 -2.28404 0 0 0 
18.2281 1.8139 14099.1 -0.477214 -4.20991 227.861 51.887 -13 -2 1 0 1 -0.146606 -0.022439 -0.816684 0 0 0 
18.1573 -1.01614 14199.1 -0.189743 -8.69184 227.734 52.2547 -13 -2 1 0 1 -0.148711 0.00128792 0.783833 0 0 0 
17.6096 -5.7366 14299 -2.9364 -12.5686 227.535 52.6224 -13 -2 1 0 1 -0.12477 0.0310427 2.25826 0 0 0 
15.0655 -11.5878 14398.8 -9.05179 -13.3043 227.332 52.99 -13 -2 1 0 1 -0.0698744 0.0372925 3.32664 0 0 0 
9.67973 -16.5975 14498.5 -15.0095 -8.66431 227.24 53.3577 -13 -2 1 0 1 -0.0137206 -0.00657428 3.72965 0 0 0 
2.63232 -18.7545 14598.2 -16.1184 -1.15714 227.327 53.7254 -13 -2 1 0 1 -0.00246598 -0.0769216 3.34942 0 0 0 
-3.74556 -17.996 14698 -12.4468 3.88108 227.527 54.0931 -13 -2 1 0 1 -0.0347384 -0.121754 2.29811 0 0 0 
-8.14613 -16.0258 14797.9 -7.70631 4.41919 227.727 54.4607 -13 -2 1 0 1 -0.0726809 -0.127548 0.835596 0 0 0 
-10.6752 -14.5557 14897.8 -4.00923 1.97344 227.857 54.8284 -13 -2 1 0 1 -0.0928362 -0.113555 -0.764889 0 0 0 
-11.7565 -14.4068 14997.8 -0.932902 -1.24932 227.895 55.1961 -13 -2 1 0 1 -0.087947 -0.0911883 -2.24382 0 0 0 
-11.4736 -15.4636 15097.8 2.21347 -3.20108 227.867 55.5637 -13 -2 1 0 1 -0.0569682 -0.0538334 -3.3199 0 0 0 
-9.94176 -16.8307 15197.8 4.44734 -2.60493 227.842 55.9314 -13 -2 1 0 1 -0.0140217 0.00607624 -3.72973 0 0 0 
-7.97728 -17.5035 15297.8 3.97885 -0.373946 227.865 56.2991 -13 -2 1 0 1 0.0180767 0.0729829 -3.3531 0 0 0 
-6.85438 -17.2275 15397.8 0.806246 1.46102 227.894 56.6667 -13 -2 1 0 1 0.0359432 0.119233 -2.30174 0 0 0 
-7.43097 -16.3372 15497.8 -3.48586 2.57407 227.859 57.0344 -13 -2 1 0 1 0.0528734 0.135215 -0.83818 0 0 0 
-9.86404 -14.8465 15597.7 -7.43453 4.52077 227.734 57.4021 -13 -2 1 0 1 0.0747627 0.125285 0.758396 0 0 0 
-13.666 -12.0181 15697.6 -9.36636 8.78724 227.538 57.7697 -13 -2 1 0 1 0.0889017 0.0903941 2.23604 0 0 0 
-17.4382 -6.91731 15797.4 -6.95135 14.4079 227.338 58.1374 -13 -2 1 0 1 0.0675225 0.0408499 3.31171 0 0 0 
-19.0741 0.213915 15897.1 -0.00141868 17.2511 227.247 58.5051 -13 -2 1 0 1 0.00217583 0.0151349 3.72433 0 0 0 
-17.4289 7.37 15996.9 7.01616 14.5037 227.33 58.8728 -13 -2 1 0 1 -0.0641156 0.0413161 3.35465 0 0 0 
-13.6062 12.5096 16096.6 9.52035 8.84884 227.529 59.2404 -13 -2 1 0 1 -0.0870423 0.0924303 2.31081 0 0 0 
-9.7349 15.346 16196.5 7.57915 4.49886 227.73 59.6081 -13 -2 1 0 1 -0.07351 0.128818 0.851626 0 0 0 
-7.25404 16.8166 16296.5 3.55218 2.51481 227.859 59.9758 -13 -2 1 0 1 -0.0519068 0.139637 -0.745421 0 0 0 
-6.67113 17.6819 16396.5 -0.847672 1.4075 227.894 60.3434 -13 -2 1 0 1 -0.0357026 0.124198 -2.22808 0 0 0 
-7.83955 17.93 16496.5 -4.14453 -0.461547 227.862 60.7111 -13 -2 1 0 1 -0.0192555 0.0781115 -3.31187 0 0 0 
-9.89636 17.1914 16596.4 -4.68382 -2.83515 227.835 61.0788 -13 -2 1 0 1 0.0117 0.0100699 -3.73162 0 0 0 
-11.5219 15.6822 16696.4 -2.38051 -3.61206 227.859 61.4464 -13 -2 1 0 1 0.0549701 -0.0514729 -3.36578 0 0 0 
-11.8472 14.4222 16796.4 0.903022 -1.74325 227.892 61.8141 -13 -2 1 0 1 0.0873082 -0.0894818 -2.32224 0 0 0 
-11.8029 14.4195 16800.5 1.03417 -1.6238 227.892 61.8291 -13 -2 1 0 1 0.0878959 -0.0907478 -2.26851 0 0 0 
-11.8029 14.4195 16800.5 1.0342 -1.62377 227.892 61.8291 -13 -2 1 0 1 0.087896 -0.0907481 -2.26849 0 0 0 
-10.6627 14.4116 16900.5 4.15683 1.63221 227.857 62.1968 -13 -2 1 0 1 0.0926346 -0.112219 -0.797801 0 0 0 
-8.07999 15.7361 17000.4 7.78565 4.09407 227.731 62.5645 -13 -2 1 0 1 0.0722222 -0.125378 0.8021 0 0 0 
-3.67599 17.5684 17100.3 12.3741 3.58516 227.536 62.9321 -13 -2 1 0 1 0.0343653 -0.119467 2.26854 0 0 0 
2.63433 18.216 17200.1 15.8931 -1.3525 227.342 63.2998 -13 -2 1 0 1 0.00229365 -0.0758666 3.32867 0 0 0 
9.56727 16.0055 17299.9 14.7354 -8.71441 227.256 63.6675 -13 -2 1 0 1 0.013114 -0.00764309 3.72123 0 0 0 
14.8444 10.997 17399.6 8.84311 -13.2645 227.342 64.0352 -13 -2 1 0 1 0.0682623 0.0343874 3.32963 0 0 0 
17.32 5.16494 17499.4 2.83473 -12.5352 227.538 64.4028 -13 -2 1 0 1 0.122408 0.0270912 2.26991 0 0 0 
17.847 0.445945 17599.3 0.197535 -8.72393 227.733 64.7705 -13 -2 1 0 1 0.146182 -0.00322203 0.802971 0 0 0 
17.9472 -2.41404 17699.2 0.60926 -4.30916 227.859 65.1382 -13 -2 1 0 1 0.14469 -0.0271888 -0.794339 0 0 0 
18.5138 -3.3443 17799.2 1.92314 0.0520738 227.892 65.5058 -13 -2 1 0 1 0.123549 -0.0329803 -2.27048 0 0 0 
19.4414 -2.43443 17899.2 1.9652 3.9067 227.858 65.8735 -13 -2 1 0 1 0.0754724 -0.0232648 -3.33981 0 0 0 
19.9478 -0.228842 17999.2 0.120703 5.63284 227.831 66.2412 -13 -2 1 0 1 0.000763999 -0.0152002 -3.74065 0 0 0 
19.537 2.01033 18099.2 -1.79179 4.04862 227.857 66.6088 -13 -2 1 0 1 -0.0745292 -0.0215419 -3.35408 0 0 0 
18.6562 2.99673 18199.1 -1.8843 0.242235 227.892 66.9765 -13 -2 1 0 1 -0.123664 -0.0306218 -2.29589 0 0 0 
18.0826 2.14671 18299.1 -0.668723 -4.13851 227.862 67.3442 -13 -2 1 0 1 -0.145323 -0.0250763 -0.829795 0 0 0 
17.9482 -0.643761 18399.1 -0.281291 -8.57496 227.739 67.7118 -13 -2 1 0 1 -0.146882 -0.00168497 0.765254 0 0 0 
17.391 -5.29997 18499 -2.87964 -12.3991 227.545 68.0795 -13 -2 1 0 1 -0.123123 0.0280728 2.23761 0 0 0 
14.911 -11.0797 18598.8 -8.81765 -13.1704 227.349 68.4472 -13 -2 1 0 1 -0.0690677 0.0351499 3.30354 0 0 0 
9.65553 -16.0635 18698.5 -14.6733 -8.69749 227.261 68.8148 -13 -2 1 0 1 -0.0135569 -0.00688658 3.70373 0 0 0 
2.74747 -18.2807 18798.3 -15.8472 -1.39055 227.345 69.1825 -13 -2 1 0 1 -0.00196705 -0.0754905 3.32033 0 0 0 
-3.54738 -17.6521 18898 -12.345 3.5427 227.538 69.5502 -13 -2 1 0 1 -0.0334882 -0.119885 2.26546 0 0 0 
-7.93665 -15.8346 18997.9 -7.74263 4.07075 227.732 69.9179 -13 -2 1 0 1 -0.071178 -0.126434 0.798946 0 0 0 
-10.493 -14.514 19097.9 -4.07745 1.63953 227.858 70.2855 -13 -2 1 0 1 -0.0916136 -0.113622 -0.802207 0 0 0 
-11.5896 -14.5096 19197.9 -0.916014 -1.57136 227.893 70.6532 -13 -2 1 0 1 -0.0871254 -0.0923256 -2.28625 0 0 0 
-11.264 -15.697 19297.9 2.39856 -3.46034 227.862 71.0209 -13 -2 1 0 1 -0.0564747 -0.055317 -3.36833 0 0 0 
-9.61561 -17.1464 19397.9 4.77874 -2.70713 227.834 71.3885 -13 -2 1 0 1 -0.0143195 0.00530299 -3.78532 0 0 0 
-7.49542 -17.824 19497.8 4.33514 -0.303641 227.859 71.7562 -13 -2 1 0 1 0.0159694 0.0732384 -3.41734 0 0 0 
-6.22881 -17.4996 19597.8 1.09918 1.58432 227.892 72.1239 -13 -2 1 0 1 0.031552 0.119861 -2.3767 0 0 0 
-6.69072 -16.5748 19697.8 -3.25134 2.57995 227.863 72.4915 -13 -2 1 0 1 0.0466239 0.135731 -0.926556 0 0 0 
-9.0326 -15.1361 19797.8 -7.2633 4.2547 227.745 72.8592 -13 -2 1 0 1 0.0674344 0.126022 0.653195 0 0 0 
-12.7984 -12.5036 19897.7 -9.41639 8.15648 227.56 73.2269 -13 -2 1 0 1 0.0817317 0.0919765 2.10966 0 0 0 
-16.6998 -7.7427 19997.5 -7.54818 13.5403 227.373 73.5945 -13 -2 1 0 1 0.0622061 0.0427375 3.15842 0 0 0 
-18.7627 -0.962653 20097.2 -1.35225 16.6152 227.29 73.9622 -13 -2 1 0 1 -0.0014051 0.014901 3.53663 0 0 0 
-17.8413 6.05996 20197 5.13776 14.5801 227.376 74.3299 -13 -2 1 0 1 -0.0700287 0.0377861 3.12249 0 0 0 
-14.8819 11.398 20296.8 7.51171 9.6254 227.573 74.6975 -13 -2 1 0 1 -0.100131 0.0887613 2.02043 0 0 0 
-11.9013 14.6416 20396.7 5.50133 5.46643 227.768 75.0652 -13 -2 1 0 1 -0.0956261 0.129508 0.484136 0 0 0 
-10.3925 16.4383 20496.6 1.15815 2.87992 227.879 75.4329 -13 -2 1 0 1 -0.0827333 0.146187 -1.21619 0 0 0 
-10.936 17.1446 20596.6 -3.51166 0.134017 227.873 75.8006 -13 -2 1 0 1 -0.0727994 0.134338 -2.83912 0 0 0 
-13.1576 16.3054 20696.6 -5.99987 -4.20462 227.783 76.1682 -13 -2 1 0 1 -0.0549796 0.0898266 -4.1152 0 0 0 
-15.5098 13.453 20796.5 -3.89793 -8.45851 227.71 76.5359 -13 -2 1 0 1 -0.0135431 0.0304277 -4.80065 0 0 0 
-16.0533 9.46212 20896.5 1.65947 -8.88161 227.721 76.9036 -13 -2 1 0 1 0.0363539 -0.00794558 -4.80398 0 0 0 
-14.1865 6.3362 20996.4 6.40214 -4.82175 227.76 77.2712 -13 -2 1 0 1 0.0596424 -0.0179239 -4.26658 0 0 0 
-10.9046 5.43832 21096.3 8.0571 0.693509 227.757 77.6389 -13 -2 1 0 1 0.0509709 -0.0197352 -3.47086 0 0 0 
-7.43816 6.77306 21196.3 7.51913 5.11305 227.719 78.0066 -13 -2 1 0 1 0.031005 -0.0239562 -2.67035 0 0 0 
-5.70833 8.34359 21252.2 6.86114 6.83915 227.695 78.2124 -13 -2 1 0 1 0.0211262 -0.0269102 -2.26997 0 0 0 

# Event -1 Track 1
-11.2945 14.0917 0 0.833811 -1.28855 227.895 0 -13 -1 1 0 1 0.0844236 -0.0883828 -2.26474 0 0 0 
-11.2894 14.0922 0.4995 0.848961 -1.27465 227.895 0.00183663 -13 -1 1 0 1 0.0844909 -0.0885385 -2.25815 0 0 0 
-11.2894 14.0922 0.5005 0.848991 -1.27462 227.895 0.00184031 -13 -1 1 0 1 0.0844911 -0.0885388 -2.25814 0 0 0 
-10.2598 14.2025 100.494 3.85547 1.8263 227.86 0.369509 -13 -1 1 0 1 0.089453 -0.110534 -0.784151 0 0 0 
-7.81958 15.5892 200.453 7.44556 4.19952 227.74 0.737178 -13 -1 1 0 1 0.0701817 -0.124208 0.811966 0 0 0 
-3.56625 17.4677 300.343 12.034 3.7074 227.552 1.10485 -13 -1 1 0 1 0.033652 -0.118799 2.2787 0 0 0 
2.60414 18.1878 400.147 15.6068 -1.13751 227.362 1.47252 -13 -1 1 0 1 0.00240789 -0.0757525 3.33918 0 0 0 
9.43569 16.0931 499.887 14.5678 -8.40879 227.278 1.84018 -13 -1 1 0 1 0.0131058 -0.0076322 3.73203 0 0 0 
14.6682 11.2263 599.626 8.8009 -12.9374 227.362 2.20785 -13 -1 1 0 1 0.067573 0.0352751 3.34059 0 0 0 
17.14 5.53142 699.431 2.84213 -12.2415 227.553 2.57552 -13 -1 1 0 1 0.12119 0.0295138 2.28107 0 0 0 
17.662 0.932102 799.322 0.150819 -8.47148 227.742 2.94319 -13 -1 1 0 1 0.144666 0.000635198 0.814532 0 0 0 
17.7143 -1.82737 899.282 0.426907 -4.10938 227.863 3.31086 -13 -1 1 0 1 0.142794 -0.0225271 -0.785986 0 0 0 
18.1634 -2.69326 999.276 1.57154 0.128311 227.895 3.67853 -13 -1 1 0 1 0.121167 -0.0286557 -2.25769 0 0 0 
18.9118 -1.79697 1099.27 1.52594 3.75457 227.864 4.0462 -13 -1 1 0 1 0.0733301 -0.0207751 -3.32593 0 0 0 
19.2408 0.287723 1199.24 -0.21495 5.24917 227.839 4.41387 -13 -1 1 0 1 0.00061847 -0.0151534 -3.72551 0 0 0 
18.7331 2.33684 1299.22 -1.89028 3.60296 227.864 4.78154 -13 -1 1 0 1 -0.0716018 -0.0227594 -3.33769 0 0 0 
17.8551 3.15105 1399.21 -1.79329 -0.0739869 227.893 5.1492 -13 -1 1 0 1 -0.118523 -0.0316162 -2.27842 0 0 0 
17.3396 2.20518 1499.21 -0.513225 -4.25864 227.86 5.51687 -13 -1 1 0 1 -0.139584 -0.0255143 -0.811284 0 0 0 
17.2731 -0.599556 1599.17 -0.131804 -8.52821 227.74 5.88454 -13 -1 1 0 1 -0.141695 -0.00199758 0.788802 0 0 0 
16.7815 -5.20884 1699.06 -2.72353 -12.2424 227.555 6.25221 -13 -1 1 0 1 -0.119265 0.0275475 2.25903 0 0 0 
14.3791 -10.9087 1798.86 -8.61466 -12.9764 227.367 6.61988 -13 -1 1 0 1 -0.0671625 0.0346221 3.32671 0 0 0 
9.22547 -15.8145 1898.6 -14.4157 -8.54932 227.283 6.98755 -13 -1 1 0 1 -0.0136474 -0.00669744 3.72891 0 0 0 
2.43454 -17.9869 1998.35 -15.5812 -1.33698 227.363 7.35522 -13 -1 1 0 1 -0.00319641 -0.0741069 3.34781 0 0 0 
-3.75223 -17.3536 2098.15 -12.1248 3.51713 227.55 7.72289 -13 -1 1 0 1 -0.0347873 -0.117593 2.29586 0 0 0 
-8.05914 -15.5559 2198.04 -7.5879 4.01469 227.738 8.09056 -13 -1 1 0 1 -0.0720004 -0.123857 0.833046 0 0 0 
-10.5616 -14.2595 2298 -3.98559 1.58994 227.86 8.45822 -13 -1 1 0 1 -0.0919283 -0.111195 -0.767377 0 0 0 
-11.6311 -14.2723 2397.99 -0.884695 -1.60094 227.893 8.82589 -13 -1 1 0 1 -0.0870818 -0.0902459 -2.24586 0 0 0 
-11.3053 -15.4716 2497.98 2.36938 -3.49065 227.861 9.19356 -13 -1 1 0 1 -0.0562522 -0.0537752 -3.32105 0 0 0 
-9.67913 -16.9419 2597.96 4.71394 -2.7783 227.834 9.56123 -13 -1 1 0 1 -0.0139367 0.00617462 -3.72977 0 0 0 
-7.5857 -17.6627 2697.93 4.28639 -0.426411 227.859 9.9289 -13 -1 1 0 1 0.0166549 0.0736713 -3.35194 0 0 0 
-6.33083 -17.3968 2797.92 1.09471 1.44985 227.893 10.2966 -13 -1 1 0 1 0.0325503 0.120389 -2.29971 0 0 0 
-6.78783 -16.5228 2897.92 -3.22957 2.49281 227.864 10.6642 -13 -1 1 0 1 0.0478253 0.136691 -0.83573 0 0 0 
-9.11799 -15.1002 2997.88 -7.22942 4.27954 227.745 11.0319 -13 -1 1 0 1 0.0688712 0.127292 0.764769 0 0 0 
-12.8554 -12.4206 3097.77 -9.29748 8.35278 227.557 11.3996 -13 -1 1 0 1 0.0835018 0.0930339 2.24217 0 0 0 
-16.6503 -7.53929 3197.57 -7.14035 13.8704 227.365 11.7672 -13 -1 1 0 1 0.0643532 0.043247 3.31701 0 0 0 
-18.4316 -0.628074 3297.32 -0.459276 16.8242 227.278 12.1349 -13 -1 1 0 1 0.00198287 0.0152296 3.72844 0 0 0 
-17.0148 6.39746 3397.05 6.47475 14.3457 227.356 12.5026 -13 -1 1 0 1 -0.0626647 0.0377346 3.35746 0 0 0 
-13.4048 11.5221 3496.85 9.12071 8.91753 227.543 12.8703 -13 -1 1 0 1 -0.0857594 0.0860233 2.31284 0 0 0 
-9.65784 14.4128 3596.74 7.41613 4.65669 227.732 13.2379 -13 -1 1 0 1 -0.0728965 0.121469 0.853581 0 0 0 
-7.19937 15.9574 3696.7 3.60456 2.69194 227.856 13.6056 -13 -1 1 0 1 -0.0514554 0.132813 -0.746836 0 0 0 
-6.55852 16.9084 3796.69 -0.651829 1.63148 227.893 13.9733 -13 -1 1 0 1 -0.0349165 0.118974 -2.22857 0 0 0 
-7.63146 17.277 3896.68 -3.93107 -0.129902 227.866 14.3409 -13 -1 1 0 1 -0.0183718 0.0753987 -3.31088 0 0 0 
-9.62013 16.7067 3996.66 -4.61016 -2.41268 227.841 14.7086 -13 -1 1 0 1 0.0118239 0.00985006 -3.72897 0 0 0 
-11.2608 15.382 4096.64 -2.52374 -3.21579 227.863 15.0763 -13 -1 1 0 1 0.0540841 -0.0504808 -3.36145 0 0 0 
-11.6882 14.2714 4196.63 0.596568 -1.46412 227.895 15.4439 -13 -1 1 0 1 0.0863224 -0.0885701 -2.31668 0 0 0 
-11.6522 14.2727 4200.5 0.716435 -1.35583 227.895 15.4582 -13 -1 1 0 1 0.0869055 -0.0897825 -2.26579 0 0 0 
-11.6522 14.2727 4200.5 0.716466 -1.3558 227.895 15.4582 -13 -1 1 0 1 0.0869056 -0.0897828 -2.26578 0 0 0 
-10.6689 14.3598 4300.49 3.77283 1.81136 227.862 15.8258 -13 -1 1 0 1 0.0927003 -0.111826 -0.791198 0 0 0 
-8.25667 15.7624 4400.45 7.40233 4.29072 227.739 16.1935 -13 -1 1 0 1 0.0736279 -0.125608 0.809188 0 0 0 
-4.00789 17.7043 4500.34 12.0657 3.89998 227.547 16.5612 -13 -1 1 0 1 0.0365479 -0.120388 2.27621 0 0 0 
2.20298 18.5205 4600.14 15.7658 -0.908975 227.352 16.9288 -13 -1 1 0 1 0.0039269 -0.0770556 3.33693 0 0 0 
9.13233 16.5127 4699.88 14.8439 -8.26044 227.266 17.2965 -13 -1 1 0 1 0.0130889 -0.00766389 3.72998 0 0 0 
14.4936 11.6787 4799.61 9.09059 -12.9382 227.351 17.6642 -13 -1 1 0 1 0.0668854 0.0369745 3.33874 0 0 0 
17.0754 5.9561 4899.41 3.04296 -12.3548 227.545 18.0319 -13 -1 1 0 1 0.120744 0.0322853 2.27942 0 0 0 
17.6604 1.29642 4999.3 0.239613 -8.62284 227.737 18.3995 -13 -1 1 0 1 0.144635 0.00349588 0.813081 0 0 0 
17.7329 -1.52986 5099.26 0.437642 -4.26 227.86 18.7672 -13 -1 1 0 1 0.142926 -0.0201873 -0.787292 0 0 0 
18.1788 -2.46115 5199.25 1.55516 -0.0203458 227.895 19.1349 -13 -1 1 0 1 0.121246 -0.0271269 -2.26249 0 0 0 
18.9232 -1.63042 5299.24 1.53188 3.60536 227.866 19.5025 -13 -1 1 0 1 0.0733595 -0.0201362 -3.3306 0 0 0 
19.2665 0.391473 5399.22 -0.152864 5.11651 227.843 19.8702 -13 -1 1 0 1 0.000608106 -0.0151531 -3.73012 0 0 0 
18.7989 2.39046 5499.2 -1.77264 3.50933 227.866 20.2379 -13 -1 1 0 1 -0.0718646 -0.022967 -3.34226 0 0 0 
17.9806 3.17186 5599.19 -1.6426 -0.133898 227.894 20.6055 -13 -1 1 0 1 -0.119364 -0.0317583 -2.28288 0 0 0 
17.535 2.20061 5699.19 -0.347512 -4.32253 227.859 20.9732 -13 -1 1 0 1 -0.141145 -0.0254833 -0.815567 0 0 0 
17.5416 -0.642524 5799.14 0.0314819 -8.64804 227.736 21.3409 -13 -1 1 0 1 -0.143839 -0.00166003 0.784757 0 0 0 
17.1129 -5.32449 5899.03 -2.61131 -12.4571 227.544 21.7085 -13 -1 1 0 1 -0.121464 0.0283147 2.25886 0 0 0 
14.7352 -11.1374 5998.83 -8.62597 -13.2665 227.35 22.0762 -13 -1 1 0 1 -0.0685568 0.0355203 3.32679 0 0 0 
9.54211 -16.17 6098.57 -14.5808 -8.81729 227.262 22.4439 -13 -1 1 0 1 -0.0136808 -0.00665234 3.7293 0 0 0 
2.65707 -18.4363 6198.3 -15.8254 -1.48816 227.345 22.8115 -13 -1 1 0 1 -0.00236379 -0.075776 3.34853 0 0 0 
-3.63195 -17.8422 6298.09 -12.3296 3.48194 227.54 23.1792 -13 -1 1 0 1 -0.0340006 -0.120777 2.29677 0 0 0 
-8.00657 -16.0459 6397.98 -7.68628 4.03257 227.735 23.5469 -13 -1 1 0 1 -0.0715873 -0.127715 0.83399 0 0 0 
-10.5264 -14.7385 6497.94 -3.96749 1.62011 227.86 23.9146 -13 -1 1 0 1 -0.0916568 -0.114987 -0.766538 0 0 0 
-11.5655 -14.7338 6597.93 -0.770366 -1.54514 227.894 24.2822 -13 -1 1 0 1 -0.0866642 -0.0933198 -2.24527 0 0 0 
-11.1779 -15.8952 6697.92 2.52339 -3.36776 227.861 24.6499 -13 -1 1 0 1 -0.0557805 -0.0554574 -3.32083 0 0 0 
-9.49204 -17.2945 6797.9 4.81694 -2.58288 227.835 25.0176 -13 -1 1 0 1 -0.0139433 0.00610599 -3.72995 0 0 0 
-7.37745 -17.9241 6897.87 4.27556 -0.219564 227.86 25.3852 -13 -1 1 0 1 0.0158596 0.0746188 -3.35248 0 0 0 
-6.15141 -17.5779 6997.86 0.980789 1.60204 227.892 25.7529 -13 -1 1 0 1 0.0313705 0.121554 -2.3005 0 0 0 
-6.67285 -16.6517 7097.86 -3.40254 2.58236 227.86 26.1206 -13 -1 1 0 1 0.0469169 0.1377 -0.836651 0 0 0 
-9.08585 -15.1962 7197.82 -7.43011 4.35013 227.737 26.4882 -13 -1 1 0 1 0.06862 0.128055 0.763829 0 0 0 
-12.9127 -12.4784 7297.7 -9.49833 8.46593 227.545 26.8559 -13 -1 1 0 1 0.0838978 0.0934313 2.24136 0 0 0 
-16.7868 -7.52995 7397.5 -7.28957 14.0652 227.349 27.2236 -13 -1 1 0 1 0.0649282 0.0432282 3.31656 0 0 0 
-18.6109 -0.518603 7497.24 -0.498624 17.0756 227.259 27.5912 -13 -1 1 0 1 0.00206101 0.0152196 3.72856 0 0 0 
-17.1858 6.61614 7596.97 6.5447 14.5801 227.339 27.9589 -13 -1 1 0 1 -0.0632535 0.0385314 3.35828 0 0 0 
-13.5335 11.8309 7696.76 9.22933 9.09235 227.532 28.3266 -13 -1 1 0 1 -0.0865774 0.088018 2.31419 0 0 0 
-9.74538 14.7873 7796.64 7.48354 4.78659 227.727 28.6943 -13 -1 1 0 1 -0.0735838 0.12441 0.855152 0 0 0 
-7.27658 16.3839 7896.6 3.57774 2.79985 227.855 29.0619 -13 -1 1 0 1 -0.0520755 0.136198 -0.745362 0 0 0 
-6.67308 17.3751 7996.59 -0.795753 1.69971 227.892 29.4296 -13 -1 1 0 1 -0.0356966 0.122113 -2.2275 0 0 0 
-7.83065 17.7544 8096.58 -4.16147 -0.158979 227.862 29.7973 -13 -1 1 0 1 -0.0191872 0.0773445 -3.31053 0 0 0 
-9.9219 17.1433 8196.56 -4.82733 -2.56778 227.835 30.1649 -13 -1 1 0 1 0.0117428 0.00998017 -3.72942 0 0 0 
-11.6356 15.7331 8296.53 -2.62934 -3.43253 227.859 30.5326 -13 -1 1 0 1 0.0554374 -0.0517289 -3.36263 0 0 0 
-12.0811 14.5336 8396.52 0.614847 -1.63796 227.893 30.9003 -13 -1 1 0 1 0.08886 -0.0902489 -2.31828 0 0 0 
-12.043 14.5327 8400.5 0.74204 -1.52342 227.894 30.9149 -13 -1 1 0 1 0.0894831 -0.0915005 -2.266 0 0 0 
-12.043 14.5327 8400.5 0.742072 -1.52339 227.894 30.9149 -13 -1 1 0 1 0.0894832 -0.0915008 -2.26599 0 0 0 
-11.0299 14.567 8500.49 3.87528 1.7399 227.861 31.2826 -13 -1 1 0 1 0.0955507 -0.113465 -0.791266 0 0 0 
-8.56169 15.9571 8600.45 7.55362 4.29846 227.734 31.6502 -13 -1 1 0 1 0.0760334 -0.127147 0.809194 0 0 0 
-4.23585 17.9098 8700.34 12.2662 3.92997 227.536 32.0179 -13 -1 1 0 1 0.0380457 -0.121744 2.27625 0 0 0 
2.07226 18.73 8800.13 16.0025 -0.933335 227.336 32.3856 -13 -1 1 0 1 0.00442419 -0.077865 3.33699 0 0 0 
9.10306 16.6893 8899.86 15.0567 -8.38879 227.247 32.7532 -13 -1 1 0 1 0.0130821 -0.00767787 3.73009 0 0 0 
14.5396 11.7792 8999.59 9.21419 -13.1475 227.334 33.1209 -13 -1 1 0 1 0.067049 0.0373467 3.33901 0 0 0 
17.1543 5.95848 9099.38 3.07486 -12.5834 227.532 33.4886 -13 -1 1 0 1 0.121252 0.0322972 2.27989 0 0 0 
17.7428 1.20136 9199.26 0.235357 -8.8361 227.729 33.8562 -13 -1 1 0 1 0.145282 0.00274721 0.813698 0 0 0 
17.8182 -1.71414 9299.22 0.465748 -4.45298 227.856 34.2239 -13 -1 1 0 1 0.143606 -0.0216403 -0.786659 0 0 0 
18.2937 -2.7233 9399.21 1.66789 -0.176685 227.894 34.5916 -13 -1 1 0 1 0.122021 -0.0288547 -2.262 0 0 0 
19.1084 -1.94465 9499.2 1.73433 3.5336 227.866 34.9592 -13 -1 1 0 1 0.0741029 -0.0213467 -3.33044 0 0 0 
19.5493 0.0718257 9599.18 0.074027 5.16399 227.842 35.3269 -13 -1 1 0 1 0.000651208 -0.0151634 -3.73036 0 0 0 
19.1702 2.11152 9699.16 -1.60674 3.63357 227.866 35.6946 -13 -1 1 0 1 -0.0732482 -0.0219083 -3.34286 0 0 0 
18.4053 2.94709 9799.15 -1.56299 -0.0264938 227.895 36.0623 -13 -1 1 0 1 -0.122139 -0.030285 -2.28364 0 0 0 
17.9803 2.0058 9899.14 -0.328497 -4.30065 227.859 36.4299 -13 -1 1 0 1 -0.144653 -0.0239499 -0.816321 0 0 0 
17.9849 -0.851043 9999.1 0.00196884 -8.73223 227.733 36.7976 -13 -1 1 0 1 -0.147347 -1.46703e-05 0.784122 0 0 0 
17.5278 -5.58964 10099 -2.71907 -12.6225 227.534 37.1653 -13 -1 1 0 1 -0.124222 0.0300709 2.25845 0 0 0 
15.0784 -11.4791 10198.8 -8.84689 -13.4322 227.332 37.5329 -13 -1 1 0 1 -0.0699138 0.0368647 3.32674 0 0 0 
9.76799 -16.5643 10298.5 -14.8808 -8.87524 227.241 37.9006 -13 -1 1 0 1 -0.0137185 -0.00658904 3.72967 0 0 0 
2.75336 -18.8227 10398.2 -16.0968 -1.39736 227.327 38.2683 -13 -1 1 0 1 -0.00200891 -0.0771913 3.34934 0 0 0 
-3.63232 -18.1654 10498 -12.4927 3.66531 227.528 38.6359 -13 -1 1 0 1 -0.0340003 -0.12287 2.29791 0 0 0 
-8.05455 -16.2824 10597.9 -7.74698 4.23574 227.729 39.0036 -13 -1 1 0 1 -0.0719628 -0.129572 0.835293 0 0 0 
-10.5882 -14.8879 10697.9 -3.98044 1.81168 227.858 39.3713 -13 -1 1 0 1 -0.0921507 -0.116179 -0.765267 0 0 0 
-11.6337 -14.8027 10797.8 -0.795049 -1.37086 227.895 39.7389 -13 -1 1 0 1 -0.0871331 -0.0938038 -2.24423 0 0 0 
-11.2675 -15.8938 10897.8 2.44603 -3.22542 227.864 40.1066 -13 -1 1 0 1 -0.0561601 -0.055499 -3.32025 0 0 0 
-9.62825 -17.2426 10997.8 4.68563 -2.49836 227.838 40.4743 -13 -1 1 0 1 -0.0139862 0.00605407 -3.72993 0 0 0 
-7.57709 -17.8489 11097.8 4.12433 -0.194127 227.863 40.8419 -13 -1 1 0 1 0.0165851 0.0742891 -3.35308 0 0 0 
-6.41603 -17.4977 11197.8 0.838455 1.60823 227.893 41.2096 -13 -1 1 0 1 0.0330857 0.121004 -2.30154 0 0 0 
-6.99668 -16.5628 11297.8 -3.52992 2.62441 227.858 41.5773 -13 -1 1 0 1 0.0494587 0.136992 -0.837905 0 0 0 
-9.46091 -15.0722 11397.7 -7.53216 4.47404 227.732 41.945 -13 -1 1 0 1 0.0715846 0.127083 0.762575 0 0 0 
-13.3195 -12.2781 11497.6 -9.53035 8.68893 227.535 42.3126 -13 -1 1 0 1 0.0866131 0.0921258 2.24033 0 0 0 
-17.1801 -7.21707 11597.4 -7.1872 14.3406 227.335 42.6803 -13 -1 1 0 1 0.0665193 0.0420281 3.31607 0 0 0 
-18.9265 -0.0935309 11697.1 -0.254681 17.2914 227.243 43.048 -13 -1 1 0 1 0.00216805 0.0151728 3.72879 0 0 0 
-17.3795 7.10574 11796.9 6.83454 14.653 227.326 43.4156 -13 -1 1 0 1 -0.0639187 0.0403301 3.3593 0 0 0 
-13.6123 12.3235 11896.7 9.44844 9.04472 227.525 43.7833 -13 -1 1 0 1 -0.0870688 0.091206 2.31575 0 0 0 
-9.75359 15.2465 11996.5 7.58482 4.69314 227.726 44.151 -13 -1 1 0 1 -0.0736474 0.128016 0.856907 0 0 0 
-7.26441 16.801 12096.5 3.57412 2.70417 227.856 44.5186 -13 -1 1 0 1 -0.0519897 0.13951 -0.743716 0 0 0 
-6.67918 17.7492 12196.5 -0.868058 1.59519 227.893 44.8863 -13 -1 1 0 1 -0.0357574 0.12464 -2.22624 0 0 0 
-7.87386 18.0756 12296.5 -4.24725 -0.299119 227.861 45.254 -13 -1 1 0 1 -0.0193909 0.0786803 -3.30995 0 0 0 
-9.9931 17.3945 12396.4 -4.85873 -2.74224 227.832 45.6216 -13 -1 1 0 1 0.0116888 0.0100924 -3.7296 0 0 0 
-11.7007 15.9078 12496.4 -2.56876 -3.59853 227.857 45.9893 -13 -1 1 0 1 0.0556377 -0.0523151 -3.36359 0 0 0 
-12.1016 14.6444 12596.4 0.751809 -1.76056 227.892 46.357 -13 -1 1 0 1 0.0889704 -0.090936 -2.31978 0 0 0 
-12.0596 14.6417 12600.5 0.884883 -1.64096 227.893 46.372 -13 -1 1 0 1 0.0895935 -0.092219 -2.26605 0 0 0 
-12.0596 14.6417 12600.5 0.884916 -1.64093 227.893 46.372 -13 -1 1 0 1 0.0895936 -0.0922193 -2.26604 0 0 0 
-10.974 14.6322 12700.5 4.05777 1.65123 227.858 46.7397 -13 -1 1 0 1 0.0951098 -0.113979 -0.791283 0 0 0 
-8.42232 15.9804 12800.4 7.74632 4.18612 227.73 47.1073 -13 -1 1 0 1 0.0749352 -0.12733 0.809153 0 0 0 
-4.01699 17.8685 12900.3 12.4261 3.74155 227.531 47.475 -13 -1 1 0 1 0.0366089 -0.121473 2.27615 0 0 0 
2.34162 18.587 13000.1 16.061 -1.20256 227.33 47.8427 -13 -1 1 0 1 0.00339627 -0.077322 3.33686 0 0 0 
9.36652 16.4226 13099.8 14.971 -8.66684 227.243 48.2104 -13 -1 1 0 1 0.0130772 -0.00768189 3.73 0 0 0 
14.7412 11.4057 13199.6 9.03306 -13.346 227.33 48.578 -13 -1 1 0 1 0.0678095 0.0359208 3.33903 0 0 0 
17.2745 5.5196 13299.4 2.902 -12.6876 227.528 48.9457 -13 -1 1 0 1 0.122036 0.0294169 2.28004 0 0 0 
17.8037 0.729217 13399.2 0.146383 -8.89223 227.727 49.3134 -13 -1 1 0 1 0.14576 -0.000971437 0.813926 0 0 0 
17.8647 -2.20748 13499.2 0.491873 -4.49518 227.855 49.681 -13 -1 1 0 1 0.143976 -0.025531 -0.786431 0 0 0 
18.3777 -3.22965 13599.2 1.80988 -0.186128 227.893 50.0487 -13 -1 1 0 1 0.122584 -0.032191 -2.26186 0 0 0 
19.2727 -2.43774 13699.2 1.94454 3.61255 227.863 50.4164 -13 -1 1 0 1 0.0747492 -0.0232448 -3.33048 0 0 0 
19.8022 -0.362116 13799.2 0.248453 5.35041 227.837 50.784 -13 -1 1 0 1 0.000674458 -0.0151784 -3.73059 0 0 0 
19.4743 1.77167 13899.1 -1.55548 3.85934 227.862 51.1517 -13 -1 1 0 1 -0.0743913 -0.0206203 -3.34323 0 0 0 
18.7033 2.69741 13999.1 -1.63558 0.147197 227.894 51.5194 -13 -1 1 0 1 -0.12409 -0.0286488 -2.28404 0 0 0 
18.2281 1.8139 14099.1 -0.477214 -4.20991 227.861 51.887 -13 -1 1 0 1 -0.146606 -0.022439 -0.816684 0 0 0 
18.1573 -1.01614 14199.1 -0.189743 -8.69184 227.734 52.2547 -13 -1 1 0 1 -0.148711 0.00128792 0.783833 0 0 0 
17.6096 -5.7366 14299 -2.9364 -12.5686 227.535 52.6224 -13 -1 1 0 1 -0.12477 0.0310427 2.25826 0 0 0 
15.0655 -11.5878 14398.8 -9.05179 -13.3043 227.332 52.99 -13 -1 1 0 1 -0.0698744 0.0372925 3.32664 0 0 0 
9.67973 -16.5975 14498.5 -15.0095 -8.66431 227.24 53.3577 -13 -1 1 0 1 -0.0137206 -0.00657428 3.72965 0 0 0 
2.63232 -18.7545 14598.2 -16.1184 -1.15714 227.327 53.7254 -13 -1 1 0 1 -0.00246598 -0.0769216 3.34942 0 0 0 
-3.74556 -17.996 14698 -12.4468 3.88108 227.527 54.0931 -13 -1 1 0 1 -0.0347384 -0.121754 2.29811 0 0 0 
-8.14613 -16.0258 14797.9 -7.70631 4.41919 227.727 54.4607 -13 -1 1 0 1 -0.0726809 -0.127548 0.835596 0 0 0 
-10.6752 -14.5557 14897.8 -4.00923 1.97344 227.857 54.8284 -13 -1 1 0 1 -0.0928362 -0.113555 -0.764889 0 0 0 
-11.7565 -14.4068 14997.8 -0.932902 -1.24932 227.895 55.1961 -13 -1 1 0 1 -0.087947 -0.0911883 -2.24382 0 0 0 
-11.4736 -15.4636 15097.8 2.21347 -3.20108 227.867 55.5637 -13 -1 1 0 1 -0.0569682 -0.0538334 -3.3199 0 0 0 
-9.94176 -16.8307 15197.8 4.44734 -2.60493 227.842 55.9314 -13 -1 1 0 1 -0.0140217 0.00607624 -3.72973 0 0 0 
-7.97728 -17.5035 15297.8 3.97885 -0.373946 227.865 56.2991 -13 -1 1 0 1 0.0180767 0.0729829 -3.3531 0 0 0 
-6.85438 -17.2275 15397.8 0.806246 1.46102 227.894 56.6667 -13 -1 1 0 1 0.0359432 0.119233 -2.30174 0 0 0 
-7.43097 -16.3372 15497.8 -3.48586 2.57407 227.859 57.0344 -13 -1 1 0 1 0.0528734 0.135215 -0.83818 0 0 0 
-9.86404 -14.8465 15597.7 -7.43453 4.52077 227.734 57.4021 -13 -1 1 0 1 0.0747627 0.125285 0.758396 0 0 0 
-13.666 -12.0181 15697.6 -9.36636 8.78724 227.538 57.7697 -13 -1 1 0 1 0.0889017 0.0903941 2.23604 0 0 0 
-17.4382 -6.91731 15797.4 -6.95135 14.4079 227.338 58.1374 -13 -1 1 0 1 0.0675225 0.0408499 3.31171 0 0 0 
-19.0741 0.213915 15897.1 -0.00141868 17.2511 227.247 58.5051 -13 -1 1 0 1 0.00217583 0.0151349 3.72433 0 0 0 
-17.4289 7.37 15996.9 7.01616 14.5037 227.33 58.8728 -13 -1 1 0 1 -0.0641156 0.0413161 3.35465 0 0 0 
-13.6062 12.5096 16096.6 9.52035 8.84884 227.529 59.2404 -13 -1 1 0 1 -0.0870423 0.0924303 2.31081 0 0 0 
-9.7349 15.346 16196.5 7.57915 4.49886 227.73 59.6081 -13 -1 1 0 1 -0.07351 0.128818 0.851626 0 0 0 
-7.25404 16.8166 16296.5 3.55218 2.51481 227.859 59.9758 -13 -1 1 0 1 -0.0519068 0.139637 -0.745421 0 0 0 
-6.67113 17.6819 16396.5 -0.847672 1.4075 227.894 60.3434 -13 -1 1 0 1 -0.0357026 0.124198 -2.22808 0 0 0 
-7.83955 17.93 16496.5 -4.14453 -0.461547 227.862 60.7111 -13 -1 1 0 1 -0.0192555 0.0781115 -3.31187 0 0 0 
-9.89636 17.1914 16596.4 -4.68382 -2.83515 227.835 61.0788 -13 -1 1 0 1 0.0117 0.0100699 -3.73162 0 0 0 
-11.5219 15.6822 16696.4 -2.38051 -3.61206 227.859 61.4464 -13 -1 1 0 1 0.0549701 -0.0514729 -3.36578 0 0 0 
-11.8472 14.4222 16796.4 0.903022 -1.74325 227.892 61.8141 -13 -1 1 0 1 0.0873082 -0.0894818 -2.32224 0 0 0 
-11.8029 14.4195 16800.5 1.03417 -1.6238 227.892 61.8291 -13 -1 1 0 1 0.0878959 -0.0907478 -2.26851 0 0 0 
-11.8029 14.4195 16800.5 1.0342 -1.62377 227.892 61.8291 -13 -1 1 0 1 0.087896 -0.0907481 -2.26849 0 0 0 
-10.6627 14.4116 16900.5 4.15683 1.63221 227.857 62.1968 -13 -1 1 0 1 0.0926346 -0.112219 -0.797801 0 0 0 
-8.07999 15.7361 17000.4 7.78565 4.09407 227.731 62.5645 -13 -1 1 0 1 0.0722222 -0.125378 0.8021 0 0 0 
-3.67599 17.5684 17100.3 12.3741 3.58516 227.536 62.9321 -13 -1 1 0 1 0.0343653 -0.119467 2.26854 0 0 0 
2.63433 18.216 17200.1 15.8931 -1.3525 227.342 63.2998 -13 -1 1 0 1 0.00229365 -0.0758666 3.32867 0 0 0 
9.56727 16.0055 17299.9 14.7354 -8.71441 227.256 63.6675 -13 -1 1 0 1 0.013114 -0.00764309 3.72123 0 0 0 
14.8444 10.997 17399.6 8.84311 -13.2645 227.342 64.0352 -13 -1 1 0 1 0.0682623 0.0343874 3.32963 0 0 0 
17.32 5.16494 17499.4 2.83473 -12.5352 227.538 64.4028 -13 -1 1 0 1 0.122408 0.0270912 2.26991 0 0 0 
17.847 0.445945 17599.3 0.197535 -8.72393 227.733 64.7705 -13 -1 1 0 1 0.146182 -0.00322203 0.802971 0 0 0 
17.9472 -2.41404 17699.2 0.60926 -4.30916 227.859 65.1382 -13 -1 1 0 1 0.14469 -0.0271888 -0.794339 0 0 0 
18.5138 -3.3443 17799.2 1.92314 0.0520738 227.892 65.5058 -13 -1 1 0 1 0.123549 -0.0329803 -2.27048 0 0 0 
19.4414 -2.43443 17899.2 1.9652 3.9067 227.858 65.8735 -13 -1 1 0 1 0.0754724 -0.0232648 -3.33981 0 0 0 
19.9478 -0.228842 17999.2 0.120703 5.63284 227.831 66.2412 -13 -1 1 0 1 0.000763999 -0.0152002 -3.74065 0 0 0 
19.537 2.01033 18099.2 -1.79179 4.04862 227.857 66.6088 -13 -1 1 0 1 -0.0745292 -0.0215419 -3.35408 0 0 0 
18.6562 2.99673 18199.1 -1.8843 0.242235 227.892 66.9765 -13 -1 1 0 1 -0.123664 -0.0306218 -2.29589 0 0 0 
18.0826 2.14671 18299.1 -0.668723 -4.13851 227.862 67.3442 -13 -1 1 0 1 -0.145323 -0.0250763 -0.829795 0 0 0 
17.9482 -0.643761 18399.1 -0.281291 -8.57496 227.739 67.7118 -13 -1 1 0 1 -0.146882 -0.00168497 0.765254 0 0 0 
17.391 -5.29997 18499 -2.87964 -12.3991 227.545 68.0795 -13 -1 1 0 1 -0.123123 0.0280728 2.23761 0 0 0 
14.911 -11.0797 18598.8 -8.81765 -13.1704 227.349 68.4472 -13 -1 1 0 1 -0.0690677 0.0351499 3.30354 0 0 0 
9.65553 -16.0635 18698.5 -14.6733 -8.69749 227.261 68.8148 -13 -1 1 0 1 -0.0135569 -0.00688658 3.70373 0 0 0 
2.74747 -18.2807 18798.3 -15.8472 -1.39055 227.345 69.1825 -13 -1 1 0 1 -0.00196705 -0.0754905 3.32033 0 0 0 
-3.54738 -17.6521 18898 -12.345 3.5427 227.538 69.5502 -13 -1 1 0 1 -0.0334882 -0.119885 2.26546 0 0 0 
-7.93665 -15.8346 18997.9 -7.74263 4.07075 227.732 69.9179 -13 -1 1 0 1 -0.071178 -0.126434 0.798946 0 0 0 
-10.493 -14.514 19097.9 -4.07745 1.63953 227.858 70.2855 -13 -1 1 0 1 -0.0916136 -0.113622 -0.802207 0 0 0 
-11.5896 -14.5096 19197.9 -0.916014 -1.57136 227.893 70.6532 -13 -1 1 0 1 -0.0871254 -0.0923256 -2.28625 0 0 0 
-11.264 -15.697 19297.9 2.39856 -3.46034 227.862 71.0209 -13 -1 1 0 1 -0.0564747 -0.055317 -3.36833 0 0 0 
-9.61561 -17.1464 19397.9 4.77874 -2.70713 227.834 71.3885 -13 -1 1 0 1 -0.0143195 0.00530299 -3.78532 0 0 0 
-7.49542 -17.824 19497.8 4.33514 -0.303641 227.859 71.7562 -13 -1 1 0 1 0.0159694 0.0732384 -3.41734 0 0 0 
-6.22881 -17.4996 19597.8 1.09918 1.58432 227.892 72.1239 -13 -1 1 0 1 0.031552 0.119861 -2.3767 0 0 0 
-6.69072 -16.5748 19697.8 -3.25134 2.57995 227.863 72.4915 -13 -1 1 0 1 0.0466239 0.135731 -0.926556 0 0 0 
-9.0326 -15.1361 19797.8 -7.2633 4.2547 227.745 72.8592 -13 -1 1 0 1 0.0674344 0.126022 0.653195 0 0 0 
-12.7984 -12.5036 19897.7 -9.41639 8.15648 227.56 73.2269 -13 -1 1 0 1 0.0817317 0.0919765 2.10966 0 0 0 
-16.6998 -7.7427 19997.5 -7.54818 13.5403 227.373 73.5945 -13 -1 1 0 1 0.0622061 0.0427375 3.15842 0 0 0 
-18.7627 -0.962653 20097.2 -1.35225 16.6152 227.29 73.9622 -13 -1 1 0 1 -0.0014051 0.014901 3.53663 0 0 0 
-17.8413 6.05996 20197 5.13776 14.5801 227.376 74.3299 -13 -1 1 0 1 -0.0700287 0.0377861 3.12249 0 0 0 
-14.8819 11.398 20296.8 7.51171 9.6254 227.573 74.6975 -13 -1 1 0 1 -0.100131 0.0887613 2.02043 0 0 0 
-11.9013 14.6416 20396.7 5.50133 5.46643 227.768 75.0652 -13 -1 1 0 1 -0.0956261 0.129508 0.484136 0 0 0 
-10.3925 16.4383 20496.6 1.15815 2.87992 227.879 75.4329 -13 -1 1 0 1 -0.0827333 0.146187 -1.21619 0 0 0 
-10.936 17.1446 20596.6 -3.51166 0.134017 227.873 75.8006 -13 -1 1 0 1 -0.0727994 0.134338 -2.83912 0 0 0 
-13.1576 16.3054 20696.6 -5.99987 -4.20462 227.783 76.1682 -13 -1 1 0 1 -0.0549796 0.0898266 -4.1152 0 0 0 
-15.5098 13.453 20796.5 -3.89793 -8.45851 227.71 76.5359 -13 -1 1 0 1 -0.0135431 0.0304277 -4.80065 0 0 0 
-16.0533 9.46212 20896.5 1.65947 -8.88161 227.721 76.9036 -13 -1 1 0 1 0.0363539 -0.00794558 -4.80398 0 0 0 
-14.1865 6.3362 20996.4 6.40214 -4.82175 227.76 77.2712 -13 -1 1 0 1 0.0596424 -0.0179239 -4.26658 0 0 0 
-10.9046 5.43832 21096.3 8.0571 0.693509 227.757 77.6389 -13 -1 1 0 1 0.0509709 -0.0197352 -3.47086 0 0 0 
-7.43816 6.77306 21196.3 7.51913 5.11305 227.719 78.0066 -13 -1 1 0 1 0.031005 -0.0239562 -2.67035 0 0 0 
-5.70833 8.34359 21252.2 6.86114 6.83915 227.695 78.2124 -13 -1 1 0 1 0.0211262 -0.0269102 -2.26997 0 0 0 

# Event 1 Track 1
-21.4115 13.9846 0 -40.3637 -10.9013 224.032 0.0870076 -13 1 1 0 1 0.151005 -0.0877636 -2.26809 0 0 0 
-21.4954 13.9568 0.4995 -40.3341 -10.9397 224.035 0.0888727 -13 1 1 0 1 0.151759 -0.0877322 -2.26152 0 0 0 
-21.4956 13.9567 0.5005 -40.3341 -10.9398 224.035 0.0888764 -13 1 1 0 1 0.15176 -0.0877321 -2.26151 0 0 0 
-38.0183 8.46878 98.9709 -35.442 -11.9249 224.811 0.456545 -13 1 1 0 1 0.308564 -0.0653684 -0.81555 0 0 0 
-53.1085 5.24244 197.763 -33.7022 -0.968341 225.392 0.824214 -13 1 1 0 1 0.429767 -0.0429244 0.776978 0 0 0 
-67.3575 8.97608 296.638 -30.1708 19.1 225.085 1.19188 -13 1 1 0 1 0.462585 -0.0643772 2.27131 0 0 0 
-77.9817 22.2154 395.132 -15.9891 40.287 223.74 1.55955 -13 1 1 0 1 0.330716 -0.0971036 3.40523 0 0 0 
-79.7799 42.29 493.024 8.51851 47.7923 222.67 1.92722 -13 1 1 0 1 0.0369647 -0.0201705 3.88727 0 0 0 
-71.3529 61.0623 590.839 27.349 34.9342 223.54 2.29489 -13 1 1 0 1 -0.245775 0.213135 3.55931 0 0 0 
-58.6506 71.7157 689.417 27.2923 13.6569 225.847 2.66256 -13 1 1 0 1 -0.37241 0.45973 2.50412 0 0 0 
-49.5419 73.8159 788.939 12.8067 -2.91726 227.521 3.03023 -13 1 1 0 1 -0.387081 0.578831 1.00787 0 0 0 
-47.8077 69.8671 888.811 -4.50402 -14.837 227.372 3.3979 -13 1 1 0 1 -0.381924 0.555087 -0.637034 0 0 0 
-52.4891 60.5484 988.241 -14.9503 -28.2035 225.653 3.76557 -13 1 1 0 1 -0.36156 0.40839 -2.16759 0 0 0 
-58.7124 44.881 1086.79 -10.4831 -42.741 223.611 4.13323 -13 1 1 0 1 -0.254009 0.181037 -3.30831 0 0 0 
-59.3601 24.4405 1184.64 9.32729 -47.7842 222.639 4.5009 -13 1 1 0 1 -0.0371629 7.81165e-05 -3.79185 0 0 0 
-50.2284 5.56405 1282.36 31.1745 -35.6206 222.93 4.86857 -13 1 1 0 1 0.161545 -0.0322788 -3.49509 0 0 0 
-33.739 -5.52343 1380.32 41.762 -14.7833 223.553 5.23624 -13 1 1 0 1 0.206601 0.0224659 -2.52877 0 0 0 
-15.0879 -8.26776 1478.51 42.2613 0.529763 223.947 5.60391 -13 1 1 0 1 0.113738 0.055134 -1.13427 0 0 0 
3.06577 -6.85759 1576.84 40.5937 3.75202 224.224 5.97158 -13 1 1 0 1 -0.0293537 0.0478703 0.434227 0 0 0 
20.6195 -6.79358 1675.28 39.2036 -5.36013 224.439 6.33925 -13 1 1 0 1 -0.152922 0.0411236 1.93631 0 0 0 
36.7579 -12.8481 1773.75 32.9263 -23.0069 224.332 6.70692 -13 1 1 0 1 -0.183626 0.0530229 3.12964 0 0 0 
48.024 -26.7205 1872.1 16.9199 -38.7647 223.941 7.07459 -13 1 1 0 1 -0.0674736 0.0225811 3.75089 0 0 0 
51.1111 -44.8653 1970.36 -2.16733 -41.353 224.106 7.44225 -13 1 1 0 1 0.13051 -0.132831 3.61201 0 0 0 
47.7294 -61.2033 2068.95 -10.6608 -31.937 225.399 7.80992 -13 1 1 0 1 0.274326 -0.370767 2.7304 0 0 0 
44.0617 -72.6249 2168.21 -3.75141 -20.3911 226.955 8.17759 -13 1 1 0 1 0.332011 -0.564112 1.33063 0 0 0 
45.9431 -79.3126 2267.93 13.4012 -9.95822 227.288 8.54526 -13 1 1 0 1 0.365925 -0.645315 -0.299095 0 0 0 
56.1075 -80.6625 2367.36 32.3531 5.25059 225.531 8.91293 -13 1 1 0 1 0.401584 -0.587587 -1.89818 0 0 0 
72.7963 -73.2482 2465.62 40.7063 29.8707 222.237 9.2806 -13 1 1 0 1 0.359528 -0.367746 -3.19353 0 0 0 
88.4432 -54.4231 2562.51 26.5898 54.1927 219.76 9.64827 -13 1 1 0 1 0.124233 -0.0771793 -3.88216 0 0 0 
93.6243 -28.693 2658.92 -3.96151 58.651 220.188 10.0159 -13 1 1 0 1 -0.239806 0.0773292 -3.76835 0 0 0 
85.8817 -6.48082 2756.03 -28.7812 39.7982 222.545 10.3836 -13 1 1 0 1 -0.496884 0.0437894 -2.89968 0 0 0 
70.876 5.25543 2854.14 -37.1511 14.0763 224.411 10.7513 -13 1 1 0 1 -0.541163 -0.0330937 -1.53538 0 0 0 
54.6069 6.98752 2952.76 -36.4705 -4.4057 224.92 11.1189 -13 1 1 0 1 -0.445148 -0.0492337 0.046175 0 0 0 
38.7124 3.08405 3051.41 -36.576 -11.3664 224.659 11.4866 -13 1 1 0 1 -0.288747 -0.013389 1.59965 0 0 0 
22.0438 -1.17048 3149.92 -39.5537 -5.96508 224.362 11.8543 -13 1 1 0 1 -0.119586 0.0188082 2.87528 0 0 0 
4.45445 -0.59537 3248.33 -39.4316 9.78459 224.25 12.2219 -13 1 1 0 1 -0.00942077 0.0160145 3.61528 0 0 0 
-11.2571 7.64205 3346.72 -30.8293 27.022 224.183 12.5896 -13 1 1 0 1 -0.0206651 0.0290721 3.63784 0 0 0 
-22.0593 21.8587 3445.09 -18.7337 36.0291 224.253 12.9573 -13 1 1 0 1 -0.114705 0.127269 2.93314 0 0 0 
-28.7432 37.9067 3543.57 -13.5448 35.9508 224.639 13.325 -13 1 1 0 1 -0.209159 0.28815 1.67664 0 0 0 
-35.7152 52.6425 3642.22 -20.2073 30.4199 224.955 13.6926 -13 1 1 0 1 -0.284973 0.433099 0.125271 0 0 0 
-47.8754 63.6435 3740.83 -36.193 18.1464 224.275 14.0603 -13 1 1 0 1 -0.357997 0.491345 -1.46963 0 0 0 
-67.3994 66.7773 3838.79 -51.3547 -6.07465 221.956 14.428 -13 1 1 0 1 -0.383033 0.396495 -2.86455 0 0 0 
-90.386 56.9718 3935.53 -49.3552 -38.7489 219.092 14.7956 -13 1 1 0 1 -0.226753 0.158743 -3.77643 0 0 0 
-107.171 34.476 4031.41 -24.1751 -59.8846 218.559 15.1633 -13 1 1 0 1 0.155968 -0.0382591 -3.94012 0 0 0 
-110.869 8.59369 4127.85 5.93888 -53.5326 221.444 15.531 -13 1 1 0 1 0.558796 -0.0363705 -3.28219 0 0 0 
-106.58 -6.10812 4200.5 18.5779 -35.6401 224.328 15.8041 -13 1 1 0 1 0.733684 0.0456711 -2.37421 0 0 0 
-106.58 -6.10822 4200.5 18.578 -35.6398 224.328 15.8041 -13 1 1 0 1 0.733685 0.0456718 -2.3742 0 0 0 
-97.4453 -15.6559 4299.56 20.9253 -8.17884 226.79 16.1717 -13 1 1 0 1 0.790431 0.127081 -0.837148 0 0 0 
-89.0521 -13.9929 4399.15 17.5383 14.7184 226.747 16.5394 -13 1 1 0 1 0.721382 0.110636 0.808396 0 0 0 
-81.073 -3.81438 4498.29 20.5721 30.1156 224.963 16.9071 -13 1 1 0 1 0.555162 0.0214942 2.31064 0 0 0 
-69.4559 10.5407 4596.55 33.6515 32.5197 223.044 17.2747 -13 1 1 0 1 0.29071 -0.0486664 3.38647 0 0 0 
-51.4247 22.05 4694.2 47.3484 17.1637 222.266 17.6424 -13 1 1 0 1 0.0255732 -0.0128934 3.78345 0 0 0 
-29.7907 24.1187 4791.76 48.7329 -8.02936 222.484 18.0101 -13 1 1 0 1 -0.0937641 0.0780612 3.41787 0 0 0 
-10.3728 15.8507 4889.47 38.8207 -27.8352 222.838 18.3777 -13 1 1 0 1 -0.0567926 0.0938028 2.40956 0 0 0 
4.44193 1.44882 4987.3 29.8488 -35.9322 223.062 18.7454 -13 1 1 0 1 0.0404831 0.00462104 1.00054 0 0 0 
17.279 -14.2442 5085.22 30.5134 -34.0897 223.261 19.1131 -13 1 1 0 1 0.140971 -0.12126 -0.564898 0 0 0 
32.6035 -27.0344 5183.19 40.3193 -22.3405 223.19 19.4807 -13 1 1 0 1 0.227204 -0.197381 -2.05821 0 0 0 
52.6157 -32.1052 5280.98 49.6156 1.01681 222.432 19.8484 -13 1 1 0 1 0.237746 -0.158086 -3.23338 0 0 0 
74.058 -25.3929 5378.35 45.1034 29.0208 221.5 20.2161 -13 1 1 0 1 0.0661776 -0.0379448 -3.82649 0 0 0 
89.9494 -8.53699 5475.58 25.9471 44.3808 222.026 20.5838 -13 1 1 0 1 -0.274179 0.0113536 -3.64808 0 0 0 
97.0733 10.329 5573.5 8.26243 38.3839 224.493 20.9514 -13 1 1 0 1 -0.598529 -0.0753783 -2.71838 0 0 0 
99.284 23.1873 5672.61 4.18601 18.9422 227.073 21.3191 -13 1 1 0 1 -0.779521 -0.190113 -1.27887 0 0 0 
102.199 26.3029 5772.47 9.75859 -5.23477 227.631 21.6868 -13 1 1 0 1 -0.839223 -0.221519 0.37299 0 0 0 
107.371 18.2276 5871.95 12.0543 -31.7681 225.353 22.0544 -13 1 1 0 1 -0.79088 -0.139449 1.97671 0 0 0 
110.382 -1.07102 5969.96 -1.58434 -54.4045 221.306 22.4221 -13 1 1 0 1 -0.562916 -0.00194597 3.25599 0 0 0 
103.641 -26.6199 6066.33 -30.3837 -57.5223 218.418 22.7898 -13 1 1 0 1 -0.159966 0.0298474 3.90609 0 0 0 
84.525 -47.5391 6162.14 -53.8066 -34.2123 218.799 23.1574 -13 1 1 0 1 0.201609 -0.127926 3.74983 0 0 0 
59.7962 -55.1924 6258.64 -55.1525 -1.03952 221.124 23.5251 -13 1 1 0 1 0.330921 -0.321001 2.86191 0 0 0 
38.3731 -49.9522 6356.11 -41.4014 22.5457 222.971 23.8928 -13 1 1 0 1 0.280435 -0.379537 1.50029 0 0 0 
23.2772 -37.3899 6454.14 -28.6041 32.8187 223.704 24.2604 -13 1 1 0 1 0.179326 -0.301276 -0.067896 0 0 0 
11.8047 -22.4966 6552.36 -25.5294 33.726 223.941 24.6281 -13 1 1 0 1 0.0777813 -0.163045 -1.60802 0 0 0 
-0.519548 -9.02666 6650.67 -31.7121 26.1106 224.168 24.9958 -13 1 1 0 1 -0.0141287 -0.0428916 -2.87767 0 0 0 
-16.2263 -0.960218 6749.07 -39.1982 9.35602 224.309 25.3634 -13 1 1 0 1 -0.0457891 0.00521321 -3.6223 0 0 0 
-33.7446 -1.28103 6847.49 -39.0595 -10.3537 224.29 25.7311 -13 1 1 0 1 0.0511708 0.010101 -3.65445 0 0 0 
-49.4941 -8.8152 6945.94 -32.3498 -21.9298 224.524 26.0988 -13 1 1 0 1 0.251595 0.0538324 -2.94906 0 0 0 
-62.5552 -18.6065 7044.6 -28.3178 -20.6342 225.191 26.4665 -13 1 1 0 1 0.455694 0.144244 -1.6787 0 0 0 
-75.4843 -25.3011 7143.52 -31.7202 -8.15956 225.535 26.8341 -13 1 1 0 1 0.609264 0.212651 -0.1087 0 0 0 
-90.7648 -24.2516 7242.29 -37.3875 14.661 224.334 27.2018 -13 1 1 0 1 0.691891 0.194537 1.50299 0 0 0 
-106.73 -11.2531 7340.07 -32.379 45.086 221.037 27.5695 -13 1 1 0 1 0.623137 0.078095 2.9101 0 0 0 
-115.998 14.3142 7436.19 -6.43463 68.3477 217.315 27.9371 -13 1 1 0 1 0.307221 -0.0229307 3.82283 0 0 0 
-110.82 44.6172 7531.24 29.4504 64.4032 216.619 28.3048 -13 1 1 0 1 -0.147097 0.0747917 3.97225 0 0 0 
-92.7053 67.0095 7626.89 48.6607 35.1927 219.846 28.6725 -13 1 1 0 1 -0.454972 0.342783 3.30302 0 0 0 
-71.9852 75.2264 7724.29 42.3023 3.62474 223.911 29.0401 -13 1 1 0 1 -0.517731 0.552928 2.02509 0 0 0 
-57.3129 71.9119 7823.09 24.0576 -16.8063 226.003 29.4078 -13 1 1 0 1 -0.461654 0.591067 0.44297 0 0 0 
-50.3577 61.6959 7922.29 9.08041 -28.9372 225.874 29.7755 -13 1 1 0 1 -0.387027 0.488193 -1.17978 0 0 0 
-47.5959 46.994 8021.16 5.86251 -37.4912 224.719 30.1431 -13 1 1 0 1 -0.285089 0.297702 -2.59139 0 0 0 
-43.1781 29.7396 8119.55 16.1861 -39.4341 223.879 30.5108 -13 1 1 0 1 -0.124133 0.10151 -3.5167 0 0 0 
-32.5476 14.2902 8217.74 32.0839 -28.7723 223.789 30.8785 -13 1 1 0 1 0.0365391 -0.00276959 -3.73485 0 0 0 
-16.021 5.83739 8315.97 41.5745 -9.23615 223.886 31.2461 -13 1 1 0 1 0.0816952 -0.0192634 -3.20403 0 0 0 
0.038473 5.30281 8400.5 42.7326 5.39822 223.793 31.5626 -13 1 1 0 1 0.00996991 -0.0307282 -2.26284 0 0 0 
0.0386624 5.30286 8400.5 42.7326 5.39835 223.793 31.5626 -13 1 1 0 1 0.00996864 -0.0307286 -2.26283 0 0 0 
18.6311 9.65027 8498.66 42.293 12.3246 223.603 31.9302 -13 1 1 0 1 -0.138156 -0.0745548 -0.824666 0 0 0 
37.6612 14.1941 8596.72 44.991 6.13823 223.331 32.2979 -13 1 1 0 1 -0.289898 -0.113798 0.750747 0 0 0 
58.1131 13.0789 8694.57 47.3842 -13.2695 222.525 32.6656 -13 1 1 0 1 -0.381451 -0.0921598 2.23238 0 0 0 
77.5901 1.35423 8791.88 38.6228 -40.3864 220.943 33.0332 -13 1 1 0 1 -0.311817 -0.0120087 3.36826 0 0 0 
89.4909 -21.0869 8888.52 13.4599 -58.7763 219.779 33.4009 -13 1 1 0 1 -0.0287727 0.00227374 3.88886 0 0 0 
89.037 -46.7084 8985.11 -13.9439 -54.0025 220.971 33.7686 -13 1 1 0 1 0.317618 -0.167813 3.61747 0 0 0 
79.9432 -66.0126 9082.76 -23.7307 -32.7327 224.286 34.1363 -13 1 1 0 1 0.520772 -0.429142 2.60853 0 0 0 
71.1703 -75.4638 9181.88 -13.7527 -11.1367 227.213 34.5039 -13 1 1 0 1 0.569126 -0.603587 1.12833 0 0 0 
69.1068 -76.4316 9281.8 4.67721 6.41817 227.762 34.8716 -13 1 1 0 1 0.565028 -0.628799 -0.529733 0 0 0 
74.6603 -69.5937 9381.36 18.896 25.4168 225.689 35.2393 -13 1 1 0 1 0.53236 -0.504971 -2.10703 0 0 0 
83.301 -53.7405 9479.68 17.0179 46.5035 222.456 35.6069 -13 1 1 0 1 0.388019 -0.263398 -3.31895 0 0 0 
86.6015 -30.3048 9576.79 -4.56748 57.1599 220.569 35.9746 -13 1 1 0 1 0.0836844 -0.0446036 -3.87016 0 0 0 
78.5361 -6.9505 9673.62 -31.1747 45.6033 221.105 36.3423 -13 1 1 0 1 -0.231884 0.00587159 -3.62375 0 0 0 
61.2637 7.59545 9770.96 -44.7294 19.8882 222.581 36.7099 -13 1 1 0 1 -0.367635 -0.0573117 -2.67873 0 0 0 
41.3163 11.0429 9868.85 -44.7714 -2.54758 223.445 37.0776 -13 1 1 0 1 -0.318414 -0.0933152 -1.29473 0 0 0 
22.3686 7.14788 9966.95 -41.9115 -13.0182 223.635 37.4453 -13 1 1 0 1 -0.184047 -0.0643459 0.27205 0 0 0 
3.98763 1.52605 10065.1 -42.4581 -10.4618 223.666 37.8129 -13 1 1 0 1 -0.0362071 -0.0175969 1.7883 0 0 0 
-14.9709 -0.26528 10163.2 -43.3399 4.00857 223.706 38.1806 -13 1 1 0 1 0.0639667 -0.00589535 3.00906 0 0 0 
-32.8814 5.90895 10261.4 -36.5184 24.1059 223.661 38.5483 -13 1 1 0 1 0.0379385 -0.0168099 3.68399 0 0 0 
-45.6772 19.8604 10359.5 -21.0332 37.3843 223.828 38.9159 -13 1 1 0 1 -0.121493 0.0401095 3.62857 0 0 0 
-51.6869 36.6542 10457.9 -7.85856 37.0545 224.731 39.2836 -13 1 1 0 1 -0.303297 0.201922 2.83456 0 0 0 
-54.4322 51.0999 10556.8 -6.97615 27.9593 226.072 39.6513 -13 1 1 0 1 -0.421409 0.384485 1.4999 0 0 0 
-59.5908 60.6975 10656.2 -18.0551 15.1756 226.677 40.019 -13 1 1 0 1 -0.493127 0.494137 -0.100535 0 0 0 
-70.919 63.5384 10755.5 -33.3352 -3.67064 225.42 40.3866 -13 1 1 0 1 -0.539861 0.478419 -1.70731 0 0 0 
-87.5267 56.1095 10853.7 -39.5315 -31.3651 222.244 40.7543 -13 1 1 0 1 -0.489147 0.311793 -3.05842 0 0 0 
-102.313 36.1348 10950.5 -23.8784 -57.7454 219.167 41.122 -13 1 1 0 1 -0.224738 0.0820518 -3.85504 0 0 0 
-106.003 8.67177 11046.5 7.93531 -62.6501 218.977 41.4896 -13 1 1 0 1 0.191505 -0.00890918 -3.86144 0 0 0 
-96.5121 -15.0081 11143.1 32.3271 -42.2066 221.613 41.8573 -13 1 1 0 1 0.504685 0.0873247 -3.0817 0 0 0 
-80.5987 -27.2664 11241 37.2563 -14.0172 224.398 42.225 -13 1 1 0 1 0.589558 0.208444 -1.75374 0 0 0 
-65.4489 -28.3911 11339.8 31.0981 7.24974 225.653 42.5926 -13 1 1 0 1 0.526049 0.237078 -0.169134 0 0 0 
-53.0977 -22.3256 11438.9 26.1262 18.8549 225.612 42.9603 -13 1 1 0 1 0.400612 0.178484 1.4188 0 0 0 
-41.4757 -13.2179 11537.8 28.0019 20.9657 225.2 43.328 -13 1 1 0 1 0.23646 0.0878536 2.75663 0 0 0 
-27.9249 -5.52929 11636.5 33.7551 12.2752 225.053 43.6956 -13 1 1 0 1 0.0696359 0.0285004 3.57597 0 0 0 
-12.5007 -3.64085 11735.3 35.2968 -4.30481 225.11 44.0633 -13 1 1 0 1 -0.017433 0.00985205 3.67452 0 0 0 
1.99663 -9.08891 11834.1 30.017 -19.5161 225.071 44.431 -13 1 1 0 1 0.0106654 -0.0316412 3.03453 0 0 0 
13.8303 -19.5621 11932.8 24.6509 -26.7528 224.979 44.7986 -13 1 1 0 1 0.100972 -0.130165 1.82373 0 0 0 
24.7063 -31.3662 12031.5 26.4091 -25.7505 224.896 45.1663 -13 1 1 0 1 0.202276 -0.244592 0.299699 0 0 0 
38.1967 -40.918 12130.1 36.0382 -16.1212 224.455 45.534 -13 1 1 0 1 0.299874 -0.307822 -1.28355 0 0 0 
56.437 -43.8293 12228.3 46.1184 4.82661 223.134 45.9017 -13 1 1 0 1 0.349764 -0.257164 -2.68462 0 0 0 
76.7205 -35.4731 12325.8 43.1125 33.4808 221.267 46.2693 -13 1 1 0 1 0.241356 -0.0981642 -3.63632 0 0 0 
91.3899 -15.7819 12422.7 21.2654 53.0692 220.613 46.637 -13 1 1 0 1 -0.0723232 0.0223831 -3.87527 0 0 0 
94.7593 7.57872 12519.8 -4.704 49.4731 222.417 47.0047 -13 1 1 0 1 -0.425311 -0.0288238 -3.31408 0 0 0 
90.7022 22.7283 12600.5 -15.7303 33.3993 224.891 47.307 -13 1 1 0 1 -0.601307 -0.149026 -2.35334 0 0 0 
90.7021 22.7284 12600.5 -15.7304 33.3991 224.891 47.307 -13 1 1 0 1 -0.601309 -0.149028 -2.35333 0 0 0 
83.6099 32.3757 12699.7 -14.5055 10.8309 227.181 47.6746 -13 1 1 0 1 -0.660944 -0.257761 -0.832158 0 0 0 
78.9233 32.7141 12799.6 -6.79201 -8.71649 227.633 48.0423 -13 1 1 0 1 -0.623014 -0.263144 0.813459 0 0 0 
76.9148 25.1937 12899.3 -3.95085 -24.9085 226.501 48.41 -13 1 1 0 1 -0.505547 -0.173107 2.32655 0 0 0 
73.7438 11.8698 12998.3 -12.4125 -33.957 225.015 48.7776 -13 1 1 0 1 -0.278793 -0.0533357 3.41319 0 0 0 
65.0007 -2.40008 13096.9 -27.489 -28.2701 224.464 49.1453 -13 1 1 0 1 0.00519674 -0.00733574 3.80742 0 0 0 
50.6002 -10.893 13195.4 -36.2168 -9.05908 224.823 49.513 -13 1 1 0 1 0.198928 -0.0477756 3.40962 0 0 0 
34.9095 -10.1782 13294.2 -33.8846 11.5077 225.074 49.8806 -13 1 1 0 1 0.234846 -0.0726785 2.35816 0 0 0 
21.3203 -1.94466 13392.9 -28.4247 24.52 224.788 50.2483 -13 1 1 0 1 0.172755 -0.0219126 0.91485 0 0 0 
9.08062 10.0488 13491.4 -28.7551 28.6887 224.252 50.616 -13 1 1 0 1 0.075219 0.071697 -0.662956 0 0 0 
-5.10598 21.8223 13589.7 -36.9211 23.1304 223.698 50.9837 -13 1 1 0 1 -0.0329835 0.137341 -2.13689 0 0 0 
-23.5052 28.5831 13687.7 -46.1258 5.76289 223.11 51.3513 -13 1 1 0 1 -0.0990994 0.107742 -3.25418 0 0 0 
-43.9773 25.8226 13785.5 -44.6757 -18.3998 222.721 51.719 -13 1 1 0 1 -0.0257778 -3.06371e-05 -3.76673 0 0 0 
-60.6875 13.6161 13883.3 -30.0139 -34.7183 223.232 52.0867 -13 1 1 0 1 0.198335 -0.058954 -3.51673 0 0 0 
-70.1839 -2.09055 13981.6 -14.3635 -34.1463 224.87 52.4543 -13 1 1 0 1 0.438189 0.00155398 -2.56021 0 0 0 
-74.838 -14.5663 14080.7 -8.78823 -21.4084 226.723 52.822 -13 1 1 0 1 0.583134 0.105512 -1.12826 0 0 0 
-79.2284 -20.1315 14180.4 -12.0544 -3.34668 227.557 53.1897 -13 1 1 0 1 0.635426 0.15596 0.501179 0 0 0 
-85.3415 -17.0413 14280.1 -14.7489 17.7849 226.727 53.5573 -13 1 1 0 1 0.596109 0.114038 2.06879 0 0 0 
-90.505 -4.71862 14379.2 -6.36296 37.237 224.748 53.925 -13 1 1 0 1 0.407905 0.0144849 3.29076 0 0 0 
-89.0668 13.5799 14477.4 14.0702 42.797 223.404 54.2927 -13 1 1 0 1 0.069601 -0.0204123 3.8654 0 0 0 
-78.5418 29.7267 14575.5 31.9323 27.8327 223.93 54.6603 -13 1 1 0 1 -0.251053 0.083221 3.62711 0 0 0 
-63.4333 36.6002 14674.1 34.1967 3.34425 225.296 55.028 -13 1 1 0 1 -0.396907 0.217923 2.65911 0 0 0 
-50.2029 33.3894 14773.1 25.2777 -16.6401 225.883 55.3957 -13 1 1 0 1 -0.396232 0.255483 1.2376 0 0 0 
-41.0772 23.1377 14872.1 17.3594 -28.9791 225.384 55.7633 -13 1 1 0 1 -0.338343 0.18651 -0.357348 0 0 0 
-33.6024 8.82624 14970.8 18.5534 -35.1945 224.402 56.131 -13 1 1 0 1 -0.248725 0.0661929 -1.87858 0 0 0 
-23.2971 -6.50615 15069.1 29.6593 -32.8314 223.565 56.4987 -13 1 1 0 1 -0.124073 -0.0255557 -3.07179 0 0 0 
-7.30533 -18.1422 15167.1 42.4393 -18.2351 223.171 56.8663 -13 1 1 0 1 -0.0227303 -0.0165725 -3.68619 0 0 0 
12.4647 -21.4876 15265 45.5263 3.01106 223.287 57.234 -13 1 1 0 1 -0.0444254 0.0627225 -3.56502 0 0 0 
31.071 -16.4997 15363.1 38.2517 17.7175 223.968 57.6017 -13 1 1 0 1 -0.188295 0.101738 -2.73831 0 0 0 
45.9532 -7.93075 15461.6 30.2557 19.1386 225.072 57.9694 -13 1 1 0 1 -0.354646 0.0666219 -1.40511 0 0 0 
58.4624 -1.38529 15560.6 27.6476 9.05784 226.037 58.337 -13 1 1 0 1 -0.47593 0.0185033 0.170535 0 0 0 
70.532 -1.22772 15659.9 26.9764 -9.50637 226.099 58.7047 -13 1 1 0 1 -0.520436 0.0186727 1.74519 0 0 0 
81.0238 -10.2767 15758.8 18.8286 -31.5121 224.925 59.0724 -13 1 1 0 1 -0.42473 0.066609 3.05431 0 0 0 
85.1671 -27.5713 15857.2 -1.5842 -44.5306 223.503 59.44 -13 1 1 0 1 -0.150152 0.0636965 3.80276 0 0 0 
79.4222 -46.2927 15955.2 -23.1917 -37.3413 223.622 59.8077 -13 1 1 0 1 0.179559 -0.0894801 3.76038 0 0 0 
67.1397 -58.2472 16053.7 -29.5787 -16.1865 225.393 60.1754 -13 1 1 0 1 0.377614 -0.314269 2.93334 0 0 0 
55.8837 -60.7279 16153 -19.8605 3.86091 227.001 60.543 -13 1 1 0 1 0.424495 -0.449686 1.56354 0 0 0 
50.4106 -55.7779 16252.7 -5.26528 17.9541 227.132 60.9107 -13 1 1 0 1 0.413424 -0.445748 -0.0436757 0 0 0 
50.4168 -45.2435 16352.1 3.64562 30.0595 225.881 61.2784 -13 1 1 0 1 0.382754 -0.330566 -1.62998 0 0 0 
51.7118 -29.5046 16450.8 -0.224569 41.0866 224.167 61.646 -13 1 1 0 1 0.290043 -0.152434 -2.92755 0 0 0 
48.2315 -10.4465 16548.9 -17.216 43.5023 223.047 62.0137 -13 1 1 0 1 0.111554 -0.0137259 -3.66602 0 0 0 
36.3181 6.37533 16646.7 -36.0795 30.7968 222.91 62.3814 -13 1 1 0 1 -0.0547263 -0.00468142 -3.6643 0 0 0 
18.2238 15.3959 16744.6 -44.1902 10.2402 223.341 62.749 -13 1 1 0 1 -0.0837098 -0.0748971 -2.9369 0 0 0 
7.18297 16.676 16800.5 -43.6979 0.521442 223.672 62.9585 -13 1 1 0 1 -0.0370347 -0.105593 -2.26881 0 0 0 
7.18278 16.676 16800.5 -43.6978 0.521298 223.672 62.9585 -13 1 1 0 1 -0.0370336 -0.105593 -2.2688 0 0 0 
-11.1171 14.7089 16898.8 -39.5313 -7.35653 224.326 63.3262 -13 1 1 0 1 0.0961139 -0.114357 -0.824884 0 0 0 
-27.6911 12.0618 16997.4 -36.3024 -2.74216 224.975 63.6938 -13 1 1 0 1 0.227364 -0.0966698 0.751277 0 0 0 
-42.9182 13.817 17096.2 -32.4727 12.0927 225.252 64.0615 -13 1 1 0 1 0.296579 -0.0963002 2.22937 0 0 0 
-55.0816 23.2399 17194.9 -21.2674 30.5331 224.843 64.4292 -13 1 1 0 1 0.234768 -0.100254 3.34171 0 0 0 
-60.2618 39.3117 17293.5 -1.58175 40.243 224.315 64.7969 -13 1 1 0 1 0.029615 -0.0182953 3.81603 0 0 0 
-56.9458 56.1314 17392 14.846 34.008 224.86 65.1645 -13 1 1 0 1 -0.194287 0.195813 3.49556 0 0 0 
-49.5187 67.9281 17491 16.21 19.4526 226.49 65.5322 -13 1 1 0 1 -0.313489 0.435647 2.45518 0 0 0 
-44.7555 73.5388 17590.7 3.87631 6.75643 227.768 65.8999 -13 1 1 0 1 -0.349572 0.577246 0.966101 0 0 0 
-46.8813 74.1304 17690.6 -13.7037 -4.30055 227.448 66.2675 -13 1 1 0 1 -0.37456 0.589462 -0.676846 0 0 0 
-56.2111 69.0399 17790 -27.2805 -20.1053 225.368 66.6352 -13 1 1 0 1 -0.387181 0.466864 -2.21953 0 0 0 
-68.6268 55.6433 17888.3 -26.0074 -41.1291 222.646 67.0029 -13 1 1 0 1 -0.29643 0.227117 -3.37454 0 0 0 
-76.0688 34.0484 17985.6 -5.19168 -54.5509 221.215 67.3705 -13 1 1 0 1 -0.045476 0.00500272 -3.86528 0 0 0 
-72.1987 10.9144 18082.7 22.1358 -47.2938 221.839 67.7382 -13 1 1 0 1 0.235521 -0.0500982 -3.55762 0 0 0 
-58.4179 -5.25709 18180.4 38.0137 -25.3904 223.27 68.1059 -13 1 1 0 1 0.36087 0.0209872 -2.5698 0 0 0 
-40.8825 -11.6786 18278.6 40.3122 -5.25719 224.246 68.4735 -13 1 1 0 1 0.313565 0.0816728 -1.15662 0 0 0 
-23.7096 -11.4778 18377.1 37.8751 4.15976 224.694 68.8412 -13 1 1 0 1 0.184552 0.08477 0.417733 0 0 0 
-7.48037 -9.76789 18475.7 36.2678 1.75868 224.99 69.2089 -13 1 1 0 1 0.0445205 0.0617508 1.9206 0 0 0 
7.94129 -11.3605 18574.5 33.3322 -10.227 225.219 69.5765 -13 1 1 0 1 -0.0478491 0.0453232 3.0941 0 0 0 
20.8223 -19.1715 18673.4 24.1821 -25.001 225.232 69.9442 -13 1 1 0 1 -0.0349983 0.0125763 3.68374 0 0 0 
28.5001 -32.2822 18772.2 10.8209 -33.093 225.226 70.3119 -13 1 1 0 1 0.0686965 -0.0992102 3.52152 0 0 0 
31.1183 -46.8117 18871.1 2.77024 -31.9196 225.638 70.6795 -13 1 1 0 1 0.175616 -0.285465 2.63801 0 0 0 
32.6692 -59.6892 18970.2 6.32256 -26.4733 226.27 71.0472 -13 1 1 0 1 0.243824 -0.463916 1.25153 0 0 0 
38.2255 -69.7703 19069.5 20.4002 -18.8692 226.201 71.4149 -13 1 1 0 1 0.302641 -0.566859 -0.357954 0 0 0 
51.2567 -75.1973 19168.5 38.9245 -4.05253 224.516 71.7826 -13 1 1 0 1 0.365151 -0.546279 -1.94389 0 0 0 
71.2203 -71.5028 19266.3 49.3234 22.7072 221.338 72.1502 -13 1 1 0 1 0.351655 -0.359035 -3.23951 0 0 0 
91.1404 -54.8161 19362.8 37.1381 51.9929 218.761 72.5179 -13 1 1 0 1 0.131066 -0.0794197 -3.94641 0 0 0 
100.868 -28.7879 19458.8 5.69085 61.9733 219.24 72.8856 -13 1 1 0 1 -0.253478 0.0763897 -3.856 0 0 0 
96.7681 -4.4049 19555.6 -21.8617 45.7195 222.196 73.2532 -13 1 1 0 1 -0.555703 0.0318058 -3.00138 0 0 0 
84.3941 9.83033 19653.7 -31.6876 19.0581 224.882 73.6209 -13 1 1 0 1 -0.640019 -0.067371 -1.63678 0 0 0 
70.6273 13.1001 19752.7 -30.2325 -2.7015 225.871 73.9886 -13 1 1 0 1 -0.57065 -0.0980682 -0.0555214 0 0 0 
57.8006 8.87736 19851.8 -28.9587 -14.8394 225.567 74.3562 -13 1 1 0 1 -0.425342 -0.0557179 1.4973 0 0 0 
44.4013 1.68697 19950.6 -32.9112 -15.9378 224.949 74.7239 -13 1 1 0 1 -0.233951 0.00353962 2.7586 0 0 0 
28.7167 -3.32959 20049.2 -38.0827 -5.10999 224.639 75.0916 -13 1 1 0 1 -0.0532586 0.0208149 3.45988 0 0 0 
11.9557 -1.78379 20147.8 -36.9083 12.4229 224.55 75.4592 -13 1 1 0 1 0.025759 0.0108745 3.42057 0 0 0 
-2.72406 7.0314 20246.3 -29.5871 26.4818 224.416 75.8269 -13 1 1 0 1 -0.0139905 0.0514302 2.64623 0 0 0 
-14.3907 20.1536 20344.7 -24.7799 31.8619 224.299 76.1946 -13 1 1 0 1 -0.108758 0.164827 1.32147 0 0 0 
-25.8924 33.7767 20443.1 -29.4271 28.8056 224.15 76.5622 -13 1 1 0 1 -0.21753 0.296234 -0.299529 0 0 0 
-41.5254 43.8891 20541.3 -42.6786 15.0437 223.364 76.9299 -13 1 1 0 1 -0.335569 0.36826 -1.98469 0 0 0 
-62.9859 44.6702 20638.9 -53.092 -14.1178 221.181 77.2976 -13 1 1 0 1 -0.411919 0.306096 -3.50157 0 0 0 
-84.7803 30.1246 20735.3 -41.1369 -51.8163 218.087 77.6652 -13 1 1 0 1 -0.317463 0.124783 -4.59005 0 0 0 
-94.8157 1.8683 20830.5 -1.30017 -71.5131 216.387 78.0329 -13 1 1 0 1 -0.0308839 0.00824795 -5.02532 0 0 0 
-85.5643 -27.0973 20925.6 40.9549 -54.7946 217.392 78.4006 -13 1 1 0 1 0.218778 0.0718602 -4.78169 0 0 0 
-62.594 -43.0729 21021.4 58.9393 -16.8644 219.502 78.7683 -13 1 1 0 1 0.25541 0.174473 -4.10155 0 0 0 
-37.363 -42.5483 21118.1 53.2757 17.2862 220.912 79.1359 -13 1 1 0 1 0.160392 0.179465 -3.28499 0 0 0 
-17.1873 -29.9102 21215.2 38.1829 38.1176 221.423 79.5036 -13 1 1 0 1 0.06489 0.109383 -2.52262 0 0 0 
-11.3048 -23.1201 21252.2 32.2782 42.9188 221.484 79.6436 -13 1 1 0 1 0.0397571 0.0778609 -2.26736 0 0 0 

# End of Event 1

